RRV058 con_0001.nii 9 3 -6 -0.165964 0.313306
RRV058 con_0001.nii -9 3 -6 0.257152 0.288458
RRV058 con_0001.nii -30 33 -18 -0.124268 0.138004
RRV058 con_0001.nii 46 28 31 0.934114 0.636922
RRV058 con_0001.nii -44 27 33 -0.203519 0.31014
RRV058 con_0001.nii 44 8 34 2.77984 1.11246
RRV058 con_0001.nii -42 7 36 0.290847 0.262461
RRV058 con_0001.nii 54 -44 43 0.329856 0.182019
RRV058 con_0001.nii -53 -50 39 0.374763 0.205653
RRV058 con_0001.nii 32 -59 41 2.25914 0.60717
RRV058 con_0001.nii -32 -58 46 2.1537 0.592759
RRV058 con_0001.nii -6 49 1 -1.84455 0.668043
RRV058 con_0002.nii 9 3 -6 -0.156029 0.367572
RRV058 con_0002.nii -9 3 -6 0.510494 0.328735
RRV058 con_0002.nii -30 33 -18 -0.10253 0.338986
RRV058 con_0002.nii 46 28 31 -0.175062 0.421918
RRV058 con_0002.nii -44 27 33 -0.238564 0.316041
RRV058 con_0002.nii 44 8 34 2.92967 1.02808
RRV058 con_0002.nii -42 7 36 -0.373208 0.306415
RRV058 con_0002.nii 54 -44 43 -0.0220861 0.348025
RRV058 con_0002.nii -53 -50 39 -0.249554 0.226577
RRV058 con_0002.nii 32 -59 41 1.11639 0.938736
RRV058 con_0002.nii -32 -58 46 0.487635 0.762057
RRV058 con_0002.nii -6 49 1 -1.78226 1.24677
RRV058 con_0003.nii 9 3 -6 -0.321993 0.57579
RRV058 con_0003.nii -9 3 -6 0.767646 0.541454
RRV058 con_0003.nii -30 33 -18 -0.226798 0.436424
RRV058 con_0003.nii 46 28 31 0.759052 1.03284
RRV058 con_0003.nii -44 27 33 -0.442082 0.489719
RRV058 con_0003.nii 44 8 34 5.70951 2.11744
RRV058 con_0003.nii -42 7 36 -0.0823614 0.378171
RRV058 con_0003.nii 54 -44 43 0.307769 0.431485
RRV058 con_0003.nii -53 -50 39 0.125209 0.272387
RRV058 con_0003.nii 32 -59 41 3.37553 1.45609
RRV058 con_0003.nii -32 -58 46 2.64133 1.19339
RRV058 con_0003.nii -6 49 1 -3.62681 1.75444
RRV058 con_0004.nii 9 3 -6 -0.478328 0.272657
RRV058 con_0004.nii -9 3 -6 0.070759 0.422452
RRV058 con_0004.nii -30 33 -18 -0.127233 0.421151
RRV058 con_0004.nii 46 28 31 0.330399 0.743825
RRV058 con_0004.nii -44 27 33 0.111166 0.353069
RRV058 con_0004.nii 44 8 34 2.55092 0.904041
RRV058 con_0004.nii -42 7 36 0.26527 0.114316
RRV058 con_0004.nii 54 -44 43 -0.255384 0.621303
RRV058 con_0004.nii -53 -50 39 0.491161 0.308513
RRV058 con_0004.nii 32 -59 41 1.47221 0.6828
RRV058 con_0004.nii -32 -58 46 1.30753 0.531646
RRV058 con_0004.nii -6 49 1 -0.846949 0.664887
RRV058 con_0005.nii 9 3 -6 -0.46787 0.262974
RRV058 con_0005.nii -9 3 -6 0.239689 0.276436
RRV058 con_0005.nii -30 33 -18 -0.317693 0.237461
RRV058 con_0005.nii 46 28 31 0.107845 0.323669
RRV058 con_0005.nii -44 27 33 0.19812 0.167096
RRV058 con_0005.nii 44 8 34 1.09806 0.639022
RRV058 con_0005.nii -42 7 36 -0.119042 0.14914
RRV058 con_0005.nii 54 -44 43 0.365247 0.414104
RRV058 con_0005.nii -53 -50 39 0.121594 0.211329
RRV058 con_0005.nii 32 -59 41 0.613901 0.472123
RRV058 con_0005.nii -32 -58 46 0.0782856 0.34856
RRV058 con_0005.nii -6 49 1 0.10307 0.167903
RRV058 con_0006.nii 9 3 -6 -0.946198 0.335081
RRV058 con_0006.nii -9 3 -6 0.310448 0.325825
RRV058 con_0006.nii -30 33 -18 -0.444926 0.474726
RRV058 con_0006.nii 46 28 31 0.438244 0.934814
RRV058 con_0006.nii -44 27 33 0.309286 0.453984
RRV058 con_0006.nii 44 8 34 3.64897 1.50778
RRV058 con_0006.nii -42 7 36 0.146227 0.173035
RRV058 con_0006.nii 54 -44 43 0.109862 0.961982
RRV058 con_0006.nii -53 -50 39 0.612755 0.37056
RRV058 con_0006.nii 32 -59 41 2.08611 1.10905
RRV058 con_0006.nii -32 -58 46 1.38582 0.846552
RRV058 con_0006.nii -6 49 1 -0.743879 0.615043
RRV058 con_0007.nii 9 3 -6 -0.0533237 0.258391
RRV058 con_0007.nii -9 3 -6 0.266049 0.489337
RRV058 con_0007.nii -30 33 -18 -0.178524 0.364682
RRV058 con_0007.nii 46 28 31 0.33922 0.526687
RRV058 con_0007.nii -44 27 33 -0.247675 0.339496
RRV058 con_0007.nii 44 8 34 1.9452 0.907624
RRV058 con_0007.nii -42 7 36 0.0389849 0.138142
RRV058 con_0007.nii 54 -44 43 -0.0877634 0.590926
RRV058 con_0007.nii -53 -50 39 0.24283 0.162611
RRV058 con_0007.nii 32 -59 41 1.40185 0.64224
RRV058 con_0007.nii -32 -58 46 0.833315 0.468617
RRV058 con_0007.nii -6 49 1 -1.07529 0.641404
RRV058 con_0008.nii 9 3 -6 0.374419 0.587054
RRV058 con_0008.nii -9 3 -6 0.983915 0.33854
RRV058 con_0008.nii -30 33 -18 0.516288 0.24681
RRV058 con_0008.nii 46 28 31 0.324691 0.326213
RRV058 con_0008.nii -44 27 33 0.384693 0.220863
RRV058 con_0008.nii 44 8 34 1.2539 1.2694
RRV058 con_0008.nii -42 7 36 0.420142 0.429498
RRV058 con_0008.nii 54 -44 43 0.179 0.495942
RRV058 con_0008.nii -53 -50 39 0.952543 0.414935
RRV058 con_0008.nii 32 -59 41 1.18035 0.688209
RRV058 con_0008.nii -32 -58 46 1.57587 0.507915
RRV058 con_0008.nii -6 49 1 -0.305867 0.37881
RRV058 con_0009.nii 9 3 -6 0.321096 0.570307
RRV058 con_0009.nii -9 3 -6 1.24996 0.666268
RRV058 con_0009.nii -30 33 -18 0.337764 0.349445
RRV058 con_0009.nii 46 28 31 0.663911 0.823456
RRV058 con_0009.nii -44 27 33 0.137017 0.51243
RRV058 con_0009.nii 44 8 34 3.19909 2.16149
RRV058 con_0009.nii -42 7 36 0.459127 0.473842
RRV058 con_0009.nii 54 -44 43 0.0912371 1.04225
RRV058 con_0009.nii -53 -50 39 1.19537 0.495709
RRV058 con_0009.nii 32 -59 41 2.5822 1.3099
RRV058 con_0009.nii -32 -58 46 2.40918 0.961556
RRV058 con_0009.nii -6 49 1 -1.38115 0.931486
RRV058 con_0010.nii 9 3 -6 -0.191942 0.222849
RRV058 con_0010.nii -9 3 -6 0.237937 0.231984
RRV058 con_0010.nii -30 33 -18 -0.21062 0.320925
RRV058 con_0010.nii 46 28 31 0.284332 0.350578
RRV058 con_0010.nii -44 27 33 0.00728471 0.276118
RRV058 con_0010.nii 44 8 34 1.7197 0.659674
RRV058 con_0010.nii -42 7 36 -0.194583 0.122512
RRV058 con_0010.nii 54 -44 43 0.168218 0.387309
RRV058 con_0010.nii -53 -50 39 -0.137775 0.280716
RRV058 con_0010.nii 32 -59 41 0.817832 0.478867
RRV058 con_0010.nii -32 -58 46 0.906159 0.595942
RRV058 con_0010.nii -6 49 1 -0.653251 0.437878
RRV058 con_0011.nii 9 3 -6 -0.204391 0.20425
RRV058 con_0011.nii -9 3 -6 0.195206 0.200236
RRV058 con_0011.nii -30 33 -18 -0.333214 0.403377
RRV058 con_0011.nii 46 28 31 -0.224885 0.525287
RRV058 con_0011.nii -44 27 33 -0.175369 0.156731
RRV058 con_0011.nii 44 8 34 1.44955 0.748951
RRV058 con_0011.nii -42 7 36 0.0800821 0.16701
RRV058 con_0011.nii 54 -44 43 -0.236996 0.567855
RRV058 con_0011.nii -53 -50 39 -0.018618 0.120173
RRV058 con_0011.nii 32 -59 41 1.00662 0.487052
RRV058 con_0011.nii -32 -58 46 0.540367 0.316807
RRV058 con_0011.nii -6 49 1 -1.02052 0.471599
RRV058 con_0012.nii 9 3 -6 -0.396334 0.405666
RRV058 con_0012.nii -9 3 -6 0.433143 0.352442
RRV058 con_0012.nii -30 33 -18 -0.543835 0.69402
RRV058 con_0012.nii 46 28 31 0.0594463 0.839329
RRV058 con_0012.nii -44 27 33 -0.168084 0.373478
RRV058 con_0012.nii 44 8 34 3.16925 1.39199
RRV058 con_0012.nii -42 7 36 -0.1145 0.220117
RRV058 con_0012.nii 54 -44 43 -0.0687776 0.938705
RRV058 con_0012.nii -53 -50 39 -0.156393 0.35737
RRV058 con_0012.nii 32 -59 41 1.82445 0.919778
RRV058 con_0012.nii -32 -58 46 1.44653 0.88052
RRV058 con_0012.nii -6 49 1 -1.67377 0.866401
RRV058 con_0013.nii 9 3 -6 -0.0756777 0.264514
RRV058 con_0013.nii -9 3 -6 0.186868 0.390824
RRV058 con_0013.nii -30 33 -18 -0.036989 0.248002
RRV058 con_0013.nii 46 28 31 0.278049 0.57073
RRV058 con_0013.nii -44 27 33 -0.0688157 0.281791
RRV058 con_0013.nii 44 8 34 1.76706 0.775949
RRV058 con_0013.nii -42 7 36 0.115145 0.235937
RRV058 con_0013.nii 54 -44 43 -0.167074 0.626154
RRV058 con_0013.nii -53 -50 39 0.206749 0.15675
RRV058 con_0013.nii 32 -59 41 1.13568 0.745146
RRV058 con_0013.nii -32 -58 46 1.06262 0.449177
RRV058 con_0013.nii -6 49 1 -0.880392 0.546349
RRV058 con_0014.nii 9 3 -6 0.0505848 0.368301
RRV058 con_0014.nii -9 3 -6 0.744797 0.330154
RRV058 con_0014.nii -30 33 -18 -0.0115818 0.247634
RRV058 con_0014.nii 46 28 31 -0.262651 0.629199
RRV058 con_0014.nii -44 27 33 -0.470167 0.199267
RRV058 con_0014.nii 44 8 34 1.45726 0.833992
RRV058 con_0014.nii -42 7 36 0.0921671 0.370101
RRV058 con_0014.nii 54 -44 43 -0.265245 0.584613
RRV058 con_0014.nii -53 -50 39 -0.0691934 0.247177
RRV058 con_0014.nii 32 -59 41 0.809918 0.700189
RRV058 con_0014.nii -32 -58 46 0.348201 0.474032
RRV058 con_0014.nii -6 49 1 -1.19676 0.515134
RRV058 con_0015.nii 9 3 -6 -0.0250929 0.455277
RRV058 con_0015.nii -9 3 -6 0.931664 0.555905
RRV058 con_0015.nii -30 33 -18 -0.0485708 0.423433
RRV058 con_0015.nii 46 28 31 0.0153985 1.16622
RRV058 con_0015.nii -44 27 33 -0.538982 0.446134
RRV058 con_0015.nii 44 8 34 3.22433 1.5899
RRV058 con_0015.nii -42 7 36 0.207312 0.580329
RRV058 con_0015.nii 54 -44 43 -0.432318 1.2048
RRV058 con_0015.nii -53 -50 39 0.137556 0.354086
RRV058 con_0015.nii 32 -59 41 1.9456 1.43935
RRV058 con_0015.nii -32 -58 46 1.41082 0.887078
RRV058 con_0015.nii -6 49 1 -2.07715 0.959115
RRV058 con_0016.nii 9 3 -6 -0.232538 0.212455
RRV058 con_0016.nii -9 3 -6 0.197987 0.349032
RRV058 con_0016.nii -30 33 -18 -0.143341 0.280722
RRV058 con_0016.nii 46 28 31 0.534578 0.620883
RRV058 con_0016.nii -44 27 33 -0.113343 0.239752
RRV058 con_0016.nii 44 8 34 2.42532 0.961309
RRV058 con_0016.nii -42 7 36 0.198367 0.138378
RRV058 con_0016.nii 54 -44 43 -0.00443076 0.438889
RRV058 con_0016.nii -53 -50 39 0.369585 0.155547
RRV058 con_0016.nii 32 -59 41 1.71107 0.615373
RRV058 con_0016.nii -32 -58 46 1.43152 0.495931
RRV058 con_0016.nii -6 49 1 -1.25559 0.570035
RRV058 con_0017.nii 9 3 -6 -0.0831599 0.176901
RRV058 con_0017.nii -9 3 -6 0.578033 0.170447
RRV058 con_0017.nii -30 33 -18 0.0320215 0.186577
RRV058 con_0017.nii 46 28 31 0.0858245 0.3067
RRV058 con_0017.nii -44 27 33 0.11475 0.152024
RRV058 con_0017.nii 44 8 34 1.76054 0.945895
RRV058 con_0017.nii -42 7 36 -0.0240361 0.256407
RRV058 con_0017.nii 54 -44 43 0.174054 0.39709
RRV058 con_0017.nii -53 -50 39 0.274861 0.201284
RRV058 con_0017.nii 32 -59 41 0.970211 0.675977
RRV058 con_0017.nii -32 -58 46 0.71393 0.498225
RRV058 con_0017.nii -6 49 1 -0.661687 0.426005
RRV058 con_0018.nii 9 3 -6 -0.315698 0.268481
RRV058 con_0018.nii -9 3 -6 0.776019 0.457272
RRV058 con_0018.nii -30 33 -18 -0.11132 0.395185
RRV058 con_0018.nii 46 28 31 0.620402 0.891869
RRV058 con_0018.nii -44 27 33 0.00140711 0.360173
RRV058 con_0018.nii 44 8 34 4.18586 1.89935
RRV058 con_0018.nii -42 7 36 0.174331 0.315776
RRV058 con_0018.nii 54 -44 43 0.169623 0.786557
RRV058 con_0018.nii -53 -50 39 0.644446 0.261179
RRV058 con_0018.nii 32 -59 41 2.68128 1.27648
RRV058 con_0018.nii -32 -58 46 2.14544 0.966216
RRV058 con_0018.nii -6 49 1 -1.91728 0.868422
RRV058 con_0019.nii 9 3 -6 0.0259786 0.244607
RRV058 con_0019.nii -9 3 -6 0.0192151 0.232444
RRV058 con_0019.nii -30 33 -18 0.0863525 0.226756
RRV058 con_0019.nii 46 28 31 0.649783 0.35297
RRV058 con_0019.nii -44 27 33 -0.210803 0.393478
RRV058 con_0019.nii 44 8 34 1.06014 0.487634
RRV058 con_0019.nii -42 7 36 0.485429 0.279622
RRV058 con_0019.nii 54 -44 43 0.161637 0.329695
RRV058 con_0019.nii -53 -50 39 0.512538 0.377413
RRV058 con_0019.nii 32 -59 41 1.44131 0.307737
RRV058 con_0019.nii -32 -58 46 1.24754 0.481439
RRV058 con_0019.nii -6 49 1 -1.1913 0.503909
RRV058 con_0020.nii 9 3 -6 0.0483623 0.292324
RRV058 con_0020.nii -9 3 -6 0.315288 0.28128
RRV058 con_0020.nii -30 33 -18 0.230684 0.2575
RRV058 con_0020.nii 46 28 31 0.0498228 0.324311
RRV058 con_0020.nii -44 27 33 -0.063195 0.244816
RRV058 con_0020.nii 44 8 34 1.48012 0.436305
RRV058 con_0020.nii -42 7 36 -0.45329 0.207232
RRV058 con_0020.nii 54 -44 43 0.21491 0.386806
RRV058 con_0020.nii -53 -50 39 -0.230936 0.178285
RRV058 con_0020.nii 32 -59 41 0.109764 0.593659
RRV058 con_0020.nii -32 -58 46 -0.0527324 0.535766
RRV058 con_0020.nii -6 49 1 -0.761742 0.829609
RRV058 con_0021.nii 9 3 -6 0.0743409 0.366408
RRV058 con_0021.nii -9 3 -6 0.334503 0.375356
RRV058 con_0021.nii -30 33 -18 0.317037 0.343888
RRV058 con_0021.nii 46 28 31 0.699606 0.542685
RRV058 con_0021.nii -44 27 33 -0.273998 0.432717
RRV058 con_0021.nii 44 8 34 2.54026 0.814784
RRV058 con_0021.nii -42 7 36 0.0321391 0.306461
RRV058 con_0021.nii 54 -44 43 0.376547 0.660478
RRV058 con_0021.nii -53 -50 39 0.281602 0.326744
RRV058 con_0021.nii 32 -59 41 1.55107 0.628583
RRV058 con_0021.nii -32 -58 46 1.19481 0.443551
RRV058 con_0021.nii -6 49 1 -1.95304 1.08607
RRV058 con_0022.nii 9 3 -6 -0.286385 0.320798
RRV058 con_0022.nii -9 3 -6 -0.167178 0.249586
RRV058 con_0022.nii -30 33 -18 0.0833874 0.278269
RRV058 con_0022.nii 46 28 31 0.0460672 0.455599
RRV058 con_0022.nii -44 27 33 0.103881 0.242594
RRV058 con_0022.nii 44 8 34 0.83122 0.326612
RRV058 con_0022.nii -42 7 36 0.459852 0.177664
RRV058 con_0022.nii 54 -44 43 -0.423603 0.302249
RRV058 con_0022.nii -53 -50 39 0.628936 0.228029
RRV058 con_0022.nii 32 -59 41 0.654375 0.316615
RRV058 con_0022.nii -32 -58 46 0.401374 0.30447
RRV058 con_0022.nii -6 49 1 -0.193698 0.317736
RRV058 con_0023.nii 9 3 -6 -0.263478 0.151575
RRV058 con_0023.nii -9 3 -6 0.0444829 0.303332
RRV058 con_0023.nii -30 33 -18 0.0155213 0.381766
RRV058 con_0023.nii 46 28 31 0.33273 0.316212
RRV058 con_0023.nii -44 27 33 0.373489 0.180571
RRV058 con_0023.nii 44 8 34 -0.351495 0.183224
RRV058 con_0023.nii -42 7 36 -0.199124 0.127087
RRV058 con_0023.nii 54 -44 43 0.602243 0.22234
RRV058 con_0023.nii -53 -50 39 0.140212 0.145447
RRV058 con_0023.nii 32 -59 41 -0.392721 0.264853
RRV058 con_0023.nii -32 -58 46 -0.462082 0.156759
RRV058 con_0023.nii -6 49 1 1.12359 0.588635
RRV058 con_0024.nii 9 3 -6 -0.549864 0.315611
RRV058 con_0024.nii -9 3 -6 -0.122695 0.159816
RRV058 con_0024.nii -30 33 -18 0.0989086 0.275094
RRV058 con_0024.nii 46 28 31 0.378797 0.308967
RRV058 con_0024.nii -44 27 33 0.47737 0.354221
RRV058 con_0024.nii 44 8 34 0.479725 0.22785
RRV058 con_0024.nii -42 7 36 0.260728 0.199017
RRV058 con_0024.nii 54 -44 43 0.17864 0.229512
RRV058 con_0024.nii -53 -50 39 0.769148 0.246554
RRV058 con_0024.nii 32 -59 41 0.261654 0.391485
RRV058 con_0024.nii -32 -58 46 -0.0607075 0.336577
RRV058 con_0024.nii -6 49 1 0.929893 0.579563
RRV058 con_0025.nii 9 3 -6 0.138619 0.194395
RRV058 con_0025.nii -9 3 -6 0.0281123 0.415957
RRV058 con_0025.nii -30 33 -18 0.0320968 0.246807
RRV058 con_0025.nii 46 28 31 0.0548885 0.270812
RRV058 con_0025.nii -44 27 33 -0.25496 0.21839
RRV058 con_0025.nii 44 8 34 0.225499 0.307807
RRV058 con_0025.nii -42 7 36 0.233567 0.116132
RRV058 con_0025.nii 54 -44 43 -0.255982 0.2438
RRV058 con_0025.nii -53 -50 39 0.380605 0.276538
RRV058 con_0025.nii 32 -59 41 0.58402 0.235873
RRV058 con_0025.nii -32 -58 46 -0.0728435 0.383282
RRV058 con_0025.nii -6 49 1 -0.422035 0.473089
RRV058 con_0026.nii 9 3 -6 0.57881 0.683547
RRV058 con_0026.nii -9 3 -6 0.788708 0.280772
RRV058 con_0026.nii -30 33 -18 0.849502 0.547124
RRV058 con_0026.nii 46 28 31 0.549577 0.263164
RRV058 con_0026.nii -44 27 33 0.560062 0.242059
RRV058 con_0026.nii 44 8 34 -0.195656 0.599871
RRV058 con_0026.nii -42 7 36 0.34006 0.316559
RRV058 con_0026.nii 54 -44 43 0.415996 0.183925
RRV058 con_0026.nii -53 -50 39 0.971161 0.410492
RRV058 con_0026.nii 32 -59 41 0.173725 0.346031
RRV058 con_0026.nii -32 -58 46 1.0355 0.297378
RRV058 con_0026.nii -6 49 1 0.714654 0.464739
RRV058 con_0027.nii 9 3 -6 0.717429 0.702139
RRV058 con_0027.nii -9 3 -6 0.816821 0.416085
RRV058 con_0027.nii -30 33 -18 0.881599 0.487552
RRV058 con_0027.nii 46 28 31 0.604465 0.28876
RRV058 con_0027.nii -44 27 33 0.305101 0.37256
RRV058 con_0027.nii 44 8 34 0.0298433 0.859593
RRV058 con_0027.nii -42 7 36 0.573627 0.364154
RRV058 con_0027.nii 54 -44 43 0.160015 0.210588
RRV058 con_0027.nii -53 -50 39 1.35177 0.650302
RRV058 con_0027.nii 32 -59 41 0.757745 0.428349
RRV058 con_0027.nii -32 -58 46 0.962657 0.528547
RRV058 con_0027.nii -6 49 1 0.292618 0.849111
RRV058 con_0028.nii 9 3 -6 -0.040596 0.179514
RRV058 con_0028.nii -9 3 -6 -0.0399503 0.226339
RRV058 con_0028.nii -30 33 -18 0.0672789 0.179605
RRV058 con_0028.nii 46 28 31 0.250246 0.329463
RRV058 con_0028.nii -44 27 33 -0.120628 0.180473
RRV058 con_0028.nii 44 8 34 0.70562 0.333127
RRV058 con_0028.nii -42 7 36 0.39295 0.162939
RRV058 con_0028.nii 54 -44 43 -0.172649 0.151682
RRV058 con_0028.nii -53 -50 39 0.50736 0.244663
RRV058 con_0028.nii 32 -59 41 0.893235 0.215476
RRV058 con_0028.nii -32 -58 46 0.525356 0.344296
RRV058 con_0028.nii -6 49 1 -0.602344 0.290836
RRV058 con_0029.nii 9 3 -6 0.121231 0.200541
RRV058 con_0029.nii -9 3 -6 0.382826 0.112584
RRV058 con_0029.nii -30 33 -18 0.365236 0.357591
RRV058 con_0029.nii 46 28 31 0.31071 0.236239
RRV058 con_0029.nii -44 27 33 0.290119 0.120946
RRV058 con_0029.nii 44 8 34 0.310989 0.252483
RRV058 con_0029.nii -42 7 36 -0.104118 0.136551
RRV058 con_0029.nii 54 -44 43 0.41105 0.236194
RRV058 con_0029.nii -53 -50 39 0.293479 0.157927
RRV058 con_0029.nii 32 -59 41 -0.0364108 0.334361
RRV058 con_0029.nii -32 -58 46 0.173562 0.248014
RRV058 con_0029.nii -6 49 1 0.358834 0.151691
RRV058 con_0030.nii 9 3 -6 0.0806355 0.240864
RRV058 con_0030.nii -9 3 -6 0.342876 0.202984
RRV058 con_0030.nii -30 33 -18 0.432515 0.347472
RRV058 con_0030.nii 46 28 31 0.560956 0.283394
RRV058 con_0030.nii -44 27 33 0.169491 0.209906
RRV058 con_0030.nii 44 8 34 1.01661 0.531781
RRV058 con_0030.nii -42 7 36 0.288831 0.2365
RRV058 con_0030.nii 54 -44 43 0.238401 0.25258
RRV058 con_0030.nii -53 -50 39 0.800839 0.335584
RRV058 con_0030.nii 32 -59 41 0.856824 0.429732
RRV058 con_0030.nii -32 -58 46 0.698918 0.328976
RRV058 con_0030.nii -6 49 1 -0.24351 0.241447
