RRV074 con_0001.nii 9 3 -6 0.327647 0.495164
RRV074 con_0001.nii -9 3 -6 -0.292416 0.575375
RRV074 con_0001.nii -30 33 -18 0.859988 0.837985
RRV074 con_0001.nii 46 28 31 0.180361 0.460988
RRV074 con_0001.nii -44 27 33 0.485944 0.541825
RRV074 con_0001.nii 44 8 34 -0.311718 0.442411
RRV074 con_0001.nii -42 7 36 0.146206 0.410962
RRV074 con_0001.nii 54 -44 43 1.24856 0.564193
RRV074 con_0001.nii -53 -50 39 0.613981 0.460812
RRV074 con_0001.nii 32 -59 41 0.144005 0.439935
RRV074 con_0001.nii -32 -58 46 0.16436 0.219237
RRV074 con_0001.nii -6 49 1 1.28712 0.542724
RRV074 con_0002.nii 9 3 -6 0.39204 0.248582
RRV074 con_0002.nii -9 3 -6 -0.367871 0.423375
RRV074 con_0002.nii -30 33 -18 -0.280801 0.176539
RRV074 con_0002.nii 46 28 31 -0.719982 0.151881
RRV074 con_0002.nii -44 27 33 -0.630883 0.410328
RRV074 con_0002.nii 44 8 34 -0.942909 0.409233
RRV074 con_0002.nii -42 7 36 -0.312264 0.252321
RRV074 con_0002.nii 54 -44 43 -1.12716 0.447885
RRV074 con_0002.nii -53 -50 39 -0.334195 0.236728
RRV074 con_0002.nii 32 -59 41 -0.849253 0.173329
RRV074 con_0002.nii -32 -58 46 -0.900707 0.495289
RRV074 con_0002.nii -6 49 1 -0.581998 0.351119
RRV074 con_0003.nii 9 3 -6 0.719688 0.492133
RRV074 con_0003.nii -9 3 -6 -0.660286 0.567873
RRV074 con_0003.nii -30 33 -18 0.579187 0.899522
RRV074 con_0003.nii 46 28 31 -0.539622 0.571253
RRV074 con_0003.nii -44 27 33 -0.144939 0.577889
RRV074 con_0003.nii 44 8 34 -1.25463 0.441015
RRV074 con_0003.nii -42 7 36 -0.166058 0.490044
RRV074 con_0003.nii 54 -44 43 0.121401 0.327568
RRV074 con_0003.nii -53 -50 39 0.279786 0.487309
RRV074 con_0003.nii 32 -59 41 -0.705248 0.432359
RRV074 con_0003.nii -32 -58 46 -0.736347 0.56897
RRV074 con_0003.nii -6 49 1 0.705122 0.413838
RRV074 con_0004.nii 9 3 -6 -0.465918 0.32885
RRV074 con_0004.nii -9 3 -6 -0.310331 0.431777
RRV074 con_0004.nii -30 33 -18 0.638559 0.304106
RRV074 con_0004.nii 46 28 31 0.227698 0.331939
RRV074 con_0004.nii -44 27 33 1.45581 0.347858
RRV074 con_0004.nii 44 8 34 -0.355584 0.291111
RRV074 con_0004.nii -42 7 36 0.0943258 0.304687
RRV074 con_0004.nii 54 -44 43 0.200051 0.302524
RRV074 con_0004.nii -53 -50 39 0.597792 0.258574
RRV074 con_0004.nii 32 -59 41 0.801918 0.639456
RRV074 con_0004.nii -32 -58 46 0.320349 0.279916
RRV074 con_0004.nii -6 49 1 -0.0370773 0.339688
RRV074 con_0005.nii 9 3 -6 0.281609 0.227143
RRV074 con_0005.nii -9 3 -6 -0.220723 0.316967
RRV074 con_0005.nii -30 33 -18 -0.488241 0.454001
RRV074 con_0005.nii 46 28 31 0.197125 0.377752
RRV074 con_0005.nii -44 27 33 0.263917 0.267746
RRV074 con_0005.nii 44 8 34 -0.827161 0.29518
RRV074 con_0005.nii -42 7 36 -0.549263 0.179678
RRV074 con_0005.nii 54 -44 43 0.320378 0.192395
RRV074 con_0005.nii -53 -50 39 0.352775 0.189576
RRV074 con_0005.nii 32 -59 41 -0.262237 0.238663
RRV074 con_0005.nii -32 -58 46 -0.64128 0.429847
RRV074 con_0005.nii -6 49 1 0.35798 0.323304
RRV074 con_0006.nii 9 3 -6 -0.184308 0.4544
RRV074 con_0006.nii -9 3 -6 -0.531053 0.548656
RRV074 con_0006.nii -30 33 -18 0.150319 0.550403
RRV074 con_0006.nii 46 28 31 0.424823 0.688651
RRV074 con_0006.nii -44 27 33 1.71973 0.471802
RRV074 con_0006.nii 44 8 34 -1.18275 0.408667
RRV074 con_0006.nii -42 7 36 -0.454937 0.298427
RRV074 con_0006.nii 54 -44 43 0.520428 0.39359
RRV074 con_0006.nii -53 -50 39 0.950568 0.302648
RRV074 con_0006.nii 32 -59 41 0.53968 0.707715
RRV074 con_0006.nii -32 -58 46 -0.320931 0.614022
RRV074 con_0006.nii -6 49 1 0.320903 0.555893
RRV074 con_0007.nii 9 3 -6 0.258221 0.279127
RRV074 con_0007.nii -9 3 -6 -0.243572 0.224866
RRV074 con_0007.nii -30 33 -18 -0.0309968 0.49754
RRV074 con_0007.nii 46 28 31 -0.066355 0.358925
RRV074 con_0007.nii -44 27 33 -0.0941637 0.302099
RRV074 con_0007.nii 44 8 34 -0.705393 0.323368
RRV074 con_0007.nii -42 7 36 0.318196 0.379824
RRV074 con_0007.nii 54 -44 43 -0.316 0.279813
RRV074 con_0007.nii -53 -50 39 -0.053393 0.219761
RRV074 con_0007.nii 32 -59 41 0.0669622 0.259632
RRV074 con_0007.nii -32 -58 46 0.0166183 0.34664
RRV074 con_0007.nii -6 49 1 -0.466733 0.611489
RRV074 con_0008.nii 9 3 -6 0.235256 0.248469
RRV074 con_0008.nii -9 3 -6 -0.294767 0.248541
RRV074 con_0008.nii -30 33 -18 -0.569295 0.344098
RRV074 con_0008.nii 46 28 31 -0.336333 0.241937
RRV074 con_0008.nii -44 27 33 -0.288565 0.410346
RRV074 con_0008.nii 44 8 34 -1.03042 0.492031
RRV074 con_0008.nii -42 7 36 -0.832477 0.41018
RRV074 con_0008.nii 54 -44 43 0.628103 0.186154
RRV074 con_0008.nii -53 -50 39 -0.241418 0.283186
RRV074 con_0008.nii 32 -59 41 0.104941 0.348267
RRV074 con_0008.nii -32 -58 46 -0.66818 0.425367
RRV074 con_0008.nii -6 49 1 -0.367878 0.225637
RRV074 con_0009.nii 9 3 -6 0.493477 0.40681
RRV074 con_0009.nii -9 3 -6 -0.538339 0.401928
RRV074 con_0009.nii -30 33 -18 -0.600292 0.331802
RRV074 con_0009.nii 46 28 31 -0.402688 0.518602
RRV074 con_0009.nii -44 27 33 -0.382728 0.452276
RRV074 con_0009.nii 44 8 34 -1.73582 0.586703
RRV074 con_0009.nii -42 7 36 -0.514281 0.443928
RRV074 con_0009.nii 54 -44 43 0.312103 0.394713
RRV074 con_0009.nii -53 -50 39 -0.294811 0.394583
RRV074 con_0009.nii 32 -59 41 0.171904 0.531994
RRV074 con_0009.nii -32 -58 46 -0.651561 0.722798
RRV074 con_0009.nii -6 49 1 -0.834611 0.778945
RRV074 con_0010.nii 9 3 -6 -0.183815 0.387762
RRV074 con_0010.nii -9 3 -6 -0.195145 0.341148
RRV074 con_0010.nii -30 33 -18 0.330763 0.287689
RRV074 con_0010.nii 46 28 31 0.455584 0.160314
RRV074 con_0010.nii -44 27 33 0.75383 0.20693
RRV074 con_0010.nii 44 8 34 0.224442 0.379963
RRV074 con_0010.nii -42 7 36 0.343731 0.0933442
RRV074 con_0010.nii 54 -44 43 0.236075 0.176033
RRV074 con_0010.nii -53 -50 39 0.43081 0.114801
RRV074 con_0010.nii 32 -59 41 0.56499 0.27757
RRV074 con_0010.nii -32 -58 46 0.328857 0.219934
RRV074 con_0010.nii -6 49 1 0.0597452 0.225038
RRV074 con_0011.nii 9 3 -6 -0.0754191 0.172351
RRV074 con_0011.nii -9 3 -6 -0.394367 0.215839
RRV074 con_0011.nii -30 33 -18 -0.237936 0.38918
RRV074 con_0011.nii 46 28 31 0.320046 0.134566
RRV074 con_0011.nii -44 27 33 0.309426 0.305858
RRV074 con_0011.nii 44 8 34 0.00356226 0.160114
RRV074 con_0011.nii -42 7 36 0.136208 0.201302
RRV074 con_0011.nii 54 -44 43 0.952305 0.353667
RRV074 con_0011.nii -53 -50 39 0.555289 0.2869
RRV074 con_0011.nii 32 -59 41 0.777193 0.303963
RRV074 con_0011.nii -32 -58 46 0.412065 0.313975
RRV074 con_0011.nii -6 49 1 -0.441241 0.386225
RRV074 con_0012.nii 9 3 -6 -0.259234 0.429489
RRV074 con_0012.nii -9 3 -6 -0.589512 0.400139
RRV074 con_0012.nii -30 33 -18 0.0928268 0.3938
RRV074 con_0012.nii 46 28 31 0.775631 0.199508
RRV074 con_0012.nii -44 27 33 1.06326 0.455977
RRV074 con_0012.nii 44 8 34 0.228005 0.512056
RRV074 con_0012.nii -42 7 36 0.479939 0.203432
RRV074 con_0012.nii 54 -44 43 1.18838 0.5008
RRV074 con_0012.nii -53 -50 39 0.986099 0.288631
RRV074 con_0012.nii 32 -59 41 1.34218 0.539401
RRV074 con_0012.nii -32 -58 46 0.740921 0.481806
RRV074 con_0012.nii -6 49 1 -0.381496 0.246255
RRV074 con_0013.nii 9 3 -6 0.054617 0.194325
RRV074 con_0013.nii -9 3 -6 -0.119449 0.261694
RRV074 con_0013.nii -30 33 -18 0.38548 0.355409
RRV074 con_0013.nii 46 28 31 0.502384 0.232077
RRV074 con_0013.nii -44 27 33 0.920042 0.259464
RRV074 con_0013.nii 44 8 34 0.0049294 0.320077
RRV074 con_0013.nii -42 7 36 0.362827 0.140862
RRV074 con_0013.nii 54 -44 43 0.147206 0.129959
RRV074 con_0013.nii -53 -50 39 0.362437 0.158235
RRV074 con_0013.nii 32 -59 41 0.648701 0.396131
RRV074 con_0013.nii -32 -58 46 0.175991 0.213988
RRV074 con_0013.nii -6 49 1 -0.0159201 0.369883
RRV074 con_0014.nii 9 3 -6 -0.101747 0.176871
RRV074 con_0014.nii -9 3 -6 -0.431714 0.246662
RRV074 con_0014.nii -30 33 -18 -0.460267 0.16084
RRV074 con_0014.nii 46 28 31 0.0161879 0.158002
RRV074 con_0014.nii -44 27 33 0.0796183 0.123197
RRV074 con_0014.nii 44 8 34 -0.461531 0.172902
RRV074 con_0014.nii -42 7 36 -0.0863716 0.170518
RRV074 con_0014.nii 54 -44 43 0.0496391 0.188331
RRV074 con_0014.nii -53 -50 39 -0.0559311 0.239502
RRV074 con_0014.nii 32 -59 41 0.124315 0.258429
RRV074 con_0014.nii -32 -58 46 -0.181867 0.351007
RRV074 con_0014.nii -6 49 1 -0.297148 0.270758
RRV074 con_0015.nii 9 3 -6 -0.0471297 0.281174
RRV074 con_0015.nii -9 3 -6 -0.551163 0.219131
RRV074 con_0015.nii -30 33 -18 -0.074787 0.311586
RRV074 con_0015.nii 46 28 31 0.518572 0.298102
RRV074 con_0015.nii -44 27 33 0.99966 0.293486
RRV074 con_0015.nii 44 8 34 -0.456602 0.306474
RRV074 con_0015.nii -42 7 36 0.276455 0.221043
RRV074 con_0015.nii 54 -44 43 0.196845 0.197493
RRV074 con_0015.nii -53 -50 39 0.306505 0.319701
RRV074 con_0015.nii 32 -59 41 0.773017 0.560423
RRV074 con_0015.nii -32 -58 46 -0.00587536 0.512489
RRV074 con_0015.nii -6 49 1 -0.313068 0.346857
RRV074 con_0016.nii 9 3 -6 0.0399836 0.257601
RRV074 con_0016.nii -9 3 -6 -0.282106 0.17973
RRV074 con_0016.nii -30 33 -18 0.489184 0.352396
RRV074 con_0016.nii 46 28 31 0.113901 0.317979
RRV074 con_0016.nii -44 27 33 0.615864 0.277421
RRV074 con_0016.nii 44 8 34 -0.457565 0.148423
RRV074 con_0016.nii -42 7 36 0.186243 0.184573
RRV074 con_0016.nii 54 -44 43 0.377538 0.277052
RRV074 con_0016.nii -53 -50 39 0.386127 0.207977
RRV074 con_0016.nii 32 -59 41 0.337628 0.398004
RRV074 con_0016.nii -32 -58 46 0.167109 0.199342
RRV074 con_0016.nii -6 49 1 0.261103 0.228517
RRV074 con_0017.nii 9 3 -6 0.302969 0.130868
RRV074 con_0017.nii -9 3 -6 -0.294453 0.282484
RRV074 con_0017.nii -30 33 -18 -0.446112 0.287158
RRV074 con_0017.nii 46 28 31 -0.286397 0.212081
RRV074 con_0017.nii -44 27 33 -0.21851 0.276759
RRV074 con_0017.nii 44 8 34 -0.933498 0.351893
RRV074 con_0017.nii -42 7 36 -0.564668 0.168912
RRV074 con_0017.nii 54 -44 43 -0.0595607 0.133267
RRV074 con_0017.nii -53 -50 39 -0.0742791 0.18352
RRV074 con_0017.nii 32 -59 41 -0.335516 0.151083
RRV074 con_0017.nii -32 -58 46 -0.736722 0.418296
RRV074 con_0017.nii -6 49 1 -0.197299 0.185599
RRV074 con_0018.nii 9 3 -6 0.342952 0.293699
RRV074 con_0018.nii -9 3 -6 -0.57656 0.270816
RRV074 con_0018.nii -30 33 -18 0.0430712 0.355977
RRV074 con_0018.nii 46 28 31 -0.172495 0.506121
RRV074 con_0018.nii -44 27 33 0.397354 0.231288
RRV074 con_0018.nii 44 8 34 -1.39106 0.35612
RRV074 con_0018.nii -42 7 36 -0.378425 0.306978
RRV074 con_0018.nii 54 -44 43 0.317977 0.240172
RRV074 con_0018.nii -53 -50 39 0.311848 0.196997
RRV074 con_0018.nii 32 -59 41 0.00211205 0.532818
RRV074 con_0018.nii -32 -58 46 -0.569613 0.588888
RRV074 con_0018.nii -6 49 1 0.0638047 0.21203
RRV074 con_0019.nii 9 3 -6 0.511462 0.641181
RRV074 con_0019.nii -9 3 -6 -0.0972709 0.409612
RRV074 con_0019.nii -30 33 -18 0.529225 0.692017
RRV074 con_0019.nii 46 28 31 -0.275224 0.498855
RRV074 con_0019.nii -44 27 33 -0.267886 0.466046
RRV074 con_0019.nii 44 8 34 -0.53616 0.323022
RRV074 con_0019.nii -42 7 36 -0.197526 0.410542
RRV074 con_0019.nii 54 -44 43 1.01249 0.46826
RRV074 con_0019.nii -53 -50 39 0.183171 0.470593
RRV074 con_0019.nii 32 -59 41 -0.420985 0.25604
RRV074 con_0019.nii -32 -58 46 -0.164496 0.222133
RRV074 con_0019.nii -6 49 1 1.22738 0.487822
RRV074 con_0020.nii 9 3 -6 0.467459 0.297633
RRV074 con_0020.nii -9 3 -6 0.0264967 0.445225
RRV074 con_0020.nii -30 33 -18 -0.0428652 0.345464
RRV074 con_0020.nii 46 28 31 -1.04003 0.202726
RRV074 con_0020.nii -44 27 33 -0.940309 0.534027
RRV074 con_0020.nii 44 8 34 -0.946471 0.449132
RRV074 con_0020.nii -42 7 36 -0.448472 0.189622
RRV074 con_0020.nii 54 -44 43 -2.07947 0.762945
RRV074 con_0020.nii -53 -50 39 -0.889485 0.388008
RRV074 con_0020.nii 32 -59 41 -1.62645 0.352896
RRV074 con_0020.nii -32 -58 46 -1.31277 0.312541
RRV074 con_0020.nii -6 49 1 -0.140757 0.218489
RRV074 con_0021.nii 9 3 -6 0.978922 0.721815
RRV074 con_0021.nii -9 3 -6 -0.0707742 0.63809
RRV074 con_0021.nii -30 33 -18 0.48636 0.954473
RRV074 con_0021.nii 46 28 31 -1.31525 0.575968
RRV074 con_0021.nii -44 27 33 -1.2082 0.629399
RRV074 con_0021.nii 44 8 34 -1.48263 0.565487
RRV074 con_0021.nii -42 7 36 -0.645998 0.52828
RRV074 con_0021.nii 54 -44 43 -1.06698 0.443905
RRV074 con_0021.nii -53 -50 39 -0.706313 0.657105
RRV074 con_0021.nii 32 -59 41 -2.04743 0.390149
RRV074 con_0021.nii -32 -58 46 -1.47727 0.291067
RRV074 con_0021.nii -6 49 1 1.08662 0.441795
RRV074 con_0022.nii 9 3 -6 -0.282103 0.521536
RRV074 con_0022.nii -9 3 -6 -0.115186 0.457568
RRV074 con_0022.nii -30 33 -18 0.307797 0.450255
RRV074 con_0022.nii 46 28 31 -0.227886 0.295668
RRV074 con_0022.nii -44 27 33 0.701982 0.182675
RRV074 con_0022.nii 44 8 34 -0.580027 0.447725
RRV074 con_0022.nii -42 7 36 -0.249406 0.291578
RRV074 con_0022.nii 54 -44 43 -0.0360239 0.267162
RRV074 con_0022.nii -53 -50 39 0.166983 0.290537
RRV074 con_0022.nii 32 -59 41 0.236927 0.461808
RRV074 con_0022.nii -32 -58 46 -0.00850772 0.16849
RRV074 con_0022.nii -6 49 1 -0.0968225 0.265034
RRV074 con_0023.nii 9 3 -6 0.357028 0.273143
RRV074 con_0023.nii -9 3 -6 0.173645 0.241779
RRV074 con_0023.nii -30 33 -18 -0.250305 0.239913
RRV074 con_0023.nii 46 28 31 -0.122921 0.37865
RRV074 con_0023.nii -44 27 33 -0.045509 0.465515
RRV074 con_0023.nii 44 8 34 -0.830723 0.393827
RRV074 con_0023.nii -42 7 36 -0.685471 0.250502
RRV074 con_0023.nii 54 -44 43 -0.631927 0.299271
RRV074 con_0023.nii -53 -50 39 -0.202514 0.221638
RRV074 con_0023.nii 32 -59 41 -1.03943 0.34831
RRV074 con_0023.nii -32 -58 46 -1.05335 0.360713
RRV074 con_0023.nii -6 49 1 0.799221 0.533105
RRV074 con_0024.nii 9 3 -6 0.0749254 0.697877
RRV074 con_0024.nii -9 3 -6 0.0584589 0.544891
RRV074 con_0024.nii -30 33 -18 0.057492 0.321868
RRV074 con_0024.nii 46 28 31 -0.350807 0.627824
RRV074 con_0024.nii -44 27 33 0.656473 0.470843
RRV074 con_0024.nii 44 8 34 -1.41075 0.76579
RRV074 con_0024.nii -42 7 36 -0.934876 0.393783
RRV074 con_0024.nii 54 -44 43 -0.667951 0.314318
RRV074 con_0024.nii -53 -50 39 -0.0355313 0.377386
RRV074 con_0024.nii 32 -59 41 -0.802503 0.288306
RRV074 con_0024.nii -32 -58 46 -1.06185 0.339575
RRV074 con_0024.nii -6 49 1 0.702399 0.70011
RRV074 con_0025.nii 9 3 -6 0.442036 0.424031
RRV074 con_0025.nii -9 3 -6 -0.0484275 0.511584
RRV074 con_0025.nii -30 33 -18 -0.36176 0.426148
RRV074 con_0025.nii 46 28 31 -0.521939 0.445894
RRV074 con_0025.nii -44 27 33 -0.847993 0.403095
RRV074 con_0025.nii 44 8 34 -0.929836 0.624946
RRV074 con_0025.nii -42 7 36 -0.0255352 0.383401
RRV074 con_0025.nii 54 -44 43 -0.552075 0.370517
RRV074 con_0025.nii -53 -50 39 -0.484203 0.183484
RRV074 con_0025.nii 32 -59 41 -0.498028 0.246366
RRV074 con_0025.nii -32 -58 46 -0.312238 0.293048
RRV074 con_0025.nii -6 49 1 -0.526478 0.772374
RRV074 con_0026.nii 9 3 -6 0.310675 0.273844
RRV074 con_0026.nii -9 3 -6 0.0996003 0.23464
RRV074 con_0026.nii -30 33 -18 -0.331359 0.187455
RRV074 con_0026.nii 46 28 31 -0.656379 0.184151
RRV074 con_0026.nii -44 27 33 -0.597991 0.644847
RRV074 con_0026.nii 44 8 34 -1.03399 0.543868
RRV074 con_0026.nii -42 7 36 -0.968685 0.499427
RRV074 con_0026.nii 54 -44 43 -0.324202 0.312526
RRV074 con_0026.nii -53 -50 39 -0.796707 0.233333
RRV074 con_0026.nii 32 -59 41 -0.672252 0.196483
RRV074 con_0026.nii -32 -58 46 -1.08024 0.392899
RRV074 con_0026.nii -6 49 1 0.0733635 0.275445
RRV074 con_0027.nii 9 3 -6 0.752711 0.381715
RRV074 con_0027.nii -9 3 -6 0.0511728 0.695203
RRV074 con_0027.nii -30 33 -18 -0.693119 0.555983
RRV074 con_0027.nii 46 28 31 -1.17832 0.578426
RRV074 con_0027.nii -44 27 33 -1.44598 0.886859
RRV074 con_0027.nii 44 8 34 -1.96382 0.976993
RRV074 con_0027.nii -42 7 36 -0.99422 0.467564
RRV074 con_0027.nii 54 -44 43 -0.876277 0.59971
RRV074 con_0027.nii -53 -50 39 -1.28091 0.377893
RRV074 con_0027.nii 32 -59 41 -1.17028 0.296639
RRV074 con_0027.nii -32 -58 46 -1.39248 0.554696
RRV074 con_0027.nii -6 49 1 -0.453114 0.628885
RRV074 con_0028.nii 9 3 -6 0.223798 0.45853
RRV074 con_0028.nii -9 3 -6 -0.0869615 0.236449
RRV074 con_0028.nii -30 33 -18 0.158421 0.253984
RRV074 con_0028.nii 46 28 31 -0.341683 0.359124
RRV074 con_0028.nii -44 27 33 -0.137966 0.214552
RRV074 con_0028.nii 44 8 34 -0.682008 0.354215
RRV074 con_0028.nii -42 7 36 -0.157489 0.179602
RRV074 con_0028.nii 54 -44 43 0.141463 0.238096
RRV074 con_0028.nii -53 -50 39 -0.044683 0.217406
RRV074 con_0028.nii 32 -59 41 -0.227362 0.219762
RRV074 con_0028.nii -32 -58 46 -0.161747 0.109915
RRV074 con_0028.nii -6 49 1 0.201358 0.304182
RRV074 con_0029.nii 9 3 -6 0.378388 0.195311
RRV074 con_0029.nii -9 3 -6 0.099914 0.264351
RRV074 con_0029.nii -30 33 -18 -0.208176 0.185954
RRV074 con_0029.nii 46 28 31 -0.606443 0.207382
RRV074 con_0029.nii -44 27 33 -0.527936 0.496341
RRV074 con_0029.nii 44 8 34 -0.93706 0.419285
RRV074 con_0029.nii -42 7 36 -0.700876 0.237719
RRV074 con_0029.nii 54 -44 43 -1.01187 0.428303
RRV074 con_0029.nii -53 -50 39 -0.629569 0.246971
RRV074 con_0029.nii 32 -59 41 -1.11271 0.21958
RRV074 con_0029.nii -32 -58 46 -1.14879 0.314146
RRV074 con_0029.nii -6 49 1 0.243943 0.278345
RRV074 con_0030.nii 9 3 -6 0.602186 0.51587
RRV074 con_0030.nii -9 3 -6 0.0129525 0.455466
RRV074 con_0030.nii -30 33 -18 -0.0497556 0.400715
RRV074 con_0030.nii 46 28 31 -0.948126 0.503136
RRV074 con_0030.nii -44 27 33 -0.665902 0.517601
RRV074 con_0030.nii 44 8 34 -1.61907 0.715418
RRV074 con_0030.nii -42 7 36 -0.858365 0.369321
RRV074 con_0030.nii 54 -44 43 -0.870402 0.369926
RRV074 con_0030.nii -53 -50 39 -0.674252 0.340917
RRV074 con_0030.nii 32 -59 41 -1.34007 0.260899
RRV074 con_0030.nii -32 -58 46 -1.31053 0.329089
RRV074 con_0030.nii -6 49 1 0.445301 0.207098
