RRV022 con_0001.nii 9 3 -6 0.433513 0.497095
RRV022 con_0001.nii -9 3 -6 0.255439 0.376494
RRV022 con_0001.nii -30 33 -18 0.70961 0.423471
RRV022 con_0001.nii 46 28 31 0.0645465 0.386949
RRV022 con_0001.nii -44 27 33 0.726804 0.462899
RRV022 con_0001.nii 44 8 34 0.545928 0.414878
RRV022 con_0001.nii -42 7 36 0.181368 0.389786
RRV022 con_0001.nii 54 -44 43 -0.59272 0.230592
RRV022 con_0001.nii -53 -50 39 -0.213574 0.136939
RRV022 con_0001.nii 32 -59 41 0.366469 0.355673
RRV022 con_0001.nii -32 -58 46 0.907068 0.902229
RRV022 con_0001.nii -6 49 1 0.0597442 0.146591
RRV022 con_0002.nii 9 3 -6 0.0998246 0.298727
RRV022 con_0002.nii -9 3 -6 -0.0390624 0.268704
RRV022 con_0002.nii -30 33 -18 -0.315236 0.248715
RRV022 con_0002.nii 46 28 31 1.14643 0.743275
RRV022 con_0002.nii -44 27 33 0.00869382 0.353557
RRV022 con_0002.nii 44 8 34 1.16658 0.521627
RRV022 con_0002.nii -42 7 36 0.50926 0.162209
RRV022 con_0002.nii 54 -44 43 0.790856 0.274094
RRV022 con_0002.nii -53 -50 39 -0.0743032 0.347623
RRV022 con_0002.nii 32 -59 41 0.697324 0.408296
RRV022 con_0002.nii -32 -58 46 1.25942 0.582615
RRV022 con_0002.nii -6 49 1 0.00930012 0.604545
RRV022 con_0003.nii 9 3 -6 0.533338 0.433416
RRV022 con_0003.nii -9 3 -6 0.216376 0.336109
RRV022 con_0003.nii -30 33 -18 0.394374 0.563938
RRV022 con_0003.nii 46 28 31 1.21098 1.08696
RRV022 con_0003.nii -44 27 33 0.735498 0.619938
RRV022 con_0003.nii 44 8 34 1.7125 0.913012
RRV022 con_0003.nii -42 7 36 0.690628 0.457416
RRV022 con_0003.nii 54 -44 43 0.198136 0.243901
RRV022 con_0003.nii -53 -50 39 -0.287877 0.354048
RRV022 con_0003.nii 32 -59 41 1.06379 0.722911
RRV022 con_0003.nii -32 -58 46 2.16649 1.46254
RRV022 con_0003.nii -6 49 1 0.0690443 0.69891
RRV022 con_0004.nii 9 3 -6 -0.338673 0.32009
RRV022 con_0004.nii -9 3 -6 0.196821 0.281447
RRV022 con_0004.nii -30 33 -18 0.455816 0.32186
RRV022 con_0004.nii 46 28 31 -0.060532 0.2484
RRV022 con_0004.nii -44 27 33 -0.118009 0.142775
RRV022 con_0004.nii 44 8 34 -0.179486 0.257563
RRV022 con_0004.nii -42 7 36 -0.345554 0.301358
RRV022 con_0004.nii 54 -44 43 0.0527729 0.138359
RRV022 con_0004.nii -53 -50 39 -0.160699 0.197813
RRV022 con_0004.nii 32 -59 41 0.164263 0.359318
RRV022 con_0004.nii -32 -58 46 0.611761 0.928927
RRV022 con_0004.nii -6 49 1 -0.49361 0.388813
RRV022 con_0005.nii 9 3 -6 -0.252016 0.233455
RRV022 con_0005.nii -9 3 -6 -0.035772 0.561242
RRV022 con_0005.nii -30 33 -18 0.207834 0.377869
RRV022 con_0005.nii 46 28 31 0.570631 0.589404
RRV022 con_0005.nii -44 27 33 0.385841 0.487939
RRV022 con_0005.nii 44 8 34 1.00091 0.694064
RRV022 con_0005.nii -42 7 36 -0.237363 0.109619
RRV022 con_0005.nii 54 -44 43 0.0795264 0.213718
RRV022 con_0005.nii -53 -50 39 -0.0326412 0.320799
RRV022 con_0005.nii 32 -59 41 0.662738 0.541409
RRV022 con_0005.nii -32 -58 46 0.213493 0.737177
RRV022 con_0005.nii -6 49 1 0.0281564 0.329234
RRV022 con_0006.nii 9 3 -6 -0.590689 0.280915
RRV022 con_0006.nii -9 3 -6 0.161049 0.660471
RRV022 con_0006.nii -30 33 -18 0.66365 0.4617
RRV022 con_0006.nii 46 28 31 0.510099 0.75451
RRV022 con_0006.nii -44 27 33 0.267832 0.506914
RRV022 con_0006.nii 44 8 34 0.821421 0.848541
RRV022 con_0006.nii -42 7 36 -0.582917 0.289426
RRV022 con_0006.nii 54 -44 43 0.132299 0.237033
RRV022 con_0006.nii -53 -50 39 -0.193341 0.345956
RRV022 con_0006.nii 32 -59 41 0.827001 0.704474
RRV022 con_0006.nii -32 -58 46 0.825253 1.49198
RRV022 con_0006.nii -6 49 1 -0.465454 0.650762
RRV022 con_0007.nii 9 3 -6 0.328404 0.241719
RRV022 con_0007.nii -9 3 -6 0.161658 0.257797
RRV022 con_0007.nii -30 33 -18 0.564834 0.544931
RRV022 con_0007.nii 46 28 31 0.0665346 0.616456
RRV022 con_0007.nii -44 27 33 0.19254 0.328329
RRV022 con_0007.nii 44 8 34 0.214334 0.476957
RRV022 con_0007.nii -42 7 36 0.267603 0.314317
RRV022 con_0007.nii 54 -44 43 -0.492749 0.161449
RRV022 con_0007.nii -53 -50 39 -0.0944377 0.144755
RRV022 con_0007.nii 32 -59 41 0.236352 0.535245
RRV022 con_0007.nii -32 -58 46 1.14854 0.893117
RRV022 con_0007.nii -6 49 1 -0.35065 0.26883
RRV022 con_0008.nii 9 3 -6 0.0435625 0.373377
RRV022 con_0008.nii -9 3 -6 -0.377946 0.419696
RRV022 con_0008.nii -30 33 -18 -0.268924 0.430203
RRV022 con_0008.nii 46 28 31 0.214744 0.408464
RRV022 con_0008.nii -44 27 33 -0.337174 0.256044
RRV022 con_0008.nii 44 8 34 -0.280811 0.492854
RRV022 con_0008.nii -42 7 36 -0.11854 0.352246
RRV022 con_0008.nii 54 -44 43 -0.167569 0.206693
RRV022 con_0008.nii -53 -50 39 -0.340263 0.195919
RRV022 con_0008.nii 32 -59 41 -0.311384 0.314498
RRV022 con_0008.nii -32 -58 46 -0.118337 0.444815
RRV022 con_0008.nii -6 49 1 -0.273453 0.568391
RRV022 con_0009.nii 9 3 -6 0.371966 0.453663
RRV022 con_0009.nii -9 3 -6 -0.216289 0.338968
RRV022 con_0009.nii -30 33 -18 0.29591 0.43772
RRV022 con_0009.nii 46 28 31 0.281279 0.990472
RRV022 con_0009.nii -44 27 33 -0.144634 0.441816
RRV022 con_0009.nii 44 8 34 -0.0664766 0.907
RRV022 con_0009.nii -42 7 36 0.149063 0.301539
RRV022 con_0009.nii 54 -44 43 -0.660319 0.247111
RRV022 con_0009.nii -53 -50 39 -0.434701 0.24013
RRV022 con_0009.nii 32 -59 41 -0.0750325 0.739852
RRV022 con_0009.nii -32 -58 46 1.0302 1.1466
RRV022 con_0009.nii -6 49 1 -0.624103 0.785618
RRV022 con_0010.nii 9 3 -6 -0.00869286 0.308801
RRV022 con_0010.nii -9 3 -6 -0.0318756 0.193737
RRV022 con_0010.nii -30 33 -18 0.16754 0.248457
RRV022 con_0010.nii 46 28 31 -0.211842 0.169486
RRV022 con_0010.nii -44 27 33 0.108906 0.241906
RRV022 con_0010.nii 44 8 34 -0.281717 0.121048
RRV022 con_0010.nii -42 7 36 0.203521 0.289884
RRV022 con_0010.nii 54 -44 43 -0.0809973 0.138319
RRV022 con_0010.nii -53 -50 39 0.140131 0.0842558
RRV022 con_0010.nii 32 -59 41 0.0057643 0.308217
RRV022 con_0010.nii -32 -58 46 0.186136 0.471093
RRV022 con_0010.nii -6 49 1 -0.0776082 0.19535
RRV022 con_0011.nii 9 3 -6 -0.164637 0.242587
RRV022 con_0011.nii -9 3 -6 -0.326403 0.33124
RRV022 con_0011.nii -30 33 -18 -0.0892343 0.22113
RRV022 con_0011.nii 46 28 31 0.170579 0.173456
RRV022 con_0011.nii -44 27 33 -0.11312 0.111508
RRV022 con_0011.nii 44 8 34 -0.0300408 0.310671
RRV022 con_0011.nii -42 7 36 0.0409811 0.0610297
RRV022 con_0011.nii 54 -44 43 0.352121 0.184797
RRV022 con_0011.nii -53 -50 39 -0.101801 0.149162
RRV022 con_0011.nii 32 -59 41 0.0620327 0.204428
RRV022 con_0011.nii -32 -58 46 0.0358818 0.37472
RRV022 con_0011.nii -6 49 1 -0.417476 0.338979
RRV022 con_0012.nii 9 3 -6 -0.17333 0.501745
RRV022 con_0012.nii -9 3 -6 -0.358279 0.396371
RRV022 con_0012.nii -30 33 -18 0.0783057 0.201322
RRV022 con_0012.nii 46 28 31 -0.0412625 0.254179
RRV022 con_0012.nii -44 27 33 -0.00421409 0.299127
RRV022 con_0012.nii 44 8 34 -0.311758 0.372316
RRV022 con_0012.nii -42 7 36 0.244502 0.305079
RRV022 con_0012.nii 54 -44 43 0.271124 0.262365
RRV022 con_0012.nii -53 -50 39 0.0383299 0.201475
RRV022 con_0012.nii 32 -59 41 0.067797 0.478012
RRV022 con_0012.nii -32 -58 46 0.222018 0.756931
RRV022 con_0012.nii -6 49 1 -0.495084 0.438026
RRV022 con_0013.nii 9 3 -6 -0.0845184 0.203711
RRV022 con_0013.nii -9 3 -6 0.0554973 0.284051
RRV022 con_0013.nii -30 33 -18 0.305821 0.107613
RRV022 con_0013.nii 46 28 31 -0.193236 0.21971
RRV022 con_0013.nii -44 27 33 0.076047 0.265536
RRV022 con_0013.nii 44 8 34 -0.109098 0.549242
RRV022 con_0013.nii -42 7 36 0.0553237 0.335442
RRV022 con_0013.nii 54 -44 43 -0.0875346 0.0884836
RRV022 con_0013.nii -53 -50 39 -0.22461 0.132947
RRV022 con_0013.nii 32 -59 41 -0.197464 0.318399
RRV022 con_0013.nii -32 -58 46 0.448301 0.872989
RRV022 con_0013.nii -6 49 1 -0.3026 0.218964
RRV022 con_0014.nii 9 3 -6 0.164417 0.296284
RRV022 con_0014.nii -9 3 -6 0.0686434 0.244266
RRV022 con_0014.nii -30 33 -18 -0.277608 0.369086
RRV022 con_0014.nii 46 28 31 0.157551 0.362949
RRV022 con_0014.nii -44 27 33 0.228863 0.305872
RRV022 con_0014.nii 44 8 34 -0.076842 0.624986
RRV022 con_0014.nii -42 7 36 -0.0708371 0.260562
RRV022 con_0014.nii 54 -44 43 0.480472 0.187686
RRV022 con_0014.nii -53 -50 39 -0.0833455 0.239154
RRV022 con_0014.nii 32 -59 41 0.0843066 0.26708
RRV022 con_0014.nii -32 -58 46 0.229479 0.559028
RRV022 con_0014.nii -6 49 1 -0.528018 0.35937
RRV022 con_0015.nii 9 3 -6 0.0798984 0.393529
RRV022 con_0015.nii -9 3 -6 0.124141 0.188253
RRV022 con_0015.nii -30 33 -18 0.0282133 0.373593
RRV022 con_0015.nii 46 28 31 -0.0356847 0.492476
RRV022 con_0015.nii -44 27 33 0.30491 0.554746
RRV022 con_0015.nii 44 8 34 -0.18594 1.15735
RRV022 con_0015.nii -42 7 36 -0.0155134 0.533846
RRV022 con_0015.nii 54 -44 43 0.392937 0.212421
RRV022 con_0015.nii -53 -50 39 -0.307956 0.302794
RRV022 con_0015.nii 32 -59 41 -0.113158 0.49715
RRV022 con_0015.nii -32 -58 46 0.67778 1.38911
RRV022 con_0015.nii -6 49 1 -0.830618 0.553973
RRV022 con_0016.nii 9 3 -6 0.141081 0.293701
RRV022 con_0016.nii -9 3 -6 0.204639 0.239977
RRV022 con_0016.nii -30 33 -18 0.576753 0.418226
RRV022 con_0016.nii 46 28 31 0.0235164 0.39809
RRV022 con_0016.nii -44 27 33 0.267112 0.279907
RRV022 con_0016.nii 44 8 34 0.193592 0.358034
RRV022 con_0016.nii -42 7 36 0.0344725 0.271771
RRV022 con_0016.nii 54 -44 43 -0.344232 0.150758
RRV022 con_0016.nii -53 -50 39 -0.156237 0.109777
RRV022 con_0016.nii 32 -59 41 0.255695 0.328984
RRV022 con_0016.nii -32 -58 46 0.889122 0.876523
RRV022 con_0016.nii -6 49 1 -0.261506 0.248577
RRV022 con_0017.nii 9 3 -6 -0.0362098 0.223274
RRV022 con_0017.nii -9 3 -6 -0.150927 0.322655
RRV022 con_0017.nii -30 33 -18 -0.125442 0.225688
RRV022 con_0017.nii 46 28 31 0.643936 0.553461
RRV022 con_0017.nii -44 27 33 0.0191201 0.237749
RRV022 con_0017.nii 44 8 34 0.628891 0.517
RRV022 con_0017.nii -42 7 36 0.0511187 0.152149
RRV022 con_0017.nii 54 -44 43 0.234271 0.176396
RRV022 con_0017.nii -53 -50 39 -0.149069 0.176799
RRV022 con_0017.nii 32 -59 41 0.349559 0.35243
RRV022 con_0017.nii -32 -58 46 0.451526 0.538286
RRV022 con_0017.nii -6 49 1 -0.0786654 0.471707
RRV022 con_0018.nii 9 3 -6 0.104872 0.273904
RRV022 con_0018.nii -9 3 -6 0.0537122 0.31118
RRV022 con_0018.nii -30 33 -18 0.451311 0.393325
RRV022 con_0018.nii 46 28 31 0.667453 0.915651
RRV022 con_0018.nii -44 27 33 0.286232 0.455407
RRV022 con_0018.nii 44 8 34 0.822483 0.845212
RRV022 con_0018.nii -42 7 36 0.0855912 0.207265
RRV022 con_0018.nii 54 -44 43 -0.109961 0.197446
RRV022 con_0018.nii -53 -50 39 -0.305306 0.196998
RRV022 con_0018.nii 32 -59 41 0.605254 0.621967
RRV022 con_0018.nii -32 -58 46 1.34065 1.33674
RRV022 con_0018.nii -6 49 1 -0.340171 0.686832
RRV022 con_0019.nii 9 3 -6 0.442206 0.277168
RRV022 con_0019.nii -9 3 -6 0.287314 0.301491
RRV022 con_0019.nii -30 33 -18 0.54207 0.219129
RRV022 con_0019.nii 46 28 31 0.276388 0.447473
RRV022 con_0019.nii -44 27 33 0.617899 0.240263
RRV022 con_0019.nii 44 8 34 0.827645 0.428247
RRV022 con_0019.nii -42 7 36 -0.0221526 0.178765
RRV022 con_0019.nii 54 -44 43 -0.511723 0.25275
RRV022 con_0019.nii -53 -50 39 -0.353704 0.174978
RRV022 con_0019.nii 32 -59 41 0.360705 0.280659
RRV022 con_0019.nii -32 -58 46 0.720931 0.472364
RRV022 con_0019.nii -6 49 1 0.137352 0.221335
RRV022 con_0020.nii 9 3 -6 0.264462 0.498291
RRV022 con_0020.nii -9 3 -6 0.287341 0.363934
RRV022 con_0020.nii -30 33 -18 -0.226002 0.393283
RRV022 con_0020.nii 46 28 31 0.975855 0.658272
RRV022 con_0020.nii -44 27 33 0.121813 0.348793
RRV022 con_0020.nii 44 8 34 1.19662 0.377734
RRV022 con_0020.nii -42 7 36 0.468279 0.157528
RRV022 con_0020.nii 54 -44 43 0.438735 0.156985
RRV022 con_0020.nii -53 -50 39 0.0274975 0.340453
RRV022 con_0020.nii 32 -59 41 0.635291 0.272546
RRV022 con_0020.nii -32 -58 46 1.22354 0.426821
RRV022 con_0020.nii -6 49 1 0.426776 0.429289
RRV022 con_0021.nii 9 3 -6 0.706668 0.421573
RRV022 con_0021.nii -9 3 -6 0.574655 0.527289
RRV022 con_0021.nii -30 33 -18 0.316068 0.517578
RRV022 con_0021.nii 46 28 31 1.25224 1.08171
RRV022 con_0021.nii -44 27 33 0.739712 0.4172
RRV022 con_0021.nii 44 8 34 2.02426 0.745423
RRV022 con_0021.nii -42 7 36 0.446126 0.243335
RRV022 con_0021.nii 54 -44 43 -0.0729884 0.271044
RRV022 con_0021.nii -53 -50 39 -0.326207 0.303812
RRV022 con_0021.nii 32 -59 41 0.995996 0.434626
RRV022 con_0021.nii -32 -58 46 1.94447 0.837167
RRV022 con_0021.nii -6 49 1 0.564129 0.547459
RRV022 con_0022.nii 9 3 -6 -0.32998 0.225415
RRV022 con_0022.nii -9 3 -6 0.228697 0.240467
RRV022 con_0022.nii -30 33 -18 0.288276 0.134469
RRV022 con_0022.nii 46 28 31 0.15131 0.283982
RRV022 con_0022.nii -44 27 33 -0.226914 0.196333
RRV022 con_0022.nii 44 8 34 0.102231 0.222618
RRV022 con_0022.nii -42 7 36 -0.549074 0.384692
RRV022 con_0022.nii 54 -44 43 0.13377 0.165709
RRV022 con_0022.nii -53 -50 39 -0.30083 0.22448
RRV022 con_0022.nii 32 -59 41 0.158498 0.21014
RRV022 con_0022.nii -32 -58 46 0.425625 0.553848
RRV022 con_0022.nii -6 49 1 -0.416002 0.390756
RRV022 con_0023.nii 9 3 -6 -0.0873791 0.353663
RRV022 con_0023.nii -9 3 -6 0.290631 0.285941
RRV022 con_0023.nii -30 33 -18 0.297069 0.256784
RRV022 con_0023.nii 46 28 31 0.400052 0.489878
RRV022 con_0023.nii -44 27 33 0.49896 0.438938
RRV022 con_0023.nii 44 8 34 1.03095 0.518378
RRV022 con_0023.nii -42 7 36 -0.278345 0.0850629
RRV022 con_0023.nii 54 -44 43 -0.272595 0.214723
RRV022 con_0023.nii -53 -50 39 0.0691596 0.289746
RRV022 con_0023.nii 32 -59 41 0.600706 0.38879
RRV022 con_0023.nii -32 -58 46 0.177611 0.441664
RRV022 con_0023.nii -6 49 1 0.445633 0.306705
RRV022 con_0024.nii 9 3 -6 -0.417359 0.411686
RRV022 con_0024.nii -9 3 -6 0.519328 0.39064
RRV022 con_0024.nii -30 33 -18 0.585344 0.331282
RRV022 con_0024.nii 46 28 31 0.551362 0.728645
RRV022 con_0024.nii -44 27 33 0.272046 0.334745
RRV022 con_0024.nii 44 8 34 1.13318 0.660301
RRV022 con_0024.nii -42 7 36 -0.827419 0.381131
RRV022 con_0024.nii 54 -44 43 -0.138825 0.312386
RRV022 con_0024.nii -53 -50 39 -0.231671 0.268462
RRV022 con_0024.nii 32 -59 41 0.759204 0.384907
RRV022 con_0024.nii -32 -58 46 0.603235 0.855698
RRV022 con_0024.nii -6 49 1 0.0296303 0.543027
RRV022 con_0025.nii 9 3 -6 0.337096 0.275811
RRV022 con_0025.nii -9 3 -6 0.193533 0.192969
RRV022 con_0025.nii -30 33 -18 0.397294 0.332259
RRV022 con_0025.nii 46 28 31 0.278376 0.673568
RRV022 con_0025.nii -44 27 33 0.0836344 0.221595
RRV022 con_0025.nii 44 8 34 0.496051 0.466992
RRV022 con_0025.nii -42 7 36 0.0640828 0.263393
RRV022 con_0025.nii 54 -44 43 -0.411752 0.222104
RRV022 con_0025.nii -53 -50 39 -0.234568 0.180165
RRV022 con_0025.nii 32 -59 41 0.230588 0.392322
RRV022 con_0025.nii -32 -58 46 0.962403 0.544104
RRV022 con_0025.nii -6 49 1 -0.273042 0.279428
RRV022 con_0026.nii 9 3 -6 0.2082 0.413968
RRV022 con_0026.nii -9 3 -6 -0.0515431 0.400959
RRV022 con_0026.nii -30 33 -18 -0.17969 0.31644
RRV022 con_0026.nii 46 28 31 0.044165 0.334448
RRV022 con_0026.nii -44 27 33 -0.224055 0.264866
RRV022 con_0026.nii 44 8 34 -0.25077 0.221989
RRV022 con_0026.nii -42 7 36 -0.159521 0.344605
RRV022 con_0026.nii 54 -44 43 -0.519691 0.201526
RRV022 con_0026.nii -53 -50 39 -0.238463 0.196163
RRV022 con_0026.nii 32 -59 41 -0.373417 0.23242
RRV022 con_0026.nii -32 -58 46 -0.154219 0.259892
RRV022 con_0026.nii -6 49 1 0.144023 0.39387
RRV022 con_0027.nii 9 3 -6 0.545296 0.595401
RRV022 con_0027.nii -9 3 -6 0.14199 0.360433
RRV022 con_0027.nii -30 33 -18 0.217604 0.334378
RRV022 con_0027.nii 46 28 31 0.322541 0.965768
RRV022 con_0027.nii -44 27 33 -0.14042 0.356444
RRV022 con_0027.nii 44 8 34 0.245281 0.612274
RRV022 con_0027.nii -42 7 36 -0.0954384 0.459577
RRV022 con_0027.nii 54 -44 43 -0.931443 0.308081
RRV022 con_0027.nii -53 -50 39 -0.473031 0.307507
RRV022 con_0027.nii 32 -59 41 -0.142829 0.486175
RRV022 con_0027.nii -32 -58 46 0.808184 0.515223
RRV022 con_0027.nii -6 49 1 -0.129019 0.539208
RRV022 con_0028.nii 9 3 -6 0.149774 0.134781
RRV022 con_0028.nii -9 3 -6 0.236515 0.154171
RRV022 con_0028.nii -30 33 -18 0.409213 0.201132
RRV022 con_0028.nii 46 28 31 0.235358 0.454074
RRV022 con_0028.nii -44 27 33 0.158206 0.112489
RRV022 con_0028.nii 44 8 34 0.475309 0.351023
RRV022 con_0028.nii -42 7 36 -0.169048 0.207649
RRV022 con_0028.nii 54 -44 43 -0.263235 0.191899
RRV022 con_0028.nii -53 -50 39 -0.296368 0.153606
RRV022 con_0028.nii 32 -59 41 0.24993 0.140754
RRV022 con_0028.nii -32 -58 46 0.702986 0.467697
RRV022 con_0028.nii -6 49 1 -0.183897 0.270923
RRV022 con_0029.nii 9 3 -6 0.128428 0.370201
RRV022 con_0029.nii -9 3 -6 0.175476 0.203271
RRV022 con_0029.nii -30 33 -18 -0.0362077 0.167164
RRV022 con_0029.nii 46 28 31 0.473357 0.460947
RRV022 con_0029.nii -44 27 33 0.13224 0.204454
RRV022 con_0029.nii 44 8 34 0.658932 0.297669
RRV022 con_0029.nii -42 7 36 0.0101376 0.138859
RRV022 con_0029.nii 54 -44 43 -0.11785 0.117167
RRV022 con_0029.nii -53 -50 39 -0.0472686 0.152728
RRV022 con_0029.nii 32 -59 41 0.287527 0.17639
RRV022 con_0029.nii -32 -58 46 0.415644 0.278875
RRV022 con_0029.nii -6 49 1 0.338811 0.318369
RRV022 con_0030.nii 9 3 -6 0.278202 0.389106
RRV022 con_0030.nii -9 3 -6 0.411991 0.249635
RRV022 con_0030.nii -30 33 -18 0.373005 0.277348
RRV022 con_0030.nii 46 28 31 0.708715 0.897625
RRV022 con_0030.nii -44 27 33 0.290446 0.257463
RRV022 con_0030.nii 44 8 34 1.13424 0.61466
RRV022 con_0030.nii -42 7 36 -0.15891 0.2314
RRV022 con_0030.nii 54 -44 43 -0.381085 0.262159
RRV022 con_0030.nii -53 -50 39 -0.343636 0.155628
RRV022 con_0030.nii 32 -59 41 0.537457 0.236419
RRV022 con_0030.nii -32 -58 46 1.11863 0.678103
RRV022 con_0030.nii -6 49 1 0.154913 0.507079
