RRV031 con_0001.nii 9 3 -6 0.349695 0.266072
RRV031 con_0001.nii -9 3 -6 0.0511523 0.191917
RRV031 con_0001.nii -30 33 -18 0.321483 0.308931
RRV031 con_0001.nii 46 28 31 -0.0500477 0.54163
RRV031 con_0001.nii -44 27 33 0.158591 0.468388
RRV031 con_0001.nii 44 8 34 0.86429 0.795638
RRV031 con_0001.nii -42 7 36 0.38454 0.394032
RRV031 con_0001.nii 54 -44 43 0.451837 0.78349
RRV031 con_0001.nii -53 -50 39 0.065501 0.336384
RRV031 con_0001.nii 32 -59 41 0.75198 0.817977
RRV031 con_0001.nii -32 -58 46 2.37848 0.617056
RRV031 con_0001.nii -6 49 1 -0.0554296 0.507851
RRV031 con_0002.nii 9 3 -6 0.575563 0.297348
RRV031 con_0002.nii -9 3 -6 0.0866708 0.357413
RRV031 con_0002.nii -30 33 -18 0.74463 0.551719
RRV031 con_0002.nii 46 28 31 -0.0746241 0.300812
RRV031 con_0002.nii -44 27 33 0.299001 0.300326
RRV031 con_0002.nii 44 8 34 0.643819 0.386289
RRV031 con_0002.nii -42 7 36 0.83005 0.336315
RRV031 con_0002.nii 54 -44 43 0.643855 0.515702
RRV031 con_0002.nii -53 -50 39 -0.196624 0.260555
RRV031 con_0002.nii 32 -59 41 0.361507 0.715238
RRV031 con_0002.nii -32 -58 46 1.92447 0.55171
RRV031 con_0002.nii -6 49 1 -0.829727 0.624291
RRV031 con_0003.nii 9 3 -6 0.925258 0.471452
RRV031 con_0003.nii -9 3 -6 0.137823 0.332221
RRV031 con_0003.nii -30 33 -18 1.06611 0.827193
RRV031 con_0003.nii 46 28 31 -0.124672 0.759232
RRV031 con_0003.nii -44 27 33 0.457591 0.475667
RRV031 con_0003.nii 44 8 34 1.50811 1.07913
RRV031 con_0003.nii -42 7 36 1.21459 0.632205
RRV031 con_0003.nii 54 -44 43 1.09569 1.27742
RRV031 con_0003.nii -53 -50 39 -0.131124 0.285528
RRV031 con_0003.nii 32 -59 41 1.11349 1.47951
RRV031 con_0003.nii -32 -58 46 4.30295 1.11533
RRV031 con_0003.nii -6 49 1 -0.885156 1.08282
RRV031 con_0004.nii 9 3 -6 0.267913 0.270234
RRV031 con_0004.nii -9 3 -6 0.0933055 0.267362
RRV031 con_0004.nii -30 33 -18 0.19671 0.475136
RRV031 con_0004.nii 46 28 31 0.142886 0.208882
RRV031 con_0004.nii -44 27 33 -0.412306 0.240603
RRV031 con_0004.nii 44 8 34 0.39482 0.325636
RRV031 con_0004.nii -42 7 36 0.851622 0.294744
RRV031 con_0004.nii 54 -44 43 0.824868 0.315681
RRV031 con_0004.nii -53 -50 39 -0.257268 0.244275
RRV031 con_0004.nii 32 -59 41 0.572586 0.482924
RRV031 con_0004.nii -32 -58 46 1.32656 0.48701
RRV031 con_0004.nii -6 49 1 0.570673 0.416366
RRV031 con_0005.nii 9 3 -6 0.42888 0.323183
RRV031 con_0005.nii -9 3 -6 0.260079 0.355857
RRV031 con_0005.nii -30 33 -18 0.563858 0.562618
RRV031 con_0005.nii 46 28 31 -0.685353 0.242926
RRV031 con_0005.nii -44 27 33 -0.295163 0.493295
RRV031 con_0005.nii 44 8 34 1.04857 0.362931
RRV031 con_0005.nii -42 7 36 1.12542 0.57419
RRV031 con_0005.nii 54 -44 43 0.0473295 0.373714
RRV031 con_0005.nii -53 -50 39 -0.507331 0.273481
RRV031 con_0005.nii 32 -59 41 0.147614 0.792309
RRV031 con_0005.nii -32 -58 46 1.36845 0.629625
RRV031 con_0005.nii -6 49 1 -0.88511 0.43165
RRV031 con_0006.nii 9 3 -6 0.696793 0.353588
RRV031 con_0006.nii -9 3 -6 0.353384 0.506085
RRV031 con_0006.nii -30 33 -18 0.760567 0.955237
RRV031 con_0006.nii 46 28 31 -0.542468 0.289523
RRV031 con_0006.nii -44 27 33 -0.707469 0.644603
RRV031 con_0006.nii 44 8 34 1.44339 0.435523
RRV031 con_0006.nii -42 7 36 1.97704 0.703325
RRV031 con_0006.nii 54 -44 43 0.872198 0.603384
RRV031 con_0006.nii -53 -50 39 -0.764599 0.394756
RRV031 con_0006.nii 32 -59 41 0.7202 1.25031
RRV031 con_0006.nii -32 -58 46 2.69502 0.98137
RRV031 con_0006.nii -6 49 1 -0.314437 0.550919
RRV031 con_0007.nii 9 3 -6 0.542966 0.507933
RRV031 con_0007.nii -9 3 -6 0.115625 0.396406
RRV031 con_0007.nii -30 33 -18 -0.111324 0.527639
RRV031 con_0007.nii 46 28 31 0.484405 0.476868
RRV031 con_0007.nii -44 27 33 0.386079 0.419965
RRV031 con_0007.nii 44 8 34 0.581508 0.340716
RRV031 con_0007.nii -42 7 36 1.24678 0.442902
RRV031 con_0007.nii 54 -44 43 0.85011 0.453464
RRV031 con_0007.nii -53 -50 39 0.633925 0.409629
RRV031 con_0007.nii 32 -59 41 0.654469 0.81855
RRV031 con_0007.nii -32 -58 46 2.04422 0.48222
RRV031 con_0007.nii -6 49 1 0.737139 0.356653
RRV031 con_0008.nii 9 3 -6 0.360514 0.303915
RRV031 con_0008.nii -9 3 -6 0.216314 0.424028
RRV031 con_0008.nii -30 33 -18 0.502191 0.281619
RRV031 con_0008.nii 46 28 31 -0.252379 0.17434
RRV031 con_0008.nii -44 27 33 -1.30628 0.510258
RRV031 con_0008.nii 44 8 34 0.356791 0.425331
RRV031 con_0008.nii -42 7 36 0.502413 0.302437
RRV031 con_0008.nii 54 -44 43 -0.316619 0.257099
RRV031 con_0008.nii -53 -50 39 -0.529924 0.236676
RRV031 con_0008.nii 32 -59 41 -0.37439 0.769452
RRV031 con_0008.nii -32 -58 46 0.114271 0.375857
RRV031 con_0008.nii -6 49 1 -0.303521 0.375193
RRV031 con_0009.nii 9 3 -6 0.90348 0.508333
RRV031 con_0009.nii -9 3 -6 0.331939 0.626069
RRV031 con_0009.nii -30 33 -18 0.390867 0.616127
RRV031 con_0009.nii 46 28 31 0.232026 0.596741
RRV031 con_0009.nii -44 27 33 -0.920196 0.407491
RRV031 con_0009.nii 44 8 34 0.9383 0.687625
RRV031 con_0009.nii -42 7 36 1.7492 0.703739
RRV031 con_0009.nii 54 -44 43 0.533491 0.649629
RRV031 con_0009.nii -53 -50 39 0.104001 0.349311
RRV031 con_0009.nii 32 -59 41 0.280079 1.56262
RRV031 con_0009.nii -32 -58 46 2.15849 0.674009
RRV031 con_0009.nii -6 49 1 0.433618 0.62514
RRV031 con_0010.nii 9 3 -6 0.307075 0.246126
RRV031 con_0010.nii -9 3 -6 0.128712 0.15445
RRV031 con_0010.nii -30 33 -18 0.250633 0.204361
RRV031 con_0010.nii 46 28 31 -0.0391262 0.189563
RRV031 con_0010.nii -44 27 33 -0.0291077 0.190241
RRV031 con_0010.nii 44 8 34 0.26225 0.314741
RRV031 con_0010.nii -42 7 36 0.706143 0.375952
RRV031 con_0010.nii 54 -44 43 0.439135 0.286694
RRV031 con_0010.nii -53 -50 39 0.230136 0.163078
RRV031 con_0010.nii 32 -59 41 0.261532 0.507877
RRV031 con_0010.nii -32 -58 46 1.2484 0.502166
RRV031 con_0010.nii -6 49 1 0.203685 0.332605
RRV031 con_0011.nii 9 3 -6 0.141248 0.281443
RRV031 con_0011.nii -9 3 -6 -0.145625 0.196904
RRV031 con_0011.nii -30 33 -18 0.0603072 0.180856
RRV031 con_0011.nii 46 28 31 -0.322024 0.159736
RRV031 con_0011.nii -44 27 33 -0.269412 0.299175
RRV031 con_0011.nii 44 8 34 -0.0672841 0.214246
RRV031 con_0011.nii -42 7 36 0.675858 0.326858
RRV031 con_0011.nii 54 -44 43 -0.454739 0.255392
RRV031 con_0011.nii -53 -50 39 -0.307823 0.201241
RRV031 con_0011.nii 32 -59 41 -0.266686 0.41138
RRV031 con_0011.nii -32 -58 46 0.541008 0.312255
RRV031 con_0011.nii -6 49 1 -0.68594 0.23598
RRV031 con_0012.nii 9 3 -6 0.448323 0.386354
RRV031 con_0012.nii -9 3 -6 -0.0169138 0.260919
RRV031 con_0012.nii -30 33 -18 0.310941 0.351145
RRV031 con_0012.nii 46 28 31 -0.36115 0.277825
RRV031 con_0012.nii -44 27 33 -0.29852 0.221221
RRV031 con_0012.nii 44 8 34 0.194966 0.475468
RRV031 con_0012.nii -42 7 36 1.382 0.624806
RRV031 con_0012.nii 54 -44 43 -0.0156038 0.476521
RRV031 con_0012.nii -53 -50 39 -0.0776873 0.235629
RRV031 con_0012.nii 32 -59 41 -0.00515339 0.887488
RRV031 con_0012.nii -32 -58 46 1.78941 0.686865
RRV031 con_0012.nii -6 49 1 -0.482255 0.536822
RRV031 con_0013.nii 9 3 -6 0.415448 0.277593
RRV031 con_0013.nii -9 3 -6 0.0254176 0.208272
RRV031 con_0013.nii -30 33 -18 0.0379937 0.338706
RRV031 con_0013.nii 46 28 31 -0.226931 0.392253
RRV031 con_0013.nii -44 27 33 0.0618463 0.218876
RRV031 con_0013.nii 44 8 34 0.546418 0.357818
RRV031 con_0013.nii -42 7 36 1.24921 0.474273
RRV031 con_0013.nii 54 -44 43 0.127612 0.246461
RRV031 con_0013.nii -53 -50 39 0.285086 0.138515
RRV031 con_0013.nii 32 -59 41 0.280897 0.496568
RRV031 con_0013.nii -32 -58 46 1.62166 0.645495
RRV031 con_0013.nii -6 49 1 0.235316 0.294265
RRV031 con_0014.nii 9 3 -6 0.221005 0.267894
RRV031 con_0014.nii -9 3 -6 0.124309 0.23905
RRV031 con_0014.nii -30 33 -18 0.166064 0.298234
RRV031 con_0014.nii 46 28 31 -0.708438 0.650382
RRV031 con_0014.nii -44 27 33 -0.0609142 0.596065
RRV031 con_0014.nii 44 8 34 1.00963 0.464698
RRV031 con_0014.nii -42 7 36 1.60723 0.634548
RRV031 con_0014.nii 54 -44 43 -0.565729 0.427251
RRV031 con_0014.nii -53 -50 39 -0.378649 0.366687
RRV031 con_0014.nii 32 -59 41 -0.278808 0.591077
RRV031 con_0014.nii -32 -58 46 1.73547 0.855207
RRV031 con_0014.nii -6 49 1 -0.446781 0.417216
RRV031 con_0015.nii 9 3 -6 0.636453 0.337004
RRV031 con_0015.nii -9 3 -6 0.149727 0.37123
RRV031 con_0015.nii -30 33 -18 0.204058 0.623855
RRV031 con_0015.nii 46 28 31 -0.935369 0.922611
RRV031 con_0015.nii -44 27 33 0.000932106 0.673351
RRV031 con_0015.nii 44 8 34 1.55605 0.703608
RRV031 con_0015.nii -42 7 36 2.85643 1.05707
RRV031 con_0015.nii 54 -44 43 -0.438117 0.628075
RRV031 con_0015.nii -53 -50 39 -0.0935626 0.447136
RRV031 con_0015.nii 32 -59 41 0.00208926 1.06629
RRV031 con_0015.nii -32 -58 46 3.35713 1.45979
RRV031 con_0015.nii -6 49 1 -0.211465 0.660997
RRV031 con_0016.nii 9 3 -6 0.386858 0.248813
RRV031 con_0016.nii -9 3 -6 0.0866943 0.127709
RRV031 con_0016.nii -30 33 -18 0.135623 0.349649
RRV031 con_0016.nii 46 28 31 0.192414 0.33916
RRV031 con_0016.nii -44 27 33 0.0441214 0.320964
RRV031 con_0016.nii 44 8 34 0.613539 0.424641
RRV031 con_0016.nii -42 7 36 0.827649 0.311623
RRV031 con_0016.nii 54 -44 43 0.708938 0.458836
RRV031 con_0016.nii -53 -50 39 0.147386 0.203375
RRV031 con_0016.nii 32 -59 41 0.659678 0.689546
RRV031 con_0016.nii -32 -58 46 1.91642 0.495425
RRV031 con_0016.nii -6 49 1 0.417461 0.32155
RRV031 con_0017.nii 9 3 -6 0.454986 0.261171
RRV031 con_0017.nii -9 3 -6 0.187688 0.349355
RRV031 con_0017.nii -30 33 -18 0.60356 0.445363
RRV031 con_0017.nii 46 28 31 -0.337452 0.170463
RRV031 con_0017.nii -44 27 33 -0.434146 0.326911
RRV031 con_0017.nii 44 8 34 0.683061 0.347694
RRV031 con_0017.nii -42 7 36 0.819294 0.359241
RRV031 con_0017.nii 54 -44 43 0.124855 0.348094
RRV031 con_0017.nii -53 -50 39 -0.411293 0.223947
RRV031 con_0017.nii 32 -59 41 0.0449103 0.736191
RRV031 con_0017.nii -32 -58 46 1.13573 0.465896
RRV031 con_0017.nii -6 49 1 -0.672786 0.455156
RRV031 con_0018.nii 9 3 -6 0.841843 0.382495
RRV031 con_0018.nii -9 3 -6 0.274382 0.378218
RRV031 con_0018.nii -30 33 -18 0.739183 0.698013
RRV031 con_0018.nii 46 28 31 -0.145038 0.454956
RRV031 con_0018.nii -44 27 33 -0.390024 0.407064
RRV031 con_0018.nii 44 8 34 1.2966 0.696598
RRV031 con_0018.nii -42 7 36 1.64694 0.626712
RRV031 con_0018.nii 54 -44 43 0.833793 0.781919
RRV031 con_0018.nii -53 -50 39 -0.263907 0.234243
RRV031 con_0018.nii 32 -59 41 0.704589 1.41693
RRV031 con_0018.nii -32 -58 46 3.05215 0.878729
RRV031 con_0018.nii -6 49 1 -0.255325 0.665988
RRV031 con_0019.nii 9 3 -6 0.0426197 0.306904
RRV031 con_0019.nii -9 3 -6 -0.0775593 0.214129
RRV031 con_0019.nii -30 33 -18 0.0708499 0.242144
RRV031 con_0019.nii 46 28 31 -0.0109215 0.469802
RRV031 con_0019.nii -44 27 33 0.187698 0.36472
RRV031 con_0019.nii 44 8 34 0.602039 0.778583
RRV031 con_0019.nii -42 7 36 -0.321603 0.255668
RRV031 con_0019.nii 54 -44 43 0.0127016 0.572804
RRV031 con_0019.nii -53 -50 39 -0.164635 0.245512
RRV031 con_0019.nii 32 -59 41 0.490448 0.384009
RRV031 con_0019.nii -32 -58 46 1.13007 0.363231
RRV031 con_0019.nii -6 49 1 -0.259114 0.255676
RRV031 con_0020.nii 9 3 -6 0.434314 0.29865
RRV031 con_0020.nii -9 3 -6 0.232296 0.400669
RRV031 con_0020.nii -30 33 -18 0.684323 0.420166
RRV031 con_0020.nii 46 28 31 0.2474 0.277662
RRV031 con_0020.nii -44 27 33 0.568413 0.211227
RRV031 con_0020.nii 44 8 34 0.711103 0.370388
RRV031 con_0020.nii -42 7 36 0.154192 0.231364
RRV031 con_0020.nii 54 -44 43 1.09859 0.472786
RRV031 con_0020.nii -53 -50 39 0.111199 0.16955
RRV031 con_0020.nii 32 -59 41 0.628193 0.513067
RRV031 con_0020.nii -32 -58 46 1.38347 0.434531
RRV031 con_0020.nii -6 49 1 -0.143787 0.427365
RRV031 con_0021.nii 9 3 -6 0.476934 0.491152
RRV031 con_0021.nii -9 3 -6 0.154737 0.375992
RRV031 con_0021.nii -30 33 -18 0.755173 0.583071
RRV031 con_0021.nii 46 28 31 0.236479 0.687214
RRV031 con_0021.nii -44 27 33 0.756111 0.511337
RRV031 con_0021.nii 44 8 34 1.31314 1.1016
RRV031 con_0021.nii -42 7 36 -0.16741 0.413073
RRV031 con_0021.nii 54 -44 43 1.1113 1.02774
RRV031 con_0021.nii -53 -50 39 -0.0534362 0.247768
RRV031 con_0021.nii 32 -59 41 1.11864 0.742541
RRV031 con_0021.nii -32 -58 46 2.51354 0.695503
RRV031 con_0021.nii -6 49 1 -0.402901 0.641444
RRV031 con_0022.nii 9 3 -6 -0.0391628 0.230543
RRV031 con_0022.nii -9 3 -6 -0.0354061 0.327678
RRV031 con_0022.nii -30 33 -18 -0.0539239 0.335216
RRV031 con_0022.nii 46 28 31 0.182012 0.187639
RRV031 con_0022.nii -44 27 33 -0.383198 0.272079
RRV031 con_0022.nii 44 8 34 0.13257 0.531254
RRV031 con_0022.nii -42 7 36 0.14548 0.327026
RRV031 con_0022.nii 54 -44 43 0.385733 0.300961
RRV031 con_0022.nii -53 -50 39 -0.487404 0.307162
RRV031 con_0022.nii 32 -59 41 0.311054 0.268254
RRV031 con_0022.nii -32 -58 46 0.0781586 0.585239
RRV031 con_0022.nii -6 49 1 0.366988 0.461558
RRV031 con_0023.nii 9 3 -6 0.287632 0.341615
RRV031 con_0023.nii -9 3 -6 0.405704 0.391959
RRV031 con_0023.nii -30 33 -18 0.50355 0.439802
RRV031 con_0023.nii 46 28 31 -0.363329 0.267978
RRV031 con_0023.nii -44 27 33 -0.0257515 0.490588
RRV031 con_0023.nii 44 8 34 1.11586 0.247978
RRV031 con_0023.nii -42 7 36 0.449559 0.336736
RRV031 con_0023.nii 54 -44 43 0.502069 0.359005
RRV031 con_0023.nii -53 -50 39 -0.199507 0.23936
RRV031 con_0023.nii 32 -59 41 0.4143 0.439405
RRV031 con_0023.nii -32 -58 46 0.827445 0.444636
RRV031 con_0023.nii -6 49 1 -0.19917 0.270331
RRV031 con_0024.nii 9 3 -6 0.24847 0.375512
RRV031 con_0024.nii -9 3 -6 0.370298 0.454225
RRV031 con_0024.nii -30 33 -18 0.449627 0.682187
RRV031 con_0024.nii 46 28 31 -0.181317 0.31209
RRV031 con_0024.nii -44 27 33 -0.408949 0.684032
RRV031 con_0024.nii 44 8 34 1.24843 0.524994
RRV031 con_0024.nii -42 7 36 0.595039 0.258056
RRV031 con_0024.nii 54 -44 43 0.887802 0.463846
RRV031 con_0024.nii -53 -50 39 -0.686912 0.386526
RRV031 con_0024.nii 32 -59 41 0.725353 0.470723
RRV031 con_0024.nii -32 -58 46 0.905604 0.753929
RRV031 con_0024.nii -6 49 1 0.167818 0.442761
RRV031 con_0025.nii 9 3 -6 0.235891 0.486894
RRV031 con_0025.nii -9 3 -6 -0.0130866 0.378023
RRV031 con_0025.nii -30 33 -18 -0.361957 0.468183
RRV031 con_0025.nii 46 28 31 0.523531 0.342702
RRV031 con_0025.nii -44 27 33 0.415187 0.317007
RRV031 con_0025.nii 44 8 34 0.319258 0.411236
RRV031 con_0025.nii -42 7 36 0.540641 0.214972
RRV031 con_0025.nii 54 -44 43 0.410974 0.289277
RRV031 con_0025.nii -53 -50 39 0.403789 0.304906
RRV031 con_0025.nii 32 -59 41 0.392936 0.370885
RRV031 con_0025.nii -32 -58 46 0.795815 0.430335
RRV031 con_0025.nii -6 49 1 0.533454 0.242057
RRV031 con_0026.nii 9 3 -6 0.219266 0.301828
RRV031 con_0026.nii -9 3 -6 0.361939 0.46667
RRV031 con_0026.nii -30 33 -18 0.441884 0.20526
RRV031 con_0026.nii 46 28 31 0.0696453 0.200759
RRV031 con_0026.nii -44 27 33 -1.03686 0.503359
RRV031 con_0026.nii 44 8 34 0.424075 0.452067
RRV031 con_0026.nii -42 7 36 -0.173445 0.254943
RRV031 con_0026.nii 54 -44 43 0.13812 0.225604
RRV031 con_0026.nii -53 -50 39 -0.222101 0.156737
RRV031 con_0026.nii 32 -59 41 -0.107704 0.408123
RRV031 con_0026.nii -32 -58 46 -0.426737 0.302518
RRV031 con_0026.nii -6 49 1 0.382419 0.230387
RRV031 con_0027.nii 9 3 -6 0.455156 0.601877
RRV031 con_0027.nii -9 3 -6 0.348852 0.663116
RRV031 con_0027.nii -30 33 -18 0.0799265 0.478412
RRV031 con_0027.nii 46 28 31 0.593176 0.4412
RRV031 con_0027.nii -44 27 33 -0.621676 0.452568
RRV031 con_0027.nii 44 8 34 0.743333 0.800095
RRV031 con_0027.nii -42 7 36 0.367196 0.300359
RRV031 con_0027.nii 54 -44 43 0.549095 0.421526
RRV031 con_0027.nii -53 -50 39 0.181689 0.269632
RRV031 con_0027.nii 32 -59 41 0.285232 0.757171
RRV031 con_0027.nii -32 -58 46 0.369079 0.690317
RRV031 con_0027.nii -6 49 1 0.915873 0.367347
RRV031 con_0028.nii 9 3 -6 0.0797826 0.236864
RRV031 con_0028.nii -9 3 -6 -0.0420173 0.162892
RRV031 con_0028.nii -30 33 -18 -0.115011 0.229032
RRV031 con_0028.nii 46 28 31 0.23154 0.226612
RRV031 con_0028.nii -44 27 33 0.0732291 0.233057
RRV031 con_0028.nii 44 8 34 0.351289 0.497773
RRV031 con_0028.nii -42 7 36 0.121506 0.15444
RRV031 con_0028.nii 54 -44 43 0.269803 0.26759
RRV031 con_0028.nii -53 -50 39 -0.08275 0.101744
RRV031 con_0028.nii 32 -59 41 0.398146 0.265249
RRV031 con_0028.nii -32 -58 46 0.668016 0.426417
RRV031 con_0028.nii -6 49 1 0.213776 0.171957
RRV031 con_0029.nii 9 3 -6 0.313738 0.268574
RRV031 con_0029.nii -9 3 -6 0.333313 0.393242
RRV031 con_0029.nii -30 33 -18 0.543253 0.319844
RRV031 con_0029.nii 46 28 31 -0.015428 0.179341
RRV031 con_0029.nii -44 27 33 -0.164734 0.297421
RRV031 con_0029.nii 44 8 34 0.750345 0.318263
RRV031 con_0029.nii -42 7 36 0.143435 0.168135
RRV031 con_0029.nii 54 -44 43 0.579594 0.313638
RRV031 con_0029.nii -53 -50 39 -0.10347 0.144185
RRV031 con_0029.nii 32 -59 41 0.311596 0.415305
RRV031 con_0029.nii -32 -58 46 0.594725 0.309371
RRV031 con_0029.nii -6 49 1 0.013154 0.266752
RRV031 con_0030.nii 9 3 -6 0.39352 0.438827
RRV031 con_0030.nii -9 3 -6 0.291296 0.39077
RRV031 con_0030.nii -30 33 -18 0.428242 0.416156
RRV031 con_0030.nii 46 28 31 0.216113 0.350675
RRV031 con_0030.nii -44 27 33 -0.0915049 0.455875
RRV031 con_0030.nii 44 8 34 1.10163 0.765509
RRV031 con_0030.nii -42 7 36 0.264941 0.19676
RRV031 con_0030.nii 54 -44 43 0.849397 0.537086
RRV031 con_0030.nii -53 -50 39 -0.18622 0.171974
RRV031 con_0030.nii 32 -59 41 0.709742 0.625908
RRV031 con_0030.nii -32 -58 46 1.26274 0.62818
RRV031 con_0030.nii -6 49 1 0.22693 0.262203
