RRV026 con_0001.nii 9 3 -6 -0.00107531 0.40416
RRV026 con_0001.nii -9 3 -6 0.180308 0.315786
RRV026 con_0001.nii -30 33 -18 0.477152 0.210446
RRV026 con_0001.nii 46 28 31 0.592168 0.46586
RRV026 con_0001.nii -44 27 33 0.155339 0.145621
RRV026 con_0001.nii 44 8 34 1.25429 0.650618
RRV026 con_0001.nii -42 7 36 -0.24444 0.499315
RRV026 con_0001.nii 54 -44 43 -0.135816 0.379278
RRV026 con_0001.nii -53 -50 39 -0.436528 0.194588
RRV026 con_0001.nii 32 -59 41 0.830429 0.448692
RRV026 con_0001.nii -32 -58 46 0.986753 0.63414
RRV026 con_0001.nii -6 49 1 -0.868103 0.306088
RRV026 con_0002.nii 9 3 -6 1.19748 0.568612
RRV026 con_0002.nii -9 3 -6 0.798786 1.03807
RRV026 con_0002.nii -30 33 -18 0.378574 0.352662
RRV026 con_0002.nii 46 28 31 0.479724 0.428922
RRV026 con_0002.nii -44 27 33 0.531214 0.262938
RRV026 con_0002.nii 44 8 34 0.852348 0.552089
RRV026 con_0002.nii -42 7 36 -0.117259 0.288088
RRV026 con_0002.nii 54 -44 43 -0.0536174 0.345689
RRV026 con_0002.nii -53 -50 39 -0.151763 0.344358
RRV026 con_0002.nii 32 -59 41 0.666553 0.401794
RRV026 con_0002.nii -32 -58 46 0.809536 0.653095
RRV026 con_0002.nii -6 49 1 -0.603834 0.410975
RRV026 con_0003.nii 9 3 -6 1.19641 0.355748
RRV026 con_0003.nii -9 3 -6 0.979094 0.963654
RRV026 con_0003.nii -30 33 -18 0.855726 0.531551
RRV026 con_0003.nii 46 28 31 1.07189 0.703236
RRV026 con_0003.nii -44 27 33 0.686553 0.264185
RRV026 con_0003.nii 44 8 34 2.10664 1.06383
RRV026 con_0003.nii -42 7 36 -0.361699 0.740158
RRV026 con_0003.nii 54 -44 43 -0.189433 0.682657
RRV026 con_0003.nii -53 -50 39 -0.588291 0.511895
RRV026 con_0003.nii 32 -59 41 1.49698 0.821892
RRV026 con_0003.nii -32 -58 46 1.79629 1.23217
RRV026 con_0003.nii -6 49 1 -1.47194 0.660996
RRV026 con_0004.nii 9 3 -6 0.117603 0.222768
RRV026 con_0004.nii -9 3 -6 0.0752655 0.328688
RRV026 con_0004.nii -30 33 -18 0.503009 0.184879
RRV026 con_0004.nii 46 28 31 0.0988323 0.450046
RRV026 con_0004.nii -44 27 33 -0.159235 0.173783
RRV026 con_0004.nii 44 8 34 1.04431 0.568185
RRV026 con_0004.nii -42 7 36 0.278398 0.37491
RRV026 con_0004.nii 54 -44 43 -1.06601 0.577788
RRV026 con_0004.nii -53 -50 39 -0.968052 0.470954
RRV026 con_0004.nii 32 -59 41 0.912232 0.498658
RRV026 con_0004.nii -32 -58 46 1.21574 0.658769
RRV026 con_0004.nii -6 49 1 -0.937553 0.387237
RRV026 con_0005.nii 9 3 -6 -0.954425 0.66885
RRV026 con_0005.nii -9 3 -6 -0.442875 0.755447
RRV026 con_0005.nii -30 33 -18 0.148556 0.272608
RRV026 con_0005.nii 46 28 31 -0.154984 0.274767
RRV026 con_0005.nii -44 27 33 -0.0145666 0.239271
RRV026 con_0005.nii 44 8 34 -0.255205 0.406331
RRV026 con_0005.nii -42 7 36 -0.0924581 0.275007
RRV026 con_0005.nii 54 -44 43 -0.846506 0.198632
RRV026 con_0005.nii -53 -50 39 -0.878962 0.415819
RRV026 con_0005.nii 32 -59 41 0.293603 0.249669
RRV026 con_0005.nii -32 -58 46 0.480313 0.549299
RRV026 con_0005.nii -6 49 1 -0.84516 0.625321
RRV026 con_0006.nii 9 3 -6 -0.836822 0.659859
RRV026 con_0006.nii -9 3 -6 -0.367609 0.730575
RRV026 con_0006.nii -30 33 -18 0.651566 0.305006
RRV026 con_0006.nii 46 28 31 -0.0561519 0.680132
RRV026 con_0006.nii -44 27 33 -0.173801 0.324559
RRV026 con_0006.nii 44 8 34 0.789107 0.851632
RRV026 con_0006.nii -42 7 36 0.18594 0.554149
RRV026 con_0006.nii 54 -44 43 -1.91251 0.74073
RRV026 con_0006.nii -53 -50 39 -1.84701 0.815855
RRV026 con_0006.nii 32 -59 41 1.20583 0.719763
RRV026 con_0006.nii -32 -58 46 1.69606 1.14139
RRV026 con_0006.nii -6 49 1 -1.78271 0.460857
RRV026 con_0007.nii 9 3 -6 -0.165095 0.185697
RRV026 con_0007.nii -9 3 -6 0.169274 0.286473
RRV026 con_0007.nii -30 33 -18 0.46375 0.252141
RRV026 con_0007.nii 46 28 31 0.713676 0.373445
RRV026 con_0007.nii -44 27 33 0.446115 0.170611
RRV026 con_0007.nii 44 8 34 1.06917 0.525251
RRV026 con_0007.nii -42 7 36 0.392002 0.317497
RRV026 con_0007.nii 54 -44 43 -0.0991623 0.33991
RRV026 con_0007.nii -53 -50 39 -0.0726861 0.219232
RRV026 con_0007.nii 32 -59 41 0.582889 0.50196
RRV026 con_0007.nii -32 -58 46 0.808856 0.623191
RRV026 con_0007.nii -6 49 1 -0.560891 0.252057
RRV026 con_0008.nii 9 3 -6 0.99328 0.632005
RRV026 con_0008.nii -9 3 -6 1.01615 0.49983
RRV026 con_0008.nii -30 33 -18 0.355479 0.279808
RRV026 con_0008.nii 46 28 31 0.174193 0.13445
RRV026 con_0008.nii -44 27 33 -0.158077 0.139549
RRV026 con_0008.nii 44 8 34 -0.334652 0.264759
RRV026 con_0008.nii -42 7 36 -0.419145 0.29865
RRV026 con_0008.nii 54 -44 43 -0.598991 0.25438
RRV026 con_0008.nii -53 -50 39 -0.20681 0.309504
RRV026 con_0008.nii 32 -59 41 0.627062 0.298788
RRV026 con_0008.nii -32 -58 46 0.789743 0.566064
RRV026 con_0008.nii -6 49 1 0.0422155 0.459665
RRV026 con_0009.nii 9 3 -6 0.828185 0.556324
RRV026 con_0009.nii -9 3 -6 1.18542 0.381487
RRV026 con_0009.nii -30 33 -18 0.819229 0.474939
RRV026 con_0009.nii 46 28 31 0.887869 0.455713
RRV026 con_0009.nii -44 27 33 0.288037 0.218146
RRV026 con_0009.nii 44 8 34 0.734523 0.641954
RRV026 con_0009.nii -42 7 36 -0.0271431 0.510344
RRV026 con_0009.nii 54 -44 43 -0.698154 0.500454
RRV026 con_0009.nii -53 -50 39 -0.279496 0.48224
RRV026 con_0009.nii 32 -59 41 1.20995 0.741255
RRV026 con_0009.nii -32 -58 46 1.5986 1.03298
RRV026 con_0009.nii -6 49 1 -0.518675 0.601035
RRV026 con_0010.nii 9 3 -6 -0.232934 0.294788
RRV026 con_0010.nii -9 3 -6 -0.154599 0.456207
RRV026 con_0010.nii -30 33 -18 0.388985 0.228964
RRV026 con_0010.nii 46 28 31 0.564555 0.240376
RRV026 con_0010.nii -44 27 33 0.302411 0.322717
RRV026 con_0010.nii 44 8 34 1.06742 0.401811
RRV026 con_0010.nii -42 7 36 0.180324 0.406863
RRV026 con_0010.nii 54 -44 43 0.113529 0.30964
RRV026 con_0010.nii -53 -50 39 -0.336664 0.222344
RRV026 con_0010.nii 32 -59 41 0.351297 0.291869
RRV026 con_0010.nii -32 -58 46 0.639057 0.510254
RRV026 con_0010.nii -6 49 1 -0.560183 0.296074
RRV026 con_0011.nii 9 3 -6 -0.15551 0.238107
RRV026 con_0011.nii -9 3 -6 0.356032 0.221542
RRV026 con_0011.nii -30 33 -18 0.0137168 0.162987
RRV026 con_0011.nii 46 28 31 -0.15654 0.213253
RRV026 con_0011.nii -44 27 33 -0.0255399 0.249855
RRV026 con_0011.nii 44 8 34 -0.54401 0.247991
RRV026 con_0011.nii -42 7 36 -0.674872 0.247276
RRV026 con_0011.nii 54 -44 43 -0.783386 0.174476
RRV026 con_0011.nii -53 -50 39 -0.522423 0.225963
RRV026 con_0011.nii 32 -59 41 -0.0667217 0.119157
RRV026 con_0011.nii -32 -58 46 0.0316391 0.284558
RRV026 con_0011.nii -6 49 1 -0.565306 0.267537
RRV026 con_0012.nii 9 3 -6 -0.388444 0.279049
RRV026 con_0012.nii -9 3 -6 0.201433 0.437473
RRV026 con_0012.nii -30 33 -18 0.402702 0.200566
RRV026 con_0012.nii 46 28 31 0.408014 0.330398
RRV026 con_0012.nii -44 27 33 0.276871 0.508333
RRV026 con_0012.nii 44 8 34 0.523412 0.434222
RRV026 con_0012.nii -42 7 36 -0.494549 0.59869
RRV026 con_0012.nii 54 -44 43 -0.669857 0.360427
RRV026 con_0012.nii -53 -50 39 -0.859087 0.401855
RRV026 con_0012.nii 32 -59 41 0.284575 0.297211
RRV026 con_0012.nii -32 -58 46 0.670696 0.693012
RRV026 con_0012.nii -6 49 1 -1.12549 0.28032
RRV026 con_0013.nii 9 3 -6 -0.109765 0.21919
RRV026 con_0013.nii -9 3 -6 -0.245831 0.209236
RRV026 con_0013.nii -30 33 -18 -0.0207208 0.138224
RRV026 con_0013.nii 46 28 31 0.216687 0.242096
RRV026 con_0013.nii -44 27 33 0.0678841 0.265089
RRV026 con_0013.nii 44 8 34 0.597831 0.29163
RRV026 con_0013.nii -42 7 36 0.289514 0.313752
RRV026 con_0013.nii 54 -44 43 -0.0541361 0.2473
RRV026 con_0013.nii -53 -50 39 0.128971 0.187214
RRV026 con_0013.nii 32 -59 41 0.338827 0.210407
RRV026 con_0013.nii -32 -58 46 0.295861 0.458655
RRV026 con_0013.nii -6 49 1 -0.906994 0.337946
RRV026 con_0014.nii 9 3 -6 0.0311755 0.222317
RRV026 con_0014.nii -9 3 -6 -0.061552 0.71411
RRV026 con_0014.nii -30 33 -18 -0.0419744 0.092486
RRV026 con_0014.nii 46 28 31 -0.0939147 0.14213
RRV026 con_0014.nii -44 27 33 0.260092 0.138582
RRV026 con_0014.nii 44 8 34 -0.961357 0.283979
RRV026 con_0014.nii -42 7 36 -0.46702 0.234431
RRV026 con_0014.nii 54 -44 43 -0.399904 0.158693
RRV026 con_0014.nii -53 -50 39 0.12365 0.201647
RRV026 con_0014.nii 32 -59 41 0.137224 0.214427
RRV026 con_0014.nii -32 -58 46 0.0374065 0.336102
RRV026 con_0014.nii -6 49 1 -0.11392 0.215896
RRV026 con_0015.nii 9 3 -6 -0.0785892 0.131753
RRV026 con_0015.nii -9 3 -6 -0.307383 0.856175
RRV026 con_0015.nii -30 33 -18 -0.0626952 0.174869
RRV026 con_0015.nii 46 28 31 0.122772 0.283538
RRV026 con_0015.nii -44 27 33 0.327976 0.379925
RRV026 con_0015.nii 44 8 34 -0.363526 0.415987
RRV026 con_0015.nii -42 7 36 -0.177507 0.471629
RRV026 con_0015.nii 54 -44 43 -0.45404 0.334309
RRV026 con_0015.nii -53 -50 39 0.252621 0.351122
RRV026 con_0015.nii 32 -59 41 0.476051 0.302854
RRV026 con_0015.nii -32 -58 46 0.333267 0.737561
RRV026 con_0015.nii -6 49 1 -1.02091 0.413741
RRV026 con_0016.nii 9 3 -6 -0.0161891 0.181141
RRV026 con_0016.nii -9 3 -6 0.141616 0.222155
RRV026 con_0016.nii -30 33 -18 0.481304 0.198231
RRV026 con_0016.nii 46 28 31 0.468225 0.41438
RRV026 con_0016.nii -44 27 33 0.147406 0.0975954
RRV026 con_0016.nii 44 8 34 1.12259 0.560938
RRV026 con_0016.nii -42 7 36 0.141987 0.36927
RRV026 con_0016.nii 54 -44 43 -0.433661 0.349971
RRV026 con_0016.nii -53 -50 39 -0.492422 0.270599
RRV026 con_0016.nii 32 -59 41 0.775183 0.472735
RRV026 con_0016.nii -32 -58 46 1.00378 0.614609
RRV026 con_0016.nii -6 49 1 -0.788849 0.29382
RRV026 con_0017.nii 9 3 -6 0.412113 0.190441
RRV026 con_0017.nii -9 3 -6 0.457354 0.222572
RRV026 con_0017.nii -30 33 -18 0.294203 0.16581
RRV026 con_0017.nii 46 28 31 0.166311 0.172813
RRV026 con_0017.nii -44 27 33 0.119523 0.0797555
RRV026 con_0017.nii 44 8 34 0.0874971 0.272416
RRV026 con_0017.nii -42 7 36 -0.209621 0.214446
RRV026 con_0017.nii 54 -44 43 -0.499705 0.140601
RRV026 con_0017.nii -53 -50 39 -0.412512 0.309345
RRV026 con_0017.nii 32 -59 41 0.529073 0.258432
RRV026 con_0017.nii -32 -58 46 0.693197 0.523052
RRV026 con_0017.nii -6 49 1 -0.468926 0.13826
RRV026 con_0018.nii 9 3 -6 0.395924 0.230146
RRV026 con_0018.nii -9 3 -6 0.59897 0.360639
RRV026 con_0018.nii -30 33 -18 0.775507 0.336099
RRV026 con_0018.nii 46 28 31 0.634537 0.556963
RRV026 con_0018.nii -44 27 33 0.26693 0.144135
RRV026 con_0018.nii 44 8 34 1.21009 0.799814
RRV026 con_0018.nii -42 7 36 -0.067634 0.535036
RRV026 con_0018.nii 54 -44 43 -0.933366 0.457306
RRV026 con_0018.nii -53 -50 39 -0.904934 0.552047
RRV026 con_0018.nii 32 -59 41 1.30426 0.720869
RRV026 con_0018.nii -32 -58 46 1.69698 1.09419
RRV026 con_0018.nii -6 49 1 -1.25777 0.385367
RRV026 con_0019.nii 9 3 -6 0.231859 0.251786
RRV026 con_0019.nii -9 3 -6 0.334907 0.358954
RRV026 con_0019.nii -30 33 -18 0.0881673 0.145304
RRV026 con_0019.nii 46 28 31 0.0276136 0.307436
RRV026 con_0019.nii -44 27 33 -0.147072 0.229138
RRV026 con_0019.nii 44 8 34 0.186867 0.344015
RRV026 con_0019.nii -42 7 36 -0.424763 0.132014
RRV026 con_0019.nii 54 -44 43 -0.249345 0.153175
RRV026 con_0019.nii -53 -50 39 -0.0998633 0.157322
RRV026 con_0019.nii 32 -59 41 0.479132 0.198754
RRV026 con_0019.nii -32 -58 46 0.347696 0.266579
RRV026 con_0019.nii -6 49 1 -0.30792 0.155769
RRV026 con_0020.nii 9 3 -6 1.35299 0.517205
RRV026 con_0020.nii -9 3 -6 0.442755 0.946645
RRV026 con_0020.nii -30 33 -18 0.364857 0.452174
RRV026 con_0020.nii 46 28 31 0.636264 0.450896
RRV026 con_0020.nii -44 27 33 0.556754 0.460685
RRV026 con_0020.nii 44 8 34 1.39636 0.718035
RRV026 con_0020.nii -42 7 36 0.557613 0.258991
RRV026 con_0020.nii 54 -44 43 0.729768 0.432917
RRV026 con_0020.nii -53 -50 39 0.37066 0.335401
RRV026 con_0020.nii 32 -59 41 0.733275 0.472797
RRV026 con_0020.nii -32 -58 46 0.777897 0.463154
RRV026 con_0020.nii -6 49 1 -0.0385275 0.584124
RRV026 con_0021.nii 9 3 -6 1.58485 0.526769
RRV026 con_0021.nii -9 3 -6 0.777662 1.18202
RRV026 con_0021.nii -30 33 -18 0.453024 0.474955
RRV026 con_0021.nii 46 28 31 0.663878 0.500088
RRV026 con_0021.nii -44 27 33 0.409682 0.629657
RRV026 con_0021.nii 44 8 34 1.58322 0.759778
RRV026 con_0021.nii -42 7 36 0.13285 0.321389
RRV026 con_0021.nii 54 -44 43 0.480424 0.536305
RRV026 con_0021.nii -53 -50 39 0.270796 0.414726
RRV026 con_0021.nii 32 -59 41 1.21241 0.640072
RRV026 con_0021.nii -32 -58 46 1.12559 0.621483
RRV026 con_0021.nii -6 49 1 -0.346447 0.591437
RRV026 con_0022.nii 9 3 -6 0.350537 0.423404
RRV026 con_0022.nii -9 3 -6 0.229864 0.594614
RRV026 con_0022.nii -30 33 -18 0.114024 0.23904
RRV026 con_0022.nii 46 28 31 -0.465722 0.337469
RRV026 con_0022.nii -44 27 33 -0.461645 0.250119
RRV026 con_0022.nii 44 8 34 -0.0231102 0.303838
RRV026 con_0022.nii -42 7 36 0.0980746 0.25298
RRV026 con_0022.nii 54 -44 43 -1.17953 0.570919
RRV026 con_0022.nii -53 -50 39 -0.631388 0.306647
RRV026 con_0022.nii 32 -59 41 0.560935 0.227568
RRV026 con_0022.nii -32 -58 46 0.576687 0.328346
RRV026 con_0022.nii -6 49 1 -0.37737 0.209132
RRV026 con_0023.nii 9 3 -6 -0.798915 0.750072
RRV026 con_0023.nii -9 3 -6 -0.798906 0.853669
RRV026 con_0023.nii -30 33 -18 0.13484 0.198774
RRV026 con_0023.nii 46 28 31 0.00155618 0.25476
RRV026 con_0023.nii -44 27 33 0.0109732 0.158866
RRV026 con_0023.nii 44 8 34 0.288805 0.267305
RRV026 con_0023.nii -42 7 36 0.582414 0.13948
RRV026 con_0023.nii 54 -44 43 -0.0631204 0.182697
RRV026 con_0023.nii -53 -50 39 -0.356539 0.213984
RRV026 con_0023.nii 32 -59 41 0.360324 0.278832
RRV026 con_0023.nii -32 -58 46 0.448674 0.378404
RRV026 con_0023.nii -6 49 1 -0.279854 0.399319
RRV026 con_0024.nii 9 3 -6 -0.448378 0.685794
RRV026 con_0024.nii -9 3 -6 -0.569042 0.627447
RRV026 con_0024.nii -30 33 -18 0.248864 0.305706
RRV026 con_0024.nii 46 28 31 -0.464166 0.406221
RRV026 con_0024.nii -44 27 33 -0.450672 0.290422
RRV026 con_0024.nii 44 8 34 0.265695 0.48283
RRV026 con_0024.nii -42 7 36 0.680489 0.329414
RRV026 con_0024.nii 54 -44 43 -1.24265 0.675418
RRV026 con_0024.nii -53 -50 39 -0.987927 0.463966
RRV026 con_0024.nii 32 -59 41 0.92126 0.492075
RRV026 con_0024.nii -32 -58 46 1.02536 0.573793
RRV026 con_0024.nii -6 49 1 -0.657224 0.328886
RRV026 con_0025.nii 9 3 -6 0.0678397 0.289607
RRV026 con_0025.nii -9 3 -6 0.323873 0.480053
RRV026 con_0025.nii -30 33 -18 0.0747651 0.1712
RRV026 con_0025.nii 46 28 31 0.149121 0.196587
RRV026 con_0025.nii -44 27 33 0.143704 0.423531
RRV026 con_0025.nii 44 8 34 0.00175263 0.240777
RRV026 con_0025.nii -42 7 36 0.211678 0.214089
RRV026 con_0025.nii 54 -44 43 -0.212691 0.171114
RRV026 con_0025.nii -53 -50 39 0.263978 0.158891
RRV026 con_0025.nii 32 -59 41 0.231593 0.248703
RRV026 con_0025.nii -32 -58 46 0.169799 0.237444
RRV026 con_0025.nii -6 49 1 -0.000707926 0.145116
RRV026 con_0026.nii 9 3 -6 1.14879 0.593186
RRV026 con_0026.nii -9 3 -6 0.660118 0.494787
RRV026 con_0026.nii -30 33 -18 0.341762 0.357642
RRV026 con_0026.nii 46 28 31 0.330734 0.233186
RRV026 con_0026.nii -44 27 33 -0.132538 0.257081
RRV026 con_0026.nii 44 8 34 0.209358 0.267388
RRV026 con_0026.nii -42 7 36 0.255728 0.197209
RRV026 con_0026.nii 54 -44 43 0.184395 0.173839
RRV026 con_0026.nii -53 -50 39 0.315613 0.188306
RRV026 con_0026.nii 32 -59 41 0.693784 0.351843
RRV026 con_0026.nii -32 -58 46 0.758104 0.482265
RRV026 con_0026.nii -6 49 1 0.607522 0.683521
RRV026 con_0027.nii 9 3 -6 1.21663 0.540604
RRV026 con_0027.nii -9 3 -6 0.983991 0.503248
RRV026 con_0027.nii -30 33 -18 0.416527 0.381433
RRV026 con_0027.nii 46 28 31 0.479855 0.271972
RRV026 con_0027.nii -44 27 33 0.0111666 0.618154
RRV026 con_0027.nii 44 8 34 0.211111 0.298013
RRV026 con_0027.nii -42 7 36 0.467406 0.321156
RRV026 con_0027.nii 54 -44 43 -0.0282964 0.252611
RRV026 con_0027.nii -53 -50 39 0.579591 0.196726
RRV026 con_0027.nii 32 -59 41 0.925377 0.561587
RRV026 con_0027.nii -32 -58 46 0.927903 0.680121
RRV026 con_0027.nii -6 49 1 0.606814 0.615821
RRV026 con_0028.nii 9 3 -6 0.216745 0.243257
RRV026 con_0028.nii -9 3 -6 0.296215 0.43631
RRV026 con_0028.nii -30 33 -18 0.0923189 0.16674
RRV026 con_0028.nii 46 28 31 -0.0963291 0.260226
RRV026 con_0028.nii -44 27 33 -0.155004 0.284314
RRV026 con_0028.nii 44 8 34 0.0551697 0.252035
RRV026 con_0028.nii -42 7 36 -0.038337 0.123378
RRV026 con_0028.nii 54 -44 43 -0.54719 0.225759
RRV026 con_0028.nii -53 -50 39 -0.155758 0.136595
RRV026 con_0028.nii 32 -59 41 0.423887 0.201354
RRV026 con_0028.nii -32 -58 46 0.364728 0.219096
RRV026 con_0028.nii -6 49 1 -0.228666 0.116726
RRV026 con_0029.nii 9 3 -6 0.567623 0.200559
RRV026 con_0029.nii -9 3 -6 0.101322 0.200161
RRV026 con_0029.nii -30 33 -18 0.280486 0.24316
RRV026 con_0029.nii 46 28 31 0.322851 0.211842
RRV026 con_0029.nii -44 27 33 0.145063 0.242749
RRV026 con_0029.nii 44 8 34 0.631507 0.337219
RRV026 con_0029.nii -42 7 36 0.465252 0.0720375
RRV026 con_0029.nii 54 -44 43 0.283681 0.169957
RRV026 con_0029.nii -53 -50 39 0.109911 0.176583
RRV026 con_0029.nii 32 -59 41 0.595794 0.322693
RRV026 con_0029.nii -32 -58 46 0.661558 0.347535
RRV026 con_0029.nii -6 49 1 0.0963801 0.290967
RRV026 con_0030.nii 9 3 -6 0.784369 0.330396
RRV026 con_0030.nii -9 3 -6 0.397537 0.524847
RRV026 con_0030.nii -30 33 -18 0.372805 0.259663
RRV026 con_0030.nii 46 28 31 0.226522 0.291491
RRV026 con_0030.nii -44 27 33 -0.00994101 0.483919
RRV026 con_0030.nii 44 8 34 0.686677 0.427858
RRV026 con_0030.nii -42 7 36 0.426915 0.139486
RRV026 con_0030.nii 54 -44 43 -0.263509 0.237948
RRV026 con_0030.nii -53 -50 39 -0.0458464 0.244962
RRV026 con_0030.nii 32 -59 41 1.01968 0.510928
RRV026 con_0030.nii -32 -58 46 1.02629 0.542136
RRV026 con_0030.nii -6 49 1 -0.132286 0.301206
