RRV090 con_0001.nii 9 3 -6 -0.120863 0.427286
RRV090 con_0001.nii -9 3 -6 -0.188315 0.509728
RRV090 con_0001.nii -30 33 -18 0.204815 0.136431
RRV090 con_0001.nii 46 28 31 1.21755 0.579397
RRV090 con_0001.nii -44 27 33 1.72635 0.428618
RRV090 con_0001.nii 44 8 34 0.458828 0.253231
RRV090 con_0001.nii -42 7 36 0.368285 0.407917
RRV090 con_0001.nii 54 -44 43 1.20417 0.317054
RRV090 con_0001.nii -53 -50 39 0.749676 0.192417
RRV090 con_0001.nii 32 -59 41 0.235154 0.539494
RRV090 con_0001.nii -32 -58 46 0.537887 0.512768
RRV090 con_0001.nii -6 49 1 -0.0736902 0.230724
RRV090 con_0002.nii 9 3 -6 -0.295482 0.230594
RRV090 con_0002.nii -9 3 -6 0.139079 0.468917
RRV090 con_0002.nii -30 33 -18 -0.128577 0.149565
RRV090 con_0002.nii 46 28 31 0.168827 0.083883
RRV090 con_0002.nii -44 27 33 -0.398491 0.182022
RRV090 con_0002.nii 44 8 34 -0.141294 0.181603
RRV090 con_0002.nii -42 7 36 -0.418617 0.139101
RRV090 con_0002.nii 54 -44 43 0.287188 0.169318
RRV090 con_0002.nii -53 -50 39 0.105706 0.170738
RRV090 con_0002.nii 32 -59 41 -0.220267 0.21295
RRV090 con_0002.nii -32 -58 46 -0.191467 0.235912
RRV090 con_0002.nii -6 49 1 -0.0409801 0.111039
RRV090 con_0003.nii 9 3 -6 -0.416345 0.551566
RRV090 con_0003.nii -9 3 -6 -0.0492363 0.75014
RRV090 con_0003.nii -30 33 -18 0.0762374 0.206458
RRV090 con_0003.nii 46 28 31 1.38638 0.627134
RRV090 con_0003.nii -44 27 33 1.32785 0.424939
RRV090 con_0003.nii 44 8 34 0.317535 0.311023
RRV090 con_0003.nii -42 7 36 -0.0503315 0.449711
RRV090 con_0003.nii 54 -44 43 1.49136 0.442879
RRV090 con_0003.nii -53 -50 39 0.855382 0.271021
RRV090 con_0003.nii 32 -59 41 0.0148868 0.710927
RRV090 con_0003.nii -32 -58 46 0.34642 0.355639
RRV090 con_0003.nii -6 49 1 -0.11467 0.272962
RRV090 con_0004.nii 9 3 -6 0.129685 0.262361
RRV090 con_0004.nii -9 3 -6 -0.0582294 0.344444
RRV090 con_0004.nii -30 33 -18 0.294711 0.280392
RRV090 con_0004.nii 46 28 31 -0.498082 0.119126
RRV090 con_0004.nii -44 27 33 -0.481522 0.19412
RRV090 con_0004.nii 44 8 34 -0.915927 0.470947
RRV090 con_0004.nii -42 7 36 -0.321672 0.323972
RRV090 con_0004.nii 54 -44 43 -0.533595 0.161652
RRV090 con_0004.nii -53 -50 39 -0.266091 0.230237
RRV090 con_0004.nii 32 -59 41 -0.701737 0.250657
RRV090 con_0004.nii -32 -58 46 -0.288684 0.415981
RRV090 con_0004.nii -6 49 1 0.298121 0.131861
RRV090 con_0005.nii 9 3 -6 0.0313746 0.193403
RRV090 con_0005.nii -9 3 -6 0.0127025 0.43888
RRV090 con_0005.nii -30 33 -18 -0.654204 0.386308
RRV090 con_0005.nii 46 28 31 0.264668 0.337716
RRV090 con_0005.nii -44 27 33 0.441128 0.397065
RRV090 con_0005.nii 44 8 34 0.322383 0.24369
RRV090 con_0005.nii -42 7 36 -0.117891 0.199519
RRV090 con_0005.nii 54 -44 43 -0.274674 0.0969998
RRV090 con_0005.nii -53 -50 39 0.318673 0.250096
RRV090 con_0005.nii 32 -59 41 -0.196814 0.240525
RRV090 con_0005.nii -32 -58 46 -0.0658297 0.241205
RRV090 con_0005.nii -6 49 1 -0.394757 0.236349
RRV090 con_0006.nii 9 3 -6 0.16106 0.366409
RRV090 con_0006.nii -9 3 -6 -0.0455269 0.677837
RRV090 con_0006.nii -30 33 -18 -0.359494 0.440159
RRV090 con_0006.nii 46 28 31 -0.233414 0.268482
RRV090 con_0006.nii -44 27 33 -0.0403943 0.357862
RRV090 con_0006.nii 44 8 34 -0.593544 0.412941
RRV090 con_0006.nii -42 7 36 -0.439563 0.244226
RRV090 con_0006.nii 54 -44 43 -0.808269 0.149978
RRV090 con_0006.nii -53 -50 39 0.0525814 0.27824
RRV090 con_0006.nii 32 -59 41 -0.898551 0.390029
RRV090 con_0006.nii -32 -58 46 -0.354514 0.454681
RRV090 con_0006.nii -6 49 1 -0.0966363 0.252827
RRV090 con_0007.nii 9 3 -6 0.262502 0.385312
RRV090 con_0007.nii -9 3 -6 -0.43087 0.365367
RRV090 con_0007.nii -30 33 -18 0.0738159 0.136446
RRV090 con_0007.nii 46 28 31 0.910784 0.432817
RRV090 con_0007.nii -44 27 33 1.50245 0.483086
RRV090 con_0007.nii 44 8 34 0.295003 0.248726
RRV090 con_0007.nii -42 7 36 -0.242046 0.287361
RRV090 con_0007.nii 54 -44 43 0.380361 0.163572
RRV090 con_0007.nii -53 -50 39 0.587152 0.307139
RRV090 con_0007.nii 32 -59 41 0.221659 0.272992
RRV090 con_0007.nii -32 -58 46 0.0624355 0.352263
RRV090 con_0007.nii -6 49 1 -0.450046 0.342331
RRV090 con_0008.nii 9 3 -6 -0.203221 0.202482
RRV090 con_0008.nii -9 3 -6 0.23218 0.169543
RRV090 con_0008.nii -30 33 -18 -0.0823648 0.227752
RRV090 con_0008.nii 46 28 31 0.086389 0.180735
RRV090 con_0008.nii -44 27 33 0.501901 0.48759
RRV090 con_0008.nii 44 8 34 -0.14362 0.231001
RRV090 con_0008.nii -42 7 36 0.0866314 0.217313
RRV090 con_0008.nii 54 -44 43 -0.393479 0.189314
RRV090 con_0008.nii -53 -50 39 -0.248765 0.181663
RRV090 con_0008.nii 32 -59 41 -0.229291 0.307186
RRV090 con_0008.nii -32 -58 46 -0.358722 0.310529
RRV090 con_0008.nii -6 49 1 -0.362347 0.183394
RRV090 con_0009.nii 9 3 -6 0.0592809 0.500262
RRV090 con_0009.nii -9 3 -6 -0.198689 0.402936
RRV090 con_0009.nii -30 33 -18 -0.00854888 0.309324
RRV090 con_0009.nii 46 28 31 0.997173 0.51534
RRV090 con_0009.nii -44 27 33 2.00435 0.703658
RRV090 con_0009.nii 44 8 34 0.151384 0.312731
RRV090 con_0009.nii -42 7 36 -0.155415 0.251442
RRV090 con_0009.nii 54 -44 43 -0.0131189 0.116433
RRV090 con_0009.nii -53 -50 39 0.338387 0.259062
RRV090 con_0009.nii 32 -59 41 -0.00763211 0.489873
RRV090 con_0009.nii -32 -58 46 -0.296287 0.286609
RRV090 con_0009.nii -6 49 1 -0.812393 0.375255
RRV090 con_0010.nii 9 3 -6 -0.00848623 0.192122
RRV090 con_0010.nii -9 3 -6 -0.339918 0.145065
RRV090 con_0010.nii -30 33 -18 0.205044 0.08152
RRV090 con_0010.nii 46 28 31 0.620198 0.210647
RRV090 con_0010.nii -44 27 33 0.707391 0.354269
RRV090 con_0010.nii 44 8 34 0.278221 0.176311
RRV090 con_0010.nii -42 7 36 0.135034 0.17892
RRV090 con_0010.nii 54 -44 43 0.0685867 0.0706765
RRV090 con_0010.nii -53 -50 39 0.114037 0.166008
RRV090 con_0010.nii 32 -59 41 0.230513 0.221619
RRV090 con_0010.nii -32 -58 46 0.165782 0.088765
RRV090 con_0010.nii -6 49 1 0.00299389 0.0736917
RRV090 con_0011.nii 9 3 -6 -0.187635 0.23244
RRV090 con_0011.nii -9 3 -6 -0.251072 0.189335
RRV090 con_0011.nii -30 33 -18 -0.364977 0.28343
RRV090 con_0011.nii 46 28 31 -0.00618023 0.12938
RRV090 con_0011.nii -44 27 33 -0.00723631 0.211811
RRV090 con_0011.nii 44 8 34 0.0876896 0.153821
RRV090 con_0011.nii -42 7 36 0.0658719 0.10953
RRV090 con_0011.nii 54 -44 43 -0.207987 0.198924
RRV090 con_0011.nii -53 -50 39 0.104614 0.11817
RRV090 con_0011.nii 32 -59 41 -0.0854625 0.216058
RRV090 con_0011.nii -32 -58 46 -0.101476 0.238454
RRV090 con_0011.nii -6 49 1 -0.296858 0.254575
RRV090 con_0012.nii 9 3 -6 -0.196122 0.270422
RRV090 con_0012.nii -9 3 -6 -0.59099 0.236232
RRV090 con_0012.nii -30 33 -18 -0.159933 0.280341
RRV090 con_0012.nii 46 28 31 0.614018 0.319509
RRV090 con_0012.nii -44 27 33 0.700155 0.366484
RRV090 con_0012.nii 44 8 34 0.365911 0.29781
RRV090 con_0012.nii -42 7 36 0.200906 0.24149
RRV090 con_0012.nii 54 -44 43 -0.1394 0.221806
RRV090 con_0012.nii -53 -50 39 0.21865 0.192744
RRV090 con_0012.nii 32 -59 41 0.14505 0.377526
RRV090 con_0012.nii -32 -58 46 0.0643062 0.245463
RRV090 con_0012.nii -6 49 1 -0.293864 0.244339
RRV090 con_0013.nii 9 3 -6 -0.0370516 0.184757
RRV090 con_0013.nii -9 3 -6 -0.277108 0.150246
RRV090 con_0013.nii -30 33 -18 0.0503853 0.0798391
RRV090 con_0013.nii 46 28 31 0.333095 0.20587
RRV090 con_0013.nii -44 27 33 0.858008 0.238274
RRV090 con_0013.nii 44 8 34 0.283299 0.205204
RRV090 con_0013.nii -42 7 36 0.356856 0.162353
RRV090 con_0013.nii 54 -44 43 0.353359 0.15739
RRV090 con_0013.nii -53 -50 39 0.238996 0.0929218
RRV090 con_0013.nii 32 -59 41 0.20487 0.137135
RRV090 con_0013.nii -32 -58 46 0.392934 0.13192
RRV090 con_0013.nii -6 49 1 -0.167662 0.178802
RRV090 con_0014.nii 9 3 -6 -0.159142 0.170441
RRV090 con_0014.nii -9 3 -6 0.168995 0.25426
RRV090 con_0014.nii -30 33 -18 -0.415 0.178075
RRV090 con_0014.nii 46 28 31 0.537123 0.292151
RRV090 con_0014.nii -44 27 33 0.716284 0.33829
RRV090 con_0014.nii 44 8 34 0.255927 0.17549
RRV090 con_0014.nii -42 7 36 0.064523 0.143552
RRV090 con_0014.nii 54 -44 43 -0.00702314 0.128797
RRV090 con_0014.nii -53 -50 39 0.254613 0.175087
RRV090 con_0014.nii 32 -59 41 0.124606 0.237468
RRV090 con_0014.nii -32 -58 46 0.351995 0.178341
RRV090 con_0014.nii -6 49 1 -0.456677 0.113182
RRV090 con_0015.nii 9 3 -6 -0.196193 0.299324
RRV090 con_0015.nii -9 3 -6 -0.108112 0.285914
RRV090 con_0015.nii -30 33 -18 -0.364615 0.20493
RRV090 con_0015.nii 46 28 31 0.870217 0.476355
RRV090 con_0015.nii -44 27 33 1.57429 0.563777
RRV090 con_0015.nii 44 8 34 0.539226 0.310927
RRV090 con_0015.nii -42 7 36 0.421378 0.241147
RRV090 con_0015.nii 54 -44 43 0.346336 0.202898
RRV090 con_0015.nii -53 -50 39 0.493609 0.243298
RRV090 con_0015.nii 32 -59 41 0.329477 0.304029
RRV090 con_0015.nii -32 -58 46 0.744928 0.219713
RRV090 con_0015.nii -6 49 1 -0.62434 0.269214
RRV090 con_0016.nii 9 3 -6 0.0904416 0.289433
RRV090 con_0016.nii -9 3 -6 -0.225805 0.252199
RRV090 con_0016.nii -30 33 -18 0.191114 0.14843
RRV090 con_0016.nii 46 28 31 0.543417 0.308535
RRV090 con_0016.nii -44 27 33 0.915757 0.274452
RRV090 con_0016.nii 44 8 34 -0.0540318 0.18084
RRV090 con_0016.nii -42 7 36 -0.0651444 0.310729
RRV090 con_0016.nii 54 -44 43 0.350313 0.1182
RRV090 con_0016.nii -53 -50 39 0.356912 0.146472
RRV090 con_0016.nii 32 -59 41 -0.0816416 0.181413
RRV090 con_0016.nii -32 -58 46 0.103879 0.187814
RRV090 con_0016.nii -6 49 1 -0.0752051 0.151771
RRV090 con_0017.nii 9 3 -6 -0.155776 0.144803
RRV090 con_0017.nii -9 3 -6 0.127987 0.317249
RRV090 con_0017.nii -30 33 -18 -0.288382 0.221373
RRV090 con_0017.nii 46 28 31 0.173295 0.174145
RRV090 con_0017.nii -44 27 33 0.181513 0.319276
RRV090 con_0017.nii 44 8 34 0.01249 0.16109
RRV090 con_0017.nii -42 7 36 -0.149959 0.139803
RRV090 con_0017.nii 54 -44 43 -0.126988 0.0591427
RRV090 con_0017.nii -53 -50 39 0.058538 0.104991
RRV090 con_0017.nii 32 -59 41 -0.215457 0.189021
RRV090 con_0017.nii -32 -58 46 -0.20534 0.201476
RRV090 con_0017.nii -6 49 1 -0.266028 0.133469
RRV090 con_0018.nii 9 3 -6 -0.0653347 0.387833
RRV090 con_0018.nii -9 3 -6 -0.0978176 0.428062
RRV090 con_0018.nii -30 33 -18 -0.0972683 0.274923
RRV090 con_0018.nii 46 28 31 0.716712 0.455102
RRV090 con_0018.nii -44 27 33 1.09727 0.438806
RRV090 con_0018.nii 44 8 34 -0.0415419 0.261108
RRV090 con_0018.nii -42 7 36 -0.215103 0.274998
RRV090 con_0018.nii 54 -44 43 0.223324 0.125814
RRV090 con_0018.nii -53 -50 39 0.41545 0.186304
RRV090 con_0018.nii 32 -59 41 -0.297099 0.31996
RRV090 con_0018.nii -32 -58 46 -0.10146 0.150155
RRV090 con_0018.nii -6 49 1 -0.341233 0.233476
RRV090 con_0019.nii 9 3 -6 -0.112377 0.338061
RRV090 con_0019.nii -9 3 -6 0.151603 0.45831
RRV090 con_0019.nii -30 33 -18 -0.000229068 0.113986
RRV090 con_0019.nii 46 28 31 0.597351 0.387379
RRV090 con_0019.nii -44 27 33 1.01896 0.32886
RRV090 con_0019.nii 44 8 34 0.180607 0.216195
RRV090 con_0019.nii -42 7 36 0.233251 0.409108
RRV090 con_0019.nii 54 -44 43 1.13559 0.269382
RRV090 con_0019.nii -53 -50 39 0.635639 0.202193
RRV090 con_0019.nii 32 -59 41 0.00464143 0.441701
RRV090 con_0019.nii -32 -58 46 0.372105 0.493848
RRV090 con_0019.nii -6 49 1 -0.0766841 0.246175
RRV090 con_0020.nii 9 3 -6 -0.107847 0.29477
RRV090 con_0020.nii -9 3 -6 0.390151 0.458193
RRV090 con_0020.nii -30 33 -18 0.2364 0.292299
RRV090 con_0020.nii 46 28 31 0.175007 0.0686899
RRV090 con_0020.nii -44 27 33 -0.391255 0.249161
RRV090 con_0020.nii 44 8 34 -0.228983 0.246096
RRV090 con_0020.nii -42 7 36 -0.484489 0.19841
RRV090 con_0020.nii 54 -44 43 0.495175 0.177016
RRV090 con_0020.nii -53 -50 39 0.00109211 0.140834
RRV090 con_0020.nii 32 -59 41 -0.134805 0.250735
RRV090 con_0020.nii -32 -58 46 -0.0899912 0.127735
RRV090 con_0020.nii -6 49 1 0.255878 0.27448
RRV090 con_0021.nii 9 3 -6 -0.220223 0.376337
RRV090 con_0021.nii -9 3 -6 0.541754 0.564801
RRV090 con_0021.nii -30 33 -18 0.236171 0.354531
RRV090 con_0021.nii 46 28 31 0.772358 0.365885
RRV090 con_0021.nii -44 27 33 0.6277 0.257503
RRV090 con_0021.nii 44 8 34 -0.0483762 0.323459
RRV090 con_0021.nii -42 7 36 -0.251237 0.526484
RRV090 con_0021.nii 54 -44 43 1.63076 0.385094
RRV090 con_0021.nii -53 -50 39 0.636731 0.290516
RRV090 con_0021.nii 32 -59 41 -0.130163 0.678978
RRV090 con_0021.nii -32 -58 46 0.282113 0.525693
RRV090 con_0021.nii -6 49 1 0.179194 0.273552
RRV090 con_0022.nii 9 3 -6 0.138172 0.212227
RRV090 con_0022.nii -9 3 -6 0.281689 0.23301
RRV090 con_0022.nii -30 33 -18 0.0896669 0.256545
RRV090 con_0022.nii 46 28 31 -1.11828 0.300125
RRV090 con_0022.nii -44 27 33 -1.18891 0.417603
RRV090 con_0022.nii 44 8 34 -1.19415 0.523924
RRV090 con_0022.nii -42 7 36 -0.456706 0.374143
RRV090 con_0022.nii 54 -44 43 -0.602182 0.205341
RRV090 con_0022.nii -53 -50 39 -0.380128 0.355709
RRV090 con_0022.nii 32 -59 41 -0.93225 0.379022
RRV090 con_0022.nii -32 -58 46 -0.454467 0.411939
RRV090 con_0022.nii -6 49 1 0.295127 0.155235
RRV090 con_0023.nii 9 3 -6 0.21901 0.25797
RRV090 con_0023.nii -9 3 -6 0.263774 0.397559
RRV090 con_0023.nii -30 33 -18 -0.289227 0.209243
RRV090 con_0023.nii 46 28 31 0.270848 0.246126
RRV090 con_0023.nii -44 27 33 0.448364 0.312441
RRV090 con_0023.nii 44 8 34 0.234694 0.210873
RRV090 con_0023.nii -42 7 36 -0.183762 0.163557
RRV090 con_0023.nii 54 -44 43 -0.0666866 0.190711
RRV090 con_0023.nii -53 -50 39 0.214059 0.183855
RRV090 con_0023.nii 32 -59 41 -0.111351 0.138592
RRV090 con_0023.nii -32 -58 46 0.0356463 0.265543
RRV090 con_0023.nii -6 49 1 -0.0978992 0.10558
RRV090 con_0024.nii 9 3 -6 0.357182 0.37594
RRV090 con_0024.nii -9 3 -6 0.545463 0.547379
RRV090 con_0024.nii -30 33 -18 -0.19956 0.399611
RRV090 con_0024.nii 46 28 31 -0.847433 0.142265
RRV090 con_0024.nii -44 27 33 -0.740549 0.240765
RRV090 con_0024.nii 44 8 34 -0.959455 0.498134
RRV090 con_0024.nii -42 7 36 -0.640469 0.290353
RRV090 con_0024.nii 54 -44 43 -0.668868 0.315429
RRV090 con_0024.nii -53 -50 39 -0.166069 0.276541
RRV090 con_0024.nii 32 -59 41 -1.0436 0.397336
RRV090 con_0024.nii -32 -58 46 -0.41882 0.251859
RRV090 con_0024.nii -6 49 1 0.197228 0.168084
RRV090 con_0025.nii 9 3 -6 0.270989 0.376963
RRV090 con_0025.nii -9 3 -6 -0.0909515 0.454384
RRV090 con_0025.nii -30 33 -18 -0.131228 0.116235
RRV090 con_0025.nii 46 28 31 0.290586 0.24075
RRV090 con_0025.nii -44 27 33 0.795056 0.218524
RRV090 con_0025.nii 44 8 34 0.0167822 0.192776
RRV090 con_0025.nii -42 7 36 -0.37708 0.25688
RRV090 con_0025.nii 54 -44 43 0.311774 0.128069
RRV090 con_0025.nii -53 -50 39 0.473115 0.28936
RRV090 con_0025.nii 32 -59 41 -0.00885414 0.186512
RRV090 con_0025.nii -32 -58 46 -0.103347 0.34323
RRV090 con_0025.nii -6 49 1 -0.45304 0.33512
RRV090 con_0026.nii 9 3 -6 -0.015586 0.201264
RRV090 con_0026.nii -9 3 -6 0.483252 0.184104
RRV090 con_0026.nii -30 33 -18 0.282613 0.276832
RRV090 con_0026.nii 46 28 31 0.0925692 0.139882
RRV090 con_0026.nii -44 27 33 0.509137 0.383972
RRV090 con_0026.nii 44 8 34 -0.231309 0.283781
RRV090 con_0026.nii -42 7 36 0.0207595 0.22993
RRV090 con_0026.nii 54 -44 43 -0.185492 0.290963
RRV090 con_0026.nii -53 -50 39 -0.353378 0.245862
RRV090 con_0026.nii 32 -59 41 -0.143828 0.205519
RRV090 con_0026.nii -32 -58 46 -0.257246 0.169536
RRV090 con_0026.nii -6 49 1 -0.0654889 0.244633
RRV090 con_0027.nii 9 3 -6 0.255403 0.44379
RRV090 con_0027.nii -9 3 -6 0.392301 0.502051
RRV090 con_0027.nii -30 33 -18 0.151385 0.330189
RRV090 con_0027.nii 46 28 31 0.383155 0.217546
RRV090 con_0027.nii -44 27 33 1.30419 0.38894
RRV090 con_0027.nii 44 8 34 -0.214527 0.236943
RRV090 con_0027.nii -42 7 36 -0.35632 0.274199
RRV090 con_0027.nii 54 -44 43 0.126282 0.293415
RRV090 con_0027.nii -53 -50 39 0.119737 0.184683
RRV090 con_0027.nii 32 -59 41 -0.152682 0.296594
RRV090 con_0027.nii -32 -58 46 -0.360593 0.382839
RRV090 con_0027.nii -6 49 1 -0.518529 0.406937
RRV090 con_0028.nii 9 3 -6 0.0989278 0.225735
RRV090 con_0028.nii -9 3 -6 0.114113 0.223355
RRV090 con_0028.nii -30 33 -18 -0.01393 0.119111
RRV090 con_0028.nii 46 28 31 -0.0767813 0.124442
RRV090 con_0028.nii -44 27 33 0.208366 0.183937
RRV090 con_0028.nii 44 8 34 -0.332253 0.190373
RRV090 con_0028.nii -42 7 36 -0.200178 0.320971
RRV090 con_0028.nii 54 -44 43 0.281726 0.0809048
RRV090 con_0028.nii -53 -50 39 0.242875 0.209073
RRV090 con_0028.nii 32 -59 41 -0.312154 0.120924
RRV090 con_0028.nii -32 -58 46 -0.0619029 0.160362
RRV090 con_0028.nii -6 49 1 -0.078199 0.161553
RRV090 con_0029.nii 9 3 -6 0.0318592 0.204346
RRV090 con_0029.nii -9 3 -6 0.379059 0.295852
RRV090 con_0029.nii -30 33 -18 0.0765952 0.207686
RRV090 con_0029.nii 46 28 31 0.179475 0.0858082
RRV090 con_0029.nii -44 27 33 0.188749 0.247932
RRV090 con_0029.nii 44 8 34 -0.0751997 0.198063
RRV090 con_0029.nii -42 7 36 -0.21583 0.154097
RRV090 con_0029.nii 54 -44 43 0.0809988 0.172183
RRV090 con_0029.nii -53 -50 39 -0.0460756 0.0865133
RRV090 con_0029.nii 32 -59 41 -0.129995 0.10636
RRV090 con_0029.nii -32 -58 46 -0.103864 0.0950217
RRV090 con_0029.nii -6 49 1 0.03083 0.180693
RRV090 con_0030.nii 9 3 -6 0.130787 0.284259
RRV090 con_0030.nii -9 3 -6 0.493173 0.280392
RRV090 con_0030.nii -30 33 -18 0.0626651 0.310434
RRV090 con_0030.nii 46 28 31 0.102693 0.174962
RRV090 con_0030.nii -44 27 33 0.397115 0.12836
RRV090 con_0030.nii 44 8 34 -0.407453 0.287739
RRV090 con_0030.nii -42 7 36 -0.416009 0.335876
RRV090 con_0030.nii 54 -44 43 0.362725 0.222996
RRV090 con_0030.nii -53 -50 39 0.1968 0.164445
RRV090 con_0030.nii 32 -59 41 -0.442149 0.197031
RRV090 con_0030.nii -32 -58 46 -0.165767 0.214967
RRV090 con_0030.nii -6 49 1 -0.0473691 0.225808
