RRV083 con_0001.nii 9 3 -6 0.123974 0.382683
RRV083 con_0001.nii -9 3 -6 0.00839992 0.224355
RRV083 con_0001.nii -30 33 -18 0.0693935 0.285162
RRV083 con_0001.nii 46 28 31 0.851126 0.320657
RRV083 con_0001.nii -44 27 33 0.158472 0.342075
RRV083 con_0001.nii 44 8 34 0.426612 0.251625
RRV083 con_0001.nii -42 7 36 0.514961 0.473655
RRV083 con_0001.nii 54 -44 43 -0.183027 0.219593
RRV083 con_0001.nii -53 -50 39 0.065113 0.226304
RRV083 con_0001.nii 32 -59 41 0.4979 0.484788
RRV083 con_0001.nii -32 -58 46 0.150756 0.241797
RRV083 con_0001.nii -6 49 1 0.151806 0.367012
RRV083 con_0002.nii 9 3 -6 -0.469312 0.423079
RRV083 con_0002.nii -9 3 -6 0.0499508 0.469085
RRV083 con_0002.nii -30 33 -18 0.661984 0.326035
RRV083 con_0002.nii 46 28 31 0.894054 0.218603
RRV083 con_0002.nii -44 27 33 0.506085 0.265568
RRV083 con_0002.nii 44 8 34 0.496187 0.369658
RRV083 con_0002.nii -42 7 36 0.55051 0.384454
RRV083 con_0002.nii 54 -44 43 -0.0876435 0.226591
RRV083 con_0002.nii -53 -50 39 0.0213652 0.315906
RRV083 con_0002.nii 32 -59 41 0.667164 0.768324
RRV083 con_0002.nii -32 -58 46 -0.111307 0.394664
RRV083 con_0002.nii -6 49 1 -0.723373 0.380348
RRV083 con_0003.nii 9 3 -6 -0.345337 0.612571
RRV083 con_0003.nii -9 3 -6 0.0583507 0.458144
RRV083 con_0003.nii -30 33 -18 0.731378 0.420042
RRV083 con_0003.nii 46 28 31 1.74518 0.485829
RRV083 con_0003.nii -44 27 33 0.664557 0.484695
RRV083 con_0003.nii 44 8 34 0.922799 0.529494
RRV083 con_0003.nii -42 7 36 1.06547 0.812151
RRV083 con_0003.nii 54 -44 43 -0.27067 0.4078
RRV083 con_0003.nii -53 -50 39 0.0864782 0.468099
RRV083 con_0003.nii 32 -59 41 1.16506 1.14242
RRV083 con_0003.nii -32 -58 46 0.039449 0.542648
RRV083 con_0003.nii -6 49 1 -0.571568 0.594971
RRV083 con_0004.nii 9 3 -6 0.0581445 0.473872
RRV083 con_0004.nii -9 3 -6 -0.226288 0.305707
RRV083 con_0004.nii -30 33 -18 0.0632333 0.386594
RRV083 con_0004.nii 46 28 31 0.457221 0.110726
RRV083 con_0004.nii -44 27 33 0.222412 0.351325
RRV083 con_0004.nii 44 8 34 0.536363 0.303563
RRV083 con_0004.nii -42 7 36 0.871027 0.690303
RRV083 con_0004.nii 54 -44 43 -0.777339 0.30711
RRV083 con_0004.nii -53 -50 39 -0.105194 0.235528
RRV083 con_0004.nii 32 -59 41 0.712792 0.567743
RRV083 con_0004.nii -32 -58 46 -0.0126345 0.238896
RRV083 con_0004.nii -6 49 1 -0.813871 0.453254
RRV083 con_0005.nii 9 3 -6 0.0509168 0.300156
RRV083 con_0005.nii -9 3 -6 -0.543549 0.230526
RRV083 con_0005.nii -30 33 -18 0.0599559 0.215119
RRV083 con_0005.nii 46 28 31 -0.186562 0.33091
RRV083 con_0005.nii -44 27 33 -0.461799 0.273726
RRV083 con_0005.nii 44 8 34 0.0785854 0.47525
RRV083 con_0005.nii -42 7 36 -0.182023 0.438997
RRV083 con_0005.nii 54 -44 43 -0.398894 0.265878
RRV083 con_0005.nii -53 -50 39 -0.234172 0.271701
RRV083 con_0005.nii 32 -59 41 0.315849 0.542815
RRV083 con_0005.nii -32 -58 46 0.13195 0.178972
RRV083 con_0005.nii -6 49 1 -0.940053 0.346421
RRV083 con_0006.nii 9 3 -6 0.109061 0.50975
RRV083 con_0006.nii -9 3 -6 -0.769837 0.483079
RRV083 con_0006.nii -30 33 -18 0.123189 0.575697
RRV083 con_0006.nii 46 28 31 0.270659 0.345299
RRV083 con_0006.nii -44 27 33 -0.239388 0.55211
RRV083 con_0006.nii 44 8 34 0.614949 0.624288
RRV083 con_0006.nii -42 7 36 0.689004 1.11357
RRV083 con_0006.nii 54 -44 43 -1.17623 0.510418
RRV083 con_0006.nii -53 -50 39 -0.339366 0.462854
RRV083 con_0006.nii 32 -59 41 1.02864 1.0997
RRV083 con_0006.nii -32 -58 46 0.119316 0.266895
RRV083 con_0006.nii -6 49 1 -1.75392 0.664341
RRV083 con_0007.nii 9 3 -6 -0.22203 0.331543
RRV083 con_0007.nii -9 3 -6 -0.0396861 0.21565
RRV083 con_0007.nii -30 33 -18 0.451441 0.369781
RRV083 con_0007.nii 46 28 31 0.646549 0.205534
RRV083 con_0007.nii -44 27 33 0.333636 0.455646
RRV083 con_0007.nii 44 8 34 0.516868 0.2989
RRV083 con_0007.nii -42 7 36 1.40451 0.599486
RRV083 con_0007.nii 54 -44 43 0.0276096 0.206425
RRV083 con_0007.nii -53 -50 39 0.251379 0.1357
RRV083 con_0007.nii 32 -59 41 0.675272 0.578729
RRV083 con_0007.nii -32 -58 46 0.29067 0.320928
RRV083 con_0007.nii -6 49 1 -0.563081 0.402009
RRV083 con_0008.nii 9 3 -6 -0.0249243 0.223135
RRV083 con_0008.nii -9 3 -6 -0.351938 0.331109
RRV083 con_0008.nii -30 33 -18 1.28324 0.794956
RRV083 con_0008.nii 46 28 31 0.147419 0.324384
RRV083 con_0008.nii -44 27 33 0.609389 0.508115
RRV083 con_0008.nii 44 8 34 0.685441 0.267662
RRV083 con_0008.nii -42 7 36 0.00593506 0.649184
RRV083 con_0008.nii 54 -44 43 -0.108173 0.259161
RRV083 con_0008.nii -53 -50 39 -0.148851 0.396215
RRV083 con_0008.nii 32 -59 41 0.169136 0.571134
RRV083 con_0008.nii -32 -58 46 0.167869 0.432162
RRV083 con_0008.nii -6 49 1 -0.256621 0.388098
RRV083 con_0009.nii 9 3 -6 -0.246955 0.424582
RRV083 con_0009.nii -9 3 -6 -0.391624 0.344693
RRV083 con_0009.nii -30 33 -18 1.73468 0.985574
RRV083 con_0009.nii 46 28 31 0.793968 0.399954
RRV083 con_0009.nii -44 27 33 0.943025 0.837677
RRV083 con_0009.nii 44 8 34 1.20231 0.510326
RRV083 con_0009.nii -42 7 36 1.41045 1.18907
RRV083 con_0009.nii 54 -44 43 -0.0805634 0.428543
RRV083 con_0009.nii -53 -50 39 0.102528 0.414022
RRV083 con_0009.nii 32 -59 41 0.844408 1.09738
RRV083 con_0009.nii -32 -58 46 0.45854 0.62505
RRV083 con_0009.nii -6 49 1 -0.819702 0.673145
RRV083 con_0010.nii 9 3 -6 -0.0404925 0.204623
RRV083 con_0010.nii -9 3 -6 -0.006182 0.223682
RRV083 con_0010.nii -30 33 -18 0.622864 0.268111
RRV083 con_0010.nii 46 28 31 0.804158 0.406852
RRV083 con_0010.nii -44 27 33 0.133439 0.241685
RRV083 con_0010.nii 44 8 34 -0.341422 0.644957
RRV083 con_0010.nii -42 7 36 0.292912 0.432919
RRV083 con_0010.nii 54 -44 43 0.334618 0.0814932
RRV083 con_0010.nii -53 -50 39 0.0898206 0.180929
RRV083 con_0010.nii 32 -59 41 0.230598 0.229395
RRV083 con_0010.nii -32 -58 46 0.243093 0.223934
RRV083 con_0010.nii -6 49 1 0.667973 0.224605
RRV083 con_0011.nii 9 3 -6 -0.0756206 0.338331
RRV083 con_0011.nii -9 3 -6 -0.319689 0.243852
RRV083 con_0011.nii -30 33 -18 0.401821 0.186179
RRV083 con_0011.nii 46 28 31 0.205064 0.167367
RRV083 con_0011.nii -44 27 33 0.147892 0.203381
RRV083 con_0011.nii 44 8 34 -0.727314 0.283723
RRV083 con_0011.nii -42 7 36 -0.514848 0.137282
RRV083 con_0011.nii 54 -44 43 -0.341026 0.111686
RRV083 con_0011.nii -53 -50 39 -0.334538 0.243231
RRV083 con_0011.nii 32 -59 41 -0.183742 0.282307
RRV083 con_0011.nii -32 -58 46 -0.405481 0.181096
RRV083 con_0011.nii -6 49 1 -0.664717 0.297926
RRV083 con_0012.nii 9 3 -6 -0.116113 0.498806
RRV083 con_0012.nii -9 3 -6 -0.325871 0.314402
RRV083 con_0012.nii -30 33 -18 1.02469 0.427877
RRV083 con_0012.nii 46 28 31 1.00922 0.513333
RRV083 con_0012.nii -44 27 33 0.281331 0.395167
RRV083 con_0012.nii 44 8 34 -1.06874 0.886316
RRV083 con_0012.nii -42 7 36 -0.221936 0.544751
RRV083 con_0012.nii 54 -44 43 -0.00640818 0.158466
RRV083 con_0012.nii -53 -50 39 -0.244717 0.241829
RRV083 con_0012.nii 32 -59 41 0.046856 0.469928
RRV083 con_0012.nii -32 -58 46 -0.162388 0.207459
RRV083 con_0012.nii -6 49 1 0.00325538 0.330486
RRV083 con_0013.nii 9 3 -6 -0.155678 0.232202
RRV083 con_0013.nii -9 3 -6 -0.0460913 0.106938
RRV083 con_0013.nii -30 33 -18 0.468094 0.354588
RRV083 con_0013.nii 46 28 31 0.391717 0.135465
RRV083 con_0013.nii -44 27 33 0.290612 0.253886
RRV083 con_0013.nii 44 8 34 0.866905 0.442766
RRV083 con_0013.nii -42 7 36 0.829857 0.583102
RRV083 con_0013.nii 54 -44 43 -0.205339 0.205714
RRV083 con_0013.nii -53 -50 39 0.157277 0.17561
RRV083 con_0013.nii 32 -59 41 0.565021 0.320016
RRV083 con_0013.nii -32 -58 46 -0.159869 0.235571
RRV083 con_0013.nii -6 49 1 0.128234 0.303401
RRV083 con_0014.nii 9 3 -6 0.293698 0.371792
RRV083 con_0014.nii -9 3 -6 0.0220491 0.131819
RRV083 con_0014.nii -30 33 -18 0.261021 0.134194
RRV083 con_0014.nii 46 28 31 0.42107 0.173137
RRV083 con_0014.nii -44 27 33 0.0640447 0.208296
RRV083 con_0014.nii 44 8 34 0.511733 0.318736
RRV083 con_0014.nii -42 7 36 -0.299627 0.390414
RRV083 con_0014.nii 54 -44 43 0.20845 0.25332
RRV083 con_0014.nii -53 -50 39 -0.0611594 0.130312
RRV083 con_0014.nii 32 -59 41 0.386846 0.332135
RRV083 con_0014.nii -32 -58 46 0.0239414 0.119328
RRV083 con_0014.nii -6 49 1 -0.670271 0.326013
RRV083 con_0015.nii 9 3 -6 0.13802 0.400989
RRV083 con_0015.nii -9 3 -6 -0.0240422 0.128763
RRV083 con_0015.nii -30 33 -18 0.729115 0.403813
RRV083 con_0015.nii 46 28 31 0.812787 0.262002
RRV083 con_0015.nii -44 27 33 0.354657 0.418715
RRV083 con_0015.nii 44 8 34 1.37864 0.703608
RRV083 con_0015.nii -42 7 36 0.53023 0.940661
RRV083 con_0015.nii 54 -44 43 0.00311095 0.414769
RRV083 con_0015.nii -53 -50 39 0.0961177 0.223558
RRV083 con_0015.nii 32 -59 41 0.951867 0.632478
RRV083 con_0015.nii -32 -58 46 -0.135927 0.335265
RRV083 con_0015.nii -6 49 1 -0.542037 0.364185
RRV083 con_0016.nii 9 3 -6 -0.0133039 0.357377
RRV083 con_0016.nii -9 3 -6 -0.0858581 0.128285
RRV083 con_0016.nii -30 33 -18 0.194689 0.330444
RRV083 con_0016.nii 46 28 31 0.651632 0.168962
RRV083 con_0016.nii -44 27 33 0.238173 0.353958
RRV083 con_0016.nii 44 8 34 0.493281 0.263055
RRV083 con_0016.nii -42 7 36 0.930168 0.571543
RRV083 con_0016.nii 54 -44 43 -0.310919 0.190065
RRV083 con_0016.nii -53 -50 39 0.0704326 0.144331
RRV083 con_0016.nii 32 -59 41 0.628654 0.519561
RRV083 con_0016.nii -32 -58 46 0.142931 0.23757
RRV083 con_0016.nii -6 49 1 -0.408382 0.381705
RRV083 con_0017.nii 9 3 -6 -0.147773 0.201922
RRV083 con_0017.nii -9 3 -6 -0.281845 0.278012
RRV083 con_0017.nii -30 33 -18 0.668394 0.35371
RRV083 con_0017.nii 46 28 31 0.28497 0.208693
RRV083 con_0017.nii -44 27 33 0.217892 0.212642
RRV083 con_0017.nii 44 8 34 0.420071 0.17183
RRV083 con_0017.nii -42 7 36 0.124807 0.427385
RRV083 con_0017.nii 54 -44 43 -0.198237 0.21569
RRV083 con_0017.nii -53 -50 39 -0.120553 0.292523
RRV083 con_0017.nii 32 -59 41 0.38405 0.585501
RRV083 con_0017.nii -32 -58 46 0.0628377 0.280238
RRV083 con_0017.nii -6 49 1 -0.640016 0.299418
RRV083 con_0018.nii 9 3 -6 -0.161077 0.437967
RRV083 con_0018.nii -9 3 -6 -0.367703 0.306982
RRV083 con_0018.nii -30 33 -18 0.863084 0.554838
RRV083 con_0018.nii 46 28 31 0.936602 0.254267
RRV083 con_0018.nii -44 27 33 0.456065 0.555426
RRV083 con_0018.nii 44 8 34 0.913352 0.404124
RRV083 con_0018.nii -42 7 36 1.05497 0.984301
RRV083 con_0018.nii 54 -44 43 -0.509156 0.365818
RRV083 con_0018.nii -53 -50 39 -0.0501201 0.397555
RRV083 con_0018.nii 32 -59 41 1.0127 1.0987
RRV083 con_0018.nii -32 -58 46 0.205768 0.429096
RRV083 con_0018.nii -6 49 1 -1.0484 0.599931
RRV083 con_0019.nii 9 3 -6 0.164467 0.276918
RRV083 con_0019.nii -9 3 -6 0.0145819 0.294857
RRV083 con_0019.nii -30 33 -18 -0.55347 0.289708
RRV083 con_0019.nii 46 28 31 0.0469681 0.198965
RRV083 con_0019.nii -44 27 33 0.0250337 0.273276
RRV083 con_0019.nii 44 8 34 0.768034 0.587298
RRV083 con_0019.nii -42 7 36 0.222048 0.225766
RRV083 con_0019.nii 54 -44 43 -0.517645 0.185015
RRV083 con_0019.nii -53 -50 39 -0.0247076 0.313238
RRV083 con_0019.nii 32 -59 41 0.267302 0.334954
RRV083 con_0019.nii -32 -58 46 -0.0923376 0.368944
RRV083 con_0019.nii -6 49 1 -0.516167 0.525138
RRV083 con_0020.nii 9 3 -6 -0.393691 0.36863
RRV083 con_0020.nii -9 3 -6 0.36964 0.316912
RRV083 con_0020.nii -30 33 -18 0.260163 0.190254
RRV083 con_0020.nii 46 28 31 0.688989 0.164038
RRV083 con_0020.nii -44 27 33 0.358193 0.321211
RRV083 con_0020.nii 44 8 34 1.2235 0.233936
RRV083 con_0020.nii -42 7 36 1.06536 0.324184
RRV083 con_0020.nii 54 -44 43 0.253382 0.185813
RRV083 con_0020.nii -53 -50 39 0.355903 0.180525
RRV083 con_0020.nii 32 -59 41 0.850906 0.599286
RRV083 con_0020.nii -32 -58 46 0.294175 0.29858
RRV083 con_0020.nii -6 49 1 -0.0586557 0.311403
RRV083 con_0021.nii 9 3 -6 -0.229224 0.311302
RRV083 con_0021.nii -9 3 -6 0.384222 0.402308
RRV083 con_0021.nii -30 33 -18 -0.293308 0.265145
RRV083 con_0021.nii 46 28 31 0.735958 0.288423
RRV083 con_0021.nii -44 27 33 0.383226 0.388494
RRV083 con_0021.nii 44 8 34 1.99154 0.5768
RRV083 con_0021.nii -42 7 36 1.28741 0.500155
RRV083 con_0021.nii 54 -44 43 -0.264262 0.33189
RRV083 con_0021.nii -53 -50 39 0.331195 0.420964
RRV083 con_0021.nii 32 -59 41 1.11821 0.832179
RRV083 con_0021.nii -32 -58 46 0.201837 0.621759
RRV083 con_0021.nii -6 49 1 -0.574823 0.64579
RRV083 con_0022.nii 9 3 -6 0.098637 0.392313
RRV083 con_0022.nii -9 3 -6 -0.220106 0.465372
RRV083 con_0022.nii -30 33 -18 -0.559631 0.399185
RRV083 con_0022.nii 46 28 31 -0.346937 0.395808
RRV083 con_0022.nii -44 27 33 0.0889729 0.375244
RRV083 con_0022.nii 44 8 34 0.877786 0.696355
RRV083 con_0022.nii -42 7 36 0.578115 0.327954
RRV083 con_0022.nii 54 -44 43 -1.11196 0.288987
RRV083 con_0022.nii -53 -50 39 -0.195015 0.317645
RRV083 con_0022.nii 32 -59 41 0.482194 0.413275
RRV083 con_0022.nii -32 -58 46 -0.255728 0.392951
RRV083 con_0022.nii -6 49 1 -1.48184 0.60519
RRV083 con_0023.nii 9 3 -6 0.126537 0.480376
RRV083 con_0023.nii -9 3 -6 -0.223859 0.299619
RRV083 con_0023.nii -30 33 -18 -0.341866 0.28081
RRV083 con_0023.nii 46 28 31 -0.391627 0.352283
RRV083 con_0023.nii -44 27 33 -0.609691 0.357944
RRV083 con_0023.nii 44 8 34 0.8059 0.685132
RRV083 con_0023.nii -42 7 36 0.332825 0.329167
RRV083 con_0023.nii 54 -44 43 -0.057868 0.225311
RRV083 con_0023.nii -53 -50 39 0.100366 0.166986
RRV083 con_0023.nii 32 -59 41 0.499591 0.424856
RRV083 con_0023.nii -32 -58 46 0.537432 0.18556
RRV083 con_0023.nii -6 49 1 -0.275336 0.224722
RRV083 con_0024.nii 9 3 -6 0.225174 0.470147
RRV083 con_0024.nii -9 3 -6 -0.443966 0.594385
RRV083 con_0024.nii -30 33 -18 -0.901496 0.638833
RRV083 con_0024.nii 46 28 31 -0.738564 0.726822
RRV083 con_0024.nii -44 27 33 -0.520719 0.618994
RRV083 con_0024.nii 44 8 34 1.68369 1.34778
RRV083 con_0024.nii -42 7 36 0.91094 0.621721
RRV083 con_0024.nii 54 -44 43 -1.16982 0.429248
RRV083 con_0024.nii -53 -50 39 -0.0946495 0.407841
RRV083 con_0024.nii 32 -59 41 0.981785 0.799757
RRV083 con_0024.nii -32 -58 46 0.281704 0.321531
RRV083 con_0024.nii -6 49 1 -1.75718 0.574229
RRV083 con_0025.nii 9 3 -6 -0.181538 0.272444
RRV083 con_0025.nii -9 3 -6 -0.0335041 0.244634
RRV083 con_0025.nii -30 33 -18 -0.171423 0.288665
RRV083 con_0025.nii 46 28 31 -0.157609 0.44878
RRV083 con_0025.nii -44 27 33 0.200198 0.497714
RRV083 con_0025.nii 44 8 34 0.858291 0.74068
RRV083 con_0025.nii -42 7 36 1.1116 0.307846
RRV083 con_0025.nii 54 -44 43 -0.307008 0.17556
RRV083 con_0025.nii -53 -50 39 0.161559 0.247862
RRV083 con_0025.nii 32 -59 41 0.444674 0.430596
RRV083 con_0025.nii -32 -58 46 0.0475768 0.471139
RRV083 con_0025.nii -6 49 1 -1.23105 0.54854
RRV083 con_0026.nii 9 3 -6 0.0506963 0.265349
RRV083 con_0026.nii -9 3 -6 -0.0322486 0.162003
RRV083 con_0026.nii -30 33 -18 0.881422 0.665003
RRV083 con_0026.nii 46 28 31 -0.0576454 0.301423
RRV083 con_0026.nii -44 27 33 0.461496 0.342998
RRV083 con_0026.nii 44 8 34 1.41276 0.418514
RRV083 con_0026.nii -42 7 36 0.520783 0.572383
RRV083 con_0026.nii 54 -44 43 0.232853 0.237375
RRV083 con_0026.nii -53 -50 39 0.185686 0.262945
RRV083 con_0026.nii 32 -59 41 0.352878 0.515451
RRV083 con_0026.nii -32 -58 46 0.573351 0.372838
RRV083 con_0026.nii -6 49 1 0.408096 0.275418
RRV083 con_0027.nii 9 3 -6 -0.130841 0.228336
RRV083 con_0027.nii -9 3 -6 -0.0657527 0.319123
RRV083 con_0027.nii -30 33 -18 0.709999 0.620888
RRV083 con_0027.nii 46 28 31 -0.215255 0.69071
RRV083 con_0027.nii -44 27 33 0.661694 0.686174
RRV083 con_0027.nii 44 8 34 2.27105 1.08336
RRV083 con_0027.nii -42 7 36 1.63239 0.763427
RRV083 con_0027.nii 54 -44 43 -0.0741552 0.392153
RRV083 con_0027.nii -53 -50 39 0.347245 0.411604
RRV083 con_0027.nii 32 -59 41 0.797552 0.826614
RRV083 con_0027.nii -32 -58 46 0.620928 0.667351
RRV083 con_0027.nii -6 49 1 -0.822957 0.506662
RRV083 con_0028.nii 9 3 -6 0.0271887 0.262712
RRV083 con_0028.nii -9 3 -6 -0.0796761 0.272294
RRV083 con_0028.nii -30 33 -18 -0.428175 0.309126
RRV083 con_0028.nii 46 28 31 -0.152526 0.329633
RRV083 con_0028.nii -44 27 33 0.104735 0.361021
RRV083 con_0028.nii 44 8 34 0.834704 0.668636
RRV083 con_0028.nii -42 7 36 0.637255 0.240156
RRV083 con_0028.nii 54 -44 43 -0.645536 0.154693
RRV083 con_0028.nii -53 -50 39 -0.019388 0.256804
RRV083 con_0028.nii 32 -59 41 0.398057 0.358681
RRV083 con_0028.nii -32 -58 46 -0.100163 0.392976
RRV083 con_0028.nii -6 49 1 -1.07635 0.541069
RRV083 con_0029.nii 9 3 -6 -0.0721524 0.283136
RRV083 con_0029.nii -9 3 -6 0.037844 0.147767
RRV083 con_0029.nii -30 33 -18 0.266573 0.222173
RRV083 con_0029.nii 46 28 31 0.0799058 0.191496
RRV083 con_0029.nii -44 27 33 0.0699992 0.16428
RRV083 con_0029.nii 44 8 34 1.14739 0.34337
RRV083 con_0029.nii -42 7 36 0.639655 0.330192
RRV083 con_0029.nii 54 -44 43 0.142789 0.175125
RRV083 con_0029.nii -53 -50 39 0.213985 0.136282
RRV083 con_0029.nii 32 -59 41 0.567791 0.45556
RRV083 con_0029.nii -32 -58 46 0.468319 0.203006
RRV083 con_0029.nii -6 49 1 0.0247014 0.160197
RRV083 con_0030.nii 9 3 -6 -0.0449637 0.208304
RRV083 con_0030.nii -9 3 -6 -0.0418321 0.335471
RRV083 con_0030.nii -30 33 -18 -0.161602 0.320535
RRV083 con_0030.nii 46 28 31 -0.0726202 0.505723
RRV083 con_0030.nii -44 27 33 0.174734 0.479219
RRV083 con_0030.nii 44 8 34 1.98209 0.980188
RRV083 con_0030.nii -42 7 36 1.27691 0.520429
RRV083 con_0030.nii 54 -44 43 -0.502747 0.28236
RRV083 con_0030.nii -53 -50 39 0.194597 0.357001
RRV083 con_0030.nii 32 -59 41 0.965848 0.799617
RRV083 con_0030.nii -32 -58 46 0.368156 0.493729
RRV083 con_0030.nii -6 49 1 -1.05165 0.527503
