RRV066 con_0001.nii 9 3 -6 -0.107165 0.442102
RRV066 con_0001.nii -9 3 -6 -0.211213 0.411645
RRV066 con_0001.nii -30 33 -18 -0.190953 0.238129
RRV066 con_0001.nii 46 28 31 0.26511 0.138193
RRV066 con_0001.nii -44 27 33 -0.144239 0.235935
RRV066 con_0001.nii 44 8 34 1.82431 0.56646
RRV066 con_0001.nii -42 7 36 0.46913 0.379171
RRV066 con_0001.nii 54 -44 43 -0.157418 0.19932
RRV066 con_0001.nii -53 -50 39 -0.312628 0.31515
RRV066 con_0001.nii 32 -59 41 0.33083 0.27908
RRV066 con_0001.nii -32 -58 46 0.0728869 0.447428
RRV066 con_0001.nii -6 49 1 -0.170308 0.277664
RRV066 con_0002.nii 9 3 -6 -0.163456 0.199934
RRV066 con_0002.nii -9 3 -6 0.168922 0.320542
RRV066 con_0002.nii -30 33 -18 -0.404741 0.159117
RRV066 con_0002.nii 46 28 31 -0.021979 0.316268
RRV066 con_0002.nii -44 27 33 -0.560317 0.227934
RRV066 con_0002.nii 44 8 34 0.814567 0.338366
RRV066 con_0002.nii -42 7 36 -0.401112 0.465844
RRV066 con_0002.nii 54 -44 43 -0.870895 0.368656
RRV066 con_0002.nii -53 -50 39 -1.01959 0.569114
RRV066 con_0002.nii 32 -59 41 0.58057 0.301985
RRV066 con_0002.nii -32 -58 46 -0.18357 0.356901
RRV066 con_0002.nii -6 49 1 -0.564177 0.365819
RRV066 con_0003.nii 9 3 -6 -0.270621 0.464498
RRV066 con_0003.nii -9 3 -6 -0.0422908 0.368954
RRV066 con_0003.nii -30 33 -18 -0.595694 0.325813
RRV066 con_0003.nii 46 28 31 0.243131 0.367738
RRV066 con_0003.nii -44 27 33 -0.704556 0.386496
RRV066 con_0003.nii 44 8 34 2.63888 0.825362
RRV066 con_0003.nii -42 7 36 0.0680185 0.453938
RRV066 con_0003.nii 54 -44 43 -1.02831 0.50703
RRV066 con_0003.nii -53 -50 39 -1.33222 0.813385
RRV066 con_0003.nii 32 -59 41 0.9114 0.506791
RRV066 con_0003.nii -32 -58 46 -0.110683 0.705435
RRV066 con_0003.nii -6 49 1 -0.734485 0.614186
RRV066 con_0004.nii 9 3 -6 -0.118127 0.715315
RRV066 con_0004.nii -9 3 -6 0.26237 0.292141
RRV066 con_0004.nii -30 33 -18 -0.255816 0.374644
RRV066 con_0004.nii 46 28 31 0.331247 0.315526
RRV066 con_0004.nii -44 27 33 0.0598935 0.167041
RRV066 con_0004.nii 44 8 34 1.56167 0.462163
RRV066 con_0004.nii -42 7 36 0.104012 0.350325
RRV066 con_0004.nii 54 -44 43 0.0862396 0.238952
RRV066 con_0004.nii -53 -50 39 -0.237531 0.380981
RRV066 con_0004.nii 32 -59 41 0.371513 0.436243
RRV066 con_0004.nii -32 -58 46 0.510019 0.395333
RRV066 con_0004.nii -6 49 1 0.0650634 0.433175
RRV066 con_0005.nii 9 3 -6 0.151204 0.366721
RRV066 con_0005.nii -9 3 -6 0.0311619 0.332382
RRV066 con_0005.nii -30 33 -18 -0.394858 0.214246
RRV066 con_0005.nii 46 28 31 0.0829546 0.293114
RRV066 con_0005.nii -44 27 33 -0.125397 0.224515
RRV066 con_0005.nii 44 8 34 1.13128 0.486761
RRV066 con_0005.nii -42 7 36 -0.037541 0.384217
RRV066 con_0005.nii 54 -44 43 -0.0042384 0.351025
RRV066 con_0005.nii -53 -50 39 0.0297956 0.253354
RRV066 con_0005.nii 32 -59 41 0.353721 0.334588
RRV066 con_0005.nii -32 -58 46 0.0570901 0.716362
RRV066 con_0005.nii -6 49 1 -0.52784 0.326457
RRV066 con_0006.nii 9 3 -6 0.0330765 0.886266
RRV066 con_0006.nii -9 3 -6 0.293532 0.305879
RRV066 con_0006.nii -30 33 -18 -0.650673 0.409689
RRV066 con_0006.nii 46 28 31 0.414202 0.473367
RRV066 con_0006.nii -44 27 33 -0.0655032 0.313919
RRV066 con_0006.nii 44 8 34 2.69295 0.835648
RRV066 con_0006.nii -42 7 36 0.0664709 0.356545
RRV066 con_0006.nii 54 -44 43 0.0820012 0.505534
RRV066 con_0006.nii -53 -50 39 -0.207735 0.605977
RRV066 con_0006.nii 32 -59 41 0.725234 0.561598
RRV066 con_0006.nii -32 -58 46 0.567109 0.938576
RRV066 con_0006.nii -6 49 1 -0.462777 0.716171
RRV066 con_0007.nii 9 3 -6 0.282279 0.23205
RRV066 con_0007.nii -9 3 -6 -0.0330952 0.492286
RRV066 con_0007.nii -30 33 -18 0.0546194 0.255355
RRV066 con_0007.nii 46 28 31 0.184021 0.170588
RRV066 con_0007.nii -44 27 33 -0.280018 0.23337
RRV066 con_0007.nii 44 8 34 0.930491 0.359882
RRV066 con_0007.nii -42 7 36 -0.19178 0.548586
RRV066 con_0007.nii 54 -44 43 -0.0526338 0.467203
RRV066 con_0007.nii -53 -50 39 -0.180011 0.362072
RRV066 con_0007.nii 32 -59 41 -0.15738 0.241218
RRV066 con_0007.nii -32 -58 46 -0.278288 0.436379
RRV066 con_0007.nii -6 49 1 0.607766 0.312277
RRV066 con_0008.nii 9 3 -6 -0.452189 0.483042
RRV066 con_0008.nii -9 3 -6 -0.375432 0.547557
RRV066 con_0008.nii -30 33 -18 -0.413835 0.267981
RRV066 con_0008.nii 46 28 31 0.220171 0.396426
RRV066 con_0008.nii -44 27 33 0.0713881 0.418924
RRV066 con_0008.nii 44 8 34 0.726636 0.652587
RRV066 con_0008.nii -42 7 36 -0.0455681 0.701369
RRV066 con_0008.nii 54 -44 43 0.265162 0.202026
RRV066 con_0008.nii -53 -50 39 1.08281 0.360438
RRV066 con_0008.nii 32 -59 41 -0.115383 0.286997
RRV066 con_0008.nii -32 -58 46 -0.150475 0.806532
RRV066 con_0008.nii -6 49 1 -0.842582 0.334477
RRV066 con_0009.nii 9 3 -6 -0.16991 0.476035
RRV066 con_0009.nii -9 3 -6 -0.408527 0.618948
RRV066 con_0009.nii -30 33 -18 -0.359215 0.359833
RRV066 con_0009.nii 46 28 31 0.404193 0.487935
RRV066 con_0009.nii -44 27 33 -0.20863 0.575329
RRV066 con_0009.nii 44 8 34 1.65713 0.918617
RRV066 con_0009.nii -42 7 36 -0.237348 1.23722
RRV066 con_0009.nii 54 -44 43 0.212528 0.574324
RRV066 con_0009.nii -53 -50 39 0.902799 0.631129
RRV066 con_0009.nii 32 -59 41 -0.272763 0.47574
RRV066 con_0009.nii -32 -58 46 -0.428763 1.02584
RRV066 con_0009.nii -6 49 1 -0.234816 0.540162
RRV066 con_0010.nii 9 3 -6 -0.0975408 0.198981
RRV066 con_0010.nii -9 3 -6 -0.305002 0.443846
RRV066 con_0010.nii -30 33 -18 -0.094057 0.124696
RRV066 con_0010.nii 46 28 31 0.164487 0.160958
RRV066 con_0010.nii -44 27 33 -0.298858 0.238683
RRV066 con_0010.nii 44 8 34 1.09775 0.430776
RRV066 con_0010.nii -42 7 36 -0.0707766 0.428749
RRV066 con_0010.nii 54 -44 43 0.504079 0.184798
RRV066 con_0010.nii -53 -50 39 0.367997 0.322474
RRV066 con_0010.nii 32 -59 41 0.0238759 0.163988
RRV066 con_0010.nii -32 -58 46 -0.152398 0.310961
RRV066 con_0010.nii -6 49 1 -0.140679 0.472624
RRV066 con_0011.nii 9 3 -6 -0.0647757 0.312983
RRV066 con_0011.nii -9 3 -6 -0.0809223 0.133423
RRV066 con_0011.nii -30 33 -18 -0.0845845 0.188367
RRV066 con_0011.nii 46 28 31 0.0994387 0.293607
RRV066 con_0011.nii -44 27 33 0.110209 0.294545
RRV066 con_0011.nii 44 8 34 1.12074 0.430324
RRV066 con_0011.nii -42 7 36 0.400121 0.406074
RRV066 con_0011.nii 54 -44 43 -0.722141 0.264282
RRV066 con_0011.nii -53 -50 39 -0.362801 0.159865
RRV066 con_0011.nii 32 -59 41 0.186276 0.247607
RRV066 con_0011.nii -32 -58 46 -0.0748397 0.454212
RRV066 con_0011.nii -6 49 1 -0.237273 0.352097
RRV066 con_0012.nii 9 3 -6 -0.162317 0.362141
RRV066 con_0012.nii -9 3 -6 -0.385924 0.524309
RRV066 con_0012.nii -30 33 -18 -0.178642 0.263179
RRV066 con_0012.nii 46 28 31 0.263926 0.314698
RRV066 con_0012.nii -44 27 33 -0.188649 0.423207
RRV066 con_0012.nii 44 8 34 2.2185 0.832924
RRV066 con_0012.nii -42 7 36 0.329345 0.766738
RRV066 con_0012.nii 54 -44 43 -0.218062 0.26689
RRV066 con_0012.nii -53 -50 39 0.0051963 0.39178
RRV066 con_0012.nii 32 -59 41 0.210152 0.357806
RRV066 con_0012.nii -32 -58 46 -0.227238 0.729485
RRV066 con_0012.nii -6 49 1 -0.377952 0.773621
RRV066 con_0013.nii 9 3 -6 -0.162784 0.320038
RRV066 con_0013.nii -9 3 -6 -0.196689 0.359313
RRV066 con_0013.nii -30 33 -18 -0.0838085 0.196035
RRV066 con_0013.nii 46 28 31 0.438509 0.342148
RRV066 con_0013.nii -44 27 33 0.570208 0.36702
RRV066 con_0013.nii 44 8 34 2.16024 0.853781
RRV066 con_0013.nii -42 7 36 0.664791 0.607714
RRV066 con_0013.nii 54 -44 43 -0.19316 0.179027
RRV066 con_0013.nii -53 -50 39 -0.111361 0.320957
RRV066 con_0013.nii 32 -59 41 0.947837 0.651488
RRV066 con_0013.nii -32 -58 46 0.624281 0.551178
RRV066 con_0013.nii -6 49 1 0.261061 0.283603
RRV066 con_0014.nii 9 3 -6 -0.419545 0.192619
RRV066 con_0014.nii -9 3 -6 -0.368772 0.270536
RRV066 con_0014.nii -30 33 -18 -0.172471 0.257989
RRV066 con_0014.nii 46 28 31 0.158907 0.277099
RRV066 con_0014.nii -44 27 33 0.0580036 0.324216
RRV066 con_0014.nii 44 8 34 0.698136 0.542347
RRV066 con_0014.nii -42 7 36 -0.199719 0.497311
RRV066 con_0014.nii 54 -44 43 -0.491484 0.277597
RRV066 con_0014.nii -53 -50 39 -0.643874 0.335186
RRV066 con_0014.nii 32 -59 41 0.336469 0.581411
RRV066 con_0014.nii -32 -58 46 0.118298 0.504655
RRV066 con_0014.nii -6 49 1 -1.03395 0.394633
RRV066 con_0015.nii 9 3 -6 -0.582329 0.403198
RRV066 con_0015.nii -9 3 -6 -0.565461 0.475665
RRV066 con_0015.nii -30 33 -18 -0.256279 0.395563
RRV066 con_0015.nii 46 28 31 0.597416 0.586292
RRV066 con_0015.nii -44 27 33 0.628212 0.600659
RRV066 con_0015.nii 44 8 34 2.85837 1.20291
RRV066 con_0015.nii -42 7 36 0.465073 0.696074
RRV066 con_0015.nii 54 -44 43 -0.684645 0.410899
RRV066 con_0015.nii -53 -50 39 -0.755234 0.442468
RRV066 con_0015.nii 32 -59 41 1.28431 1.19324
RRV066 con_0015.nii -32 -58 46 0.74258 0.991724
RRV066 con_0015.nii -6 49 1 -0.772893 0.629461
RRV066 con_0016.nii 9 3 -6 0.0189954 0.320841
RRV066 con_0016.nii -9 3 -6 0.00602063 0.362674
RRV066 con_0016.nii -30 33 -18 -0.130716 0.216098
RRV066 con_0016.nii 46 28 31 0.260126 0.098974
RRV066 con_0016.nii -44 27 33 -0.121455 0.190381
RRV066 con_0016.nii 44 8 34 1.43883 0.446853
RRV066 con_0016.nii -42 7 36 0.127121 0.245346
RRV066 con_0016.nii 54 -44 43 -0.0412708 0.25911
RRV066 con_0016.nii -53 -50 39 -0.24339 0.317998
RRV066 con_0016.nii 32 -59 41 0.181655 0.226253
RRV066 con_0016.nii -32 -58 46 0.101539 0.404706
RRV066 con_0016.nii -6 49 1 0.167507 0.260169
RRV066 con_0017.nii 9 3 -6 -0.154814 0.253092
RRV066 con_0017.nii -9 3 -6 -0.0584492 0.282592
RRV066 con_0017.nii -30 33 -18 -0.404478 0.137585
RRV066 con_0017.nii 46 28 31 0.0937156 0.307081
RRV066 con_0017.nii -44 27 33 -0.204775 0.241211
RRV066 con_0017.nii 44 8 34 0.890827 0.443466
RRV066 con_0017.nii -42 7 36 -0.161407 0.460517
RRV066 con_0017.nii 54 -44 43 -0.203324 0.264687
RRV066 con_0017.nii -53 -50 39 0.0310054 0.260737
RRV066 con_0017.nii 32 -59 41 0.272969 0.222623
RRV066 con_0017.nii -32 -58 46 -0.0923184 0.602538
RRV066 con_0017.nii -6 49 1 -0.644866 0.305287
RRV066 con_0018.nii 9 3 -6 -0.135818 0.46472
RRV066 con_0018.nii -9 3 -6 -0.0524286 0.345589
RRV066 con_0018.nii -30 33 -18 -0.535194 0.299914
RRV066 con_0018.nii 46 28 31 0.353842 0.373286
RRV066 con_0018.nii -44 27 33 -0.32623 0.393799
RRV066 con_0018.nii 44 8 34 2.32965 0.824785
RRV066 con_0018.nii -42 7 36 -0.0342861 0.581438
RRV066 con_0018.nii 54 -44 43 -0.244595 0.496161
RRV066 con_0018.nii -53 -50 39 -0.212385 0.544558
RRV066 con_0018.nii 32 -59 41 0.454624 0.359358
RRV066 con_0018.nii -32 -58 46 0.00922085 0.829479
RRV066 con_0018.nii -6 49 1 -0.477359 0.554711
RRV066 con_0019.nii 9 3 -6 -0.00962443 0.571273
RRV066 con_0019.nii -9 3 -6 0.0937892 0.609599
RRV066 con_0019.nii -30 33 -18 -0.0968957 0.191099
RRV066 con_0019.nii 46 28 31 0.100623 0.218055
RRV066 con_0019.nii -44 27 33 0.154619 0.255948
RRV066 con_0019.nii 44 8 34 0.726563 0.321864
RRV066 con_0019.nii -42 7 36 0.539907 0.465411
RRV066 con_0019.nii 54 -44 43 -0.661497 0.336166
RRV066 con_0019.nii -53 -50 39 -0.680625 0.378595
RRV066 con_0019.nii 32 -59 41 0.306954 0.178849
RRV066 con_0019.nii -32 -58 46 0.225285 0.408433
RRV066 con_0019.nii -6 49 1 -0.0296295 0.27642
RRV066 con_0020.nii 9 3 -6 -0.0986804 0.385853
RRV066 con_0020.nii -9 3 -6 0.249844 0.34918
RRV066 con_0020.nii -30 33 -18 -0.320157 0.218415
RRV066 con_0020.nii 46 28 31 -0.121418 0.323414
RRV066 con_0020.nii -44 27 33 -0.670526 0.257088
RRV066 con_0020.nii 44 8 34 -0.306177 0.3479
RRV066 con_0020.nii -42 7 36 -0.801233 0.432344
RRV066 con_0020.nii 54 -44 43 -0.148754 0.38179
RRV066 con_0020.nii -53 -50 39 -0.656789 0.520954
RRV066 con_0020.nii 32 -59 41 0.394294 0.310396
RRV066 con_0020.nii -32 -58 46 -0.10873 0.215008
RRV066 con_0020.nii -6 49 1 -0.326904 0.24669
RRV066 con_0021.nii 9 3 -6 -0.108305 0.543938
RRV066 con_0021.nii -9 3 -6 0.343633 0.680896
RRV066 con_0021.nii -30 33 -18 -0.417053 0.268156
RRV066 con_0021.nii 46 28 31 -0.0207947 0.301262
RRV066 con_0021.nii -44 27 33 -0.515907 0.293771
RRV066 con_0021.nii 44 8 34 0.420386 0.504293
RRV066 con_0021.nii -42 7 36 -0.261326 0.48668
RRV066 con_0021.nii 54 -44 43 -0.810251 0.58221
RRV066 con_0021.nii -53 -50 39 -1.33741 0.884371
RRV066 con_0021.nii 32 -59 41 0.701248 0.384273
RRV066 con_0021.nii -32 -58 46 0.116555 0.437313
RRV066 con_0021.nii -6 49 1 -0.356533 0.343493
RRV066 con_0022.nii 9 3 -6 -0.0205865 0.684079
RRV066 con_0022.nii -9 3 -6 0.567372 0.63739
RRV066 con_0022.nii -30 33 -18 -0.161759 0.292075
RRV066 con_0022.nii 46 28 31 0.16676 0.217632
RRV066 con_0022.nii -44 27 33 0.358752 0.255931
RRV066 con_0022.nii 44 8 34 0.463923 0.381631
RRV066 con_0022.nii -42 7 36 0.174789 0.65936
RRV066 con_0022.nii 54 -44 43 -0.417839 0.318541
RRV066 con_0022.nii -53 -50 39 -0.605528 0.297014
RRV066 con_0022.nii 32 -59 41 0.347638 0.379575
RRV066 con_0022.nii -32 -58 46 0.662417 0.311705
RRV066 con_0022.nii -6 49 1 0.205742 0.382814
RRV066 con_0023.nii 9 3 -6 0.21598 0.275925
RRV066 con_0023.nii -9 3 -6 0.112084 0.266926
RRV066 con_0023.nii -30 33 -18 -0.310273 0.348457
RRV066 con_0023.nii 46 28 31 -0.0164841 0.288929
RRV066 con_0023.nii -44 27 33 -0.235606 0.194973
RRV066 con_0023.nii 44 8 34 0.0105358 0.221825
RRV066 con_0023.nii -42 7 36 -0.437662 0.462269
RRV066 con_0023.nii 54 -44 43 0.717903 0.244126
RRV066 con_0023.nii -53 -50 39 0.392597 0.172894
RRV066 con_0023.nii 32 -59 41 0.167445 0.268716
RRV066 con_0023.nii -32 -58 46 0.13193 0.460787
RRV066 con_0023.nii -6 49 1 -0.290567 0.377576
RRV066 con_0024.nii 9 3 -6 0.195393 0.721014
RRV066 con_0024.nii -9 3 -6 0.679456 0.532395
RRV066 con_0024.nii -30 33 -18 -0.472032 0.396254
RRV066 con_0024.nii 46 28 31 0.150276 0.478098
RRV066 con_0024.nii -44 27 33 0.123146 0.191011
RRV066 con_0024.nii 44 8 34 0.474459 0.413716
RRV066 con_0024.nii -42 7 36 -0.262874 0.809149
RRV066 con_0024.nii 54 -44 43 0.300063 0.500723
RRV066 con_0024.nii -53 -50 39 -0.212932 0.428057
RRV066 con_0024.nii 32 -59 41 0.515082 0.477794
RRV066 con_0024.nii -32 -58 46 0.794347 0.331952
RRV066 con_0024.nii -6 49 1 -0.0848246 0.680305
RRV066 con_0025.nii 9 3 -6 0.37982 0.372561
RRV066 con_0025.nii -9 3 -6 0.271907 0.767916
RRV066 con_0025.nii -30 33 -18 0.148676 0.238431
RRV066 con_0025.nii 46 28 31 0.019534 0.255467
RRV066 con_0025.nii -44 27 33 0.01884 0.257358
RRV066 con_0025.nii 44 8 34 -0.167261 0.306752
RRV066 con_0025.nii -42 7 36 -0.121003 0.212294
RRV066 con_0025.nii 54 -44 43 -0.556713 0.612101
RRV066 con_0025.nii -53 -50 39 -0.548008 0.29808
RRV066 con_0025.nii 32 -59 41 -0.181256 0.232146
RRV066 con_0025.nii -32 -58 46 -0.12589 0.353903
RRV066 con_0025.nii -6 49 1 0.748445 0.676059
RRV066 con_0026.nii 9 3 -6 -0.387413 0.403956
RRV066 con_0026.nii -9 3 -6 -0.294509 0.582986
RRV066 con_0026.nii -30 33 -18 -0.32925 0.261674
RRV066 con_0026.nii 46 28 31 0.120733 0.411901
RRV066 con_0026.nii -44 27 33 -0.038821 0.284155
RRV066 con_0026.nii 44 8 34 -0.394108 0.391977
RRV066 con_0026.nii -42 7 36 -0.44569 0.481378
RRV066 con_0026.nii 54 -44 43 0.987303 0.247011
RRV066 con_0026.nii -53 -50 39 1.44561 0.357372
RRV066 con_0026.nii 32 -59 41 -0.301659 0.197711
RRV066 con_0026.nii -32 -58 46 -0.0756358 0.547825
RRV066 con_0026.nii -6 49 1 -0.605309 0.23769
RRV066 con_0027.nii 9 3 -6 -0.00759358 0.501666
RRV066 con_0027.nii -9 3 -6 -0.0226026 1.0316
RRV066 con_0027.nii -30 33 -18 -0.180574 0.365823
RRV066 con_0027.nii 46 28 31 0.140267 0.35607
RRV066 con_0027.nii -44 27 33 -0.019981 0.259157
RRV066 con_0027.nii 44 8 34 -0.56137 0.352452
RRV066 con_0027.nii -42 7 36 -0.566692 0.605686
RRV066 con_0027.nii 54 -44 43 0.43059 0.610657
RRV066 con_0027.nii -53 -50 39 0.897603 0.409164
RRV066 con_0027.nii 32 -59 41 -0.482914 0.35846
RRV066 con_0027.nii -32 -58 46 -0.201525 0.433636
RRV066 con_0027.nii -6 49 1 0.143136 0.818393
RRV066 con_0028.nii 9 3 -6 0.116536 0.400399
RRV066 con_0028.nii -9 3 -6 0.311023 0.649365
RRV066 con_0028.nii -30 33 -18 -0.0366593 0.137235
RRV066 con_0028.nii 46 28 31 0.0956391 0.118051
RRV066 con_0028.nii -44 27 33 0.177404 0.236607
RRV066 con_0028.nii 44 8 34 0.341075 0.304621
RRV066 con_0028.nii -42 7 36 0.197898 0.321232
RRV066 con_0028.nii 54 -44 43 -0.54535 0.398101
RRV066 con_0028.nii -53 -50 39 -0.611387 0.28764
RRV066 con_0028.nii 32 -59 41 0.157779 0.138018
RRV066 con_0028.nii -32 -58 46 0.253938 0.333506
RRV066 con_0028.nii -6 49 1 0.308186 0.416661
RRV066 con_0029.nii 9 3 -6 -0.090038 0.239845
RRV066 con_0029.nii -9 3 -6 0.0224731 0.294155
RRV066 con_0029.nii -30 33 -18 -0.319893 0.224616
RRV066 con_0029.nii 46 28 31 -0.0057231 0.314929
RRV066 con_0029.nii -44 27 33 -0.314984 0.164867
RRV066 con_0029.nii 44 8 34 -0.229916 0.213366
RRV066 con_0029.nii -42 7 36 -0.561528 0.370591
RRV066 con_0029.nii 54 -44 43 0.518817 0.242633
RRV066 con_0029.nii -53 -50 39 0.393807 0.195753
RRV066 con_0029.nii 32 -59 41 0.0866936 0.153639
RRV066 con_0029.nii -32 -58 46 -0.0174787 0.344855
RRV066 con_0029.nii -6 49 1 -0.407593 0.249829
RRV066 con_0030.nii 9 3 -6 0.0264982 0.403095
RRV066 con_0030.nii -9 3 -6 0.333496 0.720363
RRV066 con_0030.nii -30 33 -18 -0.356553 0.276356
RRV066 con_0030.nii 46 28 31 0.089916 0.298195
RRV066 con_0030.nii -44 27 33 -0.137581 0.159429
RRV066 con_0030.nii 44 8 34 0.111158 0.349819
RRV066 con_0030.nii -42 7 36 -0.363631 0.369124
RRV066 con_0030.nii 54 -44 43 -0.0265325 0.534986
RRV066 con_0030.nii -53 -50 39 -0.217581 0.445445
RRV066 con_0030.nii 32 -59 41 0.244472 0.176356
RRV066 con_0030.nii -32 -58 46 0.236459 0.202209
RRV066 con_0030.nii -6 49 1 -0.0994072 0.574972
