RRV069 con_0001.nii 9 3 -6 0.477022 0.2094
RRV069 con_0001.nii -9 3 -6 -0.270745 0.521365
RRV069 con_0001.nii -30 33 -18 0.148123 0.184171
RRV069 con_0001.nii 46 28 31 0.434836 0.39701
RRV069 con_0001.nii -44 27 33 0.507496 0.340179
RRV069 con_0001.nii 44 8 34 1.28367 0.627612
RRV069 con_0001.nii -42 7 36 1.29838 0.386127
RRV069 con_0001.nii 54 -44 43 1.11199 0.285845
RRV069 con_0001.nii -53 -50 39 0.90509 0.174029
RRV069 con_0001.nii 32 -59 41 0.978383 0.524783
RRV069 con_0001.nii -32 -58 46 0.924004 0.295444
RRV069 con_0001.nii -6 49 1 1.03144 0.316531
RRV069 con_0002.nii 9 3 -6 -0.202923 0.298063
RRV069 con_0002.nii -9 3 -6 -0.00596368 0.199909
RRV069 con_0002.nii -30 33 -18 0.93809 0.441756
RRV069 con_0002.nii 46 28 31 0.291065 0.432474
RRV069 con_0002.nii -44 27 33 0.158718 0.277692
RRV069 con_0002.nii 44 8 34 -0.840705 0.5691
RRV069 con_0002.nii -42 7 36 0.151106 0.365515
RRV069 con_0002.nii 54 -44 43 1.47424 0.501091
RRV069 con_0002.nii -53 -50 39 0.749475 0.13161
RRV069 con_0002.nii 32 -59 41 0.0805268 0.133082
RRV069 con_0002.nii -32 -58 46 0.366103 0.167632
RRV069 con_0002.nii -6 49 1 -0.420802 0.252774
RRV069 con_0003.nii 9 3 -6 0.274099 0.31501
RRV069 con_0003.nii -9 3 -6 -0.276709 0.569844
RRV069 con_0003.nii -30 33 -18 1.08621 0.511012
RRV069 con_0003.nii 46 28 31 0.725901 0.74066
RRV069 con_0003.nii -44 27 33 0.666214 0.412818
RRV069 con_0003.nii 44 8 34 0.44296 0.539099
RRV069 con_0003.nii -42 7 36 1.44948 0.324246
RRV069 con_0003.nii 54 -44 43 2.58623 0.726797
RRV069 con_0003.nii -53 -50 39 1.65456 0.209859
RRV069 con_0003.nii 32 -59 41 1.05891 0.579099
RRV069 con_0003.nii -32 -58 46 1.29011 0.336135
RRV069 con_0003.nii -6 49 1 0.61064 0.340616
RRV069 con_0004.nii 9 3 -6 -0.0604236 0.271973
RRV069 con_0004.nii -9 3 -6 0.118352 0.319559
RRV069 con_0004.nii -30 33 -18 0.111295 0.176819
RRV069 con_0004.nii 46 28 31 0.395839 0.320949
RRV069 con_0004.nii -44 27 33 -0.142692 0.311
RRV069 con_0004.nii 44 8 34 -0.398732 0.237613
RRV069 con_0004.nii -42 7 36 0.861392 0.308308
RRV069 con_0004.nii 54 -44 43 1.67607 0.547909
RRV069 con_0004.nii -53 -50 39 0.733278 0.231601
RRV069 con_0004.nii 32 -59 41 0.10141 0.225527
RRV069 con_0004.nii -32 -58 46 0.690115 0.645144
RRV069 con_0004.nii -6 49 1 0.846467 0.639432
RRV069 con_0005.nii 9 3 -6 0.133741 0.487663
RRV069 con_0005.nii -9 3 -6 -0.00204945 0.308182
RRV069 con_0005.nii -30 33 -18 0.572894 0.408925
RRV069 con_0005.nii 46 28 31 -0.645361 0.423434
RRV069 con_0005.nii -44 27 33 -0.517704 0.412171
RRV069 con_0005.nii 44 8 34 -1.43312 0.832901
RRV069 con_0005.nii -42 7 36 -0.763093 0.533675
RRV069 con_0005.nii 54 -44 43 -0.000385069 0.282051
RRV069 con_0005.nii -53 -50 39 0.438591 0.474992
RRV069 con_0005.nii 32 -59 41 -0.235368 0.321482
RRV069 con_0005.nii -32 -58 46 -0.986196 0.406685
RRV069 con_0005.nii -6 49 1 0.408753 0.629407
RRV069 con_0006.nii 9 3 -6 0.0733176 0.570657
RRV069 con_0006.nii -9 3 -6 0.116302 0.507994
RRV069 con_0006.nii -30 33 -18 0.684188 0.451757
RRV069 con_0006.nii 46 28 31 -0.249522 0.482086
RRV069 con_0006.nii -44 27 33 -0.660396 0.542455
RRV069 con_0006.nii 44 8 34 -1.83185 0.800624
RRV069 con_0006.nii -42 7 36 0.0982988 0.495032
RRV069 con_0006.nii 54 -44 43 1.67568 0.661433
RRV069 con_0006.nii -53 -50 39 1.17187 0.666874
RRV069 con_0006.nii 32 -59 41 -0.133958 0.217757
RRV069 con_0006.nii -32 -58 46 -0.296082 0.610233
RRV069 con_0006.nii -6 49 1 1.25522 0.763289
RRV069 con_0007.nii 9 3 -6 0.0125564 0.447978
RRV069 con_0007.nii -9 3 -6 0.0970962 0.456451
RRV069 con_0007.nii -30 33 -18 0.115595 0.282985
RRV069 con_0007.nii 46 28 31 0.0187715 0.366031
RRV069 con_0007.nii -44 27 33 0.493685 0.266281
RRV069 con_0007.nii 44 8 34 1.09095 0.56706
RRV069 con_0007.nii -42 7 36 0.695151 0.440172
RRV069 con_0007.nii 54 -44 43 0.238581 0.140404
RRV069 con_0007.nii -53 -50 39 0.164619 0.201496
RRV069 con_0007.nii 32 -59 41 0.863118 0.480067
RRV069 con_0007.nii -32 -58 46 0.758415 0.360014
RRV069 con_0007.nii -6 49 1 0.379017 0.255643
RRV069 con_0008.nii 9 3 -6 0.242263 0.309896
RRV069 con_0008.nii -9 3 -6 0.471362 0.31396
RRV069 con_0008.nii -30 33 -18 0.310616 0.32785
RRV069 con_0008.nii 46 28 31 -0.110175 0.161387
RRV069 con_0008.nii -44 27 33 0.0834579 0.345136
RRV069 con_0008.nii 44 8 34 -0.64103 0.420321
RRV069 con_0008.nii -42 7 36 0.0976195 0.480198
RRV069 con_0008.nii 54 -44 43 0.428601 0.224321
RRV069 con_0008.nii -53 -50 39 0.430479 0.28747
RRV069 con_0008.nii 32 -59 41 0.173954 0.263783
RRV069 con_0008.nii -32 -58 46 0.356076 0.283805
RRV069 con_0008.nii -6 49 1 -0.294557 0.61206
RRV069 con_0009.nii 9 3 -6 0.25482 0.65816
RRV069 con_0009.nii -9 3 -6 0.568458 0.391717
RRV069 con_0009.nii -30 33 -18 0.42621 0.555201
RRV069 con_0009.nii 46 28 31 -0.0914032 0.490817
RRV069 con_0009.nii -44 27 33 0.577143 0.17345
RRV069 con_0009.nii 44 8 34 0.44992 0.386863
RRV069 con_0009.nii -42 7 36 0.79277 0.462583
RRV069 con_0009.nii 54 -44 43 0.667182 0.284272
RRV069 con_0009.nii -53 -50 39 0.595098 0.307077
RRV069 con_0009.nii 32 -59 41 1.03707 0.634124
RRV069 con_0009.nii -32 -58 46 1.11449 0.500504
RRV069 con_0009.nii -6 49 1 0.08446 0.743551
RRV069 con_0010.nii 9 3 -6 -0.051678 0.125766
RRV069 con_0010.nii -9 3 -6 -0.0949972 0.0928083
RRV069 con_0010.nii -30 33 -18 -0.125709 0.142987
RRV069 con_0010.nii 46 28 31 0.230716 0.180509
RRV069 con_0010.nii -44 27 33 0.122784 0.14219
RRV069 con_0010.nii 44 8 34 0.314579 0.22893
RRV069 con_0010.nii -42 7 36 0.31848 0.138894
RRV069 con_0010.nii 54 -44 43 0.457486 0.187814
RRV069 con_0010.nii -53 -50 39 0.176231 0.149662
RRV069 con_0010.nii 32 -59 41 0.212877 0.194608
RRV069 con_0010.nii -32 -58 46 0.251577 0.163345
RRV069 con_0010.nii -6 49 1 -0.074692 0.305092
RRV069 con_0011.nii 9 3 -6 -0.0446743 0.249197
RRV069 con_0011.nii -9 3 -6 -0.455159 0.24814
RRV069 con_0011.nii -30 33 -18 0.478233 0.363616
RRV069 con_0011.nii 46 28 31 -0.0769262 0.195815
RRV069 con_0011.nii -44 27 33 -0.195766 0.131885
RRV069 con_0011.nii 44 8 34 -0.127694 0.313413
RRV069 con_0011.nii -42 7 36 -0.0298919 0.300167
RRV069 con_0011.nii 54 -44 43 0.146837 0.138583
RRV069 con_0011.nii -53 -50 39 0.363682 0.23874
RRV069 con_0011.nii 32 -59 41 0.0954594 0.237745
RRV069 con_0011.nii -32 -58 46 0.339975 0.387322
RRV069 con_0011.nii -6 49 1 0.0518091 0.287207
RRV069 con_0012.nii 9 3 -6 -0.0963523 0.303531
RRV069 con_0012.nii -9 3 -6 -0.550157 0.253319
RRV069 con_0012.nii -30 33 -18 0.352524 0.345191
RRV069 con_0012.nii 46 28 31 0.15379 0.317963
RRV069 con_0012.nii -44 27 33 -0.072982 0.175397
RRV069 con_0012.nii 44 8 34 0.186884 0.250875
RRV069 con_0012.nii -42 7 36 0.288588 0.225569
RRV069 con_0012.nii 54 -44 43 0.604323 0.257035
RRV069 con_0012.nii -53 -50 39 0.539913 0.214427
RRV069 con_0012.nii 32 -59 41 0.308336 0.335582
RRV069 con_0012.nii -32 -58 46 0.591552 0.284714
RRV069 con_0012.nii -6 49 1 -0.0228829 0.364979
RRV069 con_0013.nii 9 3 -6 0.103794 0.331106
RRV069 con_0013.nii -9 3 -6 -0.142467 0.192646
RRV069 con_0013.nii -30 33 -18 0.094247 0.105714
RRV069 con_0013.nii 46 28 31 0.241882 0.147955
RRV069 con_0013.nii -44 27 33 0.0612653 0.188799
RRV069 con_0013.nii 44 8 34 0.696412 0.22626
RRV069 con_0013.nii -42 7 36 0.414128 0.176592
RRV069 con_0013.nii 54 -44 43 0.409513 0.173119
RRV069 con_0013.nii -53 -50 39 0.1976 0.110772
RRV069 con_0013.nii 32 -59 41 0.485293 0.16093
RRV069 con_0013.nii -32 -58 46 0.625835 0.123993
RRV069 con_0013.nii -6 49 1 0.0981501 0.246074
RRV069 con_0014.nii 9 3 -6 0.0769347 0.171629
RRV069 con_0014.nii -9 3 -6 0.0247537 0.187046
RRV069 con_0014.nii -30 33 -18 -0.0432636 0.195155
RRV069 con_0014.nii 46 28 31 -0.281258 0.0895543
RRV069 con_0014.nii -44 27 33 -0.127382 0.14695
RRV069 con_0014.nii 44 8 34 -0.256922 0.295813
RRV069 con_0014.nii -42 7 36 -0.0795284 0.214703
RRV069 con_0014.nii 54 -44 43 -0.35532 0.347482
RRV069 con_0014.nii -53 -50 39 -0.139005 0.148879
RRV069 con_0014.nii 32 -59 41 0.23987 0.25196
RRV069 con_0014.nii -32 -58 46 -0.218926 0.332943
RRV069 con_0014.nii -6 49 1 -0.615737 0.230157
RRV069 con_0015.nii 9 3 -6 0.180729 0.295481
RRV069 con_0015.nii -9 3 -6 -0.117714 0.234564
RRV069 con_0015.nii -30 33 -18 0.0509834 0.261145
RRV069 con_0015.nii 46 28 31 -0.0393767 0.136435
RRV069 con_0015.nii -44 27 33 -0.066117 0.133358
RRV069 con_0015.nii 44 8 34 0.43949 0.352598
RRV069 con_0015.nii -42 7 36 0.3346 0.24646
RRV069 con_0015.nii 54 -44 43 0.0541934 0.228835
RRV069 con_0015.nii -53 -50 39 0.0585953 0.203956
RRV069 con_0015.nii 32 -59 41 0.725162 0.316122
RRV069 con_0015.nii -32 -58 46 0.406909 0.306342
RRV069 con_0015.nii -6 49 1 -0.517587 0.241595
RRV069 con_0016.nii 9 3 -6 0.143052 0.176593
RRV069 con_0016.nii -9 3 -6 -0.0184324 0.243292
RRV069 con_0016.nii -30 33 -18 0.125004 0.139129
RRV069 con_0016.nii 46 28 31 0.283149 0.319041
RRV069 con_0016.nii -44 27 33 0.286163 0.233261
RRV069 con_0016.nii 44 8 34 0.658628 0.410137
RRV069 con_0016.nii -42 7 36 0.951641 0.313978
RRV069 con_0016.nii 54 -44 43 1.00888 0.294972
RRV069 con_0016.nii -53 -50 39 0.600996 0.131702
RRV069 con_0016.nii 32 -59 41 0.647637 0.35055
RRV069 con_0016.nii -32 -58 46 0.790844 0.231219
RRV069 con_0016.nii -6 49 1 0.752309 0.352739
RRV069 con_0017.nii 9 3 -6 0.0576937 0.311063
RRV069 con_0017.nii -9 3 -6 0.15445 0.166971
RRV069 con_0017.nii -30 33 -18 0.6072 0.336668
RRV069 con_0017.nii 46 28 31 -0.154824 0.220646
RRV069 con_0017.nii -44 27 33 -0.0918426 0.281693
RRV069 con_0017.nii 44 8 34 -0.971617 0.581436
RRV069 con_0017.nii -42 7 36 -0.171456 0.434057
RRV069 con_0017.nii 54 -44 43 0.634151 0.271275
RRV069 con_0017.nii -53 -50 39 0.539515 0.275215
RRV069 con_0017.nii 32 -59 41 0.00637088 0.159402
RRV069 con_0017.nii -32 -58 46 -0.0880058 0.157663
RRV069 con_0017.nii -6 49 1 -0.102202 0.452244
RRV069 con_0018.nii 9 3 -6 0.200745 0.409003
RRV069 con_0018.nii -9 3 -6 0.136017 0.215504
RRV069 con_0018.nii -30 33 -18 0.732204 0.402941
RRV069 con_0018.nii 46 28 31 0.128325 0.45559
RRV069 con_0018.nii -44 27 33 0.19432 0.261623
RRV069 con_0018.nii 44 8 34 -0.312989 0.358708
RRV069 con_0018.nii -42 7 36 0.780185 0.334009
RRV069 con_0018.nii 54 -44 43 1.64303 0.513816
RRV069 con_0018.nii -53 -50 39 1.14051 0.335538
RRV069 con_0018.nii 32 -59 41 0.654008 0.374898
RRV069 con_0018.nii -32 -58 46 0.702839 0.27813
RRV069 con_0018.nii -6 49 1 0.650107 0.497648
RRV069 con_0019.nii 9 3 -6 0.5287 0.161753
RRV069 con_0019.nii -9 3 -6 -0.175748 0.470526
RRV069 con_0019.nii -30 33 -18 0.273832 0.199414
RRV069 con_0019.nii 46 28 31 0.20412 0.303632
RRV069 con_0019.nii -44 27 33 0.384712 0.348756
RRV069 con_0019.nii 44 8 34 0.969087 0.490446
RRV069 con_0019.nii -42 7 36 0.979899 0.319852
RRV069 con_0019.nii 54 -44 43 0.654503 0.17617
RRV069 con_0019.nii -53 -50 39 0.72886 0.195039
RRV069 con_0019.nii 32 -59 41 0.765506 0.369071
RRV069 con_0019.nii -32 -58 46 0.672426 0.30629
RRV069 con_0019.nii -6 49 1 1.10613 0.306372
RRV069 con_0020.nii 9 3 -6 -0.158249 0.47105
RRV069 con_0020.nii -9 3 -6 0.449196 0.332568
RRV069 con_0020.nii -30 33 -18 0.459857 0.206342
RRV069 con_0020.nii 46 28 31 0.367991 0.267525
RRV069 con_0020.nii -44 27 33 0.354484 0.271342
RRV069 con_0020.nii 44 8 34 -0.713011 0.409353
RRV069 con_0020.nii -42 7 36 0.180998 0.215303
RRV069 con_0020.nii 54 -44 43 1.3274 0.456991
RRV069 con_0020.nii -53 -50 39 0.385792 0.203485
RRV069 con_0020.nii 32 -59 41 -0.0149325 0.217459
RRV069 con_0020.nii -32 -58 46 0.0261282 0.465385
RRV069 con_0020.nii -6 49 1 -0.472611 0.317714
RRV069 con_0021.nii 9 3 -6 0.370451 0.520572
RRV069 con_0021.nii -9 3 -6 0.273448 0.699266
RRV069 con_0021.nii -30 33 -18 0.733689 0.302016
RRV069 con_0021.nii 46 28 31 0.572111 0.499564
RRV069 con_0021.nii -44 27 33 0.739196 0.430522
RRV069 con_0021.nii 44 8 34 0.256076 0.40851
RRV069 con_0021.nii -42 7 36 1.1609 0.443555
RRV069 con_0021.nii 54 -44 43 1.9819 0.554537
RRV069 con_0021.nii -53 -50 39 1.11465 0.167074
RRV069 con_0021.nii 32 -59 41 0.750574 0.469859
RRV069 con_0021.nii -32 -58 46 0.698554 0.528461
RRV069 con_0021.nii -6 49 1 0.633523 0.522316
RRV069 con_0022.nii 9 3 -6 -0.00874562 0.193435
RRV069 con_0022.nii -9 3 -6 0.213349 0.343772
RRV069 con_0022.nii -30 33 -18 0.237004 0.195764
RRV069 con_0022.nii 46 28 31 0.165123 0.230656
RRV069 con_0022.nii -44 27 33 -0.265476 0.206335
RRV069 con_0022.nii 44 8 34 -0.71331 0.264196
RRV069 con_0022.nii -42 7 36 0.542912 0.30208
RRV069 con_0022.nii 54 -44 43 1.21858 0.398914
RRV069 con_0022.nii -53 -50 39 0.557048 0.338158
RRV069 con_0022.nii 32 -59 41 -0.111467 0.249999
RRV069 con_0022.nii -32 -58 46 0.438537 0.506049
RRV069 con_0022.nii -6 49 1 0.921159 0.417269
RRV069 con_0023.nii 9 3 -6 0.178416 0.480488
RRV069 con_0023.nii -9 3 -6 0.45311 0.333392
RRV069 con_0023.nii -30 33 -18 0.094661 0.278239
RRV069 con_0023.nii 46 28 31 -0.568435 0.474048
RRV069 con_0023.nii -44 27 33 -0.321937 0.335101
RRV069 con_0023.nii 44 8 34 -1.30542 0.764333
RRV069 con_0023.nii -42 7 36 -0.733201 0.312469
RRV069 con_0023.nii 54 -44 43 -0.147222 0.241999
RRV069 con_0023.nii -53 -50 39 0.0749089 0.315962
RRV069 con_0023.nii 32 -59 41 -0.330827 0.238856
RRV069 con_0023.nii -32 -58 46 -1.32617 0.530918
RRV069 con_0023.nii -6 49 1 0.356944 0.504064
RRV069 con_0024.nii 9 3 -6 0.16967 0.472457
RRV069 con_0024.nii -9 3 -6 0.666459 0.411719
RRV069 con_0024.nii -30 33 -18 0.331665 0.23015
RRV069 con_0024.nii 46 28 31 -0.403311 0.471824
RRV069 con_0024.nii -44 27 33 -0.587414 0.43369
RRV069 con_0024.nii 44 8 34 -2.01873 0.823303
RRV069 con_0024.nii -42 7 36 -0.190289 0.43031
RRV069 con_0024.nii 54 -44 43 1.07136 0.514349
RRV069 con_0024.nii -53 -50 39 0.631957 0.61866
RRV069 con_0024.nii 32 -59 41 -0.442294 0.381345
RRV069 con_0024.nii -32 -58 46 -0.887634 0.833677
RRV069 con_0024.nii -6 49 1 1.2781 0.679637
RRV069 con_0025.nii 9 3 -6 0.0642344 0.476449
RRV069 con_0025.nii -9 3 -6 0.192093 0.435737
RRV069 con_0025.nii -30 33 -18 0.241304 0.234318
RRV069 con_0025.nii 46 28 31 -0.211944 0.242143
RRV069 con_0025.nii -44 27 33 0.3709 0.256512
RRV069 con_0025.nii 44 8 34 0.776372 0.468721
RRV069 con_0025.nii -42 7 36 0.376671 0.362781
RRV069 con_0025.nii 54 -44 43 -0.218905 0.20084
RRV069 con_0025.nii -53 -50 39 -0.0116119 0.180461
RRV069 con_0025.nii 32 -59 41 0.650241 0.322294
RRV069 con_0025.nii -32 -58 46 0.506838 0.402687
RRV069 con_0025.nii -6 49 1 0.453709 0.248697
RRV069 con_0026.nii 9 3 -6 0.286938 0.415566
RRV069 con_0026.nii -9 3 -6 0.926522 0.256716
RRV069 con_0026.nii -30 33 -18 -0.167617 0.478963
RRV069 con_0026.nii 46 28 31 -0.0332485 0.089572
RRV069 con_0026.nii -44 27 33 0.279224 0.3222
RRV069 con_0026.nii 44 8 34 -0.513336 0.368032
RRV069 con_0026.nii -42 7 36 0.127511 0.332859
RRV069 con_0026.nii 54 -44 43 0.281764 0.212916
RRV069 con_0026.nii -53 -50 39 0.0667971 0.212665
RRV069 con_0026.nii 32 -59 41 0.0784943 0.334309
RRV069 con_0026.nii -32 -58 46 0.0161005 0.538585
RRV069 con_0026.nii -6 49 1 -0.346366 0.522385
RRV069 con_0027.nii 9 3 -6 0.351172 0.729152
RRV069 con_0027.nii -9 3 -6 1.11861 0.45936
RRV069 con_0027.nii -30 33 -18 0.0736864 0.601807
RRV069 con_0027.nii 46 28 31 -0.245193 0.238536
RRV069 con_0027.nii -44 27 33 0.650125 0.190125
RRV069 con_0027.nii 44 8 34 0.263036 0.263963
RRV069 con_0027.nii -42 7 36 0.504183 0.511244
RRV069 con_0027.nii 54 -44 43 0.0628591 0.344132
RRV069 con_0027.nii -53 -50 39 0.0551852 0.307674
RRV069 con_0027.nii 32 -59 41 0.728735 0.421479
RRV069 con_0027.nii -32 -58 46 0.522938 0.437371
RRV069 con_0027.nii -6 49 1 0.107343 0.695284
RRV069 con_0028.nii 9 3 -6 0.19473 0.147916
RRV069 con_0028.nii -9 3 -6 0.0765647 0.2039
RRV069 con_0028.nii -30 33 -18 0.250713 0.123559
RRV069 con_0028.nii 46 28 31 0.0524331 0.195606
RRV069 con_0028.nii -44 27 33 0.163379 0.191388
RRV069 con_0028.nii 44 8 34 0.344049 0.295949
RRV069 con_0028.nii -42 7 36 0.633161 0.246993
RRV069 con_0028.nii 54 -44 43 0.551394 0.173114
RRV069 con_0028.nii -53 -50 39 0.424765 0.193621
RRV069 con_0028.nii 32 -59 41 0.43476 0.195377
RRV069 con_0028.nii -32 -58 46 0.539267 0.114504
RRV069 con_0028.nii -6 49 1 0.827001 0.207108
RRV069 con_0029.nii 9 3 -6 0.102368 0.405397
RRV069 con_0029.nii -9 3 -6 0.609609 0.214308
RRV069 con_0029.nii -30 33 -18 0.128967 0.270544
RRV069 con_0029.nii 46 28 31 -0.0778973 0.139034
RRV069 con_0029.nii -44 27 33 0.103924 0.232141
RRV069 con_0029.nii 44 8 34 -0.843923 0.485508
RRV069 con_0029.nii -42 7 36 -0.141564 0.238749
RRV069 con_0029.nii 54 -44 43 0.487314 0.225494
RRV069 con_0029.nii -53 -50 39 0.175833 0.171383
RRV069 con_0029.nii 32 -59 41 -0.0890885 0.184107
RRV069 con_0029.nii -32 -58 46 -0.427981 0.44312
RRV069 con_0029.nii -6 49 1 -0.154011 0.368247
RRV069 con_0030.nii 9 3 -6 0.297098 0.472465
RRV069 con_0030.nii -9 3 -6 0.686174 0.301442
RRV069 con_0030.nii -30 33 -18 0.37968 0.270784
RRV069 con_0030.nii 46 28 31 -0.0254642 0.208072
RRV069 con_0030.nii -44 27 33 0.267302 0.200136
RRV069 con_0030.nii 44 8 34 -0.499874 0.270253
RRV069 con_0030.nii -42 7 36 0.491597 0.371389
RRV069 con_0030.nii 54 -44 43 1.03871 0.381216
RRV069 con_0030.nii -53 -50 39 0.600598 0.294401
RRV069 con_0030.nii 32 -59 41 0.345672 0.245354
RRV069 con_0030.nii -32 -58 46 0.111286 0.469672
RRV069 con_0030.nii -6 49 1 0.67299 0.486348
