RRV054 con_0001.nii 9 3 -6 -0.173683 0.20989
RRV054 con_0001.nii -9 3 -6 0.167616 0.371138
RRV054 con_0001.nii -30 33 -18 0.0932156 0.447818
RRV054 con_0001.nii 46 28 31 0.747074 0.508213
RRV054 con_0001.nii -44 27 33 -0.541539 0.179508
RRV054 con_0001.nii 44 8 34 0.267039 0.277409
RRV054 con_0001.nii -42 7 36 -0.0243178 0.222415
RRV054 con_0001.nii 54 -44 43 -0.255759 0.254439
RRV054 con_0001.nii -53 -50 39 -0.753874 0.329419
RRV054 con_0001.nii 32 -59 41 0.268788 0.403427
RRV054 con_0001.nii -32 -58 46 0.370685 0.402315
RRV054 con_0001.nii -6 49 1 -1.86788 0.993805
RRV054 con_0002.nii 9 3 -6 -0.123819 0.239849
RRV054 con_0002.nii -9 3 -6 0.141644 0.209333
RRV054 con_0002.nii -30 33 -18 0.486866 0.271773
RRV054 con_0002.nii 46 28 31 0.457626 0.528762
RRV054 con_0002.nii -44 27 33 -0.029609 0.480329
RRV054 con_0002.nii 44 8 34 0.183168 0.209718
RRV054 con_0002.nii -42 7 36 0.28839 0.215087
RRV054 con_0002.nii 54 -44 43 0.371953 0.242409
RRV054 con_0002.nii -53 -50 39 -0.0971001 0.269522
RRV054 con_0002.nii 32 -59 41 1.11823 0.551781
RRV054 con_0002.nii -32 -58 46 0.514951 0.382845
RRV054 con_0002.nii -6 49 1 -1.66667 0.857335
RRV054 con_0003.nii 9 3 -6 -0.297502 0.319182
RRV054 con_0003.nii -9 3 -6 0.30926 0.437778
RRV054 con_0003.nii -30 33 -18 0.580081 0.664373
RRV054 con_0003.nii 46 28 31 1.2047 0.949752
RRV054 con_0003.nii -44 27 33 -0.571148 0.516279
RRV054 con_0003.nii 44 8 34 0.450207 0.416573
RRV054 con_0003.nii -42 7 36 0.264072 0.294306
RRV054 con_0003.nii 54 -44 43 0.116193 0.297134
RRV054 con_0003.nii -53 -50 39 -0.850974 0.359931
RRV054 con_0003.nii 32 -59 41 1.38702 0.91251
RRV054 con_0003.nii -32 -58 46 0.885636 0.742932
RRV054 con_0003.nii -6 49 1 -3.53455 1.74569
RRV054 con_0004.nii 9 3 -6 -0.14683 0.386897
RRV054 con_0004.nii -9 3 -6 -0.353245 0.584477
RRV054 con_0004.nii -30 33 -18 0.145219 0.322493
RRV054 con_0004.nii 46 28 31 -0.114248 0.338128
RRV054 con_0004.nii -44 27 33 -0.716036 0.339454
RRV054 con_0004.nii 44 8 34 0.234668 0.205721
RRV054 con_0004.nii -42 7 36 -0.122457 0.291185
RRV054 con_0004.nii 54 -44 43 -1.00276 0.343965
RRV054 con_0004.nii -53 -50 39 -0.888287 0.395917
RRV054 con_0004.nii 32 -59 41 0.165606 0.596297
RRV054 con_0004.nii -32 -58 46 0.0294872 0.394482
RRV054 con_0004.nii -6 49 1 -1.69937 0.758076
RRV054 con_0005.nii 9 3 -6 0.478897 0.308572
RRV054 con_0005.nii -9 3 -6 0.170638 0.318964
RRV054 con_0005.nii -30 33 -18 0.361903 0.297398
RRV054 con_0005.nii 46 28 31 0.59239 0.552221
RRV054 con_0005.nii -44 27 33 0.153421 0.27026
RRV054 con_0005.nii 44 8 34 0.143647 0.186203
RRV054 con_0005.nii -42 7 36 0.894546 0.598217
RRV054 con_0005.nii 54 -44 43 -0.156312 0.289924
RRV054 con_0005.nii -53 -50 39 0.282313 0.43185
RRV054 con_0005.nii 32 -59 41 0.786706 0.671004
RRV054 con_0005.nii -32 -58 46 0.712827 0.513962
RRV054 con_0005.nii -6 49 1 -2.15953 1.01037
RRV054 con_0006.nii 9 3 -6 0.332067 0.398597
RRV054 con_0006.nii -9 3 -6 -0.182607 0.725374
RRV054 con_0006.nii -30 33 -18 0.507122 0.582514
RRV054 con_0006.nii 46 28 31 0.478142 0.851212
RRV054 con_0006.nii -44 27 33 -0.562616 0.529466
RRV054 con_0006.nii 44 8 34 0.378315 0.310384
RRV054 con_0006.nii -42 7 36 0.772088 0.441544
RRV054 con_0006.nii 54 -44 43 -1.15907 0.601323
RRV054 con_0006.nii -53 -50 39 -0.605974 0.651249
RRV054 con_0006.nii 32 -59 41 0.952312 1.13462
RRV054 con_0006.nii -32 -58 46 0.742314 0.590515
RRV054 con_0006.nii -6 49 1 -3.8589 1.64624
RRV054 con_0007.nii 9 3 -6 -0.19973 0.273565
RRV054 con_0007.nii -9 3 -6 -0.118931 0.262405
RRV054 con_0007.nii -30 33 -18 -0.0924985 0.353147
RRV054 con_0007.nii 46 28 31 -0.151003 0.213036
RRV054 con_0007.nii -44 27 33 -0.566071 0.185957
RRV054 con_0007.nii 44 8 34 -0.145495 0.160019
RRV054 con_0007.nii -42 7 36 0.0105465 0.387557
RRV054 con_0007.nii 54 -44 43 -0.513378 0.36519
RRV054 con_0007.nii -53 -50 39 -0.332519 0.243217
RRV054 con_0007.nii 32 -59 41 0.386993 0.557196
RRV054 con_0007.nii -32 -58 46 -0.0837243 0.401281
RRV054 con_0007.nii -6 49 1 -1.31781 0.676394
RRV054 con_0008.nii 9 3 -6 0.622743 0.445645
RRV054 con_0008.nii -9 3 -6 0.458978 0.397573
RRV054 con_0008.nii -30 33 -18 0.379037 0.187908
RRV054 con_0008.nii 46 28 31 0.521207 0.271768
RRV054 con_0008.nii -44 27 33 0.770071 0.365237
RRV054 con_0008.nii 44 8 34 0.181184 0.227531
RRV054 con_0008.nii -42 7 36 0.518206 0.417227
RRV054 con_0008.nii 54 -44 43 0.228998 0.213305
RRV054 con_0008.nii -53 -50 39 0.218526 0.403937
RRV054 con_0008.nii 32 -59 41 0.890042 0.629827
RRV054 con_0008.nii -32 -58 46 0.0832347 0.463147
RRV054 con_0008.nii -6 49 1 -1.01125 0.873076
RRV054 con_0009.nii 9 3 -6 0.423013 0.497793
RRV054 con_0009.nii -9 3 -6 0.340046 0.507863
RRV054 con_0009.nii -30 33 -18 0.286539 0.343521
RRV054 con_0009.nii 46 28 31 0.370203 0.337107
RRV054 con_0009.nii -44 27 33 0.204001 0.470111
RRV054 con_0009.nii 44 8 34 0.0356887 0.269962
RRV054 con_0009.nii -42 7 36 0.528753 0.207423
RRV054 con_0009.nii 54 -44 43 -0.284381 0.469291
RRV054 con_0009.nii -53 -50 39 -0.113993 0.591714
RRV054 con_0009.nii 32 -59 41 1.27703 1.14535
RRV054 con_0009.nii -32 -58 46 -0.000489588 0.827836
RRV054 con_0009.nii -6 49 1 -2.32906 1.44503
RRV054 con_0010.nii 9 3 -6 -0.257766 0.341431
RRV054 con_0010.nii -9 3 -6 -0.0804678 0.286847
RRV054 con_0010.nii -30 33 -18 0.290577 0.196019
RRV054 con_0010.nii 46 28 31 -0.0959819 0.227527
RRV054 con_0010.nii -44 27 33 -0.774623 0.190447
RRV054 con_0010.nii 44 8 34 -0.147187 0.111386
RRV054 con_0010.nii -42 7 36 0.0484035 0.156359
RRV054 con_0010.nii 54 -44 43 -0.364609 0.35147
RRV054 con_0010.nii -53 -50 39 -0.530356 0.322035
RRV054 con_0010.nii 32 -59 41 -0.0663233 0.426294
RRV054 con_0010.nii -32 -58 46 -0.166539 0.244601
RRV054 con_0010.nii -6 49 1 -1.90126 0.848785
RRV054 con_0011.nii 9 3 -6 0.106841 0.159607
RRV054 con_0011.nii -9 3 -6 0.182315 0.154574
RRV054 con_0011.nii -30 33 -18 0.0403253 0.0672209
RRV054 con_0011.nii 46 28 31 0.413751 0.235779
RRV054 con_0011.nii -44 27 33 0.213773 0.0920318
RRV054 con_0011.nii 44 8 34 0.234089 0.133696
RRV054 con_0011.nii -42 7 36 0.0418826 0.198751
RRV054 con_0011.nii 54 -44 43 0.213248 0.310225
RRV054 con_0011.nii -53 -50 39 0.149919 0.380222
RRV054 con_0011.nii 32 -59 41 0.597466 0.4273
RRV054 con_0011.nii -32 -58 46 0.191316 0.256281
RRV054 con_0011.nii -6 49 1 -1.36372 0.514026
RRV054 con_0012.nii 9 3 -6 -0.150925 0.236218
RRV054 con_0012.nii -9 3 -6 0.101847 0.319185
RRV054 con_0012.nii -30 33 -18 0.330902 0.219728
RRV054 con_0012.nii 46 28 31 0.317769 0.39136
RRV054 con_0012.nii -44 27 33 -0.56085 0.179697
RRV054 con_0012.nii 44 8 34 0.0869021 0.22441
RRV054 con_0012.nii -42 7 36 0.0902861 0.199811
RRV054 con_0012.nii 54 -44 43 -0.151362 0.631628
RRV054 con_0012.nii -53 -50 39 -0.380436 0.538659
RRV054 con_0012.nii 32 -59 41 0.531143 0.763002
RRV054 con_0012.nii -32 -58 46 0.0247773 0.431163
RRV054 con_0012.nii -6 49 1 -3.26498 1.28081
RRV054 con_0013.nii 9 3 -6 -0.222832 0.198559
RRV054 con_0013.nii -9 3 -6 -0.156489 0.396499
RRV054 con_0013.nii -30 33 -18 -0.199864 0.209601
RRV054 con_0013.nii 46 28 31 0.0295604 0.490366
RRV054 con_0013.nii -44 27 33 -0.371478 0.155147
RRV054 con_0013.nii 44 8 34 0.334228 0.236428
RRV054 con_0013.nii -42 7 36 -0.0310708 0.277828
RRV054 con_0013.nii 54 -44 43 -1.00588 0.518543
RRV054 con_0013.nii -53 -50 39 -0.760608 0.335742
RRV054 con_0013.nii 32 -59 41 -0.0198451 0.420034
RRV054 con_0013.nii -32 -58 46 -0.172688 0.278738
RRV054 con_0013.nii -6 49 1 -1.89123 0.797788
RRV054 con_0014.nii 9 3 -6 0.547237 0.15063
RRV054 con_0014.nii -9 3 -6 -0.0804336 0.226037
RRV054 con_0014.nii -30 33 -18 -0.24823 0.158276
RRV054 con_0014.nii 46 28 31 0.990049 0.705111
RRV054 con_0014.nii -44 27 33 -0.220922 0.129889
RRV054 con_0014.nii 44 8 34 0.696432 0.329737
RRV054 con_0014.nii -42 7 36 -0.0083071 0.153723
RRV054 con_0014.nii 54 -44 43 0.0783882 0.156502
RRV054 con_0014.nii -53 -50 39 -0.366159 0.388239
RRV054 con_0014.nii 32 -59 41 0.543415 0.420883
RRV054 con_0014.nii -32 -58 46 0.120214 0.262638
RRV054 con_0014.nii -6 49 1 -1.98596 0.670469
RRV054 con_0015.nii 9 3 -6 0.324405 0.203245
RRV054 con_0015.nii -9 3 -6 -0.236923 0.573058
RRV054 con_0015.nii -30 33 -18 -0.448093 0.336025
RRV054 con_0015.nii 46 28 31 1.01961 1.14174
RRV054 con_0015.nii -44 27 33 -0.5924 0.234607
RRV054 con_0015.nii 44 8 34 1.03066 0.547601
RRV054 con_0015.nii -42 7 36 -0.0393779 0.184545
RRV054 con_0015.nii 54 -44 43 -0.92749 0.651156
RRV054 con_0015.nii -53 -50 39 -1.12677 0.706366
RRV054 con_0015.nii 32 -59 41 0.52357 0.782319
RRV054 con_0015.nii -32 -58 46 -0.052474 0.489671
RRV054 con_0015.nii -6 49 1 -3.87719 1.37574
RRV054 con_0016.nii 9 3 -6 -0.173414 0.226572
RRV054 con_0016.nii -9 3 -6 -0.10152 0.294757
RRV054 con_0016.nii -30 33 -18 0.0486453 0.357198
RRV054 con_0016.nii 46 28 31 0.160607 0.306763
RRV054 con_0016.nii -44 27 33 -0.607882 0.182054
RRV054 con_0016.nii 44 8 34 0.118737 0.191464
RRV054 con_0016.nii -42 7 36 -0.0454095 0.278593
RRV054 con_0016.nii 54 -44 43 -0.590633 0.302133
RRV054 con_0016.nii -53 -50 39 -0.658227 0.28213
RRV054 con_0016.nii 32 -59 41 0.273796 0.495926
RRV054 con_0016.nii -32 -58 46 0.105483 0.334831
RRV054 con_0016.nii -6 49 1 -1.62835 0.790591
RRV054 con_0017.nii 9 3 -6 0.32594 0.198963
RRV054 con_0017.nii -9 3 -6 0.257087 0.249298
RRV054 con_0017.nii -30 33 -18 0.409269 0.201149
RRV054 con_0017.nii 46 28 31 0.523741 0.408287
RRV054 con_0017.nii -44 27 33 0.297961 0.294513
RRV054 con_0017.nii 44 8 34 0.169333 0.132081
RRV054 con_0017.nii -42 7 36 0.567047 0.380899
RRV054 con_0017.nii 54 -44 43 0.148213 0.161655
RRV054 con_0017.nii -53 -50 39 0.13458 0.339529
RRV054 con_0017.nii 32 -59 41 0.93166 0.603752
RRV054 con_0017.nii -32 -58 46 0.437004 0.420998
RRV054 con_0017.nii -6 49 1 -1.61248 0.901155
RRV054 con_0018.nii 9 3 -6 0.152526 0.295049
RRV054 con_0018.nii -9 3 -6 0.155566 0.432033
RRV054 con_0018.nii -30 33 -18 0.457914 0.501867
RRV054 con_0018.nii 46 28 31 0.684348 0.669807
RRV054 con_0018.nii -44 27 33 -0.309921 0.419618
RRV054 con_0018.nii 44 8 34 0.28807 0.273498
RRV054 con_0018.nii -42 7 36 0.521638 0.239093
RRV054 con_0018.nii 54 -44 43 -0.442421 0.400552
RRV054 con_0018.nii -53 -50 39 -0.523647 0.480045
RRV054 con_0018.nii 32 -59 41 1.20546 1.04583
RRV054 con_0018.nii -32 -58 46 0.542487 0.683113
RRV054 con_0018.nii -6 49 1 -3.24083 1.59397
RRV054 con_0019.nii 9 3 -6 0.0840834 0.314621
RRV054 con_0019.nii -9 3 -6 0.248084 0.228392
RRV054 con_0019.nii -30 33 -18 -0.197361 0.321786
RRV054 con_0019.nii 46 28 31 0.843056 0.369635
RRV054 con_0019.nii -44 27 33 0.233084 0.117515
RRV054 con_0019.nii 44 8 34 0.414226 0.316104
RRV054 con_0019.nii -42 7 36 -0.0727213 0.223355
RRV054 con_0019.nii 54 -44 43 0.10885 0.18041
RRV054 con_0019.nii -53 -50 39 -0.223518 0.230401
RRV054 con_0019.nii 32 -59 41 0.335112 0.337418
RRV054 con_0019.nii -32 -58 46 0.537224 0.420113
RRV054 con_0019.nii -6 49 1 0.0333851 0.239957
RRV054 con_0020.nii 9 3 -6 -0.23066 0.191398
RRV054 con_0020.nii -9 3 -6 -0.0406707 0.250857
RRV054 con_0020.nii -30 33 -18 0.44654 0.23123
RRV054 con_0020.nii 46 28 31 0.0438748 0.327418
RRV054 con_0020.nii -44 27 33 -0.243382 0.455124
RRV054 con_0020.nii 44 8 34 -0.0509207 0.2865
RRV054 con_0020.nii -42 7 36 0.246508 0.274728
RRV054 con_0020.nii 54 -44 43 0.158705 0.351918
RRV054 con_0020.nii -53 -50 39 -0.247019 0.215027
RRV054 con_0020.nii 32 -59 41 0.520765 0.198278
RRV054 con_0020.nii -32 -58 46 0.323635 0.35741
RRV054 con_0020.nii -6 49 1 -0.302946 0.445709
RRV054 con_0021.nii 9 3 -6 -0.146577 0.393646
RRV054 con_0021.nii -9 3 -6 0.207413 0.264313
RRV054 con_0021.nii -30 33 -18 0.249179 0.485276
RRV054 con_0021.nii 46 28 31 0.886931 0.615122
RRV054 con_0021.nii -44 27 33 -0.0102982 0.489024
RRV054 con_0021.nii 44 8 34 0.363305 0.522273
RRV054 con_0021.nii -42 7 36 0.173786 0.423237
RRV054 con_0021.nii 54 -44 43 0.267555 0.500939
RRV054 con_0021.nii -53 -50 39 -0.470538 0.419375
RRV054 con_0021.nii 32 -59 41 0.855877 0.460393
RRV054 con_0021.nii -32 -58 46 0.860859 0.754442
RRV054 con_0021.nii -6 49 1 -0.269561 0.661122
RRV054 con_0022.nii 9 3 -6 0.110936 0.282324
RRV054 con_0022.nii -9 3 -6 -0.272778 0.475092
RRV054 con_0022.nii -30 33 -18 -0.145358 0.19696
RRV054 con_0022.nii 46 28 31 -0.0182663 0.235226
RRV054 con_0022.nii -44 27 33 0.0585868 0.306161
RRV054 con_0022.nii 44 8 34 0.381855 0.218897
RRV054 con_0022.nii -42 7 36 -0.170861 0.204864
RRV054 con_0022.nii 54 -44 43 -0.638153 0.184461
RRV054 con_0022.nii -53 -50 39 -0.357931 0.241961
RRV054 con_0022.nii 32 -59 41 0.231929 0.606052
RRV054 con_0022.nii -32 -58 46 0.196026 0.313027
RRV054 con_0022.nii -6 49 1 0.201891 0.301476
RRV054 con_0023.nii 9 3 -6 0.372056 0.277971
RRV054 con_0023.nii -9 3 -6 -0.0116761 0.329596
RRV054 con_0023.nii -30 33 -18 0.321578 0.272014
RRV054 con_0023.nii 46 28 31 0.178639 0.40129
RRV054 con_0023.nii -44 27 33 -0.0603525 0.274477
RRV054 con_0023.nii 44 8 34 -0.0904421 0.214323
RRV054 con_0023.nii -42 7 36 0.852663 0.510043
RRV054 con_0023.nii 54 -44 43 -0.36956 0.244512
RRV054 con_0023.nii -53 -50 39 0.132394 0.190885
RRV054 con_0023.nii 32 -59 41 0.18924 0.291207
RRV054 con_0023.nii -32 -58 46 0.521511 0.555627
RRV054 con_0023.nii -6 49 1 -0.795805 0.53901
RRV054 con_0024.nii 9 3 -6 0.482992 0.403985
RRV054 con_0024.nii -9 3 -6 -0.284454 0.633681
RRV054 con_0024.nii -30 33 -18 0.17622 0.394904
RRV054 con_0024.nii 46 28 31 0.160373 0.54231
RRV054 con_0024.nii -44 27 33 -0.00176568 0.460232
RRV054 con_0024.nii 44 8 34 0.291413 0.353342
RRV054 con_0024.nii -42 7 36 0.681802 0.443836
RRV054 con_0024.nii 54 -44 43 -1.00771 0.316072
RRV054 con_0024.nii -53 -50 39 -0.225538 0.368104
RRV054 con_0024.nii 32 -59 41 0.421169 0.691988
RRV054 con_0024.nii -32 -58 46 0.717537 0.571171
RRV054 con_0024.nii -6 49 1 -0.593915 0.434793
RRV054 con_0025.nii 9 3 -6 0.0580364 0.218557
RRV054 con_0025.nii -9 3 -6 -0.0384636 0.217308
RRV054 con_0025.nii -30 33 -18 -0.383075 0.288819
RRV054 con_0025.nii 46 28 31 -0.0550216 0.197328
RRV054 con_0025.nii -44 27 33 0.208552 0.121324
RRV054 con_0025.nii 44 8 34 0.00169179 0.22908
RRV054 con_0025.nii -42 7 36 -0.037857 0.315518
RRV054 con_0025.nii 54 -44 43 -0.148769 0.144648
RRV054 con_0025.nii -53 -50 39 0.197836 0.166319
RRV054 con_0025.nii 32 -59 41 0.453316 0.459191
RRV054 con_0025.nii -32 -58 46 0.0828146 0.419482
RRV054 con_0025.nii -6 49 1 0.583452 0.258988
RRV054 con_0026.nii 9 3 -6 0.515902 0.567556
RRV054 con_0026.nii -9 3 -6 0.276663 0.348646
RRV054 con_0026.nii -30 33 -18 0.338712 0.169715
RRV054 con_0026.nii 46 28 31 0.107456 0.164866
RRV054 con_0026.nii -44 27 33 0.556298 0.327883
RRV054 con_0026.nii 44 8 34 -0.0529052 0.117509
RRV054 con_0026.nii -42 7 36 0.476324 0.315807
RRV054 con_0026.nii 54 -44 43 0.01575 0.288013
RRV054 con_0026.nii -53 -50 39 0.0686072 0.227845
RRV054 con_0026.nii 32 -59 41 0.292575 0.251139
RRV054 con_0026.nii -32 -58 46 -0.108081 0.417234
RRV054 con_0026.nii -6 49 1 0.352474 0.459635
RRV054 con_0027.nii 9 3 -6 0.573938 0.454833
RRV054 con_0027.nii -9 3 -6 0.238199 0.427739
RRV054 con_0027.nii -30 33 -18 -0.0443634 0.240388
RRV054 con_0027.nii 46 28 31 0.0524342 0.252924
RRV054 con_0027.nii -44 27 33 0.764851 0.391958
RRV054 con_0027.nii 44 8 34 -0.0512134 0.244926
RRV054 con_0027.nii -42 7 36 0.438467 0.296522
RRV054 con_0027.nii 54 -44 43 -0.133019 0.340731
RRV054 con_0027.nii -53 -50 39 0.266443 0.248464
RRV054 con_0027.nii 32 -59 41 0.745891 0.566279
RRV054 con_0027.nii -32 -58 46 -0.0252669 0.805637
RRV054 con_0027.nii -6 49 1 0.935926 0.394383
RRV054 con_0028.nii 9 3 -6 0.084352 0.193118
RRV054 con_0028.nii -9 3 -6 -0.0210524 0.111848
RRV054 con_0028.nii -30 33 -18 -0.241932 0.244453
RRV054 con_0028.nii 46 28 31 0.256589 0.178153
RRV054 con_0028.nii -44 27 33 0.166741 0.114982
RRV054 con_0028.nii 44 8 34 0.265924 0.234811
RRV054 con_0028.nii -42 7 36 -0.093813 0.215865
RRV054 con_0028.nii 54 -44 43 -0.226024 0.122386
RRV054 con_0028.nii -53 -50 39 -0.127871 0.133744
RRV054 con_0028.nii 32 -59 41 0.340119 0.447602
RRV054 con_0028.nii -32 -58 46 0.272022 0.320563
RRV054 con_0028.nii -6 49 1 0.272909 0.15363
RRV054 con_0029.nii 9 3 -6 0.219099 0.260407
RRV054 con_0029.nii -9 3 -6 0.074772 0.242172
RRV054 con_0029.nii -30 33 -18 0.368943 0.163329
RRV054 con_0029.nii 46 28 31 0.10999 0.213789
RRV054 con_0029.nii -44 27 33 0.0841879 0.266485
RRV054 con_0029.nii 44 8 34 -0.064756 0.14576
RRV054 con_0029.nii -42 7 36 0.525165 0.312197
RRV054 con_0029.nii 54 -44 43 -0.0650349 0.228519
RRV054 con_0029.nii -53 -50 39 -0.0153395 0.139195
RRV054 con_0029.nii 32 -59 41 0.334194 0.207641
RRV054 con_0029.nii -32 -58 46 0.245688 0.415144
RRV054 con_0029.nii -6 49 1 -0.248759 0.454074
RRV054 con_0030.nii 9 3 -6 0.303451 0.304216
RRV054 con_0030.nii -9 3 -6 0.0537196 0.28201
RRV054 con_0030.nii -30 33 -18 0.127012 0.319436
RRV054 con_0030.nii 46 28 31 0.366579 0.337708
RRV054 con_0030.nii -44 27 33 0.250929 0.34878
RRV054 con_0030.nii 44 8 34 0.201168 0.336284
RRV054 con_0030.nii -42 7 36 0.431352 0.321942
RRV054 con_0030.nii 54 -44 43 -0.291059 0.304496
RRV054 con_0030.nii -53 -50 39 -0.143211 0.231402
RRV054 con_0030.nii 32 -59 41 0.674312 0.535693
RRV054 con_0030.nii -32 -58 46 0.51771 0.672912
RRV054 con_0030.nii -6 49 1 0.0241502 0.431367
