RRV053 con_0001.nii 9 3 -6 0.0829172 0.266163
RRV053 con_0001.nii -9 3 -6 0.22069 0.303702
RRV053 con_0001.nii -30 33 -18 -0.174083 0.215389
RRV053 con_0001.nii 46 28 31 0.870763 0.238037
RRV053 con_0001.nii -44 27 33 0.361448 0.272251
RRV053 con_0001.nii 44 8 34 0.551507 0.598409
RRV053 con_0001.nii -42 7 36 0.224823 0.392829
RRV053 con_0001.nii 54 -44 43 0.285874 0.138358
RRV053 con_0001.nii -53 -50 39 0.671062 0.31677
RRV053 con_0001.nii 32 -59 41 0.850075 0.482992
RRV053 con_0001.nii -32 -58 46 1.07763 0.595614
RRV053 con_0001.nii -6 49 1 -0.456235 0.225959
RRV053 con_0002.nii 9 3 -6 -0.531207 0.219168
RRV053 con_0002.nii -9 3 -6 -0.00287507 0.272371
RRV053 con_0002.nii -30 33 -18 0.419561 0.217055
RRV053 con_0002.nii 46 28 31 0.821016 0.299569
RRV053 con_0002.nii -44 27 33 0.390344 0.218514
RRV053 con_0002.nii 44 8 34 0.473774 0.956863
RRV053 con_0002.nii -42 7 36 0.287742 0.346883
RRV053 con_0002.nii 54 -44 43 0.518769 0.258595
RRV053 con_0002.nii -53 -50 39 0.601821 0.420802
RRV053 con_0002.nii 32 -59 41 0.670318 0.565502
RRV053 con_0002.nii -32 -58 46 0.228598 0.526635
RRV053 con_0002.nii -6 49 1 -0.660836 0.255169
RRV053 con_0003.nii 9 3 -6 -0.44829 0.349337
RRV053 con_0003.nii -9 3 -6 0.217815 0.343993
RRV053 con_0003.nii -30 33 -18 0.245478 0.385016
RRV053 con_0003.nii 46 28 31 1.69178 0.520979
RRV053 con_0003.nii -44 27 33 0.751792 0.299843
RRV053 con_0003.nii 44 8 34 1.02528 1.54402
RRV053 con_0003.nii -42 7 36 0.512565 0.654822
RRV053 con_0003.nii 54 -44 43 0.804644 0.342978
RRV053 con_0003.nii -53 -50 39 1.27288 0.707065
RRV053 con_0003.nii 32 -59 41 1.52039 1.03666
RRV053 con_0003.nii -32 -58 46 1.30623 1.05234
RRV053 con_0003.nii -6 49 1 -1.11707 0.279793
RRV053 con_0004.nii 9 3 -6 -0.173965 0.312251
RRV053 con_0004.nii -9 3 -6 0.128319 0.366576
RRV053 con_0004.nii -30 33 -18 -0.093063 0.211494
RRV053 con_0004.nii 46 28 31 0.607938 0.369289
RRV053 con_0004.nii -44 27 33 0.168795 0.213025
RRV053 con_0004.nii 44 8 34 0.126097 0.443786
RRV053 con_0004.nii -42 7 36 0.0460594 0.283701
RRV053 con_0004.nii 54 -44 43 0.0797601 0.17578
RRV053 con_0004.nii -53 -50 39 0.126063 0.268447
RRV053 con_0004.nii 32 -59 41 0.510261 0.438203
RRV053 con_0004.nii -32 -58 46 0.317136 0.50275
RRV053 con_0004.nii -6 49 1 -0.106533 0.264038
RRV053 con_0005.nii 9 3 -6 -0.352313 0.323004
RRV053 con_0005.nii -9 3 -6 0.109754 0.329532
RRV053 con_0005.nii -30 33 -18 -0.0146775 0.159738
RRV053 con_0005.nii 46 28 31 0.445561 0.282938
RRV053 con_0005.nii -44 27 33 0.40056 0.258391
RRV053 con_0005.nii 44 8 34 0.0744348 0.355932
RRV053 con_0005.nii -42 7 36 0.171255 0.438696
RRV053 con_0005.nii 54 -44 43 -0.597311 0.206561
RRV053 con_0005.nii -53 -50 39 -0.0362582 0.287974
RRV053 con_0005.nii 32 -59 41 0.508392 0.45043
RRV053 con_0005.nii -32 -58 46 0.274962 0.341846
RRV053 con_0005.nii -6 49 1 0.287059 0.246702
RRV053 con_0006.nii 9 3 -6 -0.526278 0.505729
RRV053 con_0006.nii -9 3 -6 0.238073 0.323144
RRV053 con_0006.nii -30 33 -18 -0.107741 0.294822
RRV053 con_0006.nii 46 28 31 1.0535 0.560911
RRV053 con_0006.nii -44 27 33 0.569355 0.368099
RRV053 con_0006.nii 44 8 34 0.200531 0.752573
RRV053 con_0006.nii -42 7 36 0.217314 0.654637
RRV053 con_0006.nii 54 -44 43 -0.517551 0.352117
RRV053 con_0006.nii -53 -50 39 0.0898052 0.487608
RRV053 con_0006.nii 32 -59 41 1.01865 0.835601
RRV053 con_0006.nii -32 -58 46 0.592098 0.814653
RRV053 con_0006.nii -6 49 1 0.180525 0.312867
RRV053 con_0007.nii 9 3 -6 -0.155639 0.362081
RRV053 con_0007.nii -9 3 -6 -0.0323071 0.291032
RRV053 con_0007.nii -30 33 -18 -0.659915 0.495699
RRV053 con_0007.nii 46 28 31 0.0484766 0.388528
RRV053 con_0007.nii -44 27 33 -0.068092 0.192508
RRV053 con_0007.nii 44 8 34 -0.409402 0.305551
RRV053 con_0007.nii -42 7 36 -0.252296 0.420342
RRV053 con_0007.nii 54 -44 43 -0.130559 0.294255
RRV053 con_0007.nii -53 -50 39 0.554837 0.413578
RRV053 con_0007.nii 32 -59 41 0.193813 0.863767
RRV053 con_0007.nii -32 -58 46 -0.368294 0.502685
RRV053 con_0007.nii -6 49 1 -1.27025 0.358081
RRV053 con_0008.nii 9 3 -6 -0.258426 0.280524
RRV053 con_0008.nii -9 3 -6 -0.016743 0.379218
RRV053 con_0008.nii -30 33 -18 0.0374284 0.294376
RRV053 con_0008.nii 46 28 31 0.791354 0.347686
RRV053 con_0008.nii -44 27 33 0.766878 0.298672
RRV053 con_0008.nii 44 8 34 0.536555 0.232305
RRV053 con_0008.nii -42 7 36 0.0876863 0.376601
RRV053 con_0008.nii 54 -44 43 -0.105098 0.373113
RRV053 con_0008.nii -53 -50 39 0.234315 0.266017
RRV053 con_0008.nii 32 -59 41 0.691646 0.302646
RRV053 con_0008.nii -32 -58 46 0.291777 0.33988
RRV053 con_0008.nii -6 49 1 0.157119 0.289201
RRV053 con_0009.nii 9 3 -6 -0.414065 0.379064
RRV053 con_0009.nii -9 3 -6 -0.0490501 0.448214
RRV053 con_0009.nii -30 33 -18 -0.622487 0.706702
RRV053 con_0009.nii 46 28 31 0.839831 0.533483
RRV053 con_0009.nii -44 27 33 0.698786 0.369054
RRV053 con_0009.nii 44 8 34 0.127153 0.495813
RRV053 con_0009.nii -42 7 36 -0.16461 0.404096
RRV053 con_0009.nii 54 -44 43 -0.235657 0.541405
RRV053 con_0009.nii -53 -50 39 0.789152 0.656128
RRV053 con_0009.nii 32 -59 41 0.885459 1.1261
RRV053 con_0009.nii -32 -58 46 -0.0765169 0.724565
RRV053 con_0009.nii -6 49 1 -1.11313 0.478397
RRV053 con_0010.nii 9 3 -6 0.153906 0.206603
RRV053 con_0010.nii -9 3 -6 0.083144 0.261059
RRV053 con_0010.nii -30 33 -18 -0.328683 0.297652
RRV053 con_0010.nii 46 28 31 0.356392 0.246895
RRV053 con_0010.nii -44 27 33 0.179014 0.245381
RRV053 con_0010.nii 44 8 34 0.0268084 0.195576
RRV053 con_0010.nii -42 7 36 -0.0436472 0.304222
RRV053 con_0010.nii 54 -44 43 -0.189621 0.227156
RRV053 con_0010.nii -53 -50 39 0.00049645 0.170078
RRV053 con_0010.nii 32 -59 41 0.0963017 0.516925
RRV053 con_0010.nii -32 -58 46 0.507511 0.325967
RRV053 con_0010.nii -6 49 1 -0.328617 0.272967
RRV053 con_0011.nii 9 3 -6 -0.310003 0.107604
RRV053 con_0011.nii -9 3 -6 -0.027252 0.212929
RRV053 con_0011.nii -30 33 -18 -0.0929491 0.232119
RRV053 con_0011.nii 46 28 31 0.442516 0.274159
RRV053 con_0011.nii -44 27 33 0.307746 0.168532
RRV053 con_0011.nii 44 8 34 0.662388 0.382383
RRV053 con_0011.nii -42 7 36 0.0786195 0.247363
RRV053 con_0011.nii 54 -44 43 -0.147301 0.14694
RRV053 con_0011.nii -53 -50 39 0.234723 0.169729
RRV053 con_0011.nii 32 -59 41 0.117915 0.540677
RRV053 con_0011.nii -32 -58 46 -0.162029 0.426141
RRV053 con_0011.nii -6 49 1 -0.0522021 0.23429
RRV053 con_0012.nii 9 3 -6 -0.156097 0.207326
RRV053 con_0012.nii -9 3 -6 0.055892 0.194603
RRV053 con_0012.nii -30 33 -18 -0.421632 0.374377
RRV053 con_0012.nii 46 28 31 0.798908 0.510305
RRV053 con_0012.nii -44 27 33 0.48676 0.27943
RRV053 con_0012.nii 44 8 34 0.689197 0.546865
RRV053 con_0012.nii -42 7 36 0.0349723 0.313654
RRV053 con_0012.nii 54 -44 43 -0.336923 0.361421
RRV053 con_0012.nii -53 -50 39 0.23522 0.250625
RRV053 con_0012.nii 32 -59 41 0.214217 1.04602
RRV053 con_0012.nii -32 -58 46 0.345482 0.668031
RRV053 con_0012.nii -6 49 1 -0.380819 0.370179
RRV053 con_0013.nii 9 3 -6 -0.00351716 0.196173
RRV053 con_0013.nii -9 3 -6 0.140208 0.188752
RRV053 con_0013.nii -30 33 -18 -0.482108 0.307803
RRV053 con_0013.nii 46 28 31 0.512123 0.844378
RRV053 con_0013.nii -44 27 33 -0.144567 0.109625
RRV053 con_0013.nii 44 8 34 0.593007 0.388624
RRV053 con_0013.nii -42 7 36 -0.0834874 0.172736
RRV053 con_0013.nii 54 -44 43 -0.791898 0.18696
RRV053 con_0013.nii -53 -50 39 -0.039333 0.205378
RRV053 con_0013.nii 32 -59 41 -0.248404 0.928833
RRV053 con_0013.nii -32 -58 46 -0.771743 0.584178
RRV053 con_0013.nii -6 49 1 -0.559489 0.288948
RRV053 con_0014.nii 9 3 -6 -0.456393 0.175543
RRV053 con_0014.nii -9 3 -6 -0.28934 0.189816
RRV053 con_0014.nii -30 33 -18 -0.47074 0.295086
RRV053 con_0014.nii 46 28 31 0.389738 0.434829
RRV053 con_0014.nii -44 27 33 -0.00286236 0.170924
RRV053 con_0014.nii 44 8 34 -0.058415 0.25524
RRV053 con_0014.nii -42 7 36 0.0274511 0.16237
RRV053 con_0014.nii 54 -44 43 -0.818708 0.443232
RRV053 con_0014.nii -53 -50 39 -0.236281 0.0904715
RRV053 con_0014.nii 32 -59 41 -0.052664 0.773403
RRV053 con_0014.nii -32 -58 46 -0.494737 0.468511
RRV053 con_0014.nii -6 49 1 -0.336591 0.132654
RRV053 con_0015.nii 9 3 -6 -0.45991 0.310532
RRV053 con_0015.nii -9 3 -6 -0.149133 0.277819
RRV053 con_0015.nii -30 33 -18 -0.952848 0.589591
RRV053 con_0015.nii 46 28 31 0.901861 1.26264
RRV053 con_0015.nii -44 27 33 -0.14743 0.253492
RRV053 con_0015.nii 44 8 34 0.534592 0.597901
RRV053 con_0015.nii -42 7 36 -0.0560363 0.17163
RRV053 con_0015.nii 54 -44 43 -1.61061 0.564512
RRV053 con_0015.nii -53 -50 39 -0.275614 0.246597
RRV053 con_0015.nii 32 -59 41 -0.301068 1.69496
RRV053 con_0015.nii -32 -58 46 -1.26648 1.04237
RRV053 con_0015.nii -6 49 1 -0.896079 0.38156
RRV053 con_0016.nii 9 3 -6 -0.0822291 0.230784
RRV053 con_0016.nii -9 3 -6 0.105567 0.277142
RRV053 con_0016.nii -30 33 -18 -0.30902 0.249069
RRV053 con_0016.nii 46 28 31 0.509059 0.265816
RRV053 con_0016.nii -44 27 33 0.15405 0.185843
RRV053 con_0016.nii 44 8 34 0.0894007 0.42275
RRV053 con_0016.nii -42 7 36 0.00619558 0.319186
RRV053 con_0016.nii 54 -44 43 0.0783586 0.158535
RRV053 con_0016.nii -53 -50 39 0.450654 0.309926
RRV053 con_0016.nii 32 -59 41 0.51805 0.568475
RRV053 con_0016.nii -32 -58 46 0.342157 0.46265
RRV053 con_0016.nii -6 49 1 -0.611006 0.247704
RRV053 con_0017.nii 9 3 -6 -0.380649 0.225527
RRV053 con_0017.nii -9 3 -6 0.0300452 0.260874
RRV053 con_0017.nii -30 33 -18 0.147437 0.152027
RRV053 con_0017.nii 46 28 31 0.685977 0.228189
RRV053 con_0017.nii -44 27 33 0.51926 0.205663
RRV053 con_0017.nii 44 8 34 0.361588 0.460629
RRV053 con_0017.nii -42 7 36 0.182228 0.297612
RRV053 con_0017.nii 54 -44 43 -0.0612132 0.239703
RRV053 con_0017.nii -53 -50 39 0.266626 0.262006
RRV053 con_0017.nii 32 -59 41 0.623452 0.418506
RRV053 con_0017.nii -32 -58 46 0.265113 0.343724
RRV053 con_0017.nii -6 49 1 -0.0722195 0.220441
RRV053 con_0018.nii 9 3 -6 -0.462878 0.307805
RRV053 con_0018.nii -9 3 -6 0.135613 0.27746
RRV053 con_0018.nii -30 33 -18 -0.161583 0.352457
RRV053 con_0018.nii 46 28 31 1.19504 0.424869
RRV053 con_0018.nii -44 27 33 0.673311 0.269186
RRV053 con_0018.nii 44 8 34 0.450989 0.870929
RRV053 con_0018.nii -42 7 36 0.188423 0.474811
RRV053 con_0018.nii 54 -44 43 0.0171453 0.370366
RRV053 con_0018.nii -53 -50 39 0.71728 0.553732
RRV053 con_0018.nii 32 -59 41 1.1415 0.976499
RRV053 con_0018.nii -32 -58 46 0.607269 0.774126
RRV053 con_0018.nii -6 49 1 -0.683226 0.306175
RRV053 con_0019.nii 9 3 -6 -0.070989 0.260502
RRV053 con_0019.nii -9 3 -6 0.137546 0.233854
RRV053 con_0019.nii -30 33 -18 0.1546 0.225558
RRV053 con_0019.nii 46 28 31 0.514371 0.287195
RRV053 con_0019.nii -44 27 33 0.182434 0.145058
RRV053 con_0019.nii 44 8 34 0.524699 0.503757
RRV053 con_0019.nii -42 7 36 0.268471 0.293606
RRV053 con_0019.nii 54 -44 43 0.475495 0.149535
RRV053 con_0019.nii -53 -50 39 0.670566 0.282324
RRV053 con_0019.nii 32 -59 41 0.753773 0.259818
RRV053 con_0019.nii -32 -58 46 0.570117 0.351976
RRV053 con_0019.nii -6 49 1 -0.127617 0.267922
RRV053 con_0020.nii 9 3 -6 -0.221204 0.181193
RRV053 con_0020.nii -9 3 -6 0.0243769 0.290326
RRV053 con_0020.nii -30 33 -18 0.51251 0.252497
RRV053 con_0020.nii 46 28 31 0.378501 0.346214
RRV053 con_0020.nii -44 27 33 0.0825977 0.185398
RRV053 con_0020.nii 44 8 34 -0.188614 0.72456
RRV053 con_0020.nii -42 7 36 0.209122 0.204167
RRV053 con_0020.nii 54 -44 43 0.666071 0.219601
RRV053 con_0020.nii -53 -50 39 0.367098 0.284018
RRV053 con_0020.nii 32 -59 41 0.552403 0.259698
RRV053 con_0020.nii -32 -58 46 0.390627 0.328477
RRV053 con_0020.nii -6 49 1 -0.608634 0.258206
RRV053 con_0021.nii 9 3 -6 -0.292193 0.330615
RRV053 con_0021.nii -9 3 -6 0.161923 0.303001
RRV053 con_0021.nii -30 33 -18 0.66711 0.372527
RRV053 con_0021.nii 46 28 31 0.892872 0.615177
RRV053 con_0021.nii -44 27 33 0.265032 0.244734
RRV053 con_0021.nii 44 8 34 0.336085 1.1958
RRV053 con_0021.nii -42 7 36 0.477593 0.403859
RRV053 con_0021.nii 54 -44 43 1.14157 0.263491
RRV053 con_0021.nii -53 -50 39 1.03766 0.514405
RRV053 con_0021.nii 32 -59 41 1.30618 0.48695
RRV053 con_0021.nii -32 -58 46 0.960744 0.602064
RRV053 con_0021.nii -6 49 1 -0.736252 0.225647
RRV053 con_0022.nii 9 3 -6 -0.327871 0.350288
RRV053 con_0022.nii -9 3 -6 0.0451755 0.242655
RRV053 con_0022.nii -30 33 -18 0.23562 0.249295
RRV053 con_0022.nii 46 28 31 0.251546 0.161279
RRV053 con_0022.nii -44 27 33 -0.0102196 0.27668
RRV053 con_0022.nii 44 8 34 0.0992882 0.386975
RRV053 con_0022.nii -42 7 36 0.0897066 0.15824
RRV053 con_0022.nii 54 -44 43 0.269381 0.140093
RRV053 con_0022.nii -53 -50 39 0.125567 0.27088
RRV053 con_0022.nii 32 -59 41 0.413959 0.229459
RRV053 con_0022.nii -32 -58 46 -0.190375 0.474221
RRV053 con_0022.nii -6 49 1 0.222084 0.181411
RRV053 con_0023.nii 9 3 -6 -0.0423099 0.300257
RRV053 con_0023.nii -9 3 -6 0.137006 0.22045
RRV053 con_0023.nii -30 33 -18 0.0782716 0.267242
RRV053 con_0023.nii 46 28 31 0.00304551 0.244666
RRV053 con_0023.nii -44 27 33 0.0928138 0.2754
RRV053 con_0023.nii 44 8 34 -0.587953 0.22022
RRV053 con_0023.nii -42 7 36 0.0926353 0.352357
RRV053 con_0023.nii 54 -44 43 -0.450009 0.120116
RRV053 con_0023.nii -53 -50 39 -0.270981 0.228339
RRV053 con_0023.nii 32 -59 41 0.390477 0.32111
RRV053 con_0023.nii -32 -58 46 0.43699 0.206657
RRV053 con_0023.nii -6 49 1 0.339261 0.16625
RRV053 con_0024.nii 9 3 -6 -0.370181 0.494027
RRV053 con_0024.nii -9 3 -6 0.182181 0.249714
RRV053 con_0024.nii -30 33 -18 0.313891 0.324067
RRV053 con_0024.nii 46 28 31 0.254591 0.285745
RRV053 con_0024.nii -44 27 33 0.0825942 0.445047
RRV053 con_0024.nii 44 8 34 -0.488665 0.471573
RRV053 con_0024.nii -42 7 36 0.182342 0.36346
RRV053 con_0024.nii 54 -44 43 -0.180628 0.178389
RRV053 con_0024.nii -53 -50 39 -0.145415 0.41699
RRV053 con_0024.nii 32 -59 41 0.804436 0.465244
RRV053 con_0024.nii -32 -58 46 0.246616 0.479514
RRV053 con_0024.nii -6 49 1 0.561345 0.236794
RRV053 con_0025.nii 9 3 -6 -0.309545 0.333227
RRV053 con_0025.nii -9 3 -6 -0.115451 0.29083
RRV053 con_0025.nii -30 33 -18 -0.331232 0.339008
RRV053 con_0025.nii 46 28 31 -0.307916 0.226586
RRV053 con_0025.nii -44 27 33 -0.247106 0.230426
RRV053 con_0025.nii 44 8 34 -0.43621 0.194852
RRV053 con_0025.nii -42 7 36 -0.208649 0.245219
RRV053 con_0025.nii 54 -44 43 0.0590625 0.271999
RRV053 con_0025.nii -53 -50 39 0.55434 0.365396
RRV053 con_0025.nii 32 -59 41 0.0975116 0.412747
RRV053 con_0025.nii -32 -58 46 -0.875805 0.28414
RRV053 con_0025.nii -6 49 1 -0.941633 0.224568
RRV053 con_0026.nii 9 3 -6 0.0515768 0.248749
RRV053 con_0026.nii -9 3 -6 0.010509 0.307784
RRV053 con_0026.nii -30 33 -18 0.130377 0.403663
RRV053 con_0026.nii 46 28 31 0.348838 0.334202
RRV053 con_0026.nii -44 27 33 0.459132 0.21253
RRV053 con_0026.nii 44 8 34 -0.125834 0.288012
RRV053 con_0026.nii -42 7 36 0.0090668 0.262067
RRV053 con_0026.nii 54 -44 43 0.0422032 0.283471
RRV053 con_0026.nii -53 -50 39 -0.000407797 0.175703
RRV053 con_0026.nii 32 -59 41 0.57373 0.297626
RRV053 con_0026.nii -32 -58 46 0.453806 0.309366
RRV053 con_0026.nii -6 49 1 0.209321 0.141999
RRV053 con_0027.nii 9 3 -6 -0.257968 0.325958
RRV053 con_0027.nii -9 3 -6 -0.104942 0.451802
RRV053 con_0027.nii -30 33 -18 -0.200855 0.456702
RRV053 con_0027.nii 46 28 31 0.0409225 0.187145
RRV053 con_0027.nii -44 27 33 0.212025 0.362192
RRV053 con_0027.nii 44 8 34 -0.562044 0.3333
RRV053 con_0027.nii -42 7 36 -0.199582 0.408998
RRV053 con_0027.nii 54 -44 43 0.101266 0.401392
RRV053 con_0027.nii -53 -50 39 0.553932 0.448033
RRV053 con_0027.nii 32 -59 41 0.671242 0.306816
RRV053 con_0027.nii -32 -58 46 -0.421999 0.312531
RRV053 con_0027.nii -6 49 1 -0.732313 0.252886
RRV053 con_0028.nii 9 3 -6 -0.236135 0.232336
RRV053 con_0028.nii -9 3 -6 0.0224234 0.197706
RRV053 con_0028.nii -30 33 -18 0.0196625 0.160434
RRV053 con_0028.nii 46 28 31 0.152667 0.0962931
RRV053 con_0028.nii -44 27 33 -0.024964 0.180502
RRV053 con_0028.nii 44 8 34 0.0625922 0.331281
RRV053 con_0028.nii -42 7 36 0.0498428 0.147792
RRV053 con_0028.nii 54 -44 43 0.26798 0.135083
RRV053 con_0028.nii -53 -50 39 0.450158 0.277673
RRV053 con_0028.nii 32 -59 41 0.421748 0.171864
RRV053 con_0028.nii -32 -58 46 -0.165354 0.265479
RRV053 con_0028.nii -6 49 1 -0.282389 0.173398
RRV053 con_0029.nii 9 3 -6 -0.0706457 0.188316
RRV053 con_0029.nii -9 3 -6 0.0572973 0.187261
RRV053 con_0029.nii -30 33 -18 0.240386 0.263417
RRV053 con_0029.nii 46 28 31 0.243461 0.228726
RRV053 con_0029.nii -44 27 33 0.211514 0.161823
RRV053 con_0029.nii 44 8 34 -0.3008 0.25608
RRV053 con_0029.nii -42 7 36 0.103608 0.123326
RRV053 con_0029.nii 54 -44 43 0.0860882 0.149029
RRV053 con_0029.nii -53 -50 39 0.0319029 0.113795
RRV053 con_0029.nii 32 -59 41 0.505537 0.238261
RRV053 con_0029.nii -32 -58 46 0.427141 0.174192
RRV053 con_0029.nii -6 49 1 -0.0200175 0.12993
RRV053 con_0030.nii 9 3 -6 -0.306781 0.27225
RRV053 con_0030.nii -9 3 -6 0.0797207 0.234943
RRV053 con_0030.nii -30 33 -18 0.260049 0.173651
RRV053 con_0030.nii 46 28 31 0.396129 0.235239
RRV053 con_0030.nii -44 27 33 0.18655 0.285729
RRV053 con_0030.nii 44 8 34 -0.238208 0.530017
RRV053 con_0030.nii -42 7 36 0.153451 0.198483
RRV053 con_0030.nii 54 -44 43 0.354068 0.215359
RRV053 con_0030.nii -53 -50 39 0.48206 0.360959
RRV053 con_0030.nii 32 -59 41 0.927284 0.349938
RRV053 con_0030.nii -32 -58 46 0.261787 0.252866
RRV053 con_0030.nii -6 49 1 -0.302406 0.125346
