RRV013 con_0001.nii 9 3 -6 0.153237 0.253844
RRV013 con_0001.nii -9 3 -6 0.367257 0.296358
RRV013 con_0001.nii -30 33 -18 0.321584 0.107747
RRV013 con_0001.nii 46 28 31 0.34513 0.250788
RRV013 con_0001.nii -44 27 33 0.447839 0.140921
RRV013 con_0001.nii 44 8 34 1.42734 1.36754
RRV013 con_0001.nii -42 7 36 0.318401 0.457399
RRV013 con_0001.nii 54 -44 43 0.765197 0.312158
RRV013 con_0001.nii -53 -50 39 0.781714 0.271879
RRV013 con_0001.nii 32 -59 41 0.640733 0.21723
RRV013 con_0001.nii -32 -58 46 1.79768 0.547454
RRV013 con_0001.nii -6 49 1 0.111335 0.338524
RRV013 con_0002.nii 9 3 -6 0.0663755 0.299076
RRV013 con_0002.nii -9 3 -6 0.255425 0.515832
RRV013 con_0002.nii -30 33 -18 0.289737 0.314207
RRV013 con_0002.nii 46 28 31 0.0225787 0.49426
RRV013 con_0002.nii -44 27 33 0.19253 0.357067
RRV013 con_0002.nii 44 8 34 1.04369 0.753211
RRV013 con_0002.nii -42 7 36 0.680056 0.877978
RRV013 con_0002.nii 54 -44 43 0.617218 0.519439
RRV013 con_0002.nii -53 -50 39 0.332751 0.450135
RRV013 con_0002.nii 32 -59 41 0.156094 0.271898
RRV013 con_0002.nii -32 -58 46 1.6509 0.810924
RRV013 con_0002.nii -6 49 1 -0.724173 0.312017
RRV013 con_0003.nii 9 3 -6 0.219612 0.342669
RRV013 con_0003.nii -9 3 -6 0.622682 0.723988
RRV013 con_0003.nii -30 33 -18 0.611321 0.332305
RRV013 con_0003.nii 46 28 31 0.367709 0.567589
RRV013 con_0003.nii -44 27 33 0.640369 0.349968
RRV013 con_0003.nii 44 8 34 2.47103 2.00839
RRV013 con_0003.nii -42 7 36 0.998457 1.28847
RRV013 con_0003.nii 54 -44 43 1.38242 0.776183
RRV013 con_0003.nii -53 -50 39 1.11447 0.451292
RRV013 con_0003.nii 32 -59 41 0.796827 0.405662
RRV013 con_0003.nii -32 -58 46 3.44857 1.32146
RRV013 con_0003.nii -6 49 1 -0.612838 0.423137
RRV013 con_0004.nii 9 3 -6 0.398849 0.181587
RRV013 con_0004.nii -9 3 -6 0.118802 0.385991
RRV013 con_0004.nii -30 33 -18 0.607337 0.223167
RRV013 con_0004.nii 46 28 31 0.623938 0.475181
RRV013 con_0004.nii -44 27 33 0.634154 0.229759
RRV013 con_0004.nii 44 8 34 2.41308 1.58704
RRV013 con_0004.nii -42 7 36 0.341765 0.728809
RRV013 con_0004.nii 54 -44 43 1.1226 0.338562
RRV013 con_0004.nii -53 -50 39 0.773971 0.273458
RRV013 con_0004.nii 32 -59 41 1.01957 0.543595
RRV013 con_0004.nii -32 -58 46 1.94012 0.740185
RRV013 con_0004.nii -6 49 1 -0.131445 0.331223
RRV013 con_0005.nii 9 3 -6 -0.0609745 0.527582
RRV013 con_0005.nii -9 3 -6 -0.194583 0.22169
RRV013 con_0005.nii -30 33 -18 0.444411 0.212554
RRV013 con_0005.nii 46 28 31 -0.303434 0.411071
RRV013 con_0005.nii -44 27 33 -0.161037 0.247718
RRV013 con_0005.nii 44 8 34 0.511426 0.738369
RRV013 con_0005.nii -42 7 36 8.18919e-07 0.487011
RRV013 con_0005.nii 54 -44 43 0.414475 0.368689
RRV013 con_0005.nii -53 -50 39 -0.0372959 0.359948
RRV013 con_0005.nii 32 -59 41 0.540657 0.272787
RRV013 con_0005.nii -32 -58 46 1.68979 0.757195
RRV013 con_0005.nii -6 49 1 -1.6395 0.501478
RRV013 con_0006.nii 9 3 -6 0.337874 0.460781
RRV013 con_0006.nii -9 3 -6 -0.0757803 0.549609
RRV013 con_0006.nii -30 33 -18 1.05175 0.426675
RRV013 con_0006.nii 46 28 31 0.320504 0.708073
RRV013 con_0006.nii -44 27 33 0.473117 0.328292
RRV013 con_0006.nii 44 8 34 2.9245 2.27522
RRV013 con_0006.nii -42 7 36 0.341766 1.16122
RRV013 con_0006.nii 54 -44 43 1.53708 0.624228
RRV013 con_0006.nii -53 -50 39 0.736675 0.543345
RRV013 con_0006.nii 32 -59 41 1.56022 0.684269
RRV013 con_0006.nii -32 -58 46 3.6299 1.4285
RRV013 con_0006.nii -6 49 1 -1.77095 0.657558
RRV013 con_0007.nii 9 3 -6 -0.0636556 0.333354
RRV013 con_0007.nii -9 3 -6 0.0911832 0.267474
RRV013 con_0007.nii -30 33 -18 0.4146 0.361944
RRV013 con_0007.nii 46 28 31 0.503961 0.248792
RRV013 con_0007.nii -44 27 33 0.20827 0.162437
RRV013 con_0007.nii 44 8 34 1.9231 1.39975
RRV013 con_0007.nii -42 7 36 0.145491 0.562263
RRV013 con_0007.nii 54 -44 43 0.340491 0.284229
RRV013 con_0007.nii -53 -50 39 0.102546 0.205759
RRV013 con_0007.nii 32 -59 41 0.4146 0.230015
RRV013 con_0007.nii -32 -58 46 1.45985 0.524429
RRV013 con_0007.nii -6 49 1 -0.489559 0.530202
RRV013 con_0008.nii 9 3 -6 0.383064 0.256578
RRV013 con_0008.nii -9 3 -6 0.0687922 0.196416
RRV013 con_0008.nii -30 33 -18 0.00725054 0.19168
RRV013 con_0008.nii 46 28 31 0.326638 0.53052
RRV013 con_0008.nii -44 27 33 0.140664 0.215768
RRV013 con_0008.nii 44 8 34 1.0176 0.741123
RRV013 con_0008.nii -42 7 36 0.101188 0.49778
RRV013 con_0008.nii 54 -44 43 0.812174 0.275003
RRV013 con_0008.nii -53 -50 39 0.23958 0.398917
RRV013 con_0008.nii 32 -59 41 0.696027 0.39424
RRV013 con_0008.nii -32 -58 46 1.502 0.820821
RRV013 con_0008.nii -6 49 1 -0.662632 0.261766
RRV013 con_0009.nii 9 3 -6 0.319409 0.318772
RRV013 con_0009.nii -9 3 -6 0.159975 0.383241
RRV013 con_0009.nii -30 33 -18 0.42185 0.437194
RRV013 con_0009.nii 46 28 31 0.830599 0.704204
RRV013 con_0009.nii -44 27 33 0.348934 0.310198
RRV013 con_0009.nii 44 8 34 2.9407 2.08789
RRV013 con_0009.nii -42 7 36 0.246679 1.03696
RRV013 con_0009.nii 54 -44 43 1.15266 0.403162
RRV013 con_0009.nii -53 -50 39 0.342126 0.561419
RRV013 con_0009.nii 32 -59 41 1.11063 0.398139
RRV013 con_0009.nii -32 -58 46 2.96185 1.31627
RRV013 con_0009.nii -6 49 1 -1.15219 0.657434
RRV013 con_0010.nii 9 3 -6 -0.119094 0.231609
RRV013 con_0010.nii -9 3 -6 0.00478084 0.232184
RRV013 con_0010.nii -30 33 -18 -0.178301 0.196088
RRV013 con_0010.nii 46 28 31 0.127574 0.429605
RRV013 con_0010.nii -44 27 33 -0.191215 0.267937
RRV013 con_0010.nii 44 8 34 0.194234 0.697603
RRV013 con_0010.nii -42 7 36 -0.410179 0.372017
RRV013 con_0010.nii 54 -44 43 0.120746 0.179063
RRV013 con_0010.nii -53 -50 39 0.0370691 0.0994321
RRV013 con_0010.nii 32 -59 41 -0.259675 0.204576
RRV013 con_0010.nii -32 -58 46 0.496004 0.400672
RRV013 con_0010.nii -6 49 1 -0.390736 0.353129
RRV013 con_0011.nii 9 3 -6 0.10655 0.267581
RRV013 con_0011.nii -9 3 -6 0.154893 0.205044
RRV013 con_0011.nii -30 33 -18 -0.00962198 0.154841
RRV013 con_0011.nii 46 28 31 -0.416421 0.279312
RRV013 con_0011.nii -44 27 33 -0.445357 0.21265
RRV013 con_0011.nii 44 8 34 0.124043 0.575714
RRV013 con_0011.nii -42 7 36 -0.02369 0.344067
RRV013 con_0011.nii 54 -44 43 -0.0659507 0.159094
RRV013 con_0011.nii -53 -50 39 -0.306181 0.228371
RRV013 con_0011.nii 32 -59 41 0.0781248 0.187422
RRV013 con_0011.nii -32 -58 46 0.78023 0.562627
RRV013 con_0011.nii -6 49 1 -1.17465 0.376587
RRV013 con_0012.nii 9 3 -6 -0.0125436 0.396691
RRV013 con_0012.nii -9 3 -6 0.159674 0.314237
RRV013 con_0012.nii -30 33 -18 -0.187923 0.324414
RRV013 con_0012.nii 46 28 31 -0.288847 0.343168
RRV013 con_0012.nii -44 27 33 -0.636572 0.451036
RRV013 con_0012.nii 44 8 34 0.318276 1.26274
RRV013 con_0012.nii -42 7 36 -0.433869 0.631041
RRV013 con_0012.nii 54 -44 43 0.0547952 0.271816
RRV013 con_0012.nii -53 -50 39 -0.269112 0.245561
RRV013 con_0012.nii 32 -59 41 -0.18155 0.338814
RRV013 con_0012.nii -32 -58 46 1.27623 0.91413
RRV013 con_0012.nii -6 49 1 -1.56538 0.692124
RRV013 con_0013.nii 9 3 -6 0.060432 0.251045
RRV013 con_0013.nii -9 3 -6 0.0131099 0.213204
RRV013 con_0013.nii -30 33 -18 0.190408 0.24418
RRV013 con_0013.nii 46 28 31 0.294615 0.190796
RRV013 con_0013.nii -44 27 33 -0.0539616 0.274559
RRV013 con_0013.nii 44 8 34 1.93751 1.33725
RRV013 con_0013.nii -42 7 36 0.335414 0.409966
RRV013 con_0013.nii 54 -44 43 0.385758 0.284601
RRV013 con_0013.nii -53 -50 39 0.0253727 0.185101
RRV013 con_0013.nii 32 -59 41 0.318881 0.25886
RRV013 con_0013.nii -32 -58 46 1.13857 0.445655
RRV013 con_0013.nii -6 49 1 -0.571887 0.46331
RRV013 con_0014.nii 9 3 -6 0.0285167 0.33128
RRV013 con_0014.nii -9 3 -6 0.0367582 0.209017
RRV013 con_0014.nii -30 33 -18 -0.119425 0.202503
RRV013 con_0014.nii 46 28 31 -0.339671 0.499457
RRV013 con_0014.nii -44 27 33 -0.425346 0.308849
RRV013 con_0014.nii 44 8 34 -0.226674 0.609167
RRV013 con_0014.nii -42 7 36 0.0741497 0.377749
RRV013 con_0014.nii 54 -44 43 -0.194075 0.195922
RRV013 con_0014.nii -53 -50 39 -0.497302 0.369674
RRV013 con_0014.nii 32 -59 41 -0.0156088 0.333743
RRV013 con_0014.nii -32 -58 46 0.561325 0.614178
RRV013 con_0014.nii -6 49 1 -1.27352 0.37597
RRV013 con_0015.nii 9 3 -6 0.0889487 0.479724
RRV013 con_0015.nii -9 3 -6 0.0498681 0.341408
RRV013 con_0015.nii -30 33 -18 0.0709828 0.243374
RRV013 con_0015.nii 46 28 31 -0.0450559 0.647905
RRV013 con_0015.nii -44 27 33 -0.479308 0.54963
RRV013 con_0015.nii 44 8 34 1.71083 1.90815
RRV013 con_0015.nii -42 7 36 0.409564 0.770181
RRV013 con_0015.nii 54 -44 43 0.191682 0.376636
RRV013 con_0015.nii -53 -50 39 -0.47193 0.521845
RRV013 con_0015.nii 32 -59 41 0.303272 0.287705
RRV013 con_0015.nii -32 -58 46 1.69989 1.01329
RRV013 con_0015.nii -6 49 1 -1.8454 0.793021
RRV013 con_0016.nii 9 3 -6 0.16281 0.188245
RRV013 con_0016.nii -9 3 -6 0.192414 0.288457
RRV013 con_0016.nii -30 33 -18 0.44784 0.200612
RRV013 con_0016.nii 46 28 31 0.49101 0.272581
RRV013 con_0016.nii -44 27 33 0.430088 0.140059
RRV013 con_0016.nii 44 8 34 1.92117 1.4437
RRV013 con_0016.nii -42 7 36 0.268552 0.574398
RRV013 con_0016.nii 54 -44 43 0.742764 0.297016
RRV013 con_0016.nii -53 -50 39 0.552744 0.231358
RRV013 con_0016.nii 32 -59 41 0.691633 0.269709
RRV013 con_0016.nii -32 -58 46 1.73255 0.586804
RRV013 con_0016.nii -6 49 1 -0.16989 0.38382
RRV013 con_0017.nii 9 3 -6 0.129488 0.238966
RRV013 con_0017.nii -9 3 -6 0.0432117 0.250743
RRV013 con_0017.nii -30 33 -18 0.247133 0.136785
RRV013 con_0017.nii 46 28 31 0.015261 0.428083
RRV013 con_0017.nii -44 27 33 0.0573855 0.2079
RRV013 con_0017.nii 44 8 34 0.857571 0.687082
RRV013 con_0017.nii -42 7 36 0.260415 0.606822
RRV013 con_0017.nii 54 -44 43 0.614622 0.341307
RRV013 con_0017.nii -53 -50 39 0.178345 0.32791
RRV013 con_0017.nii 32 -59 41 0.46426 0.232894
RRV013 con_0017.nii -32 -58 46 1.61423 0.768874
RRV013 con_0017.nii -6 49 1 -1.00877 0.229281
RRV013 con_0018.nii 9 3 -6 0.292298 0.255544
RRV013 con_0018.nii -9 3 -6 0.235626 0.470945
RRV013 con_0018.nii -30 33 -18 0.694973 0.260237
RRV013 con_0018.nii 46 28 31 0.506271 0.624477
RRV013 con_0018.nii -44 27 33 0.487473 0.274352
RRV013 con_0018.nii 44 8 34 2.77874 2.09702
RRV013 con_0018.nii -42 7 36 0.528967 1.15226
RRV013 con_0018.nii 54 -44 43 1.35739 0.575995
RRV013 con_0018.nii -53 -50 39 0.731089 0.461846
RRV013 con_0018.nii 32 -59 41 1.15589 0.432523
RRV013 con_0018.nii -32 -58 46 3.34678 1.33715
RRV013 con_0018.nii -6 49 1 -1.17866 0.510591
RRV013 con_0019.nii 9 3 -6 0.27233 0.226082
RRV013 con_0019.nii -9 3 -6 0.362476 0.197491
RRV013 con_0019.nii -30 33 -18 0.499885 0.186534
RRV013 con_0019.nii 46 28 31 0.217556 0.307455
RRV013 con_0019.nii -44 27 33 0.639054 0.273329
RRV013 con_0019.nii 44 8 34 1.2331 0.740648
RRV013 con_0019.nii -42 7 36 0.72858 0.568543
RRV013 con_0019.nii 54 -44 43 0.644451 0.199742
RRV013 con_0019.nii -53 -50 39 0.744645 0.3284
RRV013 con_0019.nii 32 -59 41 0.900408 0.369881
RRV013 con_0019.nii -32 -58 46 1.30167 0.299646
RRV013 con_0019.nii -6 49 1 0.502071 0.314252
RRV013 con_0020.nii 9 3 -6 -0.0401748 0.334597
RRV013 con_0020.nii -9 3 -6 0.100532 0.616553
RRV013 con_0020.nii -30 33 -18 0.299359 0.363777
RRV013 con_0020.nii 46 28 31 0.439 0.329223
RRV013 con_0020.nii -44 27 33 0.637887 0.27746
RRV013 con_0020.nii 44 8 34 0.919645 0.497197
RRV013 con_0020.nii -42 7 36 0.703746 0.61231
RRV013 con_0020.nii 54 -44 43 0.683169 0.413447
RRV013 con_0020.nii -53 -50 39 0.638932 0.505155
RRV013 con_0020.nii 32 -59 41 0.0779691 0.397031
RRV013 con_0020.nii -32 -58 46 0.870665 0.403733
RRV013 con_0020.nii -6 49 1 0.450475 0.366111
RRV013 con_0021.nii 9 3 -6 0.232156 0.422396
RRV013 con_0021.nii -9 3 -6 0.463008 0.719835
RRV013 con_0021.nii -30 33 -18 0.799244 0.515
RRV013 con_0021.nii 46 28 31 0.656556 0.549838
RRV013 con_0021.nii -44 27 33 1.27694 0.356546
RRV013 con_0021.nii 44 8 34 2.15275 0.998599
RRV013 con_0021.nii -42 7 36 1.43233 1.11172
RRV013 con_0021.nii 54 -44 43 1.32762 0.553576
RRV013 con_0021.nii -53 -50 39 1.38358 0.48254
RRV013 con_0021.nii 32 -59 41 0.978377 0.647059
RRV013 con_0021.nii -32 -58 46 2.17234 0.588109
RRV013 con_0021.nii -6 49 1 0.952547 0.49114
RRV013 con_0022.nii 9 3 -6 0.517943 0.289401
RRV013 con_0022.nii -9 3 -6 0.114021 0.259101
RRV013 con_0022.nii -30 33 -18 0.785638 0.248372
RRV013 con_0022.nii 46 28 31 0.496363 0.654961
RRV013 con_0022.nii -44 27 33 0.825369 0.301062
RRV013 con_0022.nii 44 8 34 2.21884 0.983211
RRV013 con_0022.nii -42 7 36 0.751944 0.861777
RRV013 con_0022.nii 54 -44 43 1.00186 0.217662
RRV013 con_0022.nii -53 -50 39 0.736902 0.344524
RRV013 con_0022.nii 32 -59 41 1.27924 0.690543
RRV013 con_0022.nii -32 -58 46 1.44412 0.486065
RRV013 con_0022.nii -6 49 1 0.259291 0.264365
RRV013 con_0023.nii 9 3 -6 -0.167525 0.33673
RRV013 con_0023.nii -9 3 -6 -0.349476 0.266983
RRV013 con_0023.nii -30 33 -18 0.454033 0.147479
RRV013 con_0023.nii 46 28 31 0.112988 0.20365
RRV013 con_0023.nii -44 27 33 0.28432 0.158209
RRV013 con_0023.nii 44 8 34 0.387383 0.250092
RRV013 con_0023.nii -42 7 36 0.0236909 0.312267
RRV013 con_0023.nii 54 -44 43 0.480426 0.263647
RRV013 con_0023.nii -53 -50 39 0.268885 0.26423
RRV013 con_0023.nii 32 -59 41 0.462533 0.225991
RRV013 con_0023.nii -32 -58 46 0.909555 0.297721
RRV013 con_0023.nii -6 49 1 -0.464853 0.277009
RRV013 con_0024.nii 9 3 -6 0.350418 0.379204
RRV013 con_0024.nii -9 3 -6 -0.235454 0.480167
RRV013 con_0024.nii -30 33 -18 1.23967 0.379371
RRV013 con_0024.nii 46 28 31 0.609351 0.740783
RRV013 con_0024.nii -44 27 33 1.10969 0.372738
RRV013 con_0024.nii 44 8 34 2.60623 1.14463
RRV013 con_0024.nii -42 7 36 0.775635 1.09126
RRV013 con_0024.nii 54 -44 43 1.48228 0.437475
RRV013 con_0024.nii -53 -50 39 1.00579 0.502758
RRV013 con_0024.nii 32 -59 41 1.74177 0.866367
RRV013 con_0024.nii -32 -58 46 2.35367 0.696149
RRV013 con_0024.nii -6 49 1 -0.205562 0.413767
RRV013 con_0025.nii 9 3 -6 0.0554384 0.24072
RRV013 con_0025.nii -9 3 -6 0.0864023 0.230349
RRV013 con_0025.nii -30 33 -18 0.592901 0.320215
RRV013 con_0025.nii 46 28 31 0.376386 0.462342
RRV013 con_0025.nii -44 27 33 0.399485 0.186622
RRV013 con_0025.nii 44 8 34 1.72887 0.772837
RRV013 con_0025.nii -42 7 36 0.55567 0.69973
RRV013 con_0025.nii 54 -44 43 0.219745 0.171955
RRV013 con_0025.nii -53 -50 39 0.0654768 0.252335
RRV013 con_0025.nii 32 -59 41 0.674275 0.248321
RRV013 con_0025.nii -32 -58 46 0.963848 0.250031
RRV013 con_0025.nii -6 49 1 -0.0988233 0.32821
RRV013 con_0026.nii 9 3 -6 0.276514 0.335611
RRV013 con_0026.nii -9 3 -6 -0.0861009 0.306699
RRV013 con_0026.nii -30 33 -18 0.0168725 0.228358
RRV013 con_0026.nii 46 28 31 0.743059 0.468441
RRV013 con_0026.nii -44 27 33 0.586021 0.302399
RRV013 con_0026.nii 44 8 34 0.893557 0.286073
RRV013 con_0026.nii -42 7 36 0.124878 0.314612
RRV013 con_0026.nii 54 -44 43 0.878125 0.202064
RRV013 con_0026.nii -53 -50 39 0.545761 0.250636
RRV013 con_0026.nii 32 -59 41 0.617903 0.367847
RRV013 con_0026.nii -32 -58 46 0.721769 0.398276
RRV013 con_0026.nii -6 49 1 0.512016 0.421705
RRV013 con_0027.nii 9 3 -6 0.331952 0.432833
RRV013 con_0027.nii -9 3 -6 0.000301437 0.433532
RRV013 con_0027.nii -30 33 -18 0.609773 0.410188
RRV013 con_0027.nii 46 28 31 1.11945 0.75494
RRV013 con_0027.nii -44 27 33 0.985506 0.43104
RRV013 con_0027.nii 44 8 34 2.62243 0.921018
RRV013 con_0027.nii -42 7 36 0.680548 0.95955
RRV013 con_0027.nii 54 -44 43 1.09787 0.30267
RRV013 con_0027.nii -53 -50 39 0.611238 0.442202
RRV013 con_0027.nii 32 -59 41 1.29218 0.480938
RRV013 con_0027.nii -32 -58 46 1.68562 0.533486
RRV013 con_0027.nii -6 49 1 0.413193 0.609305
RRV013 con_0028.nii 9 3 -6 0.281904 0.173767
RRV013 con_0028.nii -9 3 -6 0.187633 0.182992
RRV013 con_0028.nii -30 33 -18 0.626141 0.206026
RRV013 con_0028.nii 46 28 31 0.363435 0.450768
RRV013 con_0028.nii -44 27 33 0.621302 0.230933
RRV013 con_0028.nii 44 8 34 1.72694 0.820001
RRV013 con_0028.nii -42 7 36 0.678732 0.704464
RRV013 con_0028.nii 54 -44 43 0.622018 0.171896
RRV013 con_0028.nii -53 -50 39 0.515675 0.294257
RRV013 con_0028.nii 32 -59 41 0.951308 0.407415
RRV013 con_0028.nii -32 -58 46 1.23655 0.315686
RRV013 con_0028.nii -6 49 1 0.220846 0.266394
RRV013 con_0029.nii 9 3 -6 0.0229381 0.158818
RRV013 con_0029.nii -9 3 -6 -0.111681 0.356038
RRV013 con_0029.nii -30 33 -18 0.256755 0.16504
RRV013 con_0029.nii 46 28 31 0.431682 0.273459
RRV013 con_0029.nii -44 27 33 0.502743 0.170987
RRV013 con_0029.nii 44 8 34 0.733529 0.220646
RRV013 con_0029.nii -42 7 36 0.284105 0.374301
RRV013 con_0029.nii 54 -44 43 0.680573 0.22314
RRV013 con_0029.nii -53 -50 39 0.484526 0.270231
RRV013 con_0029.nii 32 -59 41 0.386135 0.260108
RRV013 con_0029.nii -32 -58 46 0.833996 0.304999
RRV013 con_0029.nii -6 49 1 0.16588 0.207332
RRV013 con_0030.nii 9 3 -6 0.304842 0.302275
RRV013 con_0030.nii -9 3 -6 0.0759518 0.457872
RRV013 con_0030.nii -30 33 -18 0.882896 0.314619
RRV013 con_0030.nii 46 28 31 0.795118 0.651025
RRV013 con_0030.nii -44 27 33 1.12405 0.342142
RRV013 con_0030.nii 44 8 34 2.46047 0.962389
RRV013 con_0030.nii -42 7 36 0.962836 1.04031
RRV013 con_0030.nii 54 -44 43 1.30259 0.378634
RRV013 con_0030.nii -53 -50 39 1.0002 0.411088
RRV013 con_0030.nii 32 -59 41 1.33744 0.624635
RRV013 con_0030.nii -32 -58 46 2.07054 0.565573
RRV013 con_0030.nii -6 49 1 0.386726 0.417188
