RRV125 con_0001.nii 9 3 -6 0.171173 0.394275
RRV125 con_0001.nii -9 3 -6 -0.0320785 0.52158
RRV125 con_0001.nii -30 33 -18 -0.481798 0.322438
RRV125 con_0001.nii 46 28 31 -0.017986 0.200987
RRV125 con_0001.nii -44 27 33 -1.04377 0.384124
RRV125 con_0001.nii 44 8 34 -0.363025 0.235554
RRV125 con_0001.nii -42 7 36 0.325 0.245312
RRV125 con_0001.nii 54 -44 43 -0.418795 0.274585
RRV125 con_0001.nii -53 -50 39 -0.219418 0.250493
RRV125 con_0001.nii 32 -59 41 -0.413658 0.238177
RRV125 con_0001.nii -32 -58 46 0.726291 0.527118
RRV125 con_0001.nii -6 49 1 -0.989679 0.380031
RRV125 con_0002.nii 9 3 -6 0.321999 0.52477
RRV125 con_0002.nii -9 3 -6 0.743153 0.242449
RRV125 con_0002.nii -30 33 -18 -0.0736194 0.142806
RRV125 con_0002.nii 46 28 31 -0.379311 0.222041
RRV125 con_0002.nii -44 27 33 -0.0688082 0.153381
RRV125 con_0002.nii 44 8 34 -0.752958 0.278226
RRV125 con_0002.nii -42 7 36 -0.737414 0.289171
RRV125 con_0002.nii 54 -44 43 0.294445 0.176104
RRV125 con_0002.nii -53 -50 39 0.0259479 0.324204
RRV125 con_0002.nii 32 -59 41 0.166363 0.424483
RRV125 con_0002.nii -32 -58 46 0.0716006 0.345181
RRV125 con_0002.nii -6 49 1 -0.0860451 0.419248
RRV125 con_0003.nii 9 3 -6 0.493172 0.858593
RRV125 con_0003.nii -9 3 -6 0.711074 0.54666
RRV125 con_0003.nii -30 33 -18 -0.555417 0.35997
RRV125 con_0003.nii 46 28 31 -0.397297 0.332939
RRV125 con_0003.nii -44 27 33 -1.11258 0.448208
RRV125 con_0003.nii 44 8 34 -1.11598 0.303907
RRV125 con_0003.nii -42 7 36 -0.412414 0.209969
RRV125 con_0003.nii 54 -44 43 -0.12435 0.362754
RRV125 con_0003.nii -53 -50 39 -0.19347 0.481417
RRV125 con_0003.nii 32 -59 41 -0.247295 0.471019
RRV125 con_0003.nii -32 -58 46 0.797891 0.38226
RRV125 con_0003.nii -6 49 1 -1.07572 0.463688
RRV125 con_0004.nii 9 3 -6 0.235923 0.386531
RRV125 con_0004.nii -9 3 -6 0.0456111 0.434411
RRV125 con_0004.nii -30 33 -18 0.0576791 0.423006
RRV125 con_0004.nii 46 28 31 -0.0164158 0.292258
RRV125 con_0004.nii -44 27 33 -1.10488 0.359671
RRV125 con_0004.nii 44 8 34 -1.62922 0.817048
RRV125 con_0004.nii -42 7 36 -0.423408 0.881181
RRV125 con_0004.nii 54 -44 43 -0.617362 0.591019
RRV125 con_0004.nii -53 -50 39 -0.794803 0.3787
RRV125 con_0004.nii 32 -59 41 0.178974 0.261024
RRV125 con_0004.nii -32 -58 46 0.60602 0.634118
RRV125 con_0004.nii -6 49 1 -0.936452 0.362856
RRV125 con_0005.nii 9 3 -6 -0.528208 0.33472
RRV125 con_0005.nii -9 3 -6 0.325813 0.377227
RRV125 con_0005.nii -30 33 -18 0.45867 0.408262
RRV125 con_0005.nii 46 28 31 -0.581004 0.181952
RRV125 con_0005.nii -44 27 33 -0.0783167 0.217867
RRV125 con_0005.nii 44 8 34 -0.546761 0.434636
RRV125 con_0005.nii -42 7 36 -0.831155 0.513142
RRV125 con_0005.nii 54 -44 43 -0.968471 0.360394
RRV125 con_0005.nii -53 -50 39 -0.789922 0.211578
RRV125 con_0005.nii 32 -59 41 0.150307 0.529445
RRV125 con_0005.nii -32 -58 46 -0.705654 0.388135
RRV125 con_0005.nii -6 49 1 -0.811013 0.521124
RRV125 con_0006.nii 9 3 -6 -0.292285 0.50072
RRV125 con_0006.nii -9 3 -6 0.371424 0.314657
RRV125 con_0006.nii -30 33 -18 0.516349 0.738581
RRV125 con_0006.nii 46 28 31 -0.59742 0.335418
RRV125 con_0006.nii -44 27 33 -1.1832 0.454332
RRV125 con_0006.nii 44 8 34 -2.17598 0.823923
RRV125 con_0006.nii -42 7 36 -1.25456 1.35386
RRV125 con_0006.nii 54 -44 43 -1.58583 0.905093
RRV125 con_0006.nii -53 -50 39 -1.58472 0.503902
RRV125 con_0006.nii 32 -59 41 0.329281 0.545002
RRV125 con_0006.nii -32 -58 46 -0.0996346 0.467377
RRV125 con_0006.nii -6 49 1 -1.74747 0.795036
RRV125 con_0007.nii 9 3 -6 0.0467952 0.496215
RRV125 con_0007.nii -9 3 -6 -0.287233 0.590232
RRV125 con_0007.nii -30 33 -18 -0.301587 0.274748
RRV125 con_0007.nii 46 28 31 0.488003 0.176333
RRV125 con_0007.nii -44 27 33 0.256131 0.170484
RRV125 con_0007.nii 44 8 34 0.241011 0.192735
RRV125 con_0007.nii -42 7 36 0.759271 0.328166
RRV125 con_0007.nii 54 -44 43 -0.325041 0.473376
RRV125 con_0007.nii -53 -50 39 0.616131 0.44271
RRV125 con_0007.nii 32 -59 41 0.272893 0.333882
RRV125 con_0007.nii -32 -58 46 1.23554 0.570174
RRV125 con_0007.nii -6 49 1 -0.922762 0.327219
RRV125 con_0008.nii 9 3 -6 -0.378778 0.406015
RRV125 con_0008.nii -9 3 -6 -0.00869592 0.324793
RRV125 con_0008.nii -30 33 -18 -0.722952 0.359328
RRV125 con_0008.nii 46 28 31 -0.627971 0.295495
RRV125 con_0008.nii -44 27 33 0.153243 0.183023
RRV125 con_0008.nii 44 8 34 -0.845002 0.620531
RRV125 con_0008.nii -42 7 36 -0.937176 0.607028
RRV125 con_0008.nii 54 -44 43 0.603442 0.174928
RRV125 con_0008.nii -53 -50 39 0.222956 0.416588
RRV125 con_0008.nii 32 -59 41 0.387822 0.281778
RRV125 con_0008.nii -32 -58 46 -0.134025 0.373254
RRV125 con_0008.nii -6 49 1 -0.156032 0.147371
RRV125 con_0009.nii 9 3 -6 -0.331983 0.552084
RRV125 con_0009.nii -9 3 -6 -0.295929 0.827277
RRV125 con_0009.nii -30 33 -18 -1.02454 0.413667
RRV125 con_0009.nii 46 28 31 -0.139968 0.245743
RRV125 con_0009.nii -44 27 33 0.409374 0.261988
RRV125 con_0009.nii 44 8 34 -0.60399 0.630574
RRV125 con_0009.nii -42 7 36 -0.177905 0.379198
RRV125 con_0009.nii 54 -44 43 0.2784 0.425666
RRV125 con_0009.nii -53 -50 39 0.839086 0.813298
RRV125 con_0009.nii 32 -59 41 0.660715 0.430126
RRV125 con_0009.nii -32 -58 46 1.10152 0.384651
RRV125 con_0009.nii -6 49 1 -1.07879 0.357415
RRV125 con_0010.nii 9 3 -6 -0.0938888 0.373294
RRV125 con_0010.nii -9 3 -6 0.0166049 0.220789
RRV125 con_0010.nii -30 33 -18 -0.838394 0.332348
RRV125 con_0010.nii 46 28 31 -0.385765 0.336766
RRV125 con_0010.nii -44 27 33 -0.289162 0.185929
RRV125 con_0010.nii 44 8 34 -0.784911 0.571837
RRV125 con_0010.nii -42 7 36 -0.144288 0.263649
RRV125 con_0010.nii 54 -44 43 -0.913723 0.592726
RRV125 con_0010.nii -53 -50 39 -0.351179 0.170478
RRV125 con_0010.nii 32 -59 41 0.316027 0.199904
RRV125 con_0010.nii -32 -58 46 1.12071 0.54932
RRV125 con_0010.nii -6 49 1 -1.48039 0.526022
RRV125 con_0011.nii 9 3 -6 -0.195455 0.243167
RRV125 con_0011.nii -9 3 -6 0.199321 0.128102
RRV125 con_0011.nii -30 33 -18 0.0882316 0.289698
RRV125 con_0011.nii 46 28 31 -0.509985 0.275154
RRV125 con_0011.nii -44 27 33 0.163961 0.22756
RRV125 con_0011.nii 44 8 34 -0.513261 0.344807
RRV125 con_0011.nii -42 7 36 -0.692348 0.586554
RRV125 con_0011.nii 54 -44 43 0.288435 0.266644
RRV125 con_0011.nii -53 -50 39 -0.315408 0.208551
RRV125 con_0011.nii 32 -59 41 -0.172578 0.369868
RRV125 con_0011.nii -32 -58 46 -1.00719 0.559759
RRV125 con_0011.nii -6 49 1 0.12502 0.192541
RRV125 con_0012.nii 9 3 -6 -0.289344 0.566274
RRV125 con_0012.nii -9 3 -6 0.215926 0.220016
RRV125 con_0012.nii -30 33 -18 -0.750162 0.438448
RRV125 con_0012.nii 46 28 31 -0.89575 0.515203
RRV125 con_0012.nii -44 27 33 -0.125201 0.314646
RRV125 con_0012.nii 44 8 34 -1.29817 0.40767
RRV125 con_0012.nii -42 7 36 -0.836636 0.395096
RRV125 con_0012.nii 54 -44 43 -0.625289 0.559893
RRV125 con_0012.nii -53 -50 39 -0.666587 0.221484
RRV125 con_0012.nii 32 -59 41 0.143449 0.411091
RRV125 con_0012.nii -32 -58 46 0.113518 0.457635
RRV125 con_0012.nii -6 49 1 -1.35537 0.592705
RRV125 con_0013.nii 9 3 -6 0.0445464 0.413713
RRV125 con_0013.nii -9 3 -6 0.241198 0.300837
RRV125 con_0013.nii -30 33 -18 -1.04822 0.361343
RRV125 con_0013.nii 46 28 31 0.282226 0.209772
RRV125 con_0013.nii -44 27 33 -0.0795436 0.220236
RRV125 con_0013.nii 44 8 34 -0.135183 0.556049
RRV125 con_0013.nii -42 7 36 0.428675 0.759704
RRV125 con_0013.nii 54 -44 43 -1.03061 0.512744
RRV125 con_0013.nii -53 -50 39 -0.198696 0.396035
RRV125 con_0013.nii 32 -59 41 0.332715 0.355923
RRV125 con_0013.nii -32 -58 46 1.39458 0.585914
RRV125 con_0013.nii -6 49 1 -1.58607 0.496696
RRV125 con_0014.nii 9 3 -6 -0.172222 0.311194
RRV125 con_0014.nii -9 3 -6 0.185141 0.298721
RRV125 con_0014.nii -30 33 -18 -0.322919 0.184521
RRV125 con_0014.nii 46 28 31 -0.827339 0.294571
RRV125 con_0014.nii -44 27 33 -0.21053 0.241318
RRV125 con_0014.nii 44 8 34 -0.648877 0.466441
RRV125 con_0014.nii -42 7 36 -0.686579 0.492498
RRV125 con_0014.nii 54 -44 43 -0.274943 0.195361
RRV125 con_0014.nii -53 -50 39 -0.275125 0.227691
RRV125 con_0014.nii 32 -59 41 -0.554319 0.255694
RRV125 con_0014.nii -32 -58 46 -1.20959 0.376277
RRV125 con_0014.nii -6 49 1 0.169708 0.161316
RRV125 con_0015.nii 9 3 -6 -0.127676 0.659348
RRV125 con_0015.nii -9 3 -6 0.426338 0.43559
RRV125 con_0015.nii -30 33 -18 -1.37114 0.520176
RRV125 con_0015.nii 46 28 31 -0.545113 0.35679
RRV125 con_0015.nii -44 27 33 -0.290074 0.29075
RRV125 con_0015.nii 44 8 34 -0.78406 0.290435
RRV125 con_0015.nii -42 7 36 -0.257904 0.381916
RRV125 con_0015.nii 54 -44 43 -1.30555 0.431302
RRV125 con_0015.nii -53 -50 39 -0.473821 0.399987
RRV125 con_0015.nii 32 -59 41 -0.221604 0.257772
RRV125 con_0015.nii -32 -58 46 0.184994 0.349964
RRV125 con_0015.nii -6 49 1 -1.41636 0.459747
RRV125 con_0016.nii 9 3 -6 0.151297 0.385067
RRV125 con_0016.nii -9 3 -6 -0.0912335 0.480669
RRV125 con_0016.nii -30 33 -18 -0.241902 0.296015
RRV125 con_0016.nii 46 28 31 0.151201 0.172712
RRV125 con_0016.nii -44 27 33 -0.630841 0.227665
RRV125 con_0016.nii 44 8 34 -0.583744 0.267814
RRV125 con_0016.nii -42 7 36 0.220288 0.366011
RRV125 con_0016.nii 54 -44 43 -0.453733 0.385383
RRV125 con_0016.nii -53 -50 39 -0.132697 0.202573
RRV125 con_0016.nii 32 -59 41 0.012736 0.140916
RRV125 con_0016.nii -32 -58 46 0.855951 0.548506
RRV125 con_0016.nii -6 49 1 -0.949631 0.336485
RRV125 con_0017.nii 9 3 -6 -0.194996 0.299392
RRV125 con_0017.nii -9 3 -6 0.353423 0.146108
RRV125 con_0017.nii -30 33 -18 -0.112634 0.244638
RRV125 con_0017.nii 46 28 31 -0.529429 0.140381
RRV125 con_0017.nii -44 27 33 0.0020393 0.10836
RRV125 con_0017.nii 44 8 34 -0.714907 0.355705
RRV125 con_0017.nii -42 7 36 -0.835248 0.274096
RRV125 con_0017.nii 54 -44 43 -0.0235282 0.1341
RRV125 con_0017.nii -53 -50 39 -0.180339 0.204444
RRV125 con_0017.nii 32 -59 41 0.234831 0.281386
RRV125 con_0017.nii -32 -58 46 -0.256026 0.330017
RRV125 con_0017.nii -6 49 1 -0.35103 0.27777
RRV125 con_0018.nii 9 3 -6 -0.0436985 0.552034
RRV125 con_0018.nii -9 3 -6 0.26219 0.458029
RRV125 con_0018.nii -30 33 -18 -0.354536 0.422304
RRV125 con_0018.nii 46 28 31 -0.378228 0.203278
RRV125 con_0018.nii -44 27 33 -0.628802 0.228439
RRV125 con_0018.nii 44 8 34 -1.29865 0.294994
RRV125 con_0018.nii -42 7 36 -0.61496 0.369523
RRV125 con_0018.nii 54 -44 43 -0.477261 0.467314
RRV125 con_0018.nii -53 -50 39 -0.313036 0.372078
RRV125 con_0018.nii 32 -59 41 0.247567 0.257195
RRV125 con_0018.nii -32 -58 46 0.599924 0.370952
RRV125 con_0018.nii -6 49 1 -1.30066 0.461584
RRV125 con_0019.nii 9 3 -6 0.265062 0.194598
RRV125 con_0019.nii -9 3 -6 -0.0486834 0.429839
RRV125 con_0019.nii -30 33 -18 0.356596 0.206334
RRV125 con_0019.nii 46 28 31 0.367779 0.305264
RRV125 con_0019.nii -44 27 33 -0.754612 0.289237
RRV125 con_0019.nii 44 8 34 0.421886 0.695355
RRV125 con_0019.nii -42 7 36 0.469288 0.277947
RRV125 con_0019.nii 54 -44 43 0.494928 0.408051
RRV125 con_0019.nii -53 -50 39 0.131761 0.334731
RRV125 con_0019.nii 32 -59 41 -0.729685 0.318174
RRV125 con_0019.nii -32 -58 46 -0.394418 0.378073
RRV125 con_0019.nii -6 49 1 0.490709 0.241981
RRV125 con_0020.nii 9 3 -6 0.517454 0.483983
RRV125 con_0020.nii -9 3 -6 0.543832 0.250979
RRV125 con_0020.nii -30 33 -18 -0.161851 0.234718
RRV125 con_0020.nii 46 28 31 0.130674 0.252318
RRV125 con_0020.nii -44 27 33 -0.232769 0.269484
RRV125 con_0020.nii 44 8 34 -0.239697 0.38051
RRV125 con_0020.nii -42 7 36 -0.0450658 0.468685
RRV125 con_0020.nii 54 -44 43 0.00600992 0.314749
RRV125 con_0020.nii -53 -50 39 0.341356 0.424553
RRV125 con_0020.nii 32 -59 41 0.338941 0.402834
RRV125 con_0020.nii -32 -58 46 1.07879 0.457344
RRV125 con_0020.nii -6 49 1 -0.211065 0.355976
RRV125 con_0021.nii 9 3 -6 0.782516 0.59796
RRV125 con_0021.nii -9 3 -6 0.495148 0.566645
RRV125 con_0021.nii -30 33 -18 0.194745 0.303921
RRV125 con_0021.nii 46 28 31 0.498453 0.41033
RRV125 con_0021.nii -44 27 33 -0.987382 0.317122
RRV125 con_0021.nii 44 8 34 0.182189 0.477103
RRV125 con_0021.nii -42 7 36 0.424222 0.302403
RRV125 con_0021.nii 54 -44 43 0.500938 0.461126
RRV125 con_0021.nii -53 -50 39 0.473117 0.558304
RRV125 con_0021.nii 32 -59 41 -0.390744 0.642863
RRV125 con_0021.nii -32 -58 46 0.684373 0.512199
RRV125 con_0021.nii -6 49 1 0.279644 0.423254
RRV125 con_0022.nii 9 3 -6 0.329812 0.236209
RRV125 con_0022.nii -9 3 -6 0.0290062 0.434911
RRV125 con_0022.nii -30 33 -18 0.896073 0.506345
RRV125 con_0022.nii 46 28 31 0.369349 0.29715
RRV125 con_0022.nii -44 27 33 -0.815719 0.325881
RRV125 con_0022.nii 44 8 34 -0.844307 0.282695
RRV125 con_0022.nii -42 7 36 -0.279121 0.715945
RRV125 con_0022.nii 54 -44 43 0.296361 0.214913
RRV125 con_0022.nii -53 -50 39 -0.443624 0.259093
RRV125 con_0022.nii 32 -59 41 -0.137054 0.272863
RRV125 con_0022.nii -32 -58 46 -0.514689 0.350761
RRV125 con_0022.nii -6 49 1 0.543936 0.268558
RRV125 con_0023.nii 9 3 -6 -0.332753 0.291939
RRV125 con_0023.nii -9 3 -6 0.126492 0.322068
RRV125 con_0023.nii -30 33 -18 0.370438 0.326276
RRV125 con_0023.nii 46 28 31 -0.0710187 0.17394
RRV125 con_0023.nii -44 27 33 -0.242278 0.308259
RRV125 con_0023.nii 44 8 34 -0.0335001 0.245278
RRV125 con_0023.nii -42 7 36 -0.138806 0.888055
RRV125 con_0023.nii 54 -44 43 -1.25691 0.430497
RRV125 con_0023.nii -53 -50 39 -0.474514 0.291407
RRV125 con_0023.nii 32 -59 41 0.322886 0.233465
RRV125 con_0023.nii -32 -58 46 0.301536 0.369138
RRV125 con_0023.nii -6 49 1 -0.936033 0.413142
RRV125 con_0024.nii 9 3 -6 -0.00294116 0.304965
RRV125 con_0024.nii -9 3 -6 0.155498 0.402188
RRV125 con_0024.nii -30 33 -18 1.26651 0.762639
RRV125 con_0024.nii 46 28 31 0.29833 0.388007
RRV125 con_0024.nii -44 27 33 -1.058 0.475731
RRV125 con_0024.nii 44 8 34 -0.877807 0.445424
RRV125 con_0024.nii -42 7 36 -0.417927 1.5406
RRV125 con_0024.nii 54 -44 43 -0.960544 0.501443
RRV125 con_0024.nii -53 -50 39 -0.918138 0.443464
RRV125 con_0024.nii 32 -59 41 0.185832 0.243188
RRV125 con_0024.nii -32 -58 46 -0.213153 0.505495
RRV125 con_0024.nii -6 49 1 -0.392097 0.330242
RRV125 con_0025.nii 9 3 -6 0.140684 0.234882
RRV125 con_0025.nii -9 3 -6 -0.303838 0.464942
RRV125 con_0025.nii -30 33 -18 0.536807 0.269806
RRV125 con_0025.nii 46 28 31 0.873768 0.402567
RRV125 con_0025.nii -44 27 33 0.545293 0.250311
RRV125 con_0025.nii 44 8 34 1.02592 0.586367
RRV125 con_0025.nii -42 7 36 0.903559 0.210166
RRV125 con_0025.nii 54 -44 43 0.588682 0.479969
RRV125 con_0025.nii -53 -50 39 0.967309 0.55715
RRV125 con_0025.nii 32 -59 41 -0.0431346 0.29495
RRV125 con_0025.nii -32 -58 46 0.114833 0.390758
RRV125 con_0025.nii -6 49 1 0.557626 0.410918
RRV125 con_0026.nii 9 3 -6 -0.183323 0.375108
RRV125 con_0026.nii -9 3 -6 -0.208017 0.366296
RRV125 con_0026.nii -30 33 -18 -0.811184 0.219599
RRV125 con_0026.nii 46 28 31 -0.117986 0.34965
RRV125 con_0026.nii -44 27 33 -0.0107182 0.311599
RRV125 con_0026.nii 44 8 34 -0.331741 0.321305
RRV125 con_0026.nii -42 7 36 -0.244828 0.250021
RRV125 con_0026.nii 54 -44 43 0.315007 0.255588
RRV125 con_0026.nii -53 -50 39 0.538364 0.267382
RRV125 con_0026.nii 32 -59 41 0.5604 0.514995
RRV125 con_0026.nii -32 -58 46 0.873165 0.365492
RRV125 con_0026.nii -6 49 1 -0.281052 0.211711
RRV125 con_0027.nii 9 3 -6 -0.0426388 0.368237
RRV125 con_0027.nii -9 3 -6 -0.511855 0.773567
RRV125 con_0027.nii -30 33 -18 -0.274377 0.305955
RRV125 con_0027.nii 46 28 31 0.755782 0.670666
RRV125 con_0027.nii -44 27 33 0.534575 0.492539
RRV125 con_0027.nii 44 8 34 0.694181 0.872861
RRV125 con_0027.nii -42 7 36 0.658731 0.320964
RRV125 con_0027.nii 54 -44 43 0.903689 0.620498
RRV125 con_0027.nii -53 -50 39 1.50567 0.785042
RRV125 con_0027.nii 32 -59 41 0.517266 0.584358
RRV125 con_0027.nii -32 -58 46 0.987998 0.514027
RRV125 con_0027.nii -6 49 1 0.276574 0.520558
RRV125 con_0028.nii 9 3 -6 0.245186 0.119126
RRV125 con_0028.nii -9 3 -6 -0.107838 0.397524
RRV125 con_0028.nii -30 33 -18 0.596492 0.303448
RRV125 con_0028.nii 46 28 31 0.536965 0.303386
RRV125 con_0028.nii -44 27 33 -0.34168 0.184415
RRV125 con_0028.nii 44 8 34 0.201167 0.347483
RRV125 con_0028.nii -42 7 36 0.364575 0.174684
RRV125 con_0028.nii 54 -44 43 0.45999 0.282747
RRV125 con_0028.nii -53 -50 39 0.218482 0.264918
RRV125 con_0028.nii 32 -59 41 -0.303291 0.169231
RRV125 con_0028.nii -32 -58 46 -0.264758 0.324645
RRV125 con_0028.nii -6 49 1 0.530757 0.29214
RRV125 con_0029.nii 9 3 -6 0.000459184 0.24277
RRV125 con_0029.nii -9 3 -6 0.154102 0.139477
RRV125 con_0029.nii -30 33 -18 -0.200866 0.156128
RRV125 con_0029.nii 46 28 31 -0.0194436 0.187589
RRV125 con_0029.nii -44 27 33 -0.161922 0.255262
RRV125 con_0029.nii 44 8 34 -0.201646 0.110134
RRV125 con_0029.nii -42 7 36 -0.1429 0.439995
RRV125 con_0029.nii 54 -44 43 -0.311963 0.265939
RRV125 con_0029.nii -53 -50 39 0.135069 0.214965
RRV125 con_0029.nii 32 -59 41 0.407409 0.244703
RRV125 con_0029.nii -32 -58 46 0.751164 0.363606
RRV125 con_0029.nii -6 49 1 -0.47605 0.18676
RRV125 con_0030.nii 9 3 -6 0.245645 0.26311
RRV125 con_0030.nii -9 3 -6 0.0462636 0.45767
RRV125 con_0030.nii -30 33 -18 0.395626 0.390049
RRV125 con_0030.nii 46 28 31 0.517522 0.450531
RRV125 con_0030.nii -44 27 33 -0.503601 0.288727
RRV125 con_0030.nii 44 8 34 -0.000479058 0.305585
RRV125 con_0030.nii -42 7 36 0.221675 0.564729
RRV125 con_0030.nii 54 -44 43 0.148028 0.352265
RRV125 con_0030.nii -53 -50 39 0.353551 0.361869
RRV125 con_0030.nii 32 -59 41 0.104118 0.320646
RRV125 con_0030.nii -32 -58 46 0.486406 0.476932
RRV125 con_0030.nii -6 49 1 0.0547067 0.272965
