RRV132 con_0001.nii 9 3 -6 0.702767 0.331088
RRV132 con_0001.nii -9 3 -6 0.280221 0.198867
RRV132 con_0001.nii -30 33 -18 0.350664 0.288583
RRV132 con_0001.nii 46 28 31 -0.377363 0.191357
RRV132 con_0001.nii -44 27 33 -0.0326919 0.359047
RRV132 con_0001.nii 44 8 34 0.607646 0.506084
RRV132 con_0001.nii -42 7 36 -0.506329 0.475419
RRV132 con_0001.nii 54 -44 43 -0.483645 0.437246
RRV132 con_0001.nii -53 -50 39 -0.770098 0.469486
RRV132 con_0001.nii 32 -59 41 0.77933 0.563459
RRV132 con_0001.nii -32 -58 46 -0.0372663 0.362311
RRV132 con_0001.nii -6 49 1 -0.42441 0.336094
RRV132 con_0002.nii 9 3 -6 -0.0670384 0.293074
RRV132 con_0002.nii -9 3 -6 0.00115018 0.305097
RRV132 con_0002.nii -30 33 -18 0.296976 0.195673
RRV132 con_0002.nii 46 28 31 -0.15046 0.234421
RRV132 con_0002.nii -44 27 33 0.363806 0.258716
RRV132 con_0002.nii 44 8 34 0.228436 0.721333
RRV132 con_0002.nii -42 7 36 -0.324524 0.455259
RRV132 con_0002.nii 54 -44 43 -0.334012 0.492389
RRV132 con_0002.nii -53 -50 39 -0.102549 0.294151
RRV132 con_0002.nii 32 -59 41 0.765632 0.414395
RRV132 con_0002.nii -32 -58 46 0.21282 0.450391
RRV132 con_0002.nii -6 49 1 -0.058553 0.322203
RRV132 con_0003.nii 9 3 -6 0.635728 0.598658
RRV132 con_0003.nii -9 3 -6 0.281371 0.350667
RRV132 con_0003.nii -30 33 -18 0.64764 0.449523
RRV132 con_0003.nii 46 28 31 -0.527823 0.401874
RRV132 con_0003.nii -44 27 33 0.331114 0.473115
RRV132 con_0003.nii 44 8 34 0.836083 1.18132
RRV132 con_0003.nii -42 7 36 -0.830853 0.878957
RRV132 con_0003.nii 54 -44 43 -0.817657 0.878554
RRV132 con_0003.nii -53 -50 39 -0.872648 0.566194
RRV132 con_0003.nii 32 -59 41 1.54496 0.886468
RRV132 con_0003.nii -32 -58 46 0.175554 0.790453
RRV132 con_0003.nii -6 49 1 -0.482963 0.204918
RRV132 con_0004.nii 9 3 -6 0.0825091 0.314865
RRV132 con_0004.nii -9 3 -6 0.263566 0.221493
RRV132 con_0004.nii -30 33 -18 0.0928985 0.185217
RRV132 con_0004.nii 46 28 31 -0.308824 0.0906558
RRV132 con_0004.nii -44 27 33 -0.0623357 0.206384
RRV132 con_0004.nii 44 8 34 0.737467 0.383457
RRV132 con_0004.nii -42 7 36 -0.258597 0.261046
RRV132 con_0004.nii 54 -44 43 0.0726348 0.241762
RRV132 con_0004.nii -53 -50 39 -0.0260725 0.313933
RRV132 con_0004.nii 32 -59 41 0.815556 0.483345
RRV132 con_0004.nii -32 -58 46 0.0160742 0.29906
RRV132 con_0004.nii -6 49 1 -0.514979 0.288303
RRV132 con_0005.nii 9 3 -6 0.00655365 0.256151
RRV132 con_0005.nii -9 3 -6 0.0505503 0.295721
RRV132 con_0005.nii -30 33 -18 0.665734 0.311245
RRV132 con_0005.nii 46 28 31 -0.599332 0.252798
RRV132 con_0005.nii -44 27 33 0.481906 0.409471
RRV132 con_0005.nii 44 8 34 0.563221 0.673041
RRV132 con_0005.nii -42 7 36 0.44813 0.556073
RRV132 con_0005.nii 54 -44 43 -1.26564 0.637841
RRV132 con_0005.nii -53 -50 39 -0.27726 0.363737
RRV132 con_0005.nii 32 -59 41 0.540837 0.391995
RRV132 con_0005.nii -32 -58 46 1.045 0.388932
RRV132 con_0005.nii -6 49 1 0.0095258 0.286765
RRV132 con_0006.nii 9 3 -6 0.0890627 0.337947
RRV132 con_0006.nii -9 3 -6 0.314117 0.370843
RRV132 con_0006.nii -30 33 -18 0.758632 0.290409
RRV132 con_0006.nii 46 28 31 -0.908157 0.320927
RRV132 con_0006.nii -44 27 33 0.41957 0.307037
RRV132 con_0006.nii 44 8 34 1.30069 0.95657
RRV132 con_0006.nii -42 7 36 0.189534 0.739685
RRV132 con_0006.nii 54 -44 43 -1.19301 0.816958
RRV132 con_0006.nii -53 -50 39 -0.303333 0.614784
RRV132 con_0006.nii 32 -59 41 1.35639 0.839938
RRV132 con_0006.nii -32 -58 46 1.06108 0.624708
RRV132 con_0006.nii -6 49 1 -0.505454 0.356671
RRV132 con_0007.nii 9 3 -6 0.292237 0.246149
RRV132 con_0007.nii -9 3 -6 0.297186 0.28357
RRV132 con_0007.nii -30 33 -18 0.269972 0.258123
RRV132 con_0007.nii 46 28 31 -0.217702 0.19623
RRV132 con_0007.nii -44 27 33 0.241737 0.388421
RRV132 con_0007.nii 44 8 34 0.804499 0.290362
RRV132 con_0007.nii -42 7 36 -0.0559351 0.285824
RRV132 con_0007.nii 54 -44 43 0.300101 0.368322
RRV132 con_0007.nii -53 -50 39 0.193837 0.170638
RRV132 con_0007.nii 32 -59 41 0.67548 0.545902
RRV132 con_0007.nii -32 -58 46 -0.029483 0.532723
RRV132 con_0007.nii -6 49 1 -0.208209 0.229552
RRV132 con_0008.nii 9 3 -6 -0.103769 0.296168
RRV132 con_0008.nii -9 3 -6 -0.184868 0.298878
RRV132 con_0008.nii -30 33 -18 0.409915 0.191953
RRV132 con_0008.nii 46 28 31 -0.0933302 0.265154
RRV132 con_0008.nii -44 27 33 0.234803 0.165718
RRV132 con_0008.nii 44 8 34 1.44581 0.717123
RRV132 con_0008.nii -42 7 36 0.566383 0.773489
RRV132 con_0008.nii 54 -44 43 0.0610774 0.506744
RRV132 con_0008.nii -53 -50 39 0.177618 0.265809
RRV132 con_0008.nii 32 -59 41 1.08586 0.540661
RRV132 con_0008.nii -32 -58 46 0.517934 0.38283
RRV132 con_0008.nii -6 49 1 -0.621764 0.279363
RRV132 con_0009.nii 9 3 -6 0.188468 0.315291
RRV132 con_0009.nii -9 3 -6 0.112319 0.451302
RRV132 con_0009.nii -30 33 -18 0.679886 0.423564
RRV132 con_0009.nii 46 28 31 -0.311033 0.429873
RRV132 con_0009.nii -44 27 33 0.47654 0.461806
RRV132 con_0009.nii 44 8 34 2.25031 0.957537
RRV132 con_0009.nii -42 7 36 0.510448 1.01804
RRV132 con_0009.nii 54 -44 43 0.361179 0.814249
RRV132 con_0009.nii -53 -50 39 0.371455 0.326074
RRV132 con_0009.nii 32 -59 41 1.76134 0.948964
RRV132 con_0009.nii -32 -58 46 0.488451 0.871983
RRV132 con_0009.nii -6 49 1 -0.829973 0.264038
RRV132 con_0010.nii 9 3 -6 0.200109 0.161274
RRV132 con_0010.nii -9 3 -6 -0.00928818 0.177584
RRV132 con_0010.nii -30 33 -18 0.226444 0.184641
RRV132 con_0010.nii 46 28 31 0.10311 0.172893
RRV132 con_0010.nii -44 27 33 0.011151 0.112561
RRV132 con_0010.nii 44 8 34 0.573009 0.342773
RRV132 con_0010.nii -42 7 36 -0.251031 0.271222
RRV132 con_0010.nii 54 -44 43 0.638827 0.371124
RRV132 con_0010.nii -53 -50 39 0.0883962 0.148319
RRV132 con_0010.nii 32 -59 41 0.730167 0.338755
RRV132 con_0010.nii -32 -58 46 0.0230651 0.348842
RRV132 con_0010.nii -6 49 1 -0.371092 0.151967
RRV132 con_0011.nii 9 3 -6 0.145948 0.234152
RRV132 con_0011.nii -9 3 -6 -0.426888 0.188679
RRV132 con_0011.nii -30 33 -18 0.368759 0.113819
RRV132 con_0011.nii 46 28 31 -0.120686 0.144544
RRV132 con_0011.nii -44 27 33 -0.226724 0.295678
RRV132 con_0011.nii 44 8 34 0.442538 0.624306
RRV132 con_0011.nii -42 7 36 0.114141 0.328019
RRV132 con_0011.nii 54 -44 43 0.129116 0.587335
RRV132 con_0011.nii -53 -50 39 -0.0849168 0.299755
RRV132 con_0011.nii 32 -59 41 0.702694 0.321031
RRV132 con_0011.nii -32 -58 46 0.455711 0.281517
RRV132 con_0011.nii -6 49 1 -0.31145 0.220424
RRV132 con_0012.nii 9 3 -6 0.346057 0.289703
RRV132 con_0012.nii -9 3 -6 -0.436176 0.233922
RRV132 con_0012.nii -30 33 -18 0.595203 0.240443
RRV132 con_0012.nii 46 28 31 -0.0175757 0.280989
RRV132 con_0012.nii -44 27 33 -0.215573 0.32158
RRV132 con_0012.nii 44 8 34 1.01555 0.93013
RRV132 con_0012.nii -42 7 36 -0.13689 0.57413
RRV132 con_0012.nii 54 -44 43 0.767943 0.925463
RRV132 con_0012.nii -53 -50 39 0.00347942 0.374742
RRV132 con_0012.nii 32 -59 41 1.43286 0.611048
RRV132 con_0012.nii -32 -58 46 0.478776 0.610354
RRV132 con_0012.nii -6 49 1 -0.682541 0.283144
RRV132 con_0013.nii 9 3 -6 0.155857 0.310698
RRV132 con_0013.nii -9 3 -6 0.293051 0.201933
RRV132 con_0013.nii -30 33 -18 0.242486 0.193916
RRV132 con_0013.nii 46 28 31 -0.102805 0.168531
RRV132 con_0013.nii -44 27 33 -0.259349 0.202575
RRV132 con_0013.nii 44 8 34 1.07767 0.486075
RRV132 con_0013.nii -42 7 36 0.185316 0.397578
RRV132 con_0013.nii 54 -44 43 0.442166 0.357871
RRV132 con_0013.nii -53 -50 39 0.0817879 0.233565
RRV132 con_0013.nii 32 -59 41 0.747882 0.512911
RRV132 con_0013.nii -32 -58 46 0.513 0.43319
RRV132 con_0013.nii -6 49 1 -0.162324 0.242292
RRV132 con_0014.nii 9 3 -6 0.0295385 0.213271
RRV132 con_0014.nii -9 3 -6 -0.0813198 0.244549
RRV132 con_0014.nii -30 33 -18 0.391089 0.163805
RRV132 con_0014.nii 46 28 31 -0.382421 0.273834
RRV132 con_0014.nii -44 27 33 -0.0876754 0.19306
RRV132 con_0014.nii 44 8 34 1.26585 0.613123
RRV132 con_0014.nii -42 7 36 0.368845 0.558809
RRV132 con_0014.nii 54 -44 43 -0.708135 0.613329
RRV132 con_0014.nii -53 -50 39 -0.321838 0.434583
RRV132 con_0014.nii 32 -59 41 0.538226 0.33086
RRV132 con_0014.nii -32 -58 46 0.755972 0.408094
RRV132 con_0014.nii -6 49 1 -0.225798 0.200434
RRV132 con_0015.nii 9 3 -6 0.185395 0.382191
RRV132 con_0015.nii -9 3 -6 0.211731 0.390938
RRV132 con_0015.nii -30 33 -18 0.633576 0.298293
RRV132 con_0015.nii 46 28 31 -0.485226 0.422959
RRV132 con_0015.nii -44 27 33 -0.347025 0.358263
RRV132 con_0015.nii 44 8 34 2.34352 1.07279
RRV132 con_0015.nii -42 7 36 0.554162 0.945354
RRV132 con_0015.nii 54 -44 43 -0.265969 0.912783
RRV132 con_0015.nii -53 -50 39 -0.24005 0.637374
RRV132 con_0015.nii 32 -59 41 1.28611 0.797662
RRV132 con_0015.nii -32 -58 46 1.26897 0.822134
RRV132 con_0015.nii -6 49 1 -0.388122 0.386014
RRV132 con_0016.nii 9 3 -6 0.359171 0.231689
RRV132 con_0016.nii -9 3 -6 0.280324 0.168211
RRV132 con_0016.nii -30 33 -18 0.237845 0.174936
RRV132 con_0016.nii 46 28 31 -0.301297 0.140391
RRV132 con_0016.nii -44 27 33 0.0489033 0.231453
RRV132 con_0016.nii 44 8 34 0.716537 0.362893
RRV132 con_0016.nii -42 7 36 -0.27362 0.316402
RRV132 con_0016.nii 54 -44 43 -0.0369695 0.304892
RRV132 con_0016.nii -53 -50 39 -0.200778 0.282673
RRV132 con_0016.nii 32 -59 41 0.756789 0.510648
RRV132 con_0016.nii -32 -58 46 -0.0168917 0.349376
RRV132 con_0016.nii -6 49 1 -0.382533 0.226559
RRV132 con_0017.nii 9 3 -6 -0.0547512 0.217442
RRV132 con_0017.nii -9 3 -6 -0.0443891 0.239661
RRV132 con_0017.nii -30 33 -18 0.457542 0.205046
RRV132 con_0017.nii 46 28 31 -0.281041 0.18247
RRV132 con_0017.nii -44 27 33 0.360171 0.216512
RRV132 con_0017.nii 44 8 34 0.745824 0.678821
RRV132 con_0017.nii -42 7 36 0.229996 0.560712
RRV132 con_0017.nii 54 -44 43 -0.512858 0.511506
RRV132 con_0017.nii -53 -50 39 -0.0673971 0.249265
RRV132 con_0017.nii 32 -59 41 0.797443 0.430445
RRV132 con_0017.nii -32 -58 46 0.591919 0.375428
RRV132 con_0017.nii -6 49 1 -0.223597 0.25505
RRV132 con_0018.nii 9 3 -6 0.30442 0.332945
RRV132 con_0018.nii -9 3 -6 0.235935 0.289815
RRV132 con_0018.nii -30 33 -18 0.695386 0.343657
RRV132 con_0018.nii 46 28 31 -0.582337 0.309017
RRV132 con_0018.nii -44 27 33 0.409075 0.388607
RRV132 con_0018.nii 44 8 34 1.46236 0.997721
RRV132 con_0018.nii -42 7 36 -0.0436238 0.825033
RRV132 con_0018.nii 54 -44 43 -0.549828 0.783925
RRV132 con_0018.nii -53 -50 39 -0.268175 0.465162
RRV132 con_0018.nii 32 -59 41 1.55423 0.879085
RRV132 con_0018.nii -32 -58 46 0.575028 0.71112
RRV132 con_0018.nii -6 49 1 -0.60613 0.225664
RRV132 con_0019.nii 9 3 -6 0.502657 0.335784
RRV132 con_0019.nii -9 3 -6 0.289509 0.289153
RRV132 con_0019.nii -30 33 -18 0.12422 0.320141
RRV132 con_0019.nii 46 28 31 -0.480473 0.150062
RRV132 con_0019.nii -44 27 33 -0.0438429 0.382468
RRV132 con_0019.nii 44 8 34 0.0346376 0.267243
RRV132 con_0019.nii -42 7 36 -0.255298 0.28477
RRV132 con_0019.nii 54 -44 43 -1.12247 0.343883
RRV132 con_0019.nii -53 -50 39 -0.858495 0.445136
RRV132 con_0019.nii 32 -59 41 0.0491634 0.302986
RRV132 con_0019.nii -32 -58 46 -0.0603314 0.19398
RRV132 con_0019.nii -6 49 1 -0.0533182 0.260267
RRV132 con_0020.nii 9 3 -6 -0.212986 0.193745
RRV132 con_0020.nii -9 3 -6 0.428038 0.222034
RRV132 con_0020.nii -30 33 -18 -0.0717824 0.153205
RRV132 con_0020.nii 46 28 31 -0.0297741 0.185374
RRV132 con_0020.nii -44 27 33 0.59053 0.442567
RRV132 con_0020.nii 44 8 34 -0.214102 0.291766
RRV132 con_0020.nii -42 7 36 -0.438666 0.169888
RRV132 con_0020.nii 54 -44 43 -0.463129 0.400099
RRV132 con_0020.nii -53 -50 39 -0.0176325 0.162324
RRV132 con_0020.nii 32 -59 41 0.0629387 0.14438
RRV132 con_0020.nii -32 -58 46 -0.24289 0.304834
RRV132 con_0020.nii -6 49 1 0.252897 0.302829
RRV132 con_0021.nii 9 3 -6 0.289672 0.460144
RRV132 con_0021.nii -9 3 -6 0.717547 0.392561
RRV132 con_0021.nii -30 33 -18 0.0524374 0.426944
RRV132 con_0021.nii 46 28 31 -0.510247 0.255398
RRV132 con_0021.nii -44 27 33 0.546687 0.681867
RRV132 con_0021.nii 44 8 34 -0.179464 0.4356
RRV132 con_0021.nii -42 7 36 -0.693963 0.378307
RRV132 con_0021.nii 54 -44 43 -1.5856 0.654655
RRV132 con_0021.nii -53 -50 39 -0.876127 0.412131
RRV132 con_0021.nii 32 -59 41 0.112102 0.358791
RRV132 con_0021.nii -32 -58 46 -0.303222 0.395459
RRV132 con_0021.nii -6 49 1 0.199579 0.30957
RRV132 con_0022.nii 9 3 -6 -0.1176 0.247138
RRV132 con_0022.nii -9 3 -6 0.272854 0.211071
RRV132 con_0022.nii -30 33 -18 -0.133546 0.151439
RRV132 con_0022.nii 46 28 31 -0.411934 0.202182
RRV132 con_0022.nii -44 27 33 -0.0734867 0.187242
RRV132 con_0022.nii 44 8 34 0.164458 0.258802
RRV132 con_0022.nii -42 7 36 -0.00756587 0.193534
RRV132 con_0022.nii 54 -44 43 -0.566192 0.278492
RRV132 con_0022.nii -53 -50 39 -0.114469 0.303845
RRV132 con_0022.nii 32 -59 41 0.0853896 0.193266
RRV132 con_0022.nii -32 -58 46 -0.00699092 0.293864
RRV132 con_0022.nii -6 49 1 -0.143888 0.195076
RRV132 con_0023.nii 9 3 -6 -0.139394 0.179695
RRV132 con_0023.nii -9 3 -6 0.477438 0.28131
RRV132 con_0023.nii -30 33 -18 0.296975 0.242501
RRV132 con_0023.nii 46 28 31 -0.478647 0.208673
RRV132 con_0023.nii -44 27 33 0.70863 0.625842
RRV132 con_0023.nii 44 8 34 0.120682 0.271689
RRV132 con_0023.nii -42 7 36 0.333989 0.315619
RRV132 con_0023.nii 54 -44 43 -1.39476 0.380383
RRV132 con_0023.nii -53 -50 39 -0.192343 0.313822
RRV132 con_0023.nii 32 -59 41 -0.161857 0.197937
RRV132 con_0023.nii -32 -58 46 0.589293 0.249583
RRV132 con_0023.nii -6 49 1 0.320976 0.204582
RRV132 con_0024.nii 9 3 -6 -0.256994 0.246407
RRV132 con_0024.nii -9 3 -6 0.750292 0.34891
RRV132 con_0024.nii -30 33 -18 0.163429 0.225116
RRV132 con_0024.nii 46 28 31 -0.890581 0.389406
RRV132 con_0024.nii -44 27 33 0.635143 0.563742
RRV132 con_0024.nii 44 8 34 0.28514 0.43529
RRV132 con_0024.nii -42 7 36 0.326423 0.336563
RRV132 con_0024.nii 54 -44 43 -1.96095 0.573992
RRV132 con_0024.nii -53 -50 39 -0.306812 0.576539
RRV132 con_0024.nii 32 -59 41 -0.0764673 0.328868
RRV132 con_0024.nii -32 -58 46 0.582302 0.438181
RRV132 con_0024.nii -6 49 1 0.177088 0.251856
RRV132 con_0025.nii 9 3 -6 0.0921281 0.27358
RRV132 con_0025.nii -9 3 -6 0.306475 0.239257
RRV132 con_0025.nii -30 33 -18 0.0435273 0.331146
RRV132 con_0025.nii 46 28 31 -0.320812 0.147465
RRV132 con_0025.nii -44 27 33 0.230586 0.419457
RRV132 con_0025.nii 44 8 34 0.23149 0.211608
RRV132 con_0025.nii -42 7 36 0.195096 0.093461
RRV132 con_0025.nii 54 -44 43 -0.338726 0.13837
RRV132 con_0025.nii -53 -50 39 0.105441 0.188646
RRV132 con_0025.nii 32 -59 41 -0.0546861 0.274369
RRV132 con_0025.nii -32 -58 46 -0.0525481 0.363042
RRV132 con_0025.nii -6 49 1 0.162883 0.218664
RRV132 con_0026.nii 9 3 -6 -0.249717 0.36656
RRV132 con_0026.nii -9 3 -6 0.24202 0.263275
RRV132 con_0026.nii -30 33 -18 0.0411561 0.125557
RRV132 con_0026.nii 46 28 31 0.0273554 0.226872
RRV132 con_0026.nii -44 27 33 0.461527 0.370766
RRV132 con_0026.nii 44 8 34 1.00328 0.302067
RRV132 con_0026.nii -42 7 36 0.452242 0.518038
RRV132 con_0026.nii 54 -44 43 -0.068039 0.211929
RRV132 con_0026.nii -53 -50 39 0.262535 0.253068
RRV132 con_0026.nii 32 -59 41 0.383166 0.263575
RRV132 con_0026.nii -32 -58 46 0.0622236 0.261064
RRV132 con_0026.nii -6 49 1 -0.310314 0.238767
RRV132 con_0027.nii 9 3 -6 -0.157589 0.38579
RRV132 con_0027.nii -9 3 -6 0.548494 0.379106
RRV132 con_0027.nii -30 33 -18 0.0846834 0.402115
RRV132 con_0027.nii 46 28 31 -0.293457 0.254055
RRV132 con_0027.nii -44 27 33 0.692113 0.680158
RRV132 con_0027.nii 44 8 34 1.23477 0.381907
RRV132 con_0027.nii -42 7 36 0.647338 0.571219
RRV132 con_0027.nii 54 -44 43 -0.406765 0.27792
RRV132 con_0027.nii -53 -50 39 0.367976 0.303063
RRV132 con_0027.nii 32 -59 41 0.32848 0.407452
RRV132 con_0027.nii -32 -58 46 0.00967546 0.55502
RRV132 con_0027.nii -6 49 1 -0.147432 0.291844
RRV132 con_0028.nii 9 3 -6 0.159062 0.216306
RRV132 con_0028.nii -9 3 -6 0.289613 0.183729
RRV132 con_0028.nii -30 33 -18 0.0114004 0.21808
RRV132 con_0028.nii 46 28 31 -0.404407 0.142512
RRV132 con_0028.nii -44 27 33 0.0377523 0.255354
RRV132 con_0028.nii 44 8 34 0.143529 0.173953
RRV132 con_0028.nii -42 7 36 -0.0225893 0.131341
RRV132 con_0028.nii 54 -44 43 -0.675797 0.190213
RRV132 con_0028.nii -53 -50 39 -0.289174 0.269369
RRV132 con_0028.nii 32 -59 41 0.0266223 0.214164
RRV132 con_0028.nii -32 -58 46 -0.0399568 0.197885
RRV132 con_0028.nii -6 49 1 -0.0114411 0.140026
RRV132 con_0029.nii 9 3 -6 -0.200699 0.188695
RRV132 con_0029.nii -9 3 -6 0.382498 0.182753
RRV132 con_0029.nii -30 33 -18 0.0887829 0.131868
RRV132 con_0029.nii 46 28 31 -0.160355 0.115611
RRV132 con_0029.nii -44 27 33 0.586895 0.448546
RRV132 con_0029.nii 44 8 34 0.303286 0.219855
RRV132 con_0029.nii -42 7 36 0.115855 0.274026
RRV132 con_0029.nii 54 -44 43 -0.641975 0.275997
RRV132 con_0029.nii -53 -50 39 0.0175197 0.169108
RRV132 con_0029.nii 32 -59 41 0.0947494 0.150165
RRV132 con_0029.nii -32 -58 46 0.136209 0.22025
RRV132 con_0029.nii -6 49 1 0.0878527 0.201352
RRV132 con_0030.nii 9 3 -6 -0.0416371 0.246193
RRV132 con_0030.nii -9 3 -6 0.672111 0.262917
RRV132 con_0030.nii -30 33 -18 0.100183 0.307214
RRV132 con_0030.nii 46 28 31 -0.564762 0.198827
RRV132 con_0030.nii -44 27 33 0.624648 0.623708
RRV132 con_0030.nii 44 8 34 0.446814 0.307673
RRV132 con_0030.nii -42 7 36 0.0932659 0.299234
RRV132 con_0030.nii 54 -44 43 -1.31777 0.438413
RRV132 con_0030.nii -53 -50 39 -0.271655 0.382259
RRV132 con_0030.nii 32 -59 41 0.121372 0.331371
RRV132 con_0030.nii -32 -58 46 0.0962518 0.364272
RRV132 con_0030.nii -6 49 1 0.0764116 0.229702
