RRV120 con_0001.nii 9 3 -6 0.311129 0.283481
RRV120 con_0001.nii -9 3 -6 0.27878 0.423118
RRV120 con_0001.nii -30 33 -18 0.911535 0.32472
RRV120 con_0001.nii 46 28 31 0.44192 0.0823572
RRV120 con_0001.nii -44 27 33 0.488457 0.244183
RRV120 con_0001.nii 44 8 34 1.09258 0.374647
RRV120 con_0001.nii -42 7 36 0.931026 0.314429
RRV120 con_0001.nii 54 -44 43 0.927932 0.32465
RRV120 con_0001.nii -53 -50 39 0.197761 0.238608
RRV120 con_0001.nii 32 -59 41 0.398317 0.267834
RRV120 con_0001.nii -32 -58 46 0.572079 0.372676
RRV120 con_0001.nii -6 49 1 0.643837 0.435019
RRV120 con_0002.nii 9 3 -6 -0.379392 0.28135
RRV120 con_0002.nii -9 3 -6 0.0260546 0.358569
RRV120 con_0002.nii -30 33 -18 -0.365544 0.37577
RRV120 con_0002.nii 46 28 31 0.362672 0.202905
RRV120 con_0002.nii -44 27 33 0.214361 0.215411
RRV120 con_0002.nii 44 8 34 0.0346082 0.386101
RRV120 con_0002.nii -42 7 36 -0.876772 0.497012
RRV120 con_0002.nii 54 -44 43 0.110603 0.168497
RRV120 con_0002.nii -53 -50 39 -0.524915 0.564616
RRV120 con_0002.nii 32 -59 41 0.0808072 0.187427
RRV120 con_0002.nii -32 -58 46 -0.642656 0.469674
RRV120 con_0002.nii -6 49 1 -0.954937 0.367153
RRV120 con_0003.nii 9 3 -6 -0.0682622 0.403434
RRV120 con_0003.nii -9 3 -6 0.304834 0.603927
RRV120 con_0003.nii -30 33 -18 0.545991 0.438033
RRV120 con_0003.nii 46 28 31 0.804591 0.196956
RRV120 con_0003.nii -44 27 33 0.702818 0.249294
RRV120 con_0003.nii 44 8 34 1.12719 0.66396
RRV120 con_0003.nii -42 7 36 0.0542543 0.481159
RRV120 con_0003.nii 54 -44 43 1.03854 0.426202
RRV120 con_0003.nii -53 -50 39 -0.327154 0.711013
RRV120 con_0003.nii 32 -59 41 0.479124 0.332181
RRV120 con_0003.nii -32 -58 46 -0.0705767 0.782797
RRV120 con_0003.nii -6 49 1 -0.311099 0.594057
RRV120 con_0004.nii 9 3 -6 -0.125418 0.28838
RRV120 con_0004.nii -9 3 -6 0.439881 0.286548
RRV120 con_0004.nii -30 33 -18 0.712791 0.388582
RRV120 con_0004.nii 46 28 31 -0.252925 0.246001
RRV120 con_0004.nii -44 27 33 -0.332654 0.208649
RRV120 con_0004.nii 44 8 34 0.139774 0.474934
RRV120 con_0004.nii -42 7 36 0.481785 0.25599
RRV120 con_0004.nii 54 -44 43 -0.677209 0.573521
RRV120 con_0004.nii -53 -50 39 -0.507649 0.440954
RRV120 con_0004.nii 32 -59 41 0.156495 0.234579
RRV120 con_0004.nii -32 -58 46 0.330509 0.30606
RRV120 con_0004.nii -6 49 1 -0.265614 0.448145
RRV120 con_0005.nii 9 3 -6 -0.171772 0.796531
RRV120 con_0005.nii -9 3 -6 -0.175492 0.472816
RRV120 con_0005.nii -30 33 -18 1.23081 0.520348
RRV120 con_0005.nii 46 28 31 0.858676 0.352328
RRV120 con_0005.nii -44 27 33 0.400565 0.429527
RRV120 con_0005.nii 44 8 34 0.628664 0.511684
RRV120 con_0005.nii -42 7 36 -0.537208 0.285166
RRV120 con_0005.nii 54 -44 43 -0.313013 0.399742
RRV120 con_0005.nii -53 -50 39 -0.348199 0.440758
RRV120 con_0005.nii 32 -59 41 0.272228 0.177553
RRV120 con_0005.nii -32 -58 46 0.842421 0.466406
RRV120 con_0005.nii -6 49 1 0.325432 0.55671
RRV120 con_0006.nii 9 3 -6 -0.29719 0.878113
RRV120 con_0006.nii -9 3 -6 0.264389 0.623205
RRV120 con_0006.nii -30 33 -18 1.9436 0.788518
RRV120 con_0006.nii 46 28 31 0.605751 0.452851
RRV120 con_0006.nii -44 27 33 0.0679108 0.549126
RRV120 con_0006.nii 44 8 34 0.768438 0.897566
RRV120 con_0006.nii -42 7 36 -0.055423 0.409443
RRV120 con_0006.nii 54 -44 43 -0.990223 0.88041
RRV120 con_0006.nii -53 -50 39 -0.855847 0.835543
RRV120 con_0006.nii 32 -59 41 0.428723 0.377992
RRV120 con_0006.nii -32 -58 46 1.17293 0.581735
RRV120 con_0006.nii -6 49 1 0.059818 0.91098
RRV120 con_0007.nii 9 3 -6 0.635311 0.469061
RRV120 con_0007.nii -9 3 -6 0.0677261 0.198869
RRV120 con_0007.nii -30 33 -18 0.062176 0.278854
RRV120 con_0007.nii 46 28 31 0.12868 0.263893
RRV120 con_0007.nii -44 27 33 -0.54774 0.301284
RRV120 con_0007.nii 44 8 34 1.04197 0.833134
RRV120 con_0007.nii -42 7 36 -0.218152 0.35751
RRV120 con_0007.nii 54 -44 43 -1.28668 1.00607
RRV120 con_0007.nii -53 -50 39 -1.20012 0.713669
RRV120 con_0007.nii 32 -59 41 0.520691 0.241299
RRV120 con_0007.nii -32 -58 46 -0.0507855 0.67901
RRV120 con_0007.nii -6 49 1 0.145657 0.316726
RRV120 con_0008.nii 9 3 -6 -0.54312 0.687127
RRV120 con_0008.nii -9 3 -6 0.40873 0.416982
RRV120 con_0008.nii -30 33 -18 1.3013 0.449705
RRV120 con_0008.nii 46 28 31 0.256188 0.311842
RRV120 con_0008.nii -44 27 33 -0.0724908 0.403049
RRV120 con_0008.nii 44 8 34 0.0649424 0.484584
RRV120 con_0008.nii -42 7 36 -0.541352 0.345396
RRV120 con_0008.nii 54 -44 43 -0.0636502 0.167995
RRV120 con_0008.nii -53 -50 39 -0.35194 0.513589
RRV120 con_0008.nii 32 -59 41 0.236535 0.233365
RRV120 con_0008.nii -32 -58 46 0.860779 0.420136
RRV120 con_0008.nii -6 49 1 0.835399 0.22097
RRV120 con_0009.nii 9 3 -6 0.0921907 0.672767
RRV120 con_0009.nii -9 3 -6 0.476456 0.438097
RRV120 con_0009.nii -30 33 -18 1.36348 0.674432
RRV120 con_0009.nii 46 28 31 0.384868 0.293799
RRV120 con_0009.nii -44 27 33 -0.620231 0.564359
RRV120 con_0009.nii 44 8 34 1.10691 1.18173
RRV120 con_0009.nii -42 7 36 -0.759504 0.659815
RRV120 con_0009.nii 54 -44 43 -1.35033 1.11987
RRV120 con_0009.nii -53 -50 39 -1.55206 1.21694
RRV120 con_0009.nii 32 -59 41 0.757226 0.331035
RRV120 con_0009.nii -32 -58 46 0.809994 1.03272
RRV120 con_0009.nii -6 49 1 0.981055 0.497966
RRV120 con_0010.nii 9 3 -6 -0.00300361 0.179521
RRV120 con_0010.nii -9 3 -6 0.0792451 0.263794
RRV120 con_0010.nii -30 33 -18 0.243673 0.250826
RRV120 con_0010.nii 46 28 31 -0.392664 0.176704
RRV120 con_0010.nii -44 27 33 -0.741939 0.20267
RRV120 con_0010.nii 44 8 34 0.14297 0.110434
RRV120 con_0010.nii -42 7 36 -0.125187 0.173174
RRV120 con_0010.nii 54 -44 43 -0.649318 0.498684
RRV120 con_0010.nii -53 -50 39 -0.184438 0.128207
RRV120 con_0010.nii 32 -59 41 0.183883 0.321628
RRV120 con_0010.nii -32 -58 46 -0.474805 0.318156
RRV120 con_0010.nii -6 49 1 -0.224724 0.0960964
RRV120 con_0011.nii 9 3 -6 -0.501882 0.460431
RRV120 con_0011.nii -9 3 -6 -0.242079 0.214716
RRV120 con_0011.nii -30 33 -18 0.477171 0.184109
RRV120 con_0011.nii 46 28 31 -0.0456563 0.18209
RRV120 con_0011.nii -44 27 33 -0.269324 0.203191
RRV120 con_0011.nii 44 8 34 0.343291 0.277445
RRV120 con_0011.nii -42 7 36 -0.355261 0.222269
RRV120 con_0011.nii 54 -44 43 -0.774618 0.633362
RRV120 con_0011.nii -53 -50 39 -0.445831 0.357577
RRV120 con_0011.nii 32 -59 41 0.26516 0.192653
RRV120 con_0011.nii -32 -58 46 -0.148958 0.26145
RRV120 con_0011.nii -6 49 1 -0.0892339 0.302383
RRV120 con_0012.nii 9 3 -6 -0.504885 0.58526
RRV120 con_0012.nii -9 3 -6 -0.162834 0.319104
RRV120 con_0012.nii -30 33 -18 0.720843 0.403004
RRV120 con_0012.nii 46 28 31 -0.43832 0.316873
RRV120 con_0012.nii -44 27 33 -1.01126 0.35039
RRV120 con_0012.nii 44 8 34 0.486261 0.279635
RRV120 con_0012.nii -42 7 36 -0.480448 0.305476
RRV120 con_0012.nii 54 -44 43 -1.42394 1.09265
RRV120 con_0012.nii -53 -50 39 -0.630268 0.391264
RRV120 con_0012.nii 32 -59 41 0.449042 0.490844
RRV120 con_0012.nii -32 -58 46 -0.623763 0.574385
RRV120 con_0012.nii -6 49 1 -0.313958 0.280677
RRV120 con_0013.nii 9 3 -6 0.302378 0.48255
RRV120 con_0013.nii -9 3 -6 0.219662 0.318113
RRV120 con_0013.nii -30 33 -18 -0.126473 0.292486
RRV120 con_0013.nii 46 28 31 0.0871433 0.245882
RRV120 con_0013.nii -44 27 33 -0.394471 0.175973
RRV120 con_0013.nii 44 8 34 0.531414 0.36613
RRV120 con_0013.nii -42 7 36 0.759669 0.31605
RRV120 con_0013.nii 54 -44 43 -0.305598 0.542941
RRV120 con_0013.nii -53 -50 39 -0.282425 0.260192
RRV120 con_0013.nii 32 -59 41 0.475875 0.223155
RRV120 con_0013.nii -32 -58 46 -0.375359 0.27788
RRV120 con_0013.nii -6 49 1 -0.537541 0.170227
RRV120 con_0014.nii 9 3 -6 -0.626325 0.445691
RRV120 con_0014.nii -9 3 -6 -0.0435895 0.302683
RRV120 con_0014.nii -30 33 -18 -0.115171 0.211318
RRV120 con_0014.nii 46 28 31 -0.0898894 0.206331
RRV120 con_0014.nii -44 27 33 -0.399666 0.251206
RRV120 con_0014.nii 44 8 34 0.141701 0.475206
RRV120 con_0014.nii -42 7 36 -0.530756 0.361234
RRV120 con_0014.nii 54 -44 43 -1.11976 0.703005
RRV120 con_0014.nii -53 -50 39 -1.08432 0.640199
RRV120 con_0014.nii 32 -59 41 0.0256529 0.235003
RRV120 con_0014.nii -32 -58 46 -0.299314 0.196105
RRV120 con_0014.nii -6 49 1 -1.33948 0.378914
RRV120 con_0015.nii 9 3 -6 -0.323948 0.348338
RRV120 con_0015.nii -9 3 -6 0.176073 0.295898
RRV120 con_0015.nii -30 33 -18 -0.241644 0.479594
RRV120 con_0015.nii 46 28 31 -0.00274611 0.383427
RRV120 con_0015.nii -44 27 33 -0.794137 0.332552
RRV120 con_0015.nii 44 8 34 0.673115 0.810435
RRV120 con_0015.nii -42 7 36 0.228912 0.570041
RRV120 con_0015.nii 54 -44 43 -1.42536 1.21487
RRV120 con_0015.nii -53 -50 39 -1.36674 0.854899
RRV120 con_0015.nii 32 -59 41 0.501527 0.386929
RRV120 con_0015.nii -32 -58 46 -0.674673 0.430321
RRV120 con_0015.nii -6 49 1 -1.87702 0.50519
RRV120 con_0016.nii 9 3 -6 0.273674 0.240035
RRV120 con_0016.nii -9 3 -6 0.262129 0.249098
RRV120 con_0016.nii -30 33 -18 0.562167 0.289323
RRV120 con_0016.nii 46 28 31 0.105891 0.170654
RRV120 con_0016.nii -44 27 33 -0.130646 0.175875
RRV120 con_0016.nii 44 8 34 0.758107 0.524017
RRV120 con_0016.nii -42 7 36 0.39822 0.24997
RRV120 con_0016.nii 54 -44 43 -0.345321 0.569055
RRV120 con_0016.nii -53 -50 39 -0.503337 0.433444
RRV120 con_0016.nii 32 -59 41 0.358501 0.218276
RRV120 con_0016.nii -32 -58 46 0.283934 0.395643
RRV120 con_0016.nii -6 49 1 0.174627 0.137686
RRV120 con_0017.nii 9 3 -6 -0.364761 0.418628
RRV120 con_0017.nii -9 3 -6 0.0864308 0.339039
RRV120 con_0017.nii -30 33 -18 0.722189 0.286179
RRV120 con_0017.nii 46 28 31 0.492512 0.240488
RRV120 con_0017.nii -44 27 33 0.180812 0.284463
RRV120 con_0017.nii 44 8 34 0.242738 0.413887
RRV120 con_0017.nii -42 7 36 -0.651777 0.222279
RRV120 con_0017.nii 54 -44 43 -0.0886866 0.173714
RRV120 con_0017.nii -53 -50 39 -0.408352 0.488564
RRV120 con_0017.nii 32 -59 41 0.196523 0.168118
RRV120 con_0017.nii -32 -58 46 0.353515 0.382358
RRV120 con_0017.nii -6 49 1 0.0686313 0.279874
RRV120 con_0018.nii 9 3 -6 -0.0910871 0.449139
RRV120 con_0018.nii -9 3 -6 0.34856 0.506703
RRV120 con_0018.nii -30 33 -18 1.28436 0.568457
RRV120 con_0018.nii 46 28 31 0.598403 0.250606
RRV120 con_0018.nii -44 27 33 0.050166 0.412455
RRV120 con_0018.nii 44 8 34 1.00084 0.895168
RRV120 con_0018.nii -42 7 36 -0.253558 0.348736
RRV120 con_0018.nii 54 -44 43 -0.434007 0.71862
RRV120 con_0018.nii -53 -50 39 -0.911689 0.902217
RRV120 con_0018.nii 32 -59 41 0.555024 0.328709
RRV120 con_0018.nii -32 -58 46 0.637449 0.762787
RRV120 con_0018.nii -6 49 1 0.243258 0.364563
RRV120 con_0019.nii 9 3 -6 0.314133 0.283765
RRV120 con_0019.nii -9 3 -6 0.199535 0.241742
RRV120 con_0019.nii -30 33 -18 0.667862 0.211307
RRV120 con_0019.nii 46 28 31 0.834583 0.166178
RRV120 con_0019.nii -44 27 33 1.2304 0.282847
RRV120 con_0019.nii 44 8 34 0.949609 0.418204
RRV120 con_0019.nii -42 7 36 1.05621 0.290966
RRV120 con_0019.nii 54 -44 43 1.57725 0.493536
RRV120 con_0019.nii -53 -50 39 0.382199 0.234511
RRV120 con_0019.nii 32 -59 41 0.214434 0.331406
RRV120 con_0019.nii -32 -58 46 1.04688 0.228297
RRV120 con_0019.nii -6 49 1 0.868561 0.3809
RRV120 con_0020.nii 9 3 -6 0.12249 0.676676
RRV120 con_0020.nii -9 3 -6 0.268134 0.376031
RRV120 con_0020.nii -30 33 -18 -0.842715 0.462969
RRV120 con_0020.nii 46 28 31 0.408328 0.32213
RRV120 con_0020.nii -44 27 33 0.483685 0.279922
RRV120 con_0020.nii 44 8 34 -0.308683 0.38237
RRV120 con_0020.nii -42 7 36 -0.521511 0.462436
RRV120 con_0020.nii 54 -44 43 0.885222 0.670164
RRV120 con_0020.nii -53 -50 39 -0.0790848 0.23281
RRV120 con_0020.nii 32 -59 41 -0.184353 0.252973
RRV120 con_0020.nii -32 -58 46 -0.493698 0.323623
RRV120 con_0020.nii -6 49 1 -0.865703 0.37365
RRV120 con_0021.nii 9 3 -6 0.436623 0.876494
RRV120 con_0021.nii -9 3 -6 0.467668 0.476559
RRV120 con_0021.nii -30 33 -18 -0.174853 0.361282
RRV120 con_0021.nii 46 28 31 1.24291 0.451666
RRV120 con_0021.nii -44 27 33 1.71408 0.447549
RRV120 con_0021.nii 44 8 34 0.640926 0.54294
RRV120 con_0021.nii -42 7 36 0.534702 0.309702
RRV120 con_0021.nii 54 -44 43 2.46247 1.06511
RRV120 con_0021.nii -53 -50 39 0.303114 0.40187
RRV120 con_0021.nii 32 -59 41 0.0300812 0.435456
RRV120 con_0021.nii -32 -58 46 0.553186 0.421637
RRV120 con_0021.nii -6 49 1 0.00285875 0.686619
RRV120 con_0022.nii 9 3 -6 -0.122414 0.352547
RRV120 con_0022.nii -9 3 -6 0.360636 0.21554
RRV120 con_0022.nii -30 33 -18 0.469118 0.221733
RRV120 con_0022.nii 46 28 31 0.139739 0.139564
RRV120 con_0022.nii -44 27 33 0.409284 0.281466
RRV120 con_0022.nii 44 8 34 -0.00319543 0.512997
RRV120 con_0022.nii -42 7 36 0.606972 0.251306
RRV120 con_0022.nii 54 -44 43 -0.0278916 0.151861
RRV120 con_0022.nii -53 -50 39 -0.323211 0.420032
RRV120 con_0022.nii 32 -59 41 -0.0273878 0.381222
RRV120 con_0022.nii -32 -58 46 0.805314 0.3643
RRV120 con_0022.nii -6 49 1 -0.0408897 0.491287
RRV120 con_0023.nii 9 3 -6 0.33011 0.445336
RRV120 con_0023.nii -9 3 -6 0.0665867 0.381193
RRV120 con_0023.nii -30 33 -18 0.753639 0.375808
RRV120 con_0023.nii 46 28 31 0.904333 0.277135
RRV120 con_0023.nii -44 27 33 0.66989 0.29782
RRV120 con_0023.nii 44 8 34 0.285373 0.271388
RRV120 con_0023.nii -42 7 36 -0.181947 0.222597
RRV120 con_0023.nii 54 -44 43 0.461605 0.356179
RRV120 con_0023.nii -53 -50 39 0.0976319 0.182117
RRV120 con_0023.nii 32 -59 41 0.00706795 0.13585
RRV120 con_0023.nii -32 -58 46 0.991379 0.305121
RRV120 con_0023.nii -6 49 1 0.414666 0.338581
RRV120 con_0024.nii 9 3 -6 0.207696 0.629699
RRV120 con_0024.nii -9 3 -6 0.427223 0.358439
RRV120 con_0024.nii -30 33 -18 1.22276 0.445688
RRV120 con_0024.nii 46 28 31 1.04407 0.340308
RRV120 con_0024.nii -44 27 33 1.07917 0.457758
RRV120 con_0024.nii 44 8 34 0.282177 0.705482
RRV120 con_0024.nii -42 7 36 0.425025 0.348769
RRV120 con_0024.nii 54 -44 43 0.433714 0.347755
RRV120 con_0024.nii -53 -50 39 -0.225579 0.50486
RRV120 con_0024.nii 32 -59 41 -0.0203199 0.488649
RRV120 con_0024.nii -32 -58 46 1.79669 0.40152
RRV120 con_0024.nii -6 49 1 0.373776 0.679281
RRV120 con_0025.nii 9 3 -6 0.638314 0.531992
RRV120 con_0025.nii -9 3 -6 -0.0115189 0.260478
RRV120 con_0025.nii -30 33 -18 -0.181497 0.135105
RRV120 con_0025.nii 46 28 31 0.521344 0.174203
RRV120 con_0025.nii -44 27 33 0.194199 0.279429
RRV120 con_0025.nii 44 8 34 0.898998 0.85852
RRV120 con_0025.nii -42 7 36 -0.0929653 0.348978
RRV120 con_0025.nii 54 -44 43 -0.637366 0.58274
RRV120 con_0025.nii -53 -50 39 -1.01569 0.694194
RRV120 con_0025.nii 32 -59 41 0.336808 0.2156
RRV120 con_0025.nii -32 -58 46 0.424019 0.397587
RRV120 con_0025.nii -6 49 1 0.370381 0.300706
RRV120 con_0026.nii 9 3 -6 -0.0412381 0.527131
RRV120 con_0026.nii -9 3 -6 0.65081 0.330025
RRV120 con_0026.nii -30 33 -18 0.824131 0.280285
RRV120 con_0026.nii 46 28 31 0.301845 0.355249
RRV120 con_0026.nii -44 27 33 0.196834 0.36803
RRV120 con_0026.nii 44 8 34 -0.278349 0.380206
RRV120 con_0026.nii -42 7 36 -0.186091 0.368352
RRV120 con_0026.nii 54 -44 43 0.710968 0.537322
RRV120 con_0026.nii -53 -50 39 0.0938901 0.194105
RRV120 con_0026.nii 32 -59 41 -0.0286245 0.271558
RRV120 con_0026.nii -32 -58 46 1.00974 0.31887
RRV120 con_0026.nii -6 49 1 0.924633 0.23998
RRV120 con_0027.nii 9 3 -6 0.597076 0.663678
RRV120 con_0027.nii -9 3 -6 0.639291 0.243899
RRV120 con_0027.nii -30 33 -18 0.642634 0.303974
RRV120 con_0027.nii 46 28 31 0.823188 0.346059
RRV120 con_0027.nii -44 27 33 0.391032 0.418301
RRV120 con_0027.nii 44 8 34 0.62065 0.969674
RRV120 con_0027.nii -42 7 36 -0.279056 0.635621
RRV120 con_0027.nii 54 -44 43 0.0736018 0.247474
RRV120 con_0027.nii -53 -50 39 -0.921797 0.852768
RRV120 con_0027.nii 32 -59 41 0.308184 0.411083
RRV120 con_0027.nii -32 -58 46 1.43376 0.58883
RRV120 con_0027.nii -6 49 1 1.29501 0.436497
RRV120 con_0028.nii 9 3 -6 0.276678 0.303938
RRV120 con_0028.nii -9 3 -6 0.182884 0.139293
RRV120 con_0028.nii -30 33 -18 0.318494 0.0983107
RRV120 con_0028.nii 46 28 31 0.498555 0.096383
RRV120 con_0028.nii -44 27 33 0.611293 0.21305
RRV120 con_0028.nii 44 8 34 0.615137 0.559424
RRV120 con_0028.nii -42 7 36 0.523407 0.234412
RRV120 con_0028.nii 54 -44 43 0.303997 0.20912
RRV120 con_0028.nii -53 -50 39 -0.3189 0.414829
RRV120 con_0028.nii 32 -59 41 0.174618 0.294159
RRV120 con_0028.nii -32 -58 46 0.758739 0.199077
RRV120 con_0028.nii -6 49 1 0.399351 0.120211
RRV120 con_0029.nii 9 3 -6 0.137121 0.302251
RRV120 con_0029.nii -9 3 -6 0.32851 0.267375
RRV120 con_0029.nii -30 33 -18 0.245018 0.147904
RRV120 con_0029.nii 46 28 31 0.538168 0.269398
RRV120 con_0029.nii -44 27 33 0.450136 0.225028
RRV120 con_0029.nii 44 8 34 -0.100553 0.278451
RRV120 con_0029.nii -42 7 36 -0.296516 0.182268
RRV120 con_0029.nii 54 -44 43 0.685932 0.49626
RRV120 con_0029.nii -53 -50 39 0.037479 0.146397
RRV120 con_0029.nii 32 -59 41 -0.0686364 0.199893
RRV120 con_0029.nii -32 -58 46 0.502472 0.202862
RRV120 con_0029.nii -6 49 1 0.157865 0.133261
RRV120 con_0030.nii 9 3 -6 0.413798 0.524071
RRV120 con_0030.nii -9 3 -6 0.511394 0.283005
RRV120 con_0030.nii -30 33 -18 0.563513 0.202073
RRV120 con_0030.nii 46 28 31 1.03672 0.315064
RRV120 con_0030.nii -44 27 33 1.06143 0.371029
RRV120 con_0030.nii 44 8 34 0.514584 0.705638
RRV120 con_0030.nii -42 7 36 0.22689 0.225024
RRV120 con_0030.nii 54 -44 43 0.989929 0.467265
RRV120 con_0030.nii -53 -50 39 -0.281421 0.54802
RRV120 con_0030.nii 32 -59 41 0.105982 0.43156
RRV120 con_0030.nii -32 -58 46 1.26121 0.371283
RRV120 con_0030.nii -6 49 1 0.557216 0.174507
