RRV100 con_0001.nii 9 3 -6 0.0535372 0.25357
RRV100 con_0001.nii -9 3 -6 -0.00927443 0.278122
RRV100 con_0001.nii -30 33 -18 -0.221064 0.123405
RRV100 con_0001.nii 46 28 31 0.0548517 0.15519
RRV100 con_0001.nii -44 27 33 0.439218 0.21924
RRV100 con_0001.nii 44 8 34 0.155859 0.112217
RRV100 con_0001.nii -42 7 36 -0.00376362 0.174958
RRV100 con_0001.nii 54 -44 43 -0.0784381 0.117891
RRV100 con_0001.nii -53 -50 39 0.46782 0.168741
RRV100 con_0001.nii 32 -59 41 0.368146 0.236602
RRV100 con_0001.nii -32 -58 46 0.183786 0.204593
RRV100 con_0001.nii -6 49 1 -0.187497 0.396965
RRV100 con_0002.nii 9 3 -6 0.00195152 0.205763
RRV100 con_0002.nii -9 3 -6 0.289401 0.192885
RRV100 con_0002.nii -30 33 -18 0.430808 0.15329
RRV100 con_0002.nii 46 28 31 0.346043 0.141229
RRV100 con_0002.nii -44 27 33 0.287432 0.260641
RRV100 con_0002.nii 44 8 34 0.434526 0.276312
RRV100 con_0002.nii -42 7 36 0.0451016 0.106702
RRV100 con_0002.nii 54 -44 43 0.806929 0.224955
RRV100 con_0002.nii -53 -50 39 0.442903 0.210293
RRV100 con_0002.nii 32 -59 41 0.463475 0.222515
RRV100 con_0002.nii -32 -58 46 0.673585 0.313632
RRV100 con_0002.nii -6 49 1 0.674084 0.359139
RRV100 con_0003.nii 9 3 -6 0.0554887 0.420614
RRV100 con_0003.nii -9 3 -6 0.280127 0.225396
RRV100 con_0003.nii -30 33 -18 0.209744 0.161163
RRV100 con_0003.nii 46 28 31 0.400895 0.123957
RRV100 con_0003.nii -44 27 33 0.72665 0.411512
RRV100 con_0003.nii 44 8 34 0.590385 0.299747
RRV100 con_0003.nii -42 7 36 0.041338 0.170868
RRV100 con_0003.nii 54 -44 43 0.728491 0.198456
RRV100 con_0003.nii -53 -50 39 0.910723 0.286777
RRV100 con_0003.nii 32 -59 41 0.831621 0.394999
RRV100 con_0003.nii -32 -58 46 0.85737 0.459103
RRV100 con_0003.nii -6 49 1 0.486587 0.600573
RRV100 con_0004.nii 9 3 -6 -0.362005 0.567695
RRV100 con_0004.nii -9 3 -6 -0.263932 0.181219
RRV100 con_0004.nii -30 33 -18 0.327404 0.164447
RRV100 con_0004.nii 46 28 31 0.298015 0.218633
RRV100 con_0004.nii -44 27 33 -0.0687935 0.222721
RRV100 con_0004.nii 44 8 34 0.0730075 0.231664
RRV100 con_0004.nii -42 7 36 -0.257185 0.318616
RRV100 con_0004.nii 54 -44 43 -0.322014 0.16419
RRV100 con_0004.nii -53 -50 39 -0.0636351 0.110686
RRV100 con_0004.nii 32 -59 41 0.130207 0.211755
RRV100 con_0004.nii -32 -58 46 0.130226 0.236111
RRV100 con_0004.nii -6 49 1 0.541126 0.237943
RRV100 con_0005.nii 9 3 -6 -0.0907735 0.286757
RRV100 con_0005.nii -9 3 -6 0.040145 0.174932
RRV100 con_0005.nii -30 33 -18 0.244199 0.173984
RRV100 con_0005.nii 46 28 31 0.299826 0.237107
RRV100 con_0005.nii -44 27 33 0.283347 0.238284
RRV100 con_0005.nii 44 8 34 0.195818 0.108133
RRV100 con_0005.nii -42 7 36 -0.113832 0.150694
RRV100 con_0005.nii 54 -44 43 -0.329286 0.133045
RRV100 con_0005.nii -53 -50 39 -0.128452 0.2633
RRV100 con_0005.nii 32 -59 41 0.261587 0.199678
RRV100 con_0005.nii -32 -58 46 0.181304 0.383746
RRV100 con_0005.nii -6 49 1 -0.161328 0.290209
RRV100 con_0006.nii 9 3 -6 -0.452778 0.619824
RRV100 con_0006.nii -9 3 -6 -0.223787 0.255068
RRV100 con_0006.nii -30 33 -18 0.571603 0.231643
RRV100 con_0006.nii 46 28 31 0.597841 0.179962
RRV100 con_0006.nii -44 27 33 0.214554 0.402799
RRV100 con_0006.nii 44 8 34 0.268825 0.243249
RRV100 con_0006.nii -42 7 36 -0.371018 0.357536
RRV100 con_0006.nii 54 -44 43 -0.6513 0.249334
RRV100 con_0006.nii -53 -50 39 -0.192087 0.299677
RRV100 con_0006.nii 32 -59 41 0.391794 0.290062
RRV100 con_0006.nii -32 -58 46 0.311531 0.539507
RRV100 con_0006.nii -6 49 1 0.379799 0.471315
RRV100 con_0007.nii 9 3 -6 -0.37996 0.457791
RRV100 con_0007.nii -9 3 -6 -0.234969 0.279378
RRV100 con_0007.nii -30 33 -18 -0.00316881 0.288642
RRV100 con_0007.nii 46 28 31 -0.188357 0.379442
RRV100 con_0007.nii -44 27 33 0.4203 0.301662
RRV100 con_0007.nii 44 8 34 0.317196 0.46581
RRV100 con_0007.nii -42 7 36 0.226682 0.353102
RRV100 con_0007.nii 54 -44 43 -0.0732226 0.171746
RRV100 con_0007.nii -53 -50 39 0.442496 0.16969
RRV100 con_0007.nii 32 -59 41 0.367682 0.29835
RRV100 con_0007.nii -32 -58 46 0.783384 0.177843
RRV100 con_0007.nii -6 49 1 -0.398317 0.238851
RRV100 con_0008.nii 9 3 -6 0.17688 0.221299
RRV100 con_0008.nii -9 3 -6 -0.0153712 0.196365
RRV100 con_0008.nii -30 33 -18 0.0939159 0.117152
RRV100 con_0008.nii 46 28 31 -0.0827189 0.190421
RRV100 con_0008.nii -44 27 33 0.356199 0.182521
RRV100 con_0008.nii 44 8 34 0.228184 0.108283
RRV100 con_0008.nii -42 7 36 -0.263841 0.165793
RRV100 con_0008.nii 54 -44 43 0.016949 0.184821
RRV100 con_0008.nii -53 -50 39 -0.161669 0.181868
RRV100 con_0008.nii 32 -59 41 0.532742 0.169937
RRV100 con_0008.nii -32 -58 46 0.132923 0.306437
RRV100 con_0008.nii -6 49 1 0.0879408 0.207985
RRV100 con_0009.nii 9 3 -6 -0.20308 0.596119
RRV100 con_0009.nii -9 3 -6 -0.25034 0.289726
RRV100 con_0009.nii -30 33 -18 0.0907471 0.363408
RRV100 con_0009.nii 46 28 31 -0.271076 0.395874
RRV100 con_0009.nii -44 27 33 0.776499 0.455865
RRV100 con_0009.nii 44 8 34 0.54538 0.514707
RRV100 con_0009.nii -42 7 36 -0.037159 0.380121
RRV100 con_0009.nii 54 -44 43 -0.0562736 0.148616
RRV100 con_0009.nii -53 -50 39 0.280827 0.202696
RRV100 con_0009.nii 32 -59 41 0.900424 0.336693
RRV100 con_0009.nii -32 -58 46 0.916306 0.33137
RRV100 con_0009.nii -6 49 1 -0.310376 0.312605
RRV100 con_0010.nii 9 3 -6 -0.107909 0.279292
RRV100 con_0010.nii -9 3 -6 0.167546 0.115671
RRV100 con_0010.nii -30 33 -18 0.286015 0.193042
RRV100 con_0010.nii 46 28 31 0.257826 0.0682505
RRV100 con_0010.nii -44 27 33 0.152897 0.193603
RRV100 con_0010.nii 44 8 34 0.244111 0.27591
RRV100 con_0010.nii -42 7 36 -0.122821 0.115284
RRV100 con_0010.nii 54 -44 43 0.136234 0.164337
RRV100 con_0010.nii -53 -50 39 0.375894 0.144843
RRV100 con_0010.nii 32 -59 41 0.125688 0.17571
RRV100 con_0010.nii -32 -58 46 0.324298 0.10287
RRV100 con_0010.nii -6 49 1 -0.0196248 0.154368
RRV100 con_0011.nii 9 3 -6 0.109856 0.199714
RRV100 con_0011.nii -9 3 -6 0.0375547 0.134627
RRV100 con_0011.nii -30 33 -18 0.0698747 0.204549
RRV100 con_0011.nii 46 28 31 0.1719 0.149797
RRV100 con_0011.nii -44 27 33 0.14204 0.168148
RRV100 con_0011.nii 44 8 34 0.144378 0.131458
RRV100 con_0011.nii -42 7 36 -0.128161 0.153843
RRV100 con_0011.nii 54 -44 43 0.460011 0.165405
RRV100 con_0011.nii -53 -50 39 -0.20071 0.154261
RRV100 con_0011.nii 32 -59 41 0.410567 0.133979
RRV100 con_0011.nii -32 -58 46 0.20711 0.164563
RRV100 con_0011.nii -6 49 1 0.594502 0.271153
RRV100 con_0012.nii 9 3 -6 0.00194756 0.435337
RRV100 con_0012.nii -9 3 -6 0.2051 0.185593
RRV100 con_0012.nii -30 33 -18 0.355889 0.354877
RRV100 con_0012.nii 46 28 31 0.429726 0.171977
RRV100 con_0012.nii -44 27 33 0.294937 0.31586
RRV100 con_0012.nii 44 8 34 0.38849 0.224032
RRV100 con_0012.nii -42 7 36 -0.250981 0.175771
RRV100 con_0012.nii 54 -44 43 0.596245 0.214832
RRV100 con_0012.nii -53 -50 39 0.175184 0.166173
RRV100 con_0012.nii 32 -59 41 0.536256 0.255021
RRV100 con_0012.nii -32 -58 46 0.531408 0.237752
RRV100 con_0012.nii -6 49 1 0.574877 0.34944
RRV100 con_0013.nii 9 3 -6 0.00184821 0.264926
RRV100 con_0013.nii -9 3 -6 -0.0772726 0.263598
RRV100 con_0013.nii -30 33 -18 0.0573458 0.157762
RRV100 con_0013.nii 46 28 31 0.23805 0.213515
RRV100 con_0013.nii -44 27 33 0.801794 0.413132
RRV100 con_0013.nii 44 8 34 0.532773 0.243879
RRV100 con_0013.nii -42 7 36 -0.00442372 0.22371
RRV100 con_0013.nii 54 -44 43 0.332544 0.178434
RRV100 con_0013.nii -53 -50 39 0.516335 0.129274
RRV100 con_0013.nii 32 -59 41 0.39274 0.24349
RRV100 con_0013.nii -32 -58 46 0.758425 0.388852
RRV100 con_0013.nii -6 49 1 -0.182436 0.15447
RRV100 con_0014.nii 9 3 -6 -0.00164202 0.110906
RRV100 con_0014.nii -9 3 -6 0.0182108 0.20883
RRV100 con_0014.nii -30 33 -18 0.131256 0.0679113
RRV100 con_0014.nii 46 28 31 0.196605 0.110513
RRV100 con_0014.nii -44 27 33 0.124221 0.139992
RRV100 con_0014.nii 44 8 34 0.28044 0.128454
RRV100 con_0014.nii -42 7 36 0.152074 0.127628
RRV100 con_0014.nii 54 -44 43 0.213406 0.162381
RRV100 con_0014.nii -53 -50 39 0.219818 0.114501
RRV100 con_0014.nii 32 -59 41 0.23682 0.123425
RRV100 con_0014.nii -32 -58 46 0.300031 0.217643
RRV100 con_0014.nii -6 49 1 -0.203552 0.169069
RRV100 con_0015.nii 9 3 -6 0.000206188 0.28518
RRV100 con_0015.nii -9 3 -6 -0.0590617 0.145208
RRV100 con_0015.nii -30 33 -18 0.188602 0.203433
RRV100 con_0015.nii 46 28 31 0.434655 0.298827
RRV100 con_0015.nii -44 27 33 0.926016 0.495769
RRV100 con_0015.nii 44 8 34 0.813214 0.350943
RRV100 con_0015.nii -42 7 36 0.14765 0.262204
RRV100 con_0015.nii 54 -44 43 0.545951 0.289752
RRV100 con_0015.nii -53 -50 39 0.736153 0.198704
RRV100 con_0015.nii 32 -59 41 0.629559 0.341874
RRV100 con_0015.nii -32 -58 46 1.05846 0.580784
RRV100 con_0015.nii -6 49 1 -0.385988 0.224457
RRV100 con_0016.nii 9 3 -6 -0.229476 0.364704
RRV100 con_0016.nii -9 3 -6 -0.169392 0.166605
RRV100 con_0016.nii -30 33 -18 0.0343903 0.0804153
RRV100 con_0016.nii 46 28 31 0.0548366 0.103076
RRV100 con_0016.nii -44 27 33 0.263575 0.178072
RRV100 con_0016.nii 44 8 34 0.182021 0.216751
RRV100 con_0016.nii -42 7 36 -0.0114222 0.225786
RRV100 con_0016.nii 54 -44 43 -0.157892 0.0801633
RRV100 con_0016.nii -53 -50 39 0.282227 0.100426
RRV100 con_0016.nii 32 -59 41 0.288678 0.216597
RRV100 con_0016.nii -32 -58 46 0.365798 0.116281
RRV100 con_0016.nii -6 49 1 -0.0148958 0.15715
RRV100 con_0017.nii 9 3 -6 0.0293528 0.131362
RRV100 con_0017.nii -9 3 -6 0.104725 0.143886
RRV100 con_0017.nii -30 33 -18 0.256308 0.110936
RRV100 con_0017.nii 46 28 31 0.187717 0.0989331
RRV100 con_0017.nii -44 27 33 0.308993 0.190407
RRV100 con_0017.nii 44 8 34 0.286176 0.123067
RRV100 con_0017.nii -42 7 36 -0.110857 0.0757442
RRV100 con_0017.nii 54 -44 43 0.164864 0.104489
RRV100 con_0017.nii -53 -50 39 0.0509271 0.113413
RRV100 con_0017.nii 32 -59 41 0.419268 0.150694
RRV100 con_0017.nii -32 -58 46 0.329271 0.315348
RRV100 con_0017.nii -6 49 1 0.200232 0.20621
RRV100 con_0018.nii 9 3 -6 -0.200123 0.423298
RRV100 con_0018.nii -9 3 -6 -0.0646668 0.157592
RRV100 con_0018.nii -30 33 -18 0.290698 0.146839
RRV100 con_0018.nii 46 28 31 0.242553 0.163921
RRV100 con_0018.nii -44 27 33 0.572568 0.354085
RRV100 con_0018.nii 44 8 34 0.468197 0.313339
RRV100 con_0018.nii -42 7 36 -0.12228 0.235608
RRV100 con_0018.nii 54 -44 43 0.0069725 0.094799
RRV100 con_0018.nii -53 -50 39 0.333154 0.153224
RRV100 con_0018.nii 32 -59 41 0.707946 0.29483
RRV100 con_0018.nii -32 -58 46 0.695069 0.402244
RRV100 con_0018.nii -6 49 1 0.185336 0.270103
RRV100 con_0019.nii 9 3 -6 0.161446 0.285951
RRV100 con_0019.nii -9 3 -6 -0.17682 0.211317
RRV100 con_0019.nii -30 33 -18 -0.507079 0.286245
RRV100 con_0019.nii 46 28 31 -0.202974 0.131582
RRV100 con_0019.nii -44 27 33 0.286321 0.195783
RRV100 con_0019.nii 44 8 34 -0.0882526 0.30048
RRV100 con_0019.nii -42 7 36 0.119057 0.169593
RRV100 con_0019.nii 54 -44 43 -0.214672 0.116665
RRV100 con_0019.nii -53 -50 39 0.0919258 0.193367
RRV100 con_0019.nii 32 -59 41 0.242457 0.201839
RRV100 con_0019.nii -32 -58 46 -0.140513 0.198944
RRV100 con_0019.nii -6 49 1 -0.167872 0.494083
RRV100 con_0020.nii 9 3 -6 -0.107905 0.2221
RRV100 con_0020.nii -9 3 -6 0.251847 0.164491
RRV100 con_0020.nii -30 33 -18 0.360933 0.223259
RRV100 con_0020.nii 46 28 31 0.174143 0.158831
RRV100 con_0020.nii -44 27 33 0.145392 0.19231
RRV100 con_0020.nii 44 8 34 0.290148 0.34816
RRV100 con_0020.nii -42 7 36 0.173262 0.168061
RRV100 con_0020.nii 54 -44 43 0.346917 0.118424
RRV100 con_0020.nii -53 -50 39 0.643613 0.222415
RRV100 con_0020.nii 32 -59 41 0.0529077 0.181944
RRV100 con_0020.nii -32 -58 46 0.466475 0.186653
RRV100 con_0020.nii -6 49 1 0.0795813 0.244531
RRV100 con_0021.nii 9 3 -6 0.0535412 0.451314
RRV100 con_0021.nii -9 3 -6 0.0750265 0.142163
RRV100 con_0021.nii -30 33 -18 -0.146145 0.412124
RRV100 con_0021.nii 46 28 31 -0.028831 0.102267
RRV100 con_0021.nii -44 27 33 0.431713 0.231189
RRV100 con_0021.nii 44 8 34 0.201895 0.185792
RRV100 con_0021.nii -42 7 36 0.292319 0.13321
RRV100 con_0021.nii 54 -44 43 0.132246 0.105968
RRV100 con_0021.nii -53 -50 39 0.735539 0.324221
RRV100 con_0021.nii 32 -59 41 0.295365 0.335654
RRV100 con_0021.nii -32 -58 46 0.325962 0.290606
RRV100 con_0021.nii -6 49 1 -0.0882907 0.621684
RRV100 con_0022.nii 9 3 -6 -0.254096 0.46068
RRV100 con_0022.nii -9 3 -6 -0.431478 0.192877
RRV100 con_0022.nii -30 33 -18 0.0413888 0.205712
RRV100 con_0022.nii 46 28 31 0.0401891 0.242167
RRV100 con_0022.nii -44 27 33 -0.22169 0.203968
RRV100 con_0022.nii 44 8 34 -0.171104 0.146389
RRV100 con_0022.nii -42 7 36 -0.134365 0.268177
RRV100 con_0022.nii 54 -44 43 -0.458248 0.29319
RRV100 con_0022.nii -53 -50 39 -0.439529 0.118152
RRV100 con_0022.nii 32 -59 41 0.00451852 0.187233
RRV100 con_0022.nii -32 -58 46 -0.194072 0.191469
RRV100 con_0022.nii -6 49 1 0.560751 0.182753
RRV100 con_0023.nii 9 3 -6 -0.20063 0.316208
RRV100 con_0023.nii -9 3 -6 0.00259035 0.202693
RRV100 con_0023.nii -30 33 -18 0.174324 0.23382
RRV100 con_0023.nii 46 28 31 0.127926 0.252165
RRV100 con_0023.nii -44 27 33 0.141308 0.173461
RRV100 con_0023.nii 44 8 34 0.0514397 0.172461
RRV100 con_0023.nii -42 7 36 0.0143284 0.162447
RRV100 con_0023.nii 54 -44 43 -0.789297 0.232419
RRV100 con_0023.nii -53 -50 39 0.0722579 0.374236
RRV100 con_0023.nii 32 -59 41 -0.14898 0.196065
RRV100 con_0023.nii -32 -58 46 -0.0258056 0.266613
RRV100 con_0023.nii -6 49 1 -0.75583 0.306567
RRV100 con_0024.nii 9 3 -6 -0.454726 0.541339
RRV100 con_0024.nii -9 3 -6 -0.428887 0.274892
RRV100 con_0024.nii -30 33 -18 0.215713 0.398828
RRV100 con_0024.nii 46 28 31 0.168115 0.250746
RRV100 con_0024.nii -44 27 33 -0.0803826 0.2505
RRV100 con_0024.nii 44 8 34 -0.119664 0.199391
RRV100 con_0024.nii -42 7 36 -0.120036 0.235509
RRV100 con_0024.nii 54 -44 43 -1.24754 0.406939
RRV100 con_0024.nii -53 -50 39 -0.367271 0.285156
RRV100 con_0024.nii 32 -59 41 -0.144461 0.15596
RRV100 con_0024.nii -32 -58 46 -0.219877 0.373498
RRV100 con_0024.nii -6 49 1 -0.195079 0.39461
RRV100 con_0025.nii 9 3 -6 -0.272051 0.274039
RRV100 con_0025.nii -9 3 -6 -0.402515 0.282441
RRV100 con_0025.nii -30 33 -18 -0.289184 0.202646
RRV100 con_0025.nii 46 28 31 -0.446183 0.367171
RRV100 con_0025.nii -44 27 33 0.267404 0.222029
RRV100 con_0025.nii 44 8 34 0.0730846 0.238067
RRV100 con_0025.nii -42 7 36 0.349503 0.352358
RRV100 con_0025.nii 54 -44 43 -0.209456 0.10149
RRV100 con_0025.nii -53 -50 39 0.0666023 0.197067
RRV100 con_0025.nii 32 -59 41 0.241994 0.165202
RRV100 con_0025.nii -32 -58 46 0.459085 0.209164
RRV100 con_0025.nii -6 49 1 -0.378692 0.259786
RRV100 con_0026.nii 9 3 -6 0.0670242 0.255847
RRV100 con_0026.nii -9 3 -6 -0.0529259 0.200922
RRV100 con_0026.nii -30 33 -18 0.0240412 0.137899
RRV100 con_0026.nii 46 28 31 -0.254619 0.148171
RRV100 con_0026.nii -44 27 33 0.214159 0.186482
RRV100 con_0026.nii 44 8 34 0.0838055 0.167186
RRV100 con_0026.nii -42 7 36 -0.135681 0.218752
RRV100 con_0026.nii 54 -44 43 -0.443062 0.203613
RRV100 con_0026.nii -53 -50 39 0.0390406 0.13152
RRV100 con_0026.nii 32 -59 41 0.122174 0.129768
RRV100 con_0026.nii -32 -58 46 -0.074187 0.214775
RRV100 con_0026.nii -6 49 1 -0.506562 0.223023
RRV100 con_0027.nii 9 3 -6 -0.205027 0.404313
RRV100 con_0027.nii -9 3 -6 -0.455441 0.316595
RRV100 con_0027.nii -30 33 -18 -0.265142 0.200376
RRV100 con_0027.nii 46 28 31 -0.700802 0.290131
RRV100 con_0027.nii -44 27 33 0.481562 0.36128
RRV100 con_0027.nii 44 8 34 0.15689 0.389875
RRV100 con_0027.nii -42 7 36 0.213822 0.317018
RRV100 con_0027.nii 54 -44 43 -0.652519 0.234977
RRV100 con_0027.nii -53 -50 39 0.105643 0.210492
RRV100 con_0027.nii 32 -59 41 0.364168 0.198722
RRV100 con_0027.nii -32 -58 46 0.384898 0.244855
RRV100 con_0027.nii -6 49 1 -0.885254 0.180777
RRV100 con_0028.nii 9 3 -6 -0.121567 0.239423
RRV100 con_0028.nii -9 3 -6 -0.336938 0.137424
RRV100 con_0028.nii -30 33 -18 -0.251624 0.140396
RRV100 con_0028.nii 46 28 31 -0.20299 0.0944935
RRV100 con_0028.nii -44 27 33 0.110678 0.10907
RRV100 con_0028.nii 44 8 34 -0.0620906 0.0932679
RRV100 con_0028.nii -42 7 36 0.111398 0.200805
RRV100 con_0028.nii 54 -44 43 -0.294125 0.139996
RRV100 con_0028.nii -53 -50 39 -0.0936669 0.130285
RRV100 con_0028.nii 32 -59 41 0.16299 0.13416
RRV100 con_0028.nii -32 -58 46 0.0415003 0.102173
RRV100 con_0028.nii -6 49 1 0.00472903 0.221995
RRV100 con_0029.nii 9 3 -6 -0.0805033 0.176069
RRV100 con_0029.nii -9 3 -6 0.0671704 0.146351
RRV100 con_0029.nii -30 33 -18 0.186433 0.17603
RRV100 con_0029.nii 46 28 31 0.0158169 0.0961021
RRV100 con_0029.nii -44 27 33 0.166953 0.132394
RRV100 con_0029.nii 44 8 34 0.141798 0.20378
RRV100 con_0029.nii -42 7 36 0.0173032 0.139183
RRV100 con_0029.nii 54 -44 43 -0.295147 0.115168
RRV100 con_0029.nii -53 -50 39 0.251637 0.181457
RRV100 con_0029.nii 32 -59 41 0.00870073 0.112914
RRV100 con_0029.nii -32 -58 46 0.122161 0.192227
RRV100 con_0029.nii -6 49 1 -0.39427 0.157719
RRV100 con_0030.nii 9 3 -6 -0.202071 0.306208
RRV100 con_0030.nii -9 3 -6 -0.269767 0.153526
RRV100 con_0030.nii -30 33 -18 -0.0651915 0.272059
RRV100 con_0030.nii 46 28 31 -0.187173 0.10591
RRV100 con_0030.nii -44 27 33 0.277631 0.166782
RRV100 con_0030.nii 44 8 34 0.079707 0.18875
RRV100 con_0030.nii -42 7 36 0.128702 0.113612
RRV100 con_0030.nii 54 -44 43 -0.589273 0.212418
RRV100 con_0030.nii -53 -50 39 0.15797 0.171309
RRV100 con_0030.nii 32 -59 41 0.171691 0.167062
RRV100 con_0030.nii -32 -58 46 0.163661 0.229244
RRV100 con_0030.nii -6 49 1 -0.389541 0.194258
