RRV148 con_0001.nii 9 3 -6 -0.466743 0.294214
RRV148 con_0001.nii -9 3 -6 0.0709622 0.35129
RRV148 con_0001.nii -30 33 -18 0.245067 0.188322
RRV148 con_0001.nii 46 28 31 1.01449 0.532055
RRV148 con_0001.nii -44 27 33 0.345119 0.137056
RRV148 con_0001.nii 44 8 34 1.47693 0.545999
RRV148 con_0001.nii -42 7 36 0.830526 0.316073
RRV148 con_0001.nii 54 -44 43 0.71369 0.44947
RRV148 con_0001.nii -53 -50 39 0.459322 0.288984
RRV148 con_0001.nii 32 -59 41 1.34112 0.871113
RRV148 con_0001.nii -32 -58 46 0.44315 0.461664
RRV148 con_0001.nii -6 49 1 -0.462898 0.386219
RRV148 con_0002.nii 9 3 -6 0.0595297 0.416027
RRV148 con_0002.nii -9 3 -6 -0.136752 0.290962
RRV148 con_0002.nii -30 33 -18 0.0468855 0.18553
RRV148 con_0002.nii 46 28 31 0.424219 0.568761
RRV148 con_0002.nii -44 27 33 -0.460692 0.309759
RRV148 con_0002.nii 44 8 34 1.25469 0.444719
RRV148 con_0002.nii -42 7 36 1.0151 0.336964
RRV148 con_0002.nii 54 -44 43 0.077808 0.339787
RRV148 con_0002.nii -53 -50 39 -0.455736 0.508029
RRV148 con_0002.nii 32 -59 41 1.4304 0.801444
RRV148 con_0002.nii -32 -58 46 0.496497 0.427983
RRV148 con_0002.nii -6 49 1 -0.761237 0.234509
RRV148 con_0003.nii 9 3 -6 -0.407214 0.377814
RRV148 con_0003.nii -9 3 -6 -0.0657902 0.292698
RRV148 con_0003.nii -30 33 -18 0.291953 0.341928
RRV148 con_0003.nii 46 28 31 1.43871 1.04257
RRV148 con_0003.nii -44 27 33 -0.115573 0.380887
RRV148 con_0003.nii 44 8 34 2.73162 0.5937
RRV148 con_0003.nii -42 7 36 1.84562 0.585942
RRV148 con_0003.nii 54 -44 43 0.791498 0.745377
RRV148 con_0003.nii -53 -50 39 0.0035865 0.701949
RRV148 con_0003.nii 32 -59 41 2.77152 1.63371
RRV148 con_0003.nii -32 -58 46 0.939648 0.869563
RRV148 con_0003.nii -6 49 1 -1.22414 0.572186
RRV148 con_0004.nii 9 3 -6 -0.108805 0.250664
RRV148 con_0004.nii -9 3 -6 0.11706 0.471782
RRV148 con_0004.nii -30 33 -18 0.583703 0.172302
RRV148 con_0004.nii 46 28 31 0.250399 0.439739
RRV148 con_0004.nii -44 27 33 0.213013 0.242857
RRV148 con_0004.nii 44 8 34 0.283314 0.334459
RRV148 con_0004.nii -42 7 36 -0.0972966 0.528251
RRV148 con_0004.nii 54 -44 43 -0.724907 0.474926
RRV148 con_0004.nii -53 -50 39 -0.668074 0.260158
RRV148 con_0004.nii 32 -59 41 1.29208 0.985426
RRV148 con_0004.nii -32 -58 46 -0.0176368 0.329399
RRV148 con_0004.nii -6 49 1 0.270021 0.260347
RRV148 con_0005.nii 9 3 -6 0.430107 0.789604
RRV148 con_0005.nii -9 3 -6 0.427609 0.692113
RRV148 con_0005.nii -30 33 -18 0.140498 0.224647
RRV148 con_0005.nii 46 28 31 0.264564 0.512538
RRV148 con_0005.nii -44 27 33 -0.279283 0.25207
RRV148 con_0005.nii 44 8 34 0.764612 0.629987
RRV148 con_0005.nii -42 7 36 0.303347 0.312857
RRV148 con_0005.nii 54 -44 43 -0.739294 0.720095
RRV148 con_0005.nii -53 -50 39 -1.00111 0.80695
RRV148 con_0005.nii 32 -59 41 1.53145 0.75587
RRV148 con_0005.nii -32 -58 46 0.690047 0.418404
RRV148 con_0005.nii -6 49 1 -0.472557 0.283699
RRV148 con_0006.nii 9 3 -6 0.321303 0.89621
RRV148 con_0006.nii -9 3 -6 0.544669 1.01688
RRV148 con_0006.nii -30 33 -18 0.724201 0.319633
RRV148 con_0006.nii 46 28 31 0.514963 0.809199
RRV148 con_0006.nii -44 27 33 -0.0662694 0.408521
RRV148 con_0006.nii 44 8 34 1.04793 0.717579
RRV148 con_0006.nii -42 7 36 0.20605 0.552846
RRV148 con_0006.nii 54 -44 43 -1.4642 1.1276
RRV148 con_0006.nii -53 -50 39 -1.66918 0.940894
RRV148 con_0006.nii 32 -59 41 2.82353 1.62338
RRV148 con_0006.nii -32 -58 46 0.67241 0.575655
RRV148 con_0006.nii -6 49 1 -0.202536 0.44551
RRV148 con_0007.nii 9 3 -6 -0.606088 0.491661
RRV148 con_0007.nii -9 3 -6 -0.627779 0.445108
RRV148 con_0007.nii -30 33 -18 0.122474 0.101941
RRV148 con_0007.nii 46 28 31 0.462014 0.501803
RRV148 con_0007.nii -44 27 33 0.284049 0.217421
RRV148 con_0007.nii 44 8 34 0.215327 0.244344
RRV148 con_0007.nii -42 7 36 0.353487 0.338951
RRV148 con_0007.nii 54 -44 43 -1.03783 0.52737
RRV148 con_0007.nii -53 -50 39 -0.496426 0.2335
RRV148 con_0007.nii 32 -59 41 0.524721 0.710822
RRV148 con_0007.nii -32 -58 46 -0.00986489 0.477215
RRV148 con_0007.nii -6 49 1 -0.990012 0.435772
RRV148 con_0008.nii 9 3 -6 0.0568656 0.454817
RRV148 con_0008.nii -9 3 -6 0.133891 0.405899
RRV148 con_0008.nii -30 33 -18 -0.333086 0.246955
RRV148 con_0008.nii 46 28 31 0.267717 0.480184
RRV148 con_0008.nii -44 27 33 -0.504424 0.446847
RRV148 con_0008.nii 44 8 34 1.37379 0.615229
RRV148 con_0008.nii -42 7 36 0.40242 0.268917
RRV148 con_0008.nii 54 -44 43 0.118239 0.205719
RRV148 con_0008.nii -53 -50 39 -0.0964196 0.319636
RRV148 con_0008.nii 32 -59 41 1.08168 0.692664
RRV148 con_0008.nii -32 -58 46 0.361747 0.435888
RRV148 con_0008.nii -6 49 1 -0.10079 0.273315
RRV148 con_0009.nii 9 3 -6 -0.549222 0.544167
RRV148 con_0009.nii -9 3 -6 -0.493888 0.659051
RRV148 con_0009.nii -30 33 -18 -0.210612 0.295082
RRV148 con_0009.nii 46 28 31 0.729731 0.831056
RRV148 con_0009.nii -44 27 33 -0.220375 0.522733
RRV148 con_0009.nii 44 8 34 1.58912 0.709044
RRV148 con_0009.nii -42 7 36 0.755907 0.484437
RRV148 con_0009.nii 54 -44 43 -0.919587 0.629979
RRV148 con_0009.nii -53 -50 39 -0.592846 0.508803
RRV148 con_0009.nii 32 -59 41 1.6064 1.33569
RRV148 con_0009.nii -32 -58 46 0.351882 0.856226
RRV148 con_0009.nii -6 49 1 -1.0908 0.62014
RRV148 con_0010.nii 9 3 -6 -0.113082 0.305572
RRV148 con_0010.nii -9 3 -6 -0.0746265 0.199038
RRV148 con_0010.nii -30 33 -18 0.130962 0.150618
RRV148 con_0010.nii 46 28 31 0.208676 0.259825
RRV148 con_0010.nii -44 27 33 -0.0365703 0.0901593
RRV148 con_0010.nii 44 8 34 -0.175298 0.163118
RRV148 con_0010.nii -42 7 36 -0.0944407 0.113817
RRV148 con_0010.nii 54 -44 43 -0.404174 0.381758
RRV148 con_0010.nii -53 -50 39 -0.232557 0.167577
RRV148 con_0010.nii 32 -59 41 0.440111 0.504764
RRV148 con_0010.nii -32 -58 46 -0.179635 0.193913
RRV148 con_0010.nii -6 49 1 -0.279431 0.265503
RRV148 con_0011.nii 9 3 -6 0.0526885 0.280755
RRV148 con_0011.nii -9 3 -6 -0.0900951 0.293338
RRV148 con_0011.nii -30 33 -18 -0.144777 0.21106
RRV148 con_0011.nii 46 28 31 0.231126 0.309854
RRV148 con_0011.nii -44 27 33 -0.337032 0.107866
RRV148 con_0011.nii 44 8 34 -0.0523067 0.462246
RRV148 con_0011.nii -42 7 36 -0.019122 0.200574
RRV148 con_0011.nii 54 -44 43 -0.1041 0.211248
RRV148 con_0011.nii -53 -50 39 -0.648632 0.38218
RRV148 con_0011.nii 32 -59 41 0.671145 0.330856
RRV148 con_0011.nii -32 -58 46 -0.0606334 0.198118
RRV148 con_0011.nii -6 49 1 -0.367977 0.145791
RRV148 con_0012.nii 9 3 -6 -0.0603939 0.35204
RRV148 con_0012.nii -9 3 -6 -0.164722 0.26238
RRV148 con_0012.nii -30 33 -18 -0.0138147 0.189624
RRV148 con_0012.nii 46 28 31 0.439802 0.513659
RRV148 con_0012.nii -44 27 33 -0.373603 0.140388
RRV148 con_0012.nii 44 8 34 -0.227605 0.534749
RRV148 con_0012.nii -42 7 36 -0.113563 0.208919
RRV148 con_0012.nii 54 -44 43 -0.508274 0.578061
RRV148 con_0012.nii -53 -50 39 -0.881189 0.473767
RRV148 con_0012.nii 32 -59 41 1.11126 0.804101
RRV148 con_0012.nii -32 -58 46 -0.240268 0.352385
RRV148 con_0012.nii -6 49 1 -0.647409 0.377736
RRV148 con_0013.nii 9 3 -6 -0.121705 0.457306
RRV148 con_0013.nii -9 3 -6 -0.152435 0.348612
RRV148 con_0013.nii -30 33 -18 0.242408 0.187011
RRV148 con_0013.nii 46 28 31 0.404686 0.649434
RRV148 con_0013.nii -44 27 33 -0.109629 0.160336
RRV148 con_0013.nii 44 8 34 0.79445 0.343825
RRV148 con_0013.nii -42 7 36 -0.0992717 0.210778
RRV148 con_0013.nii 54 -44 43 -0.0131277 0.417638
RRV148 con_0013.nii -53 -50 39 -0.155368 0.213165
RRV148 con_0013.nii 32 -59 41 0.722098 0.478353
RRV148 con_0013.nii -32 -58 46 -0.0860351 0.212607
RRV148 con_0013.nii -6 49 1 -0.649741 0.298746
RRV148 con_0014.nii 9 3 -6 0.00684443 0.329254
RRV148 con_0014.nii -9 3 -6 -0.0997885 0.11313
RRV148 con_0014.nii -30 33 -18 0.0274052 0.0555249
RRV148 con_0014.nii 46 28 31 0.376095 0.411023
RRV148 con_0014.nii -44 27 33 -0.435967 0.248298
RRV148 con_0014.nii 44 8 34 1.11019 0.632631
RRV148 con_0014.nii -42 7 36 0.465596 0.378446
RRV148 con_0014.nii 54 -44 43 0.0667071 0.308657
RRV148 con_0014.nii -53 -50 39 -0.331091 0.317727
RRV148 con_0014.nii 32 -59 41 0.636445 0.50853
RRV148 con_0014.nii -32 -58 46 -0.129028 0.294495
RRV148 con_0014.nii -6 49 1 -0.439117 0.264288
RRV148 con_0015.nii 9 3 -6 -0.11486 0.704334
RRV148 con_0015.nii -9 3 -6 -0.252223 0.394798
RRV148 con_0015.nii -30 33 -18 0.269813 0.214983
RRV148 con_0015.nii 46 28 31 0.780781 0.99822
RRV148 con_0015.nii -44 27 33 -0.545596 0.39966
RRV148 con_0015.nii 44 8 34 1.90464 0.867507
RRV148 con_0015.nii -42 7 36 0.366324 0.469494
RRV148 con_0015.nii 54 -44 43 0.0535794 0.707631
RRV148 con_0015.nii -53 -50 39 -0.486459 0.479439
RRV148 con_0015.nii 32 -59 41 1.35854 0.952602
RRV148 con_0015.nii -32 -58 46 -0.215063 0.424538
RRV148 con_0015.nii -6 49 1 -1.08886 0.496607
RRV148 con_0016.nii 9 3 -6 -0.393879 0.295767
RRV148 con_0016.nii -9 3 -6 -0.146586 0.350161
RRV148 con_0016.nii -30 33 -18 0.317081 0.104834
RRV148 con_0016.nii 46 28 31 0.575635 0.390903
RRV148 con_0016.nii -44 27 33 0.280727 0.117532
RRV148 con_0016.nii 44 8 34 0.658524 0.216977
RRV148 con_0016.nii -42 7 36 0.362239 0.248926
RRV148 con_0016.nii 54 -44 43 -0.349681 0.427569
RRV148 con_0016.nii -53 -50 39 -0.235059 0.221677
RRV148 con_0016.nii 32 -59 41 1.05264 0.844926
RRV148 con_0016.nii -32 -58 46 0.13855 0.363824
RRV148 con_0016.nii -6 49 1 -0.394296 0.283314
RRV148 con_0017.nii 9 3 -6 0.182168 0.437909
RRV148 con_0017.nii -9 3 -6 0.141583 0.368368
RRV148 con_0017.nii -30 33 -18 -0.0485675 0.178598
RRV148 con_0017.nii 46 28 31 0.318833 0.493765
RRV148 con_0017.nii -44 27 33 -0.414799 0.32027
RRV148 con_0017.nii 44 8 34 1.13103 0.534828
RRV148 con_0017.nii -42 7 36 0.573621 0.24167
RRV148 con_0017.nii 54 -44 43 -0.181082 0.386489
RRV148 con_0017.nii -53 -50 39 -0.517754 0.536979
RRV148 con_0017.nii 32 -59 41 1.34784 0.745604
RRV148 con_0017.nii -32 -58 46 0.516097 0.416527
RRV148 con_0017.nii -6 49 1 -0.444861 0.196897
RRV148 con_0018.nii 9 3 -6 -0.211711 0.520835
RRV148 con_0018.nii -9 3 -6 -0.00500294 0.580888
RRV148 con_0018.nii -30 33 -18 0.268514 0.240445
RRV148 con_0018.nii 46 28 31 0.894468 0.851939
RRV148 con_0018.nii -44 27 33 -0.134072 0.407404
RRV148 con_0018.nii 44 8 34 1.78956 0.521146
RRV148 con_0018.nii -42 7 36 0.93586 0.342148
RRV148 con_0018.nii 54 -44 43 -0.530763 0.795422
RRV148 con_0018.nii -53 -50 39 -0.752813 0.697009
RRV148 con_0018.nii 32 -59 41 2.40049 1.52454
RRV148 con_0018.nii -32 -58 46 0.654647 0.743298
RRV148 con_0018.nii -6 49 1 -0.839158 0.432375
RRV148 con_0019.nii 9 3 -6 -0.353661 0.186855
RRV148 con_0019.nii -9 3 -6 0.145589 0.22218
RRV148 con_0019.nii -30 33 -18 0.114105 0.240139
RRV148 con_0019.nii 46 28 31 0.805815 0.343272
RRV148 con_0019.nii -44 27 33 0.381689 0.112084
RRV148 con_0019.nii 44 8 34 1.65223 0.612932
RRV148 con_0019.nii -42 7 36 0.924967 0.351634
RRV148 con_0019.nii 54 -44 43 1.11786 0.272366
RRV148 con_0019.nii -53 -50 39 0.691879 0.236193
RRV148 con_0019.nii 32 -59 41 0.901012 0.47049
RRV148 con_0019.nii -32 -58 46 0.622785 0.375365
RRV148 con_0019.nii -6 49 1 -0.183466 0.156433
RRV148 con_0020.nii 9 3 -6 0.00684121 0.345548
RRV148 con_0020.nii -9 3 -6 -0.0466573 0.201386
RRV148 con_0020.nii -30 33 -18 0.191662 0.142904
RRV148 con_0020.nii 46 28 31 0.193093 0.450367
RRV148 con_0020.nii -44 27 33 -0.123659 0.293286
RRV148 con_0020.nii 44 8 34 1.307 0.409735
RRV148 con_0020.nii -42 7 36 1.03422 0.371289
RRV148 con_0020.nii 54 -44 43 0.181908 0.174025
RRV148 con_0020.nii -53 -50 39 0.192896 0.26578
RRV148 con_0020.nii 32 -59 41 0.759255 0.531965
RRV148 con_0020.nii -32 -58 46 0.557131 0.404542
RRV148 con_0020.nii -6 49 1 -0.39326 0.189197
RRV148 con_0021.nii 9 3 -6 -0.34682 0.297888
RRV148 con_0021.nii -9 3 -6 0.0989314 0.269747
RRV148 con_0021.nii -30 33 -18 0.305768 0.269314
RRV148 con_0021.nii 46 28 31 0.998909 0.686518
RRV148 con_0021.nii -44 27 33 0.25803 0.357862
RRV148 con_0021.nii 44 8 34 2.95923 0.896797
RRV148 con_0021.nii -42 7 36 1.95919 0.689363
RRV148 con_0021.nii 54 -44 43 1.29977 0.360236
RRV148 con_0021.nii -53 -50 39 0.884776 0.465209
RRV148 con_0021.nii 32 -59 41 1.66027 0.991676
RRV148 con_0021.nii -32 -58 46 1.17992 0.756655
RRV148 con_0021.nii -6 49 1 -0.576726 0.266561
RRV148 con_0022.nii 9 3 -6 0.00427756 0.167596
RRV148 con_0022.nii -9 3 -6 0.191686 0.332597
RRV148 con_0022.nii -30 33 -18 0.452741 0.230439
RRV148 con_0022.nii 46 28 31 0.0417231 0.329979
RRV148 con_0022.nii -44 27 33 0.249584 0.200721
RRV148 con_0022.nii 44 8 34 0.458612 0.234352
RRV148 con_0022.nii -42 7 36 -0.00285597 0.467418
RRV148 con_0022.nii 54 -44 43 -0.320733 0.225686
RRV148 con_0022.nii -53 -50 39 -0.435518 0.162342
RRV148 con_0022.nii 32 -59 41 0.851972 0.53009
RRV148 con_0022.nii -32 -58 46 0.161998 0.194639
RRV148 con_0022.nii -6 49 1 0.549452 0.350066
RRV148 con_0023.nii 9 3 -6 0.377419 0.837053
RRV148 con_0023.nii -9 3 -6 0.517704 0.758404
RRV148 con_0023.nii -30 33 -18 0.285274 0.232721
RRV148 con_0023.nii 46 28 31 0.0334385 0.331693
RRV148 con_0023.nii -44 27 33 0.0577495 0.253018
RRV148 con_0023.nii 44 8 34 0.816919 0.33693
RRV148 con_0023.nii -42 7 36 0.322469 0.305679
RRV148 con_0023.nii 54 -44 43 -0.635194 0.536303
RRV148 con_0023.nii -53 -50 39 -0.352473 0.525385
RRV148 con_0023.nii 32 -59 41 0.860306 0.529427
RRV148 con_0023.nii -32 -58 46 0.75068 0.417303
RRV148 con_0023.nii -6 49 1 -0.104579 0.284728
RRV148 con_0024.nii 9 3 -6 0.381696 0.790584
RRV148 con_0024.nii -9 3 -6 0.70939 0.967588
RRV148 con_0024.nii -30 33 -18 0.738016 0.380837
RRV148 con_0024.nii 46 28 31 0.0751615 0.464674
RRV148 con_0024.nii -44 27 33 0.307333 0.412301
RRV148 con_0024.nii 44 8 34 1.27553 0.437885
RRV148 con_0024.nii -42 7 36 0.319613 0.441348
RRV148 con_0024.nii 54 -44 43 -0.955927 0.584496
RRV148 con_0024.nii -53 -50 39 -0.78799 0.548663
RRV148 con_0024.nii 32 -59 41 1.71228 0.957816
RRV148 con_0024.nii -32 -58 46 0.912678 0.354441
RRV148 con_0024.nii -6 49 1 0.444873 0.573201
RRV148 con_0025.nii 9 3 -6 -0.493006 0.469562
RRV148 con_0025.nii -9 3 -6 -0.553152 0.397686
RRV148 con_0025.nii -30 33 -18 -0.00848859 0.177396
RRV148 con_0025.nii 46 28 31 0.253338 0.357866
RRV148 con_0025.nii -44 27 33 0.320619 0.283451
RRV148 con_0025.nii 44 8 34 0.390626 0.245693
RRV148 con_0025.nii -42 7 36 0.447928 0.296445
RRV148 con_0025.nii 54 -44 43 -0.633652 0.294091
RRV148 con_0025.nii -53 -50 39 -0.263869 0.136099
RRV148 con_0025.nii 32 -59 41 0.0846099 0.271178
RRV148 con_0025.nii -32 -58 46 0.16977 0.341906
RRV148 con_0025.nii -6 49 1 -0.71058 0.306414
RRV148 con_0026.nii 9 3 -6 0.00417713 0.388279
RRV148 con_0026.nii -9 3 -6 0.223986 0.40233
RRV148 con_0026.nii -30 33 -18 -0.188309 0.160989
RRV148 con_0026.nii 46 28 31 0.0365914 0.353001
RRV148 con_0026.nii -44 27 33 -0.167391 0.435332
RRV148 con_0026.nii 44 8 34 1.4261 0.427185
RRV148 con_0026.nii -42 7 36 0.421542 0.329207
RRV148 con_0026.nii 54 -44 43 0.222339 0.17358
RRV148 con_0026.nii -53 -50 39 0.552213 0.196766
RRV148 con_0026.nii 32 -59 41 0.410533 0.441744
RRV148 con_0026.nii -32 -58 46 0.42238 0.426458
RRV148 con_0026.nii -6 49 1 0.267187 0.223223
RRV148 con_0027.nii 9 3 -6 -0.488828 0.566451
RRV148 con_0027.nii -9 3 -6 -0.329166 0.591501
RRV148 con_0027.nii -30 33 -18 -0.196798 0.258812
RRV148 con_0027.nii 46 28 31 0.289929 0.357811
RRV148 con_0027.nii -44 27 33 0.153228 0.512236
RRV148 con_0027.nii 44 8 34 1.81672 0.362521
RRV148 con_0027.nii -42 7 36 0.869469 0.427457
RRV148 con_0027.nii 54 -44 43 -0.411313 0.213637
RRV148 con_0027.nii -53 -50 39 0.288344 0.244687
RRV148 con_0027.nii 32 -59 41 0.495143 0.682272
RRV148 con_0027.nii -32 -58 46 0.59215 0.704329
RRV148 con_0027.nii -6 49 1 -0.443393 0.334467
RRV148 con_0028.nii 9 3 -6 -0.280796 0.227157
RRV148 con_0028.nii -9 3 -6 -0.0719591 0.217465
RRV148 con_0028.nii -30 33 -18 0.186119 0.182267
RRV148 con_0028.nii 46 28 31 0.366959 0.168269
RRV148 con_0028.nii -44 27 33 0.317297 0.128584
RRV148 con_0028.nii 44 8 34 0.833823 0.232756
RRV148 con_0028.nii -42 7 36 0.45668 0.201709
RRV148 con_0028.nii 54 -44 43 0.0544929 0.134606
RRV148 con_0028.nii -53 -50 39 -0.00250245 0.118843
RRV148 con_0028.nii 32 -59 41 0.612531 0.401008
RRV148 con_0028.nii -32 -58 46 0.318184 0.218643
RRV148 con_0028.nii -6 49 1 -0.114865 0.157971
RRV148 con_0029.nii 9 3 -6 0.129479 0.425325
RRV148 con_0029.nii -9 3 -6 0.231678 0.389981
RRV148 con_0029.nii -30 33 -18 0.0962092 0.129506
RRV148 con_0029.nii 46 28 31 0.0877077 0.342593
RRV148 con_0029.nii -44 27 33 -0.077767 0.309895
RRV148 con_0029.nii 44 8 34 1.18334 0.341002
RRV148 con_0029.nii -42 7 36 0.592743 0.277576
RRV148 con_0029.nii 54 -44 43 -0.076982 0.19987
RRV148 con_0029.nii -53 -50 39 0.130879 0.28225
RRV148 con_0029.nii 32 -59 41 0.676698 0.49422
RRV148 con_0029.nii -32 -58 46 0.57673 0.404935
RRV148 con_0029.nii -6 49 1 -0.076884 0.155797
RRV148 con_0030.nii 9 3 -6 -0.151317 0.449586
RRV148 con_0030.nii -9 3 -6 0.159719 0.521885
RRV148 con_0030.nii -30 33 -18 0.282329 0.224972
RRV148 con_0030.nii 46 28 31 0.454666 0.432144
RRV148 con_0030.nii -44 27 33 0.23953 0.397142
RRV148 con_0030.nii 44 8 34 2.01716 0.436672
RRV148 con_0030.nii -42 7 36 1.04942 0.32674
RRV148 con_0030.nii 54 -44 43 -0.0224892 0.252448
RRV148 con_0030.nii -53 -50 39 0.128376 0.364185
RRV148 con_0030.nii 32 -59 41 1.28923 0.866129
RRV148 con_0030.nii -32 -58 46 0.894915 0.58625
RRV148 con_0030.nii -6 49 1 -0.191749 0.232292
