RRV009 con_0001.nii 9 3 -6 -0.248998 0.365864
RRV009 con_0001.nii -9 3 -6 0.216339 0.331925
RRV009 con_0001.nii -30 33 -18 -0.281088 0.132387
RRV009 con_0001.nii 46 28 31 -0.0488786 0.417831
RRV009 con_0001.nii -44 27 33 0.0250947 0.252856
RRV009 con_0001.nii 44 8 34 0.373628 0.32032
RRV009 con_0001.nii -42 7 36 -0.0957078 0.217915
RRV009 con_0001.nii 54 -44 43 -0.284732 0.198128
RRV009 con_0001.nii -53 -50 39 0.0750547 0.198656
RRV009 con_0001.nii 32 -59 41 -0.31017 0.341834
RRV009 con_0001.nii -32 -58 46 0.434659 0.546986
RRV009 con_0001.nii -6 49 1 -1.83636 0.630898
RRV009 con_0002.nii 9 3 -6 0.429832 0.549479
RRV009 con_0002.nii -9 3 -6 0.0697383 0.404182
RRV009 con_0002.nii -30 33 -18 0.276531 0.271353
RRV009 con_0002.nii 46 28 31 -0.550709 0.108965
RRV009 con_0002.nii -44 27 33 0.0623817 0.219404
RRV009 con_0002.nii 44 8 34 -0.0660923 0.329059
RRV009 con_0002.nii -42 7 36 -0.410437 0.206797
RRV009 con_0002.nii 54 -44 43 -0.524396 0.314917
RRV009 con_0002.nii -53 -50 39 -0.46648 0.158962
RRV009 con_0002.nii 32 -59 41 -0.686448 0.319836
RRV009 con_0002.nii -32 -58 46 0.270157 0.510645
RRV009 con_0002.nii -6 49 1 -1.49744 0.871875
RRV009 con_0003.nii 9 3 -6 0.180833 0.746065
RRV009 con_0003.nii -9 3 -6 0.286077 0.478556
RRV009 con_0003.nii -30 33 -18 -0.00455718 0.343413
RRV009 con_0003.nii 46 28 31 -0.599587 0.388477
RRV009 con_0003.nii -44 27 33 0.0874764 0.208685
RRV009 con_0003.nii 44 8 34 0.307536 0.472303
RRV009 con_0003.nii -42 7 36 -0.506145 0.380641
RRV009 con_0003.nii 54 -44 43 -0.809128 0.238587
RRV009 con_0003.nii -53 -50 39 -0.391425 0.264015
RRV009 con_0003.nii 32 -59 41 -0.996618 0.630047
RRV009 con_0003.nii -32 -58 46 0.704816 1.04496
RRV009 con_0003.nii -6 49 1 -3.33381 1.46239
RRV009 con_0004.nii 9 3 -6 0.196087 0.53997
RRV009 con_0004.nii -9 3 -6 0.431384 0.557637
RRV009 con_0004.nii -30 33 -18 -0.0100426 0.289498
RRV009 con_0004.nii 46 28 31 0.261489 0.404161
RRV009 con_0004.nii -44 27 33 0.115902 0.231504
RRV009 con_0004.nii 44 8 34 0.886251 0.36605
RRV009 con_0004.nii -42 7 36 0.424421 0.29437
RRV009 con_0004.nii 54 -44 43 0.0564456 0.172881
RRV009 con_0004.nii -53 -50 39 0.185115 0.196451
RRV009 con_0004.nii 32 -59 41 0.289678 0.195902
RRV009 con_0004.nii -32 -58 46 0.991031 0.539003
RRV009 con_0004.nii -6 49 1 -0.639497 0.392545
RRV009 con_0005.nii 9 3 -6 0.136401 0.262254
RRV009 con_0005.nii -9 3 -6 0.176087 0.518723
RRV009 con_0005.nii -30 33 -18 -0.188536 0.358205
RRV009 con_0005.nii 46 28 31 -0.143219 0.254146
RRV009 con_0005.nii -44 27 33 0.490455 0.282298
RRV009 con_0005.nii 44 8 34 0.524067 0.296576
RRV009 con_0005.nii -42 7 36 0.192142 0.262953
RRV009 con_0005.nii 54 -44 43 -0.326229 0.169951
RRV009 con_0005.nii -53 -50 39 -0.120582 0.351362
RRV009 con_0005.nii 32 -59 41 -0.295219 0.210699
RRV009 con_0005.nii -32 -58 46 0.380488 0.388565
RRV009 con_0005.nii -6 49 1 -1.13 0.906605
RRV009 con_0006.nii 9 3 -6 0.332488 0.667121
RRV009 con_0006.nii -9 3 -6 0.607471 0.836778
RRV009 con_0006.nii -30 33 -18 -0.198578 0.478761
RRV009 con_0006.nii 46 28 31 0.11827 0.623841
RRV009 con_0006.nii -44 27 33 0.606357 0.4005
RRV009 con_0006.nii 44 8 34 1.41032 0.631444
RRV009 con_0006.nii -42 7 36 0.616563 0.453379
RRV009 con_0006.nii 54 -44 43 -0.269783 0.257029
RRV009 con_0006.nii -53 -50 39 0.0645337 0.504026
RRV009 con_0006.nii 32 -59 41 -0.00554121 0.278328
RRV009 con_0006.nii -32 -58 46 1.37152 0.786175
RRV009 con_0006.nii -6 49 1 -1.7695 1.20855
RRV009 con_0007.nii 9 3 -6 0.375406 0.390571
RRV009 con_0007.nii -9 3 -6 0.580651 0.472545
RRV009 con_0007.nii -30 33 -18 0.0545226 0.402872
RRV009 con_0007.nii 46 28 31 0.0517277 0.360758
RRV009 con_0007.nii -44 27 33 0.0756661 0.335696
RRV009 con_0007.nii 44 8 34 0.731488 0.29405
RRV009 con_0007.nii -42 7 36 -0.138389 0.197631
RRV009 con_0007.nii 54 -44 43 0.374553 0.214957
RRV009 con_0007.nii -53 -50 39 0.467987 0.119448
RRV009 con_0007.nii 32 -59 41 0.613062 0.325282
RRV009 con_0007.nii -32 -58 46 0.670768 0.392569
RRV009 con_0007.nii -6 49 1 0.0257704 0.373645
RRV009 con_0008.nii 9 3 -6 0.673674 0.290939
RRV009 con_0008.nii -9 3 -6 0.275805 0.174346
RRV009 con_0008.nii -30 33 -18 -0.031763 0.295308
RRV009 con_0008.nii 46 28 31 -0.193287 0.299479
RRV009 con_0008.nii -44 27 33 0.343462 0.233953
RRV009 con_0008.nii 44 8 34 0.374397 0.503006
RRV009 con_0008.nii -42 7 36 0.354281 0.44461
RRV009 con_0008.nii 54 -44 43 -0.0585476 0.388197
RRV009 con_0008.nii -53 -50 39 0.305396 0.240539
RRV009 con_0008.nii 32 -59 41 0.283938 0.223336
RRV009 con_0008.nii -32 -58 46 1.05346 0.448369
RRV009 con_0008.nii -6 49 1 -0.365173 0.477467
RRV009 con_0009.nii 9 3 -6 1.04908 0.376022
RRV009 con_0009.nii -9 3 -6 0.856456 0.411438
RRV009 con_0009.nii -30 33 -18 0.0227596 0.558967
RRV009 con_0009.nii 46 28 31 -0.141559 0.391118
RRV009 con_0009.nii -44 27 33 0.419128 0.53899
RRV009 con_0009.nii 44 8 34 1.10588 0.691971
RRV009 con_0009.nii -42 7 36 0.215891 0.385259
RRV009 con_0009.nii 54 -44 43 0.316005 0.42467
RRV009 con_0009.nii -53 -50 39 0.773383 0.275645
RRV009 con_0009.nii 32 -59 41 0.897 0.519888
RRV009 con_0009.nii -32 -58 46 1.72423 0.77944
RRV009 con_0009.nii -6 49 1 -0.339403 0.539769
RRV009 con_0010.nii 9 3 -6 0.0706879 0.18067
RRV009 con_0010.nii -9 3 -6 0.22047 0.323449
RRV009 con_0010.nii -30 33 -18 0.00354597 0.263805
RRV009 con_0010.nii 46 28 31 0.0123761 0.335519
RRV009 con_0010.nii -44 27 33 -0.119601 0.189488
RRV009 con_0010.nii 44 8 34 0.623746 0.417028
RRV009 con_0010.nii -42 7 36 0.0359295 0.123815
RRV009 con_0010.nii 54 -44 43 0.064154 0.0458777
RRV009 con_0010.nii -53 -50 39 -0.0730419 0.150601
RRV009 con_0010.nii 32 -59 41 -0.338294 0.408136
RRV009 con_0010.nii -32 -58 46 0.0852078 0.390131
RRV009 con_0010.nii -6 49 1 -1.06545 0.383718
RRV009 con_0011.nii 9 3 -6 0.203422 0.467624
RRV009 con_0011.nii -9 3 -6 -0.0621797 0.344968
RRV009 con_0011.nii -30 33 -18 0.125867 0.167018
RRV009 con_0011.nii 46 28 31 -0.0867821 0.219574
RRV009 con_0011.nii -44 27 33 0.296972 0.0771251
RRV009 con_0011.nii 44 8 34 0.248613 0.265754
RRV009 con_0011.nii -42 7 36 0.105348 0.197261
RRV009 con_0011.nii 54 -44 43 -0.151021 0.078304
RRV009 con_0011.nii -53 -50 39 -0.156992 0.123296
RRV009 con_0011.nii 32 -59 41 -0.160894 0.329908
RRV009 con_0011.nii -32 -58 46 0.470463 0.275364
RRV009 con_0011.nii -6 49 1 -0.484096 0.261379
RRV009 con_0012.nii 9 3 -6 0.27411 0.565965
RRV009 con_0012.nii -9 3 -6 0.15829 0.332416
RRV009 con_0012.nii -30 33 -18 0.129413 0.407373
RRV009 con_0012.nii 46 28 31 -0.0744061 0.435183
RRV009 con_0012.nii -44 27 33 0.177371 0.202528
RRV009 con_0012.nii 44 8 34 0.872359 0.669747
RRV009 con_0012.nii -42 7 36 0.141278 0.14795
RRV009 con_0012.nii 54 -44 43 -0.0868673 0.0949796
RRV009 con_0012.nii -53 -50 39 -0.230034 0.217198
RRV009 con_0012.nii 32 -59 41 -0.499188 0.719761
RRV009 con_0012.nii -32 -58 46 0.555671 0.648437
RRV009 con_0012.nii -6 49 1 -1.54955 0.63131
RRV009 con_0013.nii 9 3 -6 0.199836 0.180776
RRV009 con_0013.nii -9 3 -6 0.0766107 0.39679
RRV009 con_0013.nii -30 33 -18 0.105727 0.183729
RRV009 con_0013.nii 46 28 31 0.00840281 0.466701
RRV009 con_0013.nii -44 27 33 0.129423 0.262883
RRV009 con_0013.nii 44 8 34 0.642429 0.380609
RRV009 con_0013.nii -42 7 36 0.322634 0.141369
RRV009 con_0013.nii 54 -44 43 0.140282 0.116283
RRV009 con_0013.nii -53 -50 39 0.180001 0.131001
RRV009 con_0013.nii 32 -59 41 0.0262621 0.118144
RRV009 con_0013.nii -32 -58 46 0.248992 0.242305
RRV009 con_0013.nii -6 49 1 -1.08371 0.504698
RRV009 con_0014.nii 9 3 -6 0.0977382 0.386333
RRV009 con_0014.nii -9 3 -6 -0.222125 0.296337
RRV009 con_0014.nii -30 33 -18 -0.0433313 0.224343
RRV009 con_0014.nii 46 28 31 -0.161701 0.0679621
RRV009 con_0014.nii -44 27 33 0.0745043 0.192061
RRV009 con_0014.nii 44 8 34 0.660788 0.304905
RRV009 con_0014.nii -42 7 36 0.372475 0.164398
RRV009 con_0014.nii 54 -44 43 0.0416388 0.187393
RRV009 con_0014.nii -53 -50 39 0.015841 0.172615
RRV009 con_0014.nii 32 -59 41 -0.380185 0.436937
RRV009 con_0014.nii -32 -58 46 0.275605 0.369198
RRV009 con_0014.nii -6 49 1 -1.09875 0.540618
RRV009 con_0015.nii 9 3 -6 0.297575 0.503194
RRV009 con_0015.nii -9 3 -6 -0.145514 0.39859
RRV009 con_0015.nii -30 33 -18 0.0623959 0.305468
RRV009 con_0015.nii 46 28 31 -0.153299 0.435416
RRV009 con_0015.nii -44 27 33 0.203927 0.215293
RRV009 con_0015.nii 44 8 34 1.30322 0.598967
RRV009 con_0015.nii -42 7 36 0.695109 0.217741
RRV009 con_0015.nii 54 -44 43 0.181921 0.248272
RRV009 con_0015.nii -53 -50 39 0.195842 0.278641
RRV009 con_0015.nii 32 -59 41 -0.353923 0.490361
RRV009 con_0015.nii -32 -58 46 0.524597 0.590762
RRV009 con_0015.nii -6 49 1 -2.18246 0.975471
RRV009 con_0016.nii 9 3 -6 0.107498 0.347509
RRV009 con_0016.nii -9 3 -6 0.409458 0.366328
RRV009 con_0016.nii -30 33 -18 -0.0788694 0.233011
RRV009 con_0016.nii 46 28 31 0.0881128 0.272657
RRV009 con_0016.nii -44 27 33 0.0722209 0.250577
RRV009 con_0016.nii 44 8 34 0.663789 0.22607
RRV009 con_0016.nii -42 7 36 0.0634413 0.150974
RRV009 con_0016.nii 54 -44 43 0.0487556 0.150719
RRV009 con_0016.nii -53 -50 39 0.242719 0.104318
RRV009 con_0016.nii 32 -59 41 0.197523 0.136447
RRV009 con_0016.nii -32 -58 46 0.69882 0.455316
RRV009 con_0016.nii -6 49 1 -0.816697 0.305804
RRV009 con_0017.nii 9 3 -6 0.413302 0.272305
RRV009 con_0017.nii -9 3 -6 0.173877 0.226143
RRV009 con_0017.nii -30 33 -18 0.0187442 0.254513
RRV009 con_0017.nii 46 28 31 -0.295738 0.127708
RRV009 con_0017.nii -44 27 33 0.298766 0.164703
RRV009 con_0017.nii 44 8 34 0.277457 0.186822
RRV009 con_0017.nii -42 7 36 0.0453285 0.25623
RRV009 con_0017.nii 54 -44 43 -0.303057 0.264685
RRV009 con_0017.nii -53 -50 39 -0.0938884 0.149046
RRV009 con_0017.nii 32 -59 41 -0.232576 0.139438
RRV009 con_0017.nii -32 -58 46 0.568035 0.418719
RRV009 con_0017.nii -6 49 1 -0.997538 0.692055
RRV009 con_0018.nii 9 3 -6 0.520801 0.506666
RRV009 con_0018.nii -9 3 -6 0.583335 0.517408
RRV009 con_0018.nii -30 33 -18 -0.0601252 0.410385
RRV009 con_0018.nii 46 28 31 -0.207626 0.339752
RRV009 con_0018.nii -44 27 33 0.370987 0.306861
RRV009 con_0018.nii 44 8 34 0.941247 0.336408
RRV009 con_0018.nii -42 7 36 0.10877 0.33367
RRV009 con_0018.nii 54 -44 43 -0.254302 0.2842
RRV009 con_0018.nii -53 -50 39 0.148831 0.22631
RRV009 con_0018.nii 32 -59 41 -0.0350531 0.208242
RRV009 con_0018.nii -32 -58 46 1.26685 0.842367
RRV009 con_0018.nii -6 49 1 -1.81424 0.946006
RRV009 con_0019.nii 9 3 -6 -0.319686 0.376826
RRV009 con_0019.nii -9 3 -6 -0.00413115 0.37692
RRV009 con_0019.nii -30 33 -18 -0.284634 0.192459
RRV009 con_0019.nii 46 28 31 -0.0612547 0.266878
RRV009 con_0019.nii -44 27 33 0.144696 0.184334
RRV009 con_0019.nii 44 8 34 -0.250118 0.529268
RRV009 con_0019.nii -42 7 36 -0.131637 0.190632
RRV009 con_0019.nii 54 -44 43 -0.348886 0.171137
RRV009 con_0019.nii -53 -50 39 0.148097 0.218557
RRV009 con_0019.nii 32 -59 41 0.0281238 0.119012
RRV009 con_0019.nii -32 -58 46 0.349451 0.194888
RRV009 con_0019.nii -6 49 1 -0.770912 0.350539
RRV009 con_0020.nii 9 3 -6 0.22641 0.496307
RRV009 con_0020.nii -9 3 -6 0.131918 0.517796
RRV009 con_0020.nii -30 33 -18 0.150664 0.325385
RRV009 con_0020.nii 46 28 31 -0.463926 0.232626
RRV009 con_0020.nii -44 27 33 -0.23459 0.239572
RRV009 con_0020.nii 44 8 34 -0.314705 0.486423
RRV009 con_0020.nii -42 7 36 -0.515786 0.211082
RRV009 con_0020.nii 54 -44 43 -0.373375 0.299934
RRV009 con_0020.nii -53 -50 39 -0.309488 0.138962
RRV009 con_0020.nii 32 -59 41 -0.525554 0.108538
RRV009 con_0020.nii -32 -58 46 -0.200306 0.280139
RRV009 con_0020.nii -6 49 1 -1.01335 0.649233
RRV009 con_0021.nii 9 3 -6 -0.0932766 0.696477
RRV009 con_0021.nii -9 3 -6 0.127787 0.477752
RRV009 con_0021.nii -30 33 -18 -0.13397 0.428642
RRV009 con_0021.nii 46 28 31 -0.525181 0.447502
RRV009 con_0021.nii -44 27 33 -0.0898941 0.27928
RRV009 con_0021.nii 44 8 34 -0.564823 0.946609
RRV009 con_0021.nii -42 7 36 -0.647423 0.36653
RRV009 con_0021.nii 54 -44 43 -0.722261 0.221181
RRV009 con_0021.nii -53 -50 39 -0.161391 0.193298
RRV009 con_0021.nii 32 -59 41 -0.49743 0.177263
RRV009 con_0021.nii -32 -58 46 0.149145 0.432414
RRV009 con_0021.nii -6 49 1 -1.78426 0.935046
RRV009 con_0022.nii 9 3 -6 0.125399 0.449637
RRV009 con_0022.nii -9 3 -6 0.210914 0.422325
RRV009 con_0022.nii -30 33 -18 -0.0135885 0.218576
RRV009 con_0022.nii 46 28 31 0.249113 0.320474
RRV009 con_0022.nii -44 27 33 0.235503 0.134603
RRV009 con_0022.nii 44 8 34 0.262505 0.350426
RRV009 con_0022.nii -42 7 36 0.388491 0.366415
RRV009 con_0022.nii 54 -44 43 -0.00770834 0.180897
RRV009 con_0022.nii -53 -50 39 0.258157 0.132169
RRV009 con_0022.nii 32 -59 41 0.627972 0.385348
RRV009 con_0022.nii -32 -58 46 0.905824 0.320033
RRV009 con_0022.nii -6 49 1 0.425956 0.351012
RRV009 con_0023.nii 9 3 -6 -0.0670211 0.432647
RRV009 con_0023.nii -9 3 -6 0.238267 0.642502
RRV009 con_0023.nii -30 33 -18 -0.314402 0.403207
RRV009 con_0023.nii 46 28 31 -0.0564373 0.33873
RRV009 con_0023.nii -44 27 33 0.193484 0.233539
RRV009 con_0023.nii 44 8 34 0.275454 0.290809
RRV009 con_0023.nii -42 7 36 0.0867937 0.250938
RRV009 con_0023.nii 54 -44 43 -0.175208 0.167308
RRV009 con_0023.nii -53 -50 39 0.0364101 0.286538
RRV009 con_0023.nii 32 -59 41 -0.134325 0.228748
RRV009 con_0023.nii -32 -58 46 -0.0899747 0.191771
RRV009 con_0023.nii -6 49 1 -0.645903 0.7166
RRV009 con_0024.nii 9 3 -6 0.0583781 0.670776
RRV009 con_0024.nii -9 3 -6 0.449181 0.757739
RRV009 con_0024.nii -30 33 -18 -0.327991 0.401353
RRV009 con_0024.nii 46 28 31 0.192676 0.57781
RRV009 con_0024.nii -44 27 33 0.428987 0.32114
RRV009 con_0024.nii 44 8 34 0.537959 0.609376
RRV009 con_0024.nii -42 7 36 0.475285 0.442966
RRV009 con_0024.nii 54 -44 43 -0.182916 0.280564
RRV009 con_0024.nii -53 -50 39 0.294567 0.329274
RRV009 con_0024.nii 32 -59 41 0.493646 0.584757
RRV009 con_0024.nii -32 -58 46 0.815849 0.23305
RRV009 con_0024.nii -6 49 1 -0.219947 0.875574
RRV009 con_0025.nii 9 3 -6 0.304718 0.419399
RRV009 con_0025.nii -9 3 -6 0.360181 0.419237
RRV009 con_0025.nii -30 33 -18 0.0509767 0.266992
RRV009 con_0025.nii 46 28 31 0.0393516 0.527735
RRV009 con_0025.nii -44 27 33 0.195267 0.263707
RRV009 con_0025.nii 44 8 34 0.107741 0.292368
RRV009 con_0025.nii -42 7 36 -0.174319 0.175081
RRV009 con_0025.nii 54 -44 43 0.310399 0.194646
RRV009 con_0025.nii -53 -50 39 0.541029 0.202045
RRV009 con_0025.nii 32 -59 41 0.951356 0.686672
RRV009 con_0025.nii -32 -58 46 0.58556 0.26347
RRV009 con_0025.nii -6 49 1 1.09122 0.531626
RRV009 con_0026.nii 9 3 -6 0.470252 0.319697
RRV009 con_0026.nii -9 3 -6 0.337985 0.314595
RRV009 con_0026.nii -30 33 -18 -0.15763 0.281033
RRV009 con_0026.nii 46 28 31 -0.106505 0.230501
RRV009 con_0026.nii -44 27 33 0.0464903 0.187507
RRV009 con_0026.nii 44 8 34 0.125784 0.313215
RRV009 con_0026.nii -42 7 36 0.248932 0.296129
RRV009 con_0026.nii 54 -44 43 0.0924737 0.358934
RRV009 con_0026.nii -53 -50 39 0.462388 0.224563
RRV009 con_0026.nii 32 -59 41 0.444832 0.510731
RRV009 con_0026.nii -32 -58 46 0.582997 0.240506
RRV009 con_0026.nii -6 49 1 0.118923 0.347295
RRV009 con_0027.nii 9 3 -6 0.774971 0.516017
RRV009 con_0027.nii -9 3 -6 0.698166 0.37896
RRV009 con_0027.nii -30 33 -18 -0.106653 0.28736
RRV009 con_0027.nii 46 28 31 -0.0671532 0.513516
RRV009 con_0027.nii -44 27 33 0.241757 0.409435
RRV009 con_0027.nii 44 8 34 0.233526 0.210548
RRV009 con_0027.nii -42 7 36 0.0746134 0.333103
RRV009 con_0027.nii 54 -44 43 0.402873 0.405766
RRV009 con_0027.nii -53 -50 39 1.00342 0.382456
RRV009 con_0027.nii 32 -59 41 1.39619 1.16934
RRV009 con_0027.nii -32 -58 46 1.16856 0.419374
RRV009 con_0027.nii -6 49 1 1.21015 0.589442
RRV009 con_0028.nii 9 3 -6 0.0368104 0.318531
RRV009 con_0028.nii -9 3 -6 0.188988 0.291173
RRV009 con_0028.nii -30 33 -18 -0.0824154 0.13582
RRV009 con_0028.nii 46 28 31 0.0757367 0.262921
RRV009 con_0028.nii -44 27 33 0.191822 0.163077
RRV009 con_0028.nii 44 8 34 0.0400429 0.325915
RRV009 con_0028.nii -42 7 36 0.0275117 0.17929
RRV009 con_0028.nii 54 -44 43 -0.0153984 0.132538
RRV009 con_0028.nii -53 -50 39 0.315761 0.124338
RRV009 con_0028.nii 32 -59 41 0.535817 0.37815
RRV009 con_0028.nii -32 -58 46 0.613612 0.171199
RRV009 con_0028.nii -6 49 1 0.248756 0.197929
RRV009 con_0029.nii 9 3 -6 0.20988 0.317706
RRV009 con_0029.nii -9 3 -6 0.236057 0.396013
RRV009 con_0029.nii -30 33 -18 -0.107123 0.290179
RRV009 con_0029.nii 46 28 31 -0.208956 0.186869
RRV009 con_0029.nii -44 27 33 0.0017947 0.123708
RRV009 con_0029.nii 44 8 34 0.0288444 0.157836
RRV009 con_0029.nii -42 7 36 -0.0600199 0.165924
RRV009 con_0029.nii 54 -44 43 -0.152036 0.243726
RRV009 con_0029.nii -53 -50 39 0.0631033 0.0629918
RRV009 con_0029.nii 32 -59 41 -0.0716826 0.249475
RRV009 con_0029.nii -32 -58 46 0.097572 0.169605
RRV009 con_0029.nii -6 49 1 -0.513442 0.476927
RRV009 con_0030.nii 9 3 -6 0.246691 0.525474
RRV009 con_0030.nii -9 3 -6 0.425044 0.465713
RRV009 con_0030.nii -30 33 -18 -0.189538 0.301692
RRV009 con_0030.nii 46 28 31 -0.133219 0.38775
RRV009 con_0030.nii -44 27 33 0.193617 0.213539
RRV009 con_0030.nii 44 8 34 0.0688873 0.428421
RRV009 con_0030.nii -42 7 36 -0.0325081 0.30368
RRV009 con_0030.nii 54 -44 43 -0.167435 0.277645
RRV009 con_0030.nii -53 -50 39 0.378864 0.1238
RRV009 con_0030.nii 32 -59 41 0.464134 0.612673
RRV009 con_0030.nii -32 -58 46 0.711184 0.275912
RRV009 con_0030.nii -6 49 1 -0.264686 0.510761
RRV009 con_0031.nii 9 3 -6 0.129149 0.140453
RRV009 con_0031.nii -9 3 -6 -0.143859 0.21292
RRV009 con_0031.nii -30 33 -18 0.102181 0.271449
RRV009 con_0031.nii 46 28 31 -0.00397326 0.362576
RRV009 con_0031.nii -44 27 33 0.249024 0.174804
RRV009 con_0031.nii 44 8 34 0.0186828 0.226143
RRV009 con_0031.nii -42 7 36 0.286704 0.0863476
RRV009 con_0031.nii 54 -44 43 0.0761281 0.0923158
RRV009 con_0031.nii -53 -50 39 0.253043 0.199298
RRV009 con_0031.nii 32 -59 41 0.364556 0.33368
RRV009 con_0031.nii -32 -58 46 0.163784 0.194737
RRV009 con_0031.nii -6 49 1 -0.0182528 0.210662
RRV009 con_0032.nii 9 3 -6 -0.105684 0.326529
RRV009 con_0032.nii -9 3 -6 -0.159945 0.370244
RRV009 con_0032.nii -30 33 -18 -0.169198 0.189768
RRV009 con_0032.nii 46 28 31 -0.0749192 0.216631
RRV009 con_0032.nii -44 27 33 -0.222467 0.174078
RRV009 con_0032.nii 44 8 34 0.412175 0.321643
RRV009 con_0032.nii -42 7 36 0.267127 0.205689
RRV009 con_0032.nii 54 -44 43 0.19266 0.207232
RRV009 con_0032.nii -53 -50 39 0.172833 0.208888
RRV009 con_0032.nii 32 -59 41 -0.219292 0.162055
RRV009 con_0032.nii -32 -58 46 -0.194858 0.172027
RRV009 con_0032.nii -6 49 1 -0.614655 0.341698
RRV009 con_0033.nii 9 3 -6 0.0234647 0.423359
RRV009 con_0033.nii -9 3 -6 -0.303804 0.317851
RRV009 con_0033.nii -30 33 -18 -0.067017 0.312986
RRV009 con_0033.nii 46 28 31 -0.0788925 0.540739
RRV009 con_0033.nii -44 27 33 0.0265567 0.182628
RRV009 con_0033.nii 44 8 34 0.430858 0.471009
RRV009 con_0033.nii -42 7 36 0.553831 0.231546
RRV009 con_0033.nii 54 -44 43 0.268788 0.233046
RRV009 con_0033.nii -53 -50 39 0.425875 0.352737
RRV009 con_0033.nii 32 -59 41 0.145265 0.296081
RRV009 con_0033.nii -32 -58 46 -0.0310739 0.263589
RRV009 con_0033.nii -6 49 1 -0.632907 0.467933
