RRV025 con_0001.nii 9 3 -6 -0.445422 0.302314
RRV025 con_0001.nii -9 3 -6 0.0767352 0.336919
RRV025 con_0001.nii -30 33 -18 0.224687 0.195257
RRV025 con_0001.nii 46 28 31 0.935086 0.506192
RRV025 con_0001.nii -44 27 33 0.344373 0.128437
RRV025 con_0001.nii 44 8 34 1.3959 0.549486
RRV025 con_0001.nii -42 7 36 0.837889 0.318572
RRV025 con_0001.nii 54 -44 43 0.758185 0.486269
RRV025 con_0001.nii -53 -50 39 0.475373 0.277154
RRV025 con_0001.nii 32 -59 41 1.33902 0.879429
RRV025 con_0001.nii -32 -58 46 0.489334 0.484017
RRV025 con_0001.nii -6 49 1 -0.539295 0.391439
RRV025 con_0002.nii 9 3 -6 0.0728349 0.407317
RRV025 con_0002.nii -9 3 -6 -0.137588 0.292439
RRV025 con_0002.nii -30 33 -18 0.0612456 0.191752
RRV025 con_0002.nii 46 28 31 0.405982 0.568951
RRV025 con_0002.nii -44 27 33 -0.465943 0.31097
RRV025 con_0002.nii 44 8 34 1.27744 0.434917
RRV025 con_0002.nii -42 7 36 1.01231 0.338898
RRV025 con_0002.nii 54 -44 43 0.0757911 0.346959
RRV025 con_0002.nii -53 -50 39 -0.460655 0.505742
RRV025 con_0002.nii 32 -59 41 1.46603 0.818154
RRV025 con_0002.nii -32 -58 46 0.508613 0.42886
RRV025 con_0002.nii -6 49 1 -0.762032 0.234553
RRV025 con_0003.nii 9 3 -6 -0.372587 0.376922
RRV025 con_0003.nii -9 3 -6 -0.0608524 0.291473
RRV025 con_0003.nii -30 33 -18 0.285933 0.349437
RRV025 con_0003.nii 46 28 31 1.34107 1.01997
RRV025 con_0003.nii -44 27 33 -0.12157 0.383132
RRV025 con_0003.nii 44 8 34 2.67334 0.567956
RRV025 con_0003.nii -42 7 36 1.85019 0.603502
RRV025 con_0003.nii 54 -44 43 0.833977 0.789887
RRV025 con_0003.nii -53 -50 39 0.0147182 0.696432
RRV025 con_0003.nii 32 -59 41 2.80505 1.65911
RRV025 con_0003.nii -32 -58 46 0.997947 0.893865
RRV025 con_0003.nii -6 49 1 -1.30133 0.571714
RRV025 con_0004.nii 9 3 -6 -0.0998884 0.267311
RRV025 con_0004.nii -9 3 -6 0.144297 0.472494
RRV025 con_0004.nii -30 33 -18 0.571351 0.162691
RRV025 con_0004.nii 46 28 31 0.206276 0.383797
RRV025 con_0004.nii -44 27 33 0.242297 0.247028
RRV025 con_0004.nii 44 8 34 0.316939 0.315801
RRV025 con_0004.nii -42 7 36 -0.0727979 0.531678
RRV025 con_0004.nii 54 -44 43 -0.746093 0.506265
RRV025 con_0004.nii -53 -50 39 -0.655045 0.262386
RRV025 con_0004.nii 32 -59 41 1.3006 0.996093
RRV025 con_0004.nii -32 -58 46 0.0029782 0.31629
RRV025 con_0004.nii -6 49 1 0.219776 0.229697
RRV025 con_0005.nii 9 3 -6 0.423958 0.788121
RRV025 con_0005.nii -9 3 -6 0.420174 0.694774
RRV025 con_0005.nii -30 33 -18 0.146508 0.223956
RRV025 con_0005.nii 46 28 31 0.241729 0.519206
RRV025 con_0005.nii -44 27 33 -0.282831 0.252761
RRV025 con_0005.nii 44 8 34 0.790253 0.629157
RRV025 con_0005.nii -42 7 36 0.298693 0.31402
RRV025 con_0005.nii 54 -44 43 -0.754448 0.711187
RRV025 con_0005.nii -53 -50 39 -1.00616 0.802983
RRV025 con_0005.nii 32 -59 41 1.56028 0.76567
RRV025 con_0005.nii -32 -58 46 0.69905 0.413106
RRV025 con_0005.nii -6 49 1 -0.472458 0.283431
RRV025 con_0006.nii 9 3 -6 0.32407 0.917192
RRV025 con_0006.nii -9 3 -6 0.564471 1.03421
RRV025 con_0006.nii -30 33 -18 0.717859 0.30812
RRV025 con_0006.nii 46 28 31 0.448005 0.777289
RRV025 con_0006.nii -44 27 33 -0.0405346 0.416558
RRV025 con_0006.nii 44 8 34 1.10719 0.720997
RRV025 con_0006.nii -42 7 36 0.225895 0.537494
RRV025 con_0006.nii 54 -44 43 -1.50054 1.15369
RRV025 con_0006.nii -53 -50 39 -1.6612 0.939533
RRV025 con_0006.nii 32 -59 41 2.86088 1.64852
RRV025 con_0006.nii -32 -58 46 0.702028 0.57888
RRV025 con_0006.nii -6 49 1 -0.252682 0.424264
RRV025 con_0007.nii 9 3 -6 -0.599567 0.492984
RRV025 con_0007.nii -9 3 -6 -0.600082 0.434275
RRV025 con_0007.nii -30 33 -18 0.11477 0.105632
RRV025 con_0007.nii 46 28 31 0.389999 0.499584
RRV025 con_0007.nii -44 27 33 0.307607 0.207371
RRV025 con_0007.nii 44 8 34 0.213524 0.248488
RRV025 con_0007.nii -42 7 36 0.339472 0.343152
RRV025 con_0007.nii 54 -44 43 -1.06385 0.519852
RRV025 con_0007.nii -53 -50 39 -0.483757 0.226737
RRV025 con_0007.nii 32 -59 41 0.533198 0.708763
RRV025 con_0007.nii -32 -58 46 0.0657716 0.490664
RRV025 con_0007.nii -6 49 1 -0.948053 0.450692
RRV025 con_0008.nii 9 3 -6 0.0671986 0.449536
RRV025 con_0008.nii -9 3 -6 0.131176 0.408543
RRV025 con_0008.nii -30 33 -18 -0.327627 0.250135
RRV025 con_0008.nii 46 28 31 0.252453 0.474742
RRV025 con_0008.nii -44 27 33 -0.512986 0.444227
RRV025 con_0008.nii 44 8 34 1.40289 0.609597
RRV025 con_0008.nii -42 7 36 0.397265 0.267639
RRV025 con_0008.nii 54 -44 43 0.112048 0.211522
RRV025 con_0008.nii -53 -50 39 -0.0990305 0.315574
RRV025 con_0008.nii 32 -59 41 1.10903 0.706519
RRV025 con_0008.nii -32 -58 46 0.374784 0.428125
RRV025 con_0008.nii -6 49 1 -0.106176 0.271843
RRV025 con_0009.nii 9 3 -6 -0.532369 0.541241
RRV025 con_0009.nii -9 3 -6 -0.468906 0.661427
RRV025 con_0009.nii -30 33 -18 -0.212857 0.295361
RRV025 con_0009.nii 46 28 31 0.642452 0.821535
RRV025 con_0009.nii -44 27 33 -0.205378 0.50665
RRV025 con_0009.nii 44 8 34 1.61642 0.68789
RRV025 con_0009.nii -42 7 36 0.736737 0.485331
RRV025 con_0009.nii 54 -44 43 -0.951799 0.615785
RRV025 con_0009.nii -53 -50 39 -0.582787 0.49722
RRV025 con_0009.nii 32 -59 41 1.64223 1.35183
RRV025 con_0009.nii -32 -58 46 0.440556 0.86737
RRV025 con_0009.nii -6 49 1 -1.05423 0.61968
RRV025 con_0010.nii 9 3 -6 -0.0844997 0.312466
RRV025 con_0010.nii -9 3 -6 -0.0583398 0.198402
RRV025 con_0010.nii -30 33 -18 0.0885843 0.169096
RRV025 con_0010.nii 46 28 31 0.170734 0.242152
RRV025 con_0010.nii -44 27 33 -0.0358621 0.0889477
RRV025 con_0010.nii 44 8 34 -0.14804 0.162591
RRV025 con_0010.nii -42 7 36 -0.0762734 0.115356
RRV025 con_0010.nii 54 -44 43 -0.39438 0.393584
RRV025 con_0010.nii -53 -50 39 -0.218841 0.162695
RRV025 con_0010.nii 32 -59 41 0.445611 0.513083
RRV025 con_0010.nii -32 -58 46 -0.166051 0.198674
RRV025 con_0010.nii -6 49 1 -0.314605 0.261743
RRV025 con_0011.nii 9 3 -6 0.071513 0.28356
RRV025 con_0011.nii -9 3 -6 -0.0944639 0.295361
RRV025 con_0011.nii -30 33 -18 -0.134538 0.213178
RRV025 con_0011.nii 46 28 31 0.212178 0.324358
RRV025 con_0011.nii -44 27 33 -0.338796 0.110667
RRV025 con_0011.nii 44 8 34 -0.033219 0.456156
RRV025 con_0011.nii -42 7 36 -0.014313 0.199343
RRV025 con_0011.nii 54 -44 43 -0.107709 0.215879
RRV025 con_0011.nii -53 -50 39 -0.651689 0.380726
RRV025 con_0011.nii 32 -59 41 0.68911 0.338644
RRV025 con_0011.nii -32 -58 46 -0.0591098 0.195013
RRV025 con_0011.nii -6 49 1 -0.374784 0.147976
RRV025 con_0012.nii 9 3 -6 -0.0129866 0.351443
RRV025 con_0012.nii -9 3 -6 -0.152804 0.261474
RRV025 con_0012.nii -30 33 -18 -0.0459542 0.195079
RRV025 con_0012.nii 46 28 31 0.382912 0.514141
RRV025 con_0012.nii -44 27 33 -0.374658 0.143906
RRV025 con_0012.nii 44 8 34 -0.181259 0.525046
RRV025 con_0012.nii -42 7 36 -0.0905864 0.200439
RRV025 con_0012.nii 54 -44 43 -0.502089 0.59411
RRV025 con_0012.nii -53 -50 39 -0.87053 0.475846
RRV025 con_0012.nii 32 -59 41 1.13472 0.820421
RRV025 con_0012.nii -32 -58 46 -0.22516 0.351395
RRV025 con_0012.nii -6 49 1 -0.689389 0.377135
RRV025 con_0013.nii 9 3 -6 -0.0849358 0.457879
RRV025 con_0013.nii -9 3 -6 -0.132365 0.322631
RRV025 con_0013.nii -30 33 -18 0.232485 0.188348
RRV025 con_0013.nii 46 28 31 0.318194 0.597015
RRV025 con_0013.nii -44 27 33 -0.100428 0.160596
RRV025 con_0013.nii 44 8 34 0.804834 0.342325
RRV025 con_0013.nii -42 7 36 -0.0791176 0.216908
RRV025 con_0013.nii 54 -44 43 -0.0262035 0.444378
RRV025 con_0013.nii -53 -50 39 -0.142676 0.207193
RRV025 con_0013.nii 32 -59 41 0.723959 0.483892
RRV025 con_0013.nii -32 -58 46 -0.06345 0.210245
RRV025 con_0013.nii -6 49 1 -0.672089 0.300906
RRV025 con_0014.nii 9 3 -6 0.0131218 0.327312
RRV025 con_0014.nii -9 3 -6 -0.100207 0.114078
RRV025 con_0014.nii -30 33 -18 0.0280274 0.0578899
RRV025 con_0014.nii 46 28 31 0.374516 0.406652
RRV025 con_0014.nii -44 27 33 -0.439235 0.247958
RRV025 con_0014.nii 44 8 34 1.12415 0.635149
RRV025 con_0014.nii -42 7 36 0.461433 0.380335
RRV025 con_0014.nii 54 -44 43 0.0589075 0.313855
RRV025 con_0014.nii -53 -50 39 -0.334594 0.314621
RRV025 con_0014.nii 32 -59 41 0.663723 0.518247
RRV025 con_0014.nii -32 -58 46 -0.114704 0.298184
RRV025 con_0014.nii -6 49 1 -0.44053 0.263641
RRV025 con_0015.nii 9 3 -6 -0.071814 0.704404
RRV025 con_0015.nii -9 3 -6 -0.232572 0.369559
RRV025 con_0015.nii -30 33 -18 0.260512 0.216041
RRV025 con_0015.nii 46 28 31 0.69271 0.940368
RRV025 con_0015.nii -44 27 33 -0.539662 0.396834
RRV025 con_0015.nii 44 8 34 1.92898 0.865504
RRV025 con_0015.nii -42 7 36 0.382316 0.476264
RRV025 con_0015.nii 54 -44 43 0.032704 0.739873
RRV025 con_0015.nii -53 -50 39 -0.477269 0.475778
RRV025 con_0015.nii 32 -59 41 1.38768 0.967301
RRV025 con_0015.nii -32 -58 46 -0.178154 0.42463
RRV025 con_0015.nii -6 49 1 -1.11262 0.520592
RRV025 con_0016.nii 9 3 -6 -0.381626 0.307403
RRV025 con_0016.nii -9 3 -6 -0.12635 0.347524
RRV025 con_0016.nii -30 33 -18 0.303603 0.102635
RRV025 con_0016.nii 46 28 31 0.510454 0.367442
RRV025 con_0016.nii -44 27 33 0.298092 0.114014
RRV025 con_0016.nii 44 8 34 0.64212 0.21999
RRV025 con_0016.nii -42 7 36 0.368188 0.238487
RRV025 con_0016.nii 54 -44 43 -0.350585 0.441675
RRV025 con_0016.nii -53 -50 39 -0.221143 0.214314
RRV025 con_0016.nii 32 -59 41 1.05761 0.850848
RRV025 con_0016.nii -32 -58 46 0.186028 0.373725
RRV025 con_0016.nii -6 49 1 -0.422524 0.280954
RRV025 con_0017.nii 9 3 -6 0.187997 0.431109
RRV025 con_0017.nii -9 3 -6 0.137921 0.369384
RRV025 con_0017.nii -30 33 -18 -0.039958 0.182675
RRV025 con_0017.nii 46 28 31 0.300055 0.495058
RRV025 con_0017.nii -44 27 33 -0.420587 0.319988
RRV025 con_0017.nii 44 8 34 1.15686 0.529247
RRV025 con_0017.nii -42 7 36 0.569421 0.243541
RRV025 con_0017.nii 54 -44 43 -0.18887 0.388633
RRV025 con_0017.nii -53 -50 39 -0.521948 0.533624
RRV025 con_0017.nii 32 -59 41 1.37845 0.759066
RRV025 con_0017.nii -32 -58 46 0.527482 0.412238
RRV025 con_0017.nii -6 49 1 -0.446889 0.196595
RRV025 con_0018.nii 9 3 -6 -0.193629 0.529621
RRV025 con_0018.nii -9 3 -6 0.0115711 0.58876
RRV025 con_0018.nii -30 33 -18 0.263645 0.234257
RRV025 con_0018.nii 46 28 31 0.810508 0.829063
RRV025 con_0018.nii -44 27 33 -0.122494 0.405976
RRV025 con_0018.nii 44 8 34 1.79898 0.506596
RRV025 con_0018.nii -42 7 36 0.937609 0.331299
RRV025 con_0018.nii 54 -44 43 -0.539455 0.811892
RRV025 con_0018.nii -53 -50 39 -0.743091 0.690183
RRV025 con_0018.nii 32 -59 41 2.43605 1.54688
RRV025 con_0018.nii -32 -58 46 0.71351 0.756691
RRV025 con_0018.nii -6 49 1 -0.869413 0.420376
RRV025 con_0019.nii 9 3 -6 -0.360922 0.183253
RRV025 con_0019.nii -9 3 -6 0.135075 0.208905
RRV025 con_0019.nii -30 33 -18 0.136103 0.258878
RRV025 con_0019.nii 46 28 31 0.764352 0.330956
RRV025 con_0019.nii -44 27 33 0.380235 0.109821
RRV025 con_0019.nii 44 8 34 1.54394 0.613667
RRV025 con_0019.nii -42 7 36 0.914163 0.350287
RRV025 con_0019.nii 54 -44 43 1.15257 0.278434
RRV025 con_0019.nii -53 -50 39 0.694214 0.233419
RRV025 con_0019.nii 32 -59 41 0.893407 0.468335
RRV025 con_0019.nii -32 -58 46 0.655384 0.38673
RRV025 con_0019.nii -6 49 1 -0.22469 0.169204
RRV025 con_0020.nii 9 3 -6 0.0013219 0.339013
RRV025 con_0020.nii -9 3 -6 -0.0431238 0.202872
RRV025 con_0020.nii -30 33 -18 0.195784 0.143721
RRV025 con_0020.nii 46 28 31 0.193804 0.449508
RRV025 con_0020.nii -44 27 33 -0.127147 0.293062
RRV025 con_0020.nii 44 8 34 1.31066 0.402779
RRV025 con_0020.nii -42 7 36 1.02662 0.369645
RRV025 con_0020.nii 54 -44 43 0.1835 0.176646
RRV025 con_0020.nii -53 -50 39 0.191034 0.266614
RRV025 con_0020.nii 32 -59 41 0.776921 0.538329
RRV025 con_0020.nii -32 -58 46 0.567723 0.407883
RRV025 con_0020.nii -6 49 1 -0.387248 0.189714
RRV025 con_0021.nii 9 3 -6 -0.3596 0.289667
RRV025 con_0021.nii -9 3 -6 0.0919512 0.268998
RRV025 con_0021.nii -30 33 -18 0.331887 0.289753
RRV025 con_0021.nii 46 28 31 0.958156 0.683506
RRV025 con_0021.nii -44 27 33 0.253088 0.353902
RRV025 con_0021.nii 44 8 34 2.8546 0.880292
RRV025 con_0021.nii -42 7 36 1.94078 0.69219
RRV025 con_0021.nii 54 -44 43 1.33607 0.371209
RRV025 con_0021.nii -53 -50 39 0.885248 0.46369
RRV025 con_0021.nii 32 -59 41 1.67033 0.996549
RRV025 con_0021.nii -32 -58 46 1.22311 0.768779
RRV025 con_0021.nii -6 49 1 -0.611938 0.284063
RRV025 con_0022.nii 9 3 -6 -0.0153888 0.168781
RRV025 con_0022.nii -9 3 -6 0.202637 0.326442
RRV025 con_0022.nii -30 33 -18 0.482767 0.22955
RRV025 con_0022.nii 46 28 31 0.0355416 0.290474
RRV025 con_0022.nii -44 27 33 0.278159 0.200923
RRV025 con_0022.nii 44 8 34 0.464979 0.216509
RRV025 con_0022.nii -42 7 36 0.00347548 0.48213
RRV025 con_0022.nii 54 -44 43 -0.351713 0.239414
RRV025 con_0022.nii -53 -50 39 -0.436204 0.165792
RRV025 con_0022.nii 32 -59 41 0.854991 0.537282
RRV025 con_0022.nii -32 -58 46 0.169029 0.189302
RRV025 con_0022.nii -6 49 1 0.534381 0.346168
RRV025 con_0023.nii 9 3 -6 0.352445 0.841691
RRV025 con_0023.nii -9 3 -6 0.514638 0.763776
RRV025 con_0023.nii -30 33 -18 0.281046 0.234853
RRV025 con_0023.nii 46 28 31 0.0295517 0.326828
RRV025 con_0023.nii -44 27 33 0.0559647 0.253642
RRV025 con_0023.nii 44 8 34 0.823472 0.337909
RRV025 con_0023.nii -42 7 36 0.313006 0.304977
RRV025 con_0023.nii 54 -44 43 -0.646738 0.522689
RRV025 con_0023.nii -53 -50 39 -0.354469 0.522887
RRV025 con_0023.nii 32 -59 41 0.871166 0.527785
RRV025 con_0023.nii -32 -58 46 0.758159 0.412819
RRV025 con_0023.nii -6 49 1 -0.097674 0.284443
RRV025 con_0024.nii 9 3 -6 0.337056 0.806168
RRV025 con_0024.nii -9 3 -6 0.717275 0.988386
RRV025 con_0024.nii -30 33 -18 0.763813 0.389248
RRV025 con_0024.nii 46 28 31 0.0650933 0.432439
RRV025 con_0024.nii -44 27 33 0.334123 0.413676
RRV025 con_0024.nii 44 8 34 1.28845 0.440707
RRV025 con_0024.nii -42 7 36 0.316482 0.446975
RRV025 con_0024.nii 54 -44 43 -0.998452 0.597693
RRV025 con_0024.nii -53 -50 39 -0.790674 0.544821
RRV025 con_0024.nii 32 -59 41 1.72616 0.967983
RRV025 con_0024.nii -32 -58 46 0.927188 0.355996
RRV025 con_0024.nii -6 49 1 0.436707 0.575852
RRV025 con_0025.nii 9 3 -6 -0.515068 0.46328
RRV025 con_0025.nii -9 3 -6 -0.541742 0.381971
RRV025 con_0025.nii -30 33 -18 0.0261858 0.1861
RRV025 con_0025.nii 46 28 31 0.219265 0.365161
RRV025 con_0025.nii -44 27 33 0.343469 0.271194
RRV025 con_0025.nii 44 8 34 0.361564 0.244576
RRV025 con_0025.nii -42 7 36 0.415745 0.307916
RRV025 con_0025.nii 54 -44 43 -0.669467 0.312949
RRV025 con_0025.nii -53 -50 39 -0.264916 0.130788
RRV025 con_0025.nii 32 -59 41 0.087587 0.267253
RRV025 con_0025.nii -32 -58 46 0.231822 0.350851
RRV025 con_0025.nii -6 49 1 -0.633447 0.300158
RRV025 con_0026.nii 9 3 -6 -0.00431439 0.381988
RRV025 con_0026.nii -9 3 -6 0.22564 0.405899
RRV025 con_0026.nii -30 33 -18 -0.193089 0.160608
RRV025 con_0026.nii 46 28 31 0.0402748 0.344569
RRV025 con_0026.nii -44 27 33 -0.17419 0.432361
RRV025 con_0026.nii 44 8 34 1.43611 0.426917
RRV025 con_0026.nii -42 7 36 0.411578 0.326768
RRV025 con_0026.nii 54 -44 43 0.219757 0.174614
RRV025 con_0026.nii -53 -50 39 0.552658 0.197874
RRV025 con_0026.nii 32 -59 41 0.419918 0.443964
RRV025 con_0026.nii -32 -58 46 0.433894 0.419977
RRV025 con_0026.nii -6 49 1 0.268608 0.222283
RRV025 con_0027.nii 9 3 -6 -0.519382 0.557351
RRV025 con_0027.nii -9 3 -6 -0.316102 0.593358
RRV025 con_0027.nii -30 33 -18 -0.166903 0.257874
RRV025 con_0027.nii 46 28 31 0.25954 0.34861
RRV025 con_0027.nii -44 27 33 0.16928 0.485483
RRV025 con_0027.nii 44 8 34 1.79768 0.349001
RRV025 con_0027.nii -42 7 36 0.827323 0.430947
RRV025 con_0027.nii 54 -44 43 -0.44971 0.231517
RRV025 con_0027.nii -53 -50 39 0.287742 0.236353
RRV025 con_0027.nii 32 -59 41 0.507505 0.683754
RRV025 con_0027.nii -32 -58 46 0.665716 0.710723
RRV025 con_0027.nii -6 49 1 -0.364839 0.319472
RRV025 con_0028.nii 9 3 -6 -0.297126 0.226792
RRV025 con_0028.nii -9 3 -6 -0.06801 0.210609
RRV025 con_0028.nii -30 33 -18 0.215019 0.191655
RRV025 con_0028.nii 46 28 31 0.33972 0.162456
RRV025 con_0028.nii -44 27 33 0.333954 0.121727
RRV025 con_0028.nii 44 8 34 0.79016 0.23456
RRV025 con_0028.nii -42 7 36 0.444461 0.198886
RRV025 con_0028.nii 54 -44 43 0.0437952 0.135408
RRV025 con_0028.nii -53 -50 39 -0.00230216 0.115178
RRV025 con_0028.nii 32 -59 41 0.611995 0.40138
RRV025 con_0028.nii -32 -58 46 0.352078 0.225418
RRV025 con_0028.nii -6 49 1 -0.107919 0.148609
RRV025 con_0029.nii 9 3 -6 0.116484 0.423371
RRV025 con_0029.nii -9 3 -6 0.232385 0.393048
RRV025 con_0029.nii -30 33 -18 0.0945804 0.131939
RRV025 con_0029.nii 46 28 31 0.0878768 0.338718
RRV025 con_0029.nii -44 27 33 -0.0817907 0.308979
RRV025 con_0029.nii 44 8 34 1.19008 0.337825
RRV025 con_0029.nii -42 7 36 0.583734 0.276449
RRV025 con_0029.nii 54 -44 43 -0.0811605 0.197563
RRV025 con_0029.nii -53 -50 39 0.129741 0.281525
RRV025 con_0029.nii 32 -59 41 0.689335 0.49639
RRV025 con_0029.nii -32 -58 46 0.586592 0.402128
RRV025 con_0029.nii -6 49 1 -0.0721048 0.156003
RRV025 con_0030.nii 9 3 -6 -0.180642 0.450812
RRV025 con_0030.nii -9 3 -6 0.164375 0.532044
RRV025 con_0030.nii -30 33 -18 0.309599 0.232607
RRV025 con_0030.nii 46 28 31 0.427597 0.415656
RRV025 con_0030.nii -44 27 33 0.252164 0.387089
RRV025 con_0030.nii 44 8 34 1.98024 0.426323
RRV025 con_0030.nii -42 7 36 1.0282 0.31898
RRV025 con_0030.nii 54 -44 43 -0.0373653 0.253004
RRV025 con_0030.nii -53 -50 39 0.127439 0.356741
RRV025 con_0030.nii 32 -59 41 1.30133 0.871479
RRV025 con_0030.nii -32 -58 46 0.93867 0.59279
RRV025 con_0030.nii -6 49 1 -0.180023 0.226308
