RRV029 con_0001.nii 9 3 -6 0.117342 0.672565
RRV029 con_0001.nii -9 3 -6 -0.0394437 0.347997
RRV029 con_0001.nii -30 33 -18 -0.231919 0.301181
RRV029 con_0001.nii 46 28 31 -0.336215 0.471333
RRV029 con_0001.nii -44 27 33 -0.748751 0.776741
RRV029 con_0001.nii 44 8 34 -0.384006 0.840597
RRV029 con_0001.nii -42 7 36 -0.49262 0.276621
RRV029 con_0001.nii 54 -44 43 -0.549545 0.352308
RRV029 con_0001.nii -53 -50 39 -0.729272 0.312231
RRV029 con_0001.nii 32 -59 41 1.30319 0.886201
RRV029 con_0001.nii -32 -58 46 2.55863 1.14875
RRV029 con_0001.nii -6 49 1 -1.64628 0.691632
RRV029 con_0002.nii 9 3 -6 -0.697487 0.785595
RRV029 con_0002.nii -9 3 -6 -0.439695 0.452021
RRV029 con_0002.nii -30 33 -18 -0.200928 0.288917
RRV029 con_0002.nii 46 28 31 -0.328176 0.469456
RRV029 con_0002.nii -44 27 33 -1.22783 0.997077
RRV029 con_0002.nii 44 8 34 -0.341673 0.531666
RRV029 con_0002.nii -42 7 36 0.569312 0.408812
RRV029 con_0002.nii 54 -44 43 -0.651726 0.203912
RRV029 con_0002.nii -53 -50 39 -0.385788 0.534261
RRV029 con_0002.nii 32 -59 41 -1.42533 0.28163
RRV029 con_0002.nii -32 -58 46 -1.85367 0.614509
RRV029 con_0002.nii -6 49 1 -0.411051 0.605379
RRV029 con_0003.nii 9 3 -6 -0.580145 1.35109
RRV029 con_0003.nii -9 3 -6 -0.479139 0.496732
RRV029 con_0003.nii -30 33 -18 -0.432847 0.267708
RRV029 con_0003.nii 46 28 31 -0.664391 0.818676
RRV029 con_0003.nii -44 27 33 -1.97658 1.65271
RRV029 con_0003.nii 44 8 34 -0.725679 0.537764
RRV029 con_0003.nii -42 7 36 0.076692 0.437647
RRV029 con_0003.nii 54 -44 43 -1.20127 0.522195
RRV029 con_0003.nii -53 -50 39 -1.11506 0.800167
RRV029 con_0003.nii 32 -59 41 -0.122143 0.729176
RRV029 con_0003.nii -32 -58 46 0.704966 0.674322
RRV029 con_0003.nii -6 49 1 -2.05733 1.06379
RRV029 con_0004.nii 9 3 -6 -0.328739 0.421745
RRV029 con_0004.nii -9 3 -6 -0.130352 0.313197
RRV029 con_0004.nii -30 33 -18 -0.742723 0.399804
RRV029 con_0004.nii 46 28 31 0.474237 0.364234
RRV029 con_0004.nii -44 27 33 0.539918 0.467407
RRV029 con_0004.nii 44 8 34 1.48814 0.708788
RRV029 con_0004.nii -42 7 36 -0.223143 0.26858
RRV029 con_0004.nii 54 -44 43 0.570954 0.297378
RRV029 con_0004.nii -53 -50 39 0.402186 0.290953
RRV029 con_0004.nii 32 -59 41 1.19835 0.864309
RRV029 con_0004.nii -32 -58 46 3.24633 1.14833
RRV029 con_0004.nii -6 49 1 -0.854166 0.524845
RRV029 con_0005.nii 9 3 -6 0.042658 0.416309
RRV029 con_0005.nii -9 3 -6 -0.252782 0.225811
RRV029 con_0005.nii -30 33 -18 -0.0946301 0.169656
RRV029 con_0005.nii 46 28 31 -0.0836875 0.463136
RRV029 con_0005.nii -44 27 33 0.0897152 0.680272
RRV029 con_0005.nii 44 8 34 -0.298654 0.768585
RRV029 con_0005.nii -42 7 36 0.373903 0.489187
RRV029 con_0005.nii 54 -44 43 0.677657 0.32574
RRV029 con_0005.nii -53 -50 39 0.659867 0.437455
RRV029 con_0005.nii 32 -59 41 -0.34166 0.499496
RRV029 con_0005.nii -32 -58 46 -1.73731 0.727123
RRV029 con_0005.nii -6 49 1 0.166752 0.474675
RRV029 con_0006.nii 9 3 -6 -0.286081 0.59124
RRV029 con_0006.nii -9 3 -6 -0.383135 0.43243
RRV029 con_0006.nii -30 33 -18 -0.837354 0.437684
RRV029 con_0006.nii 46 28 31 0.39055 0.366333
RRV029 con_0006.nii -44 27 33 0.629633 0.928009
RRV029 con_0006.nii 44 8 34 1.18949 0.688462
RRV029 con_0006.nii -42 7 36 0.15076 0.580479
RRV029 con_0006.nii 54 -44 43 1.24861 0.321173
RRV029 con_0006.nii -53 -50 39 1.06205 0.583587
RRV029 con_0006.nii 32 -59 41 0.856687 0.478934
RRV029 con_0006.nii -32 -58 46 1.50902 0.583651
RRV029 con_0006.nii -6 49 1 -0.687414 0.638415
RRV029 con_0007.nii 9 3 -6 -0.0936715 0.683239
RRV029 con_0007.nii -9 3 -6 -0.0395367 0.217131
RRV029 con_0007.nii -30 33 -18 -0.455741 0.353265
RRV029 con_0007.nii 46 28 31 0.0313552 0.431467
RRV029 con_0007.nii -44 27 33 -0.0873536 0.537848
RRV029 con_0007.nii 44 8 34 0.179634 0.554564
RRV029 con_0007.nii -42 7 36 0.384272 0.275827
RRV029 con_0007.nii 54 -44 43 -0.792615 0.298789
RRV029 con_0007.nii -53 -50 39 -0.617059 0.40247
RRV029 con_0007.nii 32 -59 41 1.26907 0.752956
RRV029 con_0007.nii -32 -58 46 2.50178 1.25011
RRV029 con_0007.nii -6 49 1 -1.5571 0.534442
RRV029 con_0008.nii 9 3 -6 -0.454187 0.574124
RRV029 con_0008.nii -9 3 -6 -1.31285 0.689116
RRV029 con_0008.nii -30 33 -18 -0.226403 0.328847
RRV029 con_0008.nii 46 28 31 0.134179 0.330117
RRV029 con_0008.nii -44 27 33 0.799217 0.32425
RRV029 con_0008.nii 44 8 34 0.0199479 0.220233
RRV029 con_0008.nii -42 7 36 -0.1816 0.303947
RRV029 con_0008.nii 54 -44 43 -0.242165 0.309936
RRV029 con_0008.nii -53 -50 39 0.245803 0.531731
RRV029 con_0008.nii 32 -59 41 -0.951003 0.461973
RRV029 con_0008.nii -32 -58 46 -1.04175 0.664999
RRV029 con_0008.nii -6 49 1 0.706304 0.540684
RRV029 con_0009.nii 9 3 -6 -0.547859 0.662448
RRV029 con_0009.nii -9 3 -6 -1.35239 0.571113
RRV029 con_0009.nii -30 33 -18 -0.682145 0.454823
RRV029 con_0009.nii 46 28 31 0.165534 0.460285
RRV029 con_0009.nii -44 27 33 0.711863 0.488414
RRV029 con_0009.nii 44 8 34 0.199582 0.529926
RRV029 con_0009.nii -42 7 36 0.202672 0.460713
RRV029 con_0009.nii 54 -44 43 -1.03478 0.424803
RRV029 con_0009.nii -53 -50 39 -0.371256 0.41995
RRV029 con_0009.nii 32 -59 41 0.318064 0.476419
RRV029 con_0009.nii -32 -58 46 1.46002 0.83481
RRV029 con_0009.nii -6 49 1 -0.850796 0.951721
RRV029 con_0010.nii 9 3 -6 0.246541 0.3104
RRV029 con_0010.nii -9 3 -6 0.140168 0.204594
RRV029 con_0010.nii -30 33 -18 -0.48281 0.371363
RRV029 con_0010.nii 46 28 31 -0.182695 0.182487
RRV029 con_0010.nii -44 27 33 -0.316135 0.563354
RRV029 con_0010.nii 44 8 34 0.317095 0.320068
RRV029 con_0010.nii -42 7 36 -0.547859 0.19453
RRV029 con_0010.nii 54 -44 43 0.1456 0.191504
RRV029 con_0010.nii -53 -50 39 -0.596262 0.219306
RRV029 con_0010.nii 32 -59 41 0.563612 0.596521
RRV029 con_0010.nii -32 -58 46 1.56121 0.734052
RRV029 con_0010.nii -6 49 1 -0.755967 0.395755
RRV029 con_0011.nii 9 3 -6 -0.189086 0.196392
RRV029 con_0011.nii -9 3 -6 -0.0985059 0.257955
RRV029 con_0011.nii -30 33 -18 -0.159631 0.183087
RRV029 con_0011.nii 46 28 31 -0.191238 0.20355
RRV029 con_0011.nii -44 27 33 -0.128576 0.128932
RRV029 con_0011.nii 44 8 34 -0.302044 0.214575
RRV029 con_0011.nii -42 7 36 0.266917 0.331653
RRV029 con_0011.nii 54 -44 43 -0.16073 0.194588
RRV029 con_0011.nii -53 -50 39 0.252935 0.193562
RRV029 con_0011.nii 32 -59 41 -0.131809 0.213263
RRV029 con_0011.nii -32 -58 46 -0.366838 0.223094
RRV029 con_0011.nii -6 49 1 0.252183 0.329413
RRV029 con_0012.nii 9 3 -6 0.0574557 0.282764
RRV029 con_0012.nii -9 3 -6 0.0416616 0.308041
RRV029 con_0012.nii -30 33 -18 -0.642441 0.48815
RRV029 con_0012.nii 46 28 31 -0.373932 0.190788
RRV029 con_0012.nii -44 27 33 -0.44471 0.526443
RRV029 con_0012.nii 44 8 34 0.0150505 0.381697
RRV029 con_0012.nii -42 7 36 -0.280942 0.295773
RRV029 con_0012.nii 54 -44 43 -0.0151292 0.225117
RRV029 con_0012.nii -53 -50 39 -0.343327 0.159331
RRV029 con_0012.nii 32 -59 41 0.431802 0.529233
RRV029 con_0012.nii -32 -58 46 1.19438 0.607373
RRV029 con_0012.nii -6 49 1 -0.503785 0.489145
RRV029 con_0013.nii 9 3 -6 -0.206848 0.275445
RRV029 con_0013.nii -9 3 -6 -0.2075 0.195903
RRV029 con_0013.nii -30 33 -18 -0.559186 0.52921
RRV029 con_0013.nii 46 28 31 -0.6314 0.496689
RRV029 con_0013.nii -44 27 33 -1.16334 0.847025
RRV029 con_0013.nii 44 8 34 0.481495 0.671054
RRV029 con_0013.nii -42 7 36 -0.582765 0.241438
RRV029 con_0013.nii 54 -44 43 -0.898254 0.398266
RRV029 con_0013.nii -53 -50 39 -0.805589 0.396628
RRV029 con_0013.nii 32 -59 41 0.337552 1.01784
RRV029 con_0013.nii -32 -58 46 1.18009 0.683595
RRV029 con_0013.nii -6 49 1 -1.6694 0.606963
RRV029 con_0014.nii 9 3 -6 0.227782 0.445409
RRV029 con_0014.nii -9 3 -6 -0.35103 0.270227
RRV029 con_0014.nii -30 33 -18 0.000406296 0.323219
RRV029 con_0014.nii 46 28 31 -0.382047 0.339506
RRV029 con_0014.nii -44 27 33 -0.370818 0.307213
RRV029 con_0014.nii 44 8 34 -0.367602 0.235036
RRV029 con_0014.nii -42 7 36 0.45964 0.293817
RRV029 con_0014.nii 54 -44 43 -0.678974 0.249137
RRV029 con_0014.nii -53 -50 39 -0.0732364 0.269244
RRV029 con_0014.nii 32 -59 41 -0.156378 0.240321
RRV029 con_0014.nii -32 -58 46 -0.477469 0.203505
RRV029 con_0014.nii -6 49 1 -0.580265 0.342461
RRV029 con_0015.nii 9 3 -6 0.0209346 0.601101
RRV029 con_0015.nii -9 3 -6 -0.55853 0.306726
RRV029 con_0015.nii -30 33 -18 -0.55878 0.507056
RRV029 con_0015.nii 46 28 31 -1.01345 0.779215
RRV029 con_0015.nii -44 27 33 -1.53416 1.0401
RRV029 con_0015.nii 44 8 34 0.113893 0.598282
RRV029 con_0015.nii -42 7 36 -0.123125 0.204938
RRV029 con_0015.nii 54 -44 43 -1.57723 0.422144
RRV029 con_0015.nii -53 -50 39 -0.878825 0.378493
RRV029 con_0015.nii 32 -59 41 0.181174 0.89681
RRV029 con_0015.nii -32 -58 46 0.702619 0.586662
RRV029 con_0015.nii -6 49 1 -2.24966 0.857893
RRV029 con_0016.nii 9 3 -6 -0.101689 0.460265
RRV029 con_0016.nii -9 3 -6 -0.0697776 0.234355
RRV029 con_0016.nii -30 33 -18 -0.476795 0.32992
RRV029 con_0016.nii 46 28 31 0.0564591 0.378656
RRV029 con_0016.nii -44 27 33 -0.0987289 0.387149
RRV029 con_0016.nii 44 8 34 0.427923 0.648151
RRV029 con_0016.nii -42 7 36 -0.110497 0.213059
RRV029 con_0016.nii 54 -44 43 -0.257069 0.282155
RRV029 con_0016.nii -53 -50 39 -0.314715 0.23189
RRV029 con_0016.nii 32 -59 41 1.25687 0.822796
RRV029 con_0016.nii -32 -58 46 2.76891 1.16521
RRV029 con_0016.nii -6 49 1 -1.35251 0.5463
RRV029 con_0017.nii 9 3 -6 -0.369672 0.352221
RRV029 con_0017.nii -9 3 -6 -0.668444 0.267529
RRV029 con_0017.nii -30 33 -18 -0.173987 0.211781
RRV029 con_0017.nii 46 28 31 -0.0925617 0.269485
RRV029 con_0017.nii -44 27 33 -0.112965 0.22624
RRV029 con_0017.nii 44 8 34 -0.206793 0.425307
RRV029 con_0017.nii -42 7 36 0.253871 0.359362
RRV029 con_0017.nii 54 -44 43 -0.072078 0.150595
RRV029 con_0017.nii -53 -50 39 0.173294 0.229095
RRV029 con_0017.nii 32 -59 41 -0.905997 0.360468
RRV029 con_0017.nii -32 -58 46 -1.54424 0.622061
RRV029 con_0017.nii -6 49 1 0.154002 0.452479
RRV029 con_0018.nii 9 3 -6 -0.471362 0.732485
RRV029 con_0018.nii -9 3 -6 -0.738221 0.298865
RRV029 con_0018.nii -30 33 -18 -0.650782 0.334258
RRV029 con_0018.nii 46 28 31 -0.0361025 0.36302
RRV029 con_0018.nii -44 27 33 -0.211694 0.372656
RRV029 con_0018.nii 44 8 34 0.22113 0.35267
RRV029 con_0018.nii -42 7 36 0.143375 0.467959
RRV029 con_0018.nii 54 -44 43 -0.329147 0.287224
RRV029 con_0018.nii -53 -50 39 -0.141421 0.274116
RRV029 con_0018.nii 32 -59 41 0.350869 0.510975
RRV029 con_0018.nii -32 -58 46 1.22467 0.659225
RRV029 con_0018.nii -6 49 1 -1.19851 0.785877
RRV029 con_0019.nii 9 3 -6 -0.129199 0.601711
RRV029 con_0019.nii -9 3 -6 -0.179611 0.289479
RRV029 con_0019.nii -30 33 -18 0.250891 0.258309
RRV029 con_0019.nii 46 28 31 -0.153521 0.498963
RRV029 con_0019.nii -44 27 33 -0.432617 0.37653
RRV029 con_0019.nii 44 8 34 -0.701101 0.630941
RRV029 con_0019.nii -42 7 36 0.0552389 0.3489
RRV029 con_0019.nii 54 -44 43 -0.695145 0.271079
RRV029 con_0019.nii -53 -50 39 -0.13301 0.220422
RRV029 con_0019.nii 32 -59 41 0.739574 0.551075
RRV029 con_0019.nii -32 -58 46 0.997418 0.450633
RRV029 con_0019.nii -6 49 1 -0.890308 0.4141
RRV029 con_0020.nii 9 3 -6 -0.508402 0.794165
RRV029 con_0020.nii -9 3 -6 -0.341189 0.546317
RRV029 con_0020.nii -30 33 -18 -0.041297 0.198636
RRV029 con_0020.nii 46 28 31 -0.136938 0.424993
RRV029 con_0020.nii -44 27 33 -1.09925 0.999606
RRV029 con_0020.nii 44 8 34 -0.0396288 0.55024
RRV029 con_0020.nii -42 7 36 0.302395 0.276945
RRV029 con_0020.nii 54 -44 43 -0.490996 0.325179
RRV029 con_0020.nii -53 -50 39 -0.638723 0.667984
RRV029 con_0020.nii 32 -59 41 -1.29352 0.223899
RRV029 con_0020.nii -32 -58 46 -1.48683 0.502239
RRV029 con_0020.nii -6 49 1 -0.663233 0.585028
RRV029 con_0021.nii 9 3 -6 -0.637601 1.17352
RRV029 con_0021.nii -9 3 -6 -0.5208 0.713665
RRV029 con_0021.nii -30 33 -18 0.209594 0.289799
RRV029 con_0021.nii 46 28 31 -0.290459 0.708849
RRV029 con_0021.nii -44 27 33 -1.53187 1.21617
RRV029 con_0021.nii 44 8 34 -0.740729 0.41035
RRV029 con_0021.nii -42 7 36 0.357634 0.333315
RRV029 con_0021.nii 54 -44 43 -1.18614 0.55477
RRV029 con_0021.nii -53 -50 39 -0.771733 0.821592
RRV029 con_0021.nii 32 -59 41 -0.553946 0.548643
RRV029 con_0021.nii -32 -58 46 -0.489411 0.412477
RRV029 con_0021.nii -6 49 1 -1.55354 0.78885
RRV029 con_0022.nii 9 3 -6 -0.57528 0.637623
RRV029 con_0022.nii -9 3 -6 -0.27052 0.20526
RRV029 con_0022.nii -30 33 -18 -0.259914 0.195334
RRV029 con_0022.nii 46 28 31 0.656932 0.451474
RRV029 con_0022.nii -44 27 33 0.856053 0.886957
RRV029 con_0022.nii 44 8 34 1.17105 0.493514
RRV029 con_0022.nii -42 7 36 0.324716 0.255774
RRV029 con_0022.nii 54 -44 43 0.425353 0.169421
RRV029 con_0022.nii -53 -50 39 0.998448 0.339137
RRV029 con_0022.nii 32 -59 41 0.634735 0.462069
RRV029 con_0022.nii -32 -58 46 1.68511 0.433189
RRV029 con_0022.nii -6 49 1 -0.0981992 0.288485
RRV029 con_0023.nii 9 3 -6 0.231744 0.449361
RRV029 con_0023.nii -9 3 -6 -0.154276 0.436547
RRV029 con_0023.nii -30 33 -18 0.065001 0.171364
RRV029 con_0023.nii 46 28 31 0.10755 0.501722
RRV029 con_0023.nii -44 27 33 0.218291 0.619835
RRV029 con_0023.nii 44 8 34 0.00339025 0.696837
RRV029 con_0023.nii -42 7 36 0.106986 0.289326
RRV029 con_0023.nii 54 -44 43 0.838387 0.251673
RRV029 con_0023.nii -53 -50 39 0.406932 0.271537
RRV029 con_0023.nii 32 -59 41 -0.209851 0.437626
RRV029 con_0023.nii -32 -58 46 -1.37047 0.546549
RRV029 con_0023.nii -6 49 1 -0.0854304 0.315003
RRV029 con_0024.nii 9 3 -6 -0.343537 0.609226
RRV029 con_0024.nii -9 3 -6 -0.424796 0.465253
RRV029 con_0024.nii -30 33 -18 -0.194913 0.30762
RRV029 con_0024.nii 46 28 31 0.764482 0.367968
RRV029 con_0024.nii -44 27 33 1.07434 1.40948
RRV029 con_0024.nii 44 8 34 1.17444 0.642786
RRV029 con_0024.nii -42 7 36 0.431702 0.355862
RRV029 con_0024.nii 54 -44 43 1.26374 0.229476
RRV029 con_0024.nii -53 -50 39 1.40538 0.561699
RRV029 con_0024.nii 32 -59 41 0.424885 0.331676
RRV029 con_0024.nii -32 -58 46 0.31464 0.218269
RRV029 con_0024.nii -6 49 1 -0.18363 0.360743
RRV029 con_0025.nii 9 3 -6 -0.340213 0.521845
RRV029 con_0025.nii -9 3 -6 -0.179704 0.177514
RRV029 con_0025.nii -30 33 -18 0.0270683 0.292919
RRV029 con_0025.nii 46 28 31 0.21405 0.519586
RRV029 con_0025.nii -44 27 33 0.228781 0.192049
RRV029 con_0025.nii 44 8 34 -0.137461 0.327409
RRV029 con_0025.nii -42 7 36 0.932131 0.320567
RRV029 con_0025.nii 54 -44 43 -0.938216 0.301028
RRV029 con_0025.nii -53 -50 39 -0.0207963 0.276916
RRV029 con_0025.nii 32 -59 41 0.705455 0.407739
RRV029 con_0025.nii -32 -58 46 0.940561 0.580059
RRV029 con_0025.nii -6 49 1 -0.801132 0.296747
RRV029 con_0026.nii 9 3 -6 -0.265102 0.536764
RRV029 con_0026.nii -9 3 -6 -1.21435 0.592966
RRV029 con_0026.nii -30 33 -18 -0.0667722 0.239031
RRV029 con_0026.nii 46 28 31 0.325416 0.284359
RRV029 con_0026.nii -44 27 33 0.927792 0.36603
RRV029 con_0026.nii 44 8 34 0.321992 0.300654
RRV029 con_0026.nii -42 7 36 -0.448517 0.21099
RRV029 con_0026.nii 54 -44 43 -0.0814358 0.247354
RRV029 con_0026.nii -53 -50 39 -0.00713212 0.429726
RRV029 con_0026.nii 32 -59 41 -0.819194 0.374494
RRV029 con_0026.nii -32 -58 46 -0.674915 0.61371
RRV029 con_0026.nii -6 49 1 0.454121 0.429809
RRV029 con_0027.nii 9 3 -6 -0.605314 0.584273
RRV029 con_0027.nii -9 3 -6 -1.39405 0.525192
RRV029 con_0027.nii -30 33 -18 -0.0397039 0.396828
RRV029 con_0027.nii 46 28 31 0.539466 0.47687
RRV029 con_0027.nii -44 27 33 1.15657 0.459702
RRV029 con_0027.nii 44 8 34 0.184531 0.497904
RRV029 con_0027.nii -42 7 36 0.483614 0.23979
RRV029 con_0027.nii 54 -44 43 -1.01965 0.34044
RRV029 con_0027.nii -53 -50 39 -0.0279284 0.390508
RRV029 con_0027.nii 32 -59 41 -0.113738 0.135719
RRV029 con_0027.nii -32 -58 46 0.265647 0.445798
RRV029 con_0027.nii -6 49 1 -0.347011 0.62625
RRV029 con_0028.nii 9 3 -6 -0.348231 0.439487
RRV029 con_0028.nii -9 3 -6 -0.209945 0.136464
RRV029 con_0028.nii -30 33 -18 0.00601516 0.217465
RRV029 con_0028.nii 46 28 31 0.239154 0.451633
RRV029 con_0028.nii -44 27 33 0.217406 0.318291
RRV029 con_0028.nii 44 8 34 0.110828 0.405222
RRV029 con_0028.nii -42 7 36 0.437362 0.259077
RRV029 con_0028.nii 54 -44 43 -0.402669 0.208015
RRV029 con_0028.nii -53 -50 39 0.281547 0.138416
RRV029 con_0028.nii 32 -59 41 0.693255 0.452805
RRV029 con_0028.nii -32 -58 46 1.2077 0.446935
RRV029 con_0028.nii -6 49 1 -0.596546 0.257324
RRV029 con_0029.nii 9 3 -6 -0.180587 0.352527
RRV029 con_0029.nii -9 3 -6 -0.569938 0.329224
RRV029 con_0029.nii -30 33 -18 -0.0143561 0.115636
RRV029 con_0029.nii 46 28 31 0.0986763 0.249806
RRV029 con_0029.nii -44 27 33 0.015611 0.190498
RRV029 con_0029.nii 44 8 34 0.0952512 0.408045
RRV029 con_0029.nii -42 7 36 -0.0130456 0.176572
RRV029 con_0029.nii 54 -44 43 0.0886516 0.134851
RRV029 con_0029.nii -53 -50 39 -0.079641 0.184856
RRV029 con_0029.nii 32 -59 41 -0.774188 0.27657
RRV029 con_0029.nii -32 -58 46 -1.17741 0.496631
RRV029 con_0029.nii -6 49 1 -0.098181 0.344622
RRV029 con_0030.nii 9 3 -6 -0.528817 0.601505
RRV029 con_0030.nii -9 3 -6 -0.779883 0.412172
RRV029 con_0030.nii -30 33 -18 -0.00834089 0.258954
RRV029 con_0030.nii 46 28 31 0.33783 0.285383
RRV029 con_0030.nii -44 27 33 0.233017 0.295783
RRV029 con_0030.nii 44 8 34 0.206079 0.229933
RRV029 con_0030.nii -42 7 36 0.424317 0.265485
RRV029 con_0030.nii 54 -44 43 -0.314018 0.236308
RRV029 con_0030.nii -53 -50 39 0.201906 0.265351
RRV029 con_0030.nii 32 -59 41 -0.0809332 0.273663
RRV029 con_0030.nii -32 -58 46 0.030292 0.275669
RRV029 con_0030.nii -6 49 1 -0.694727 0.429114
