RRV067 con_0001.nii 9 3 -6 -0.004169 0.713928
RRV067 con_0001.nii -9 3 -6 0.140502 0.590048
RRV067 con_0001.nii -30 33 -18 -0.114167 0.209531
RRV067 con_0001.nii 46 28 31 0.763076 0.407241
RRV067 con_0001.nii -44 27 33 0.432618 0.22824
RRV067 con_0001.nii 44 8 34 0.476969 0.294809
RRV067 con_0001.nii -42 7 36 0.661717 0.410243
RRV067 con_0001.nii 54 -44 43 0.785045 0.226194
RRV067 con_0001.nii -53 -50 39 0.372405 0.182646
RRV067 con_0001.nii 32 -59 41 0.213383 0.54221
RRV067 con_0001.nii -32 -58 46 0.378454 0.634968
RRV067 con_0001.nii -6 49 1 -0.776923 0.319701
RRV067 con_0002.nii 9 3 -6 -0.116019 0.33892
RRV067 con_0002.nii -9 3 -6 0.103862 0.538712
RRV067 con_0002.nii -30 33 -18 1.20938 0.598586
RRV067 con_0002.nii 46 28 31 1.00337 0.684234
RRV067 con_0002.nii -44 27 33 0.809961 0.392362
RRV067 con_0002.nii 44 8 34 1.20266 0.596412
RRV067 con_0002.nii -42 7 36 2.00546 0.85053
RRV067 con_0002.nii 54 -44 43 0.413122 0.177319
RRV067 con_0002.nii -53 -50 39 0.103502 0.469528
RRV067 con_0002.nii 32 -59 41 0.74982 0.509801
RRV067 con_0002.nii -32 -58 46 0.0169446 0.707376
RRV067 con_0002.nii -6 49 1 -0.646363 0.582279
RRV067 con_0003.nii 9 3 -6 -0.120188 0.69582
RRV067 con_0003.nii -9 3 -6 0.244364 0.961129
RRV067 con_0003.nii -30 33 -18 1.09521 0.63177
RRV067 con_0003.nii 46 28 31 1.76645 1.00744
RRV067 con_0003.nii -44 27 33 1.24258 0.532874
RRV067 con_0003.nii 44 8 34 1.67963 0.624903
RRV067 con_0003.nii -42 7 36 2.66718 1.1825
RRV067 con_0003.nii 54 -44 43 1.19817 0.280117
RRV067 con_0003.nii -53 -50 39 0.475907 0.617841
RRV067 con_0003.nii 32 -59 41 0.963203 0.924103
RRV067 con_0003.nii -32 -58 46 0.395399 0.984461
RRV067 con_0003.nii -6 49 1 -1.42329 0.61775
RRV067 con_0004.nii 9 3 -6 0.117086 0.722743
RRV067 con_0004.nii -9 3 -6 -0.126761 0.530075
RRV067 con_0004.nii -30 33 -18 0.60678 0.379109
RRV067 con_0004.nii 46 28 31 0.273451 0.263993
RRV067 con_0004.nii -44 27 33 0.688021 0.347979
RRV067 con_0004.nii 44 8 34 1.04729 0.429874
RRV067 con_0004.nii -42 7 36 1.3452 0.508201
RRV067 con_0004.nii 54 -44 43 0.254885 0.254889
RRV067 con_0004.nii -53 -50 39 0.528918 0.408401
RRV067 con_0004.nii 32 -59 41 -0.00216007 0.488567
RRV067 con_0004.nii -32 -58 46 0.799061 0.794326
RRV067 con_0004.nii -6 49 1 -0.397174 0.513287
RRV067 con_0005.nii 9 3 -6 -0.50133 0.321465
RRV067 con_0005.nii -9 3 -6 -0.366963 0.273402
RRV067 con_0005.nii -30 33 -18 -0.16157 0.514482
RRV067 con_0005.nii 46 28 31 0.453209 0.651964
RRV067 con_0005.nii -44 27 33 0.146453 0.309551
RRV067 con_0005.nii 44 8 34 0.766346 0.509654
RRV067 con_0005.nii -42 7 36 1.33613 0.582728
RRV067 con_0005.nii 54 -44 43 -0.225907 0.186488
RRV067 con_0005.nii -53 -50 39 -0.089405 0.13252
RRV067 con_0005.nii 32 -59 41 0.26916 0.235317
RRV067 con_0005.nii -32 -58 46 -0.0252015 0.491895
RRV067 con_0005.nii -6 49 1 -1.10617 0.738302
RRV067 con_0006.nii 9 3 -6 -0.384244 0.945342
RRV067 con_0006.nii -9 3 -6 -0.493725 0.518159
RRV067 con_0006.nii -30 33 -18 0.445211 0.339627
RRV067 con_0006.nii 46 28 31 0.72666 0.714359
RRV067 con_0006.nii -44 27 33 0.834474 0.438542
RRV067 con_0006.nii 44 8 34 1.81363 0.860839
RRV067 con_0006.nii -42 7 36 2.68133 0.917778
RRV067 con_0006.nii 54 -44 43 0.0289779 0.402433
RRV067 con_0006.nii -53 -50 39 0.439513 0.483372
RRV067 con_0006.nii 32 -59 41 0.267 0.398525
RRV067 con_0006.nii -32 -58 46 0.77386 0.97591
RRV067 con_0006.nii -6 49 1 -1.50334 1.06727
RRV067 con_0007.nii 9 3 -6 0.336829 0.195061
RRV067 con_0007.nii -9 3 -6 -0.471633 0.217544
RRV067 con_0007.nii -30 33 -18 0.171633 0.340875
RRV067 con_0007.nii 46 28 31 0.203173 0.189249
RRV067 con_0007.nii -44 27 33 0.165504 0.253145
RRV067 con_0007.nii 44 8 34 -0.297639 0.233713
RRV067 con_0007.nii -42 7 36 0.355409 0.212807
RRV067 con_0007.nii 54 -44 43 0.188504 0.153059
RRV067 con_0007.nii -53 -50 39 0.34762 0.331822
RRV067 con_0007.nii 32 -59 41 0.0648774 0.293463
RRV067 con_0007.nii -32 -58 46 0.31959 0.675396
RRV067 con_0007.nii -6 49 1 -0.958642 0.31245
RRV067 con_0008.nii 9 3 -6 0.188652 0.513798
RRV067 con_0008.nii -9 3 -6 0.215501 0.543585
RRV067 con_0008.nii -30 33 -18 0.731677 0.304532
RRV067 con_0008.nii 46 28 31 0.0719053 0.541115
RRV067 con_0008.nii -44 27 33 0.476958 0.16533
RRV067 con_0008.nii 44 8 34 1.06036 0.50637
RRV067 con_0008.nii -42 7 36 0.383438 0.748908
RRV067 con_0008.nii 54 -44 43 0.0239751 0.192838
RRV067 con_0008.nii -53 -50 39 -0.0312514 0.292545
RRV067 con_0008.nii 32 -59 41 0.0379935 0.259828
RRV067 con_0008.nii -32 -58 46 -0.736445 0.45535
RRV067 con_0008.nii -6 49 1 -0.241149 0.56827
RRV067 con_0009.nii 9 3 -6 0.525481 0.430629
RRV067 con_0009.nii -9 3 -6 -0.256132 0.545483
RRV067 con_0009.nii -30 33 -18 0.90331 0.427057
RRV067 con_0009.nii 46 28 31 0.275078 0.679291
RRV067 con_0009.nii -44 27 33 0.642462 0.351117
RRV067 con_0009.nii 44 8 34 0.762716 0.619904
RRV067 con_0009.nii -42 7 36 0.738847 0.708724
RRV067 con_0009.nii 54 -44 43 0.212479 0.316531
RRV067 con_0009.nii -53 -50 39 0.316368 0.601094
RRV067 con_0009.nii 32 -59 41 0.102871 0.34354
RRV067 con_0009.nii -32 -58 46 -0.416856 0.752306
RRV067 con_0009.nii -6 49 1 -1.19979 0.777524
RRV067 con_0010.nii 9 3 -6 0.63369 0.205835
RRV067 con_0010.nii -9 3 -6 -0.355224 0.202085
RRV067 con_0010.nii -30 33 -18 -0.295837 0.177186
RRV067 con_0010.nii 46 28 31 -0.141335 0.22305
RRV067 con_0010.nii -44 27 33 0.00126256 0.164092
RRV067 con_0010.nii 44 8 34 -0.383217 0.359651
RRV067 con_0010.nii -42 7 36 -0.282185 0.326975
RRV067 con_0010.nii 54 -44 43 0.0136109 0.115264
RRV067 con_0010.nii -53 -50 39 0.0835668 0.13807
RRV067 con_0010.nii 32 -59 41 -0.686873 0.293217
RRV067 con_0010.nii -32 -58 46 -0.522672 0.571567
RRV067 con_0010.nii -6 49 1 -0.974419 0.276509
RRV067 con_0011.nii 9 3 -6 -0.152507 0.296251
RRV067 con_0011.nii -9 3 -6 0.149578 0.347743
RRV067 con_0011.nii -30 33 -18 0.0794292 0.200494
RRV067 con_0011.nii 46 28 31 0.490124 0.438838
RRV067 con_0011.nii -44 27 33 0.363514 0.226917
RRV067 con_0011.nii 44 8 34 1.09393 0.342219
RRV067 con_0011.nii -42 7 36 0.671648 0.551993
RRV067 con_0011.nii 54 -44 43 0.318604 0.113712
RRV067 con_0011.nii -53 -50 39 -0.242846 0.120812
RRV067 con_0011.nii 32 -59 41 0.227993 0.299895
RRV067 con_0011.nii -32 -58 46 -0.291573 0.35051
RRV067 con_0011.nii -6 49 1 -0.337384 0.358722
RRV067 con_0012.nii 9 3 -6 0.481183 0.349469
RRV067 con_0012.nii -9 3 -6 -0.205646 0.429477
RRV067 con_0012.nii -30 33 -18 -0.216407 0.356728
RRV067 con_0012.nii 46 28 31 0.34879 0.394467
RRV067 con_0012.nii -44 27 33 0.364776 0.350182
RRV067 con_0012.nii 44 8 34 0.710715 0.412066
RRV067 con_0012.nii -42 7 36 0.389463 0.583249
RRV067 con_0012.nii 54 -44 43 0.332215 0.188332
RRV067 con_0012.nii -53 -50 39 -0.15928 0.166879
RRV067 con_0012.nii 32 -59 41 -0.45888 0.38697
RRV067 con_0012.nii -32 -58 46 -0.814245 0.51909
RRV067 con_0012.nii -6 49 1 -1.3118 0.42486
RRV067 con_0013.nii 9 3 -6 0.0396999 0.240185
RRV067 con_0013.nii -9 3 -6 -0.434294 0.321119
RRV067 con_0013.nii -30 33 -18 -0.451503 0.233766
RRV067 con_0013.nii 46 28 31 0.215764 0.218055
RRV067 con_0013.nii -44 27 33 0.469984 0.178685
RRV067 con_0013.nii 44 8 34 0.114636 0.353515
RRV067 con_0013.nii -42 7 36 0.466157 0.411116
RRV067 con_0013.nii 54 -44 43 0.0758551 0.197237
RRV067 con_0013.nii -53 -50 39 0.399 0.140724
RRV067 con_0013.nii 32 -59 41 -0.0330202 0.214393
RRV067 con_0013.nii -32 -58 46 0.0179192 0.529099
RRV067 con_0013.nii -6 49 1 -0.992085 0.220522
RRV067 con_0014.nii 9 3 -6 -0.445194 0.344163
RRV067 con_0014.nii -9 3 -6 -0.0629987 0.356884
RRV067 con_0014.nii -30 33 -18 -0.682192 0.436242
RRV067 con_0014.nii 46 28 31 0.585344 0.553965
RRV067 con_0014.nii -44 27 33 0.419692 0.34546
RRV067 con_0014.nii 44 8 34 1.73503 0.644541
RRV067 con_0014.nii -42 7 36 1.0032 0.652987
RRV067 con_0014.nii 54 -44 43 0.259047 0.172775
RRV067 con_0014.nii -53 -50 39 0.119396 0.132788
RRV067 con_0014.nii 32 -59 41 0.195393 0.349382
RRV067 con_0014.nii -32 -58 46 -0.352203 0.596534
RRV067 con_0014.nii -6 49 1 -0.564784 0.397475
RRV067 con_0015.nii 9 3 -6 -0.405494 0.428929
RRV067 con_0015.nii -9 3 -6 -0.497293 0.64294
RRV067 con_0015.nii -30 33 -18 -1.13369 0.509976
RRV067 con_0015.nii 46 28 31 0.801108 0.632537
RRV067 con_0015.nii -44 27 33 0.889676 0.510271
RRV067 con_0015.nii 44 8 34 1.84967 0.881492
RRV067 con_0015.nii -42 7 36 1.46936 0.999813
RRV067 con_0015.nii 54 -44 43 0.334902 0.325609
RRV067 con_0015.nii -53 -50 39 0.518397 0.224684
RRV067 con_0015.nii 32 -59 41 0.162373 0.43245
RRV067 con_0015.nii -32 -58 46 -0.334284 0.93764
RRV067 con_0015.nii -6 49 1 -1.55687 0.552691
RRV067 con_0016.nii 9 3 -6 0.149915 0.502639
RRV067 con_0016.nii -9 3 -6 -0.152631 0.370627
RRV067 con_0016.nii -30 33 -18 0.221415 0.249266
RRV067 con_0016.nii 46 28 31 0.413233 0.194337
RRV067 con_0016.nii -44 27 33 0.428715 0.194752
RRV067 con_0016.nii 44 8 34 0.408872 0.200375
RRV067 con_0016.nii -42 7 36 0.787441 0.32416
RRV067 con_0016.nii 54 -44 43 0.409478 0.157736
RRV067 con_0016.nii -53 -50 39 0.416314 0.258115
RRV067 con_0016.nii 32 -59 41 0.0920334 0.391914
RRV067 con_0016.nii -32 -58 46 0.499035 0.683583
RRV067 con_0016.nii -6 49 1 -0.710913 0.267006
RRV067 con_0017.nii 9 3 -6 -0.142899 0.257973
RRV067 con_0017.nii -9 3 -6 -0.0158668 0.352946
RRV067 con_0017.nii -30 33 -18 0.593161 0.236613
RRV067 con_0017.nii 46 28 31 0.509496 0.540353
RRV067 con_0017.nii -44 27 33 0.477791 0.201544
RRV067 con_0017.nii 44 8 34 1.00979 0.446517
RRV067 con_0017.nii -42 7 36 1.24168 0.685366
RRV067 con_0017.nii 54 -44 43 0.0703969 0.139608
RRV067 con_0017.nii -53 -50 39 -0.00571826 0.21783
RRV067 con_0017.nii 32 -59 41 0.352324 0.268997
RRV067 con_0017.nii -32 -58 46 -0.248234 0.508672
RRV067 con_0017.nii -6 49 1 -0.66456 0.422315
RRV067 con_0018.nii 9 3 -6 0.00701636 0.5021
RRV067 con_0018.nii -9 3 -6 -0.168497 0.630675
RRV067 con_0018.nii -30 33 -18 0.814577 0.351928
RRV067 con_0018.nii 46 28 31 0.922729 0.701424
RRV067 con_0018.nii -44 27 33 0.906505 0.379884
RRV067 con_0018.nii 44 8 34 1.41866 0.612111
RRV067 con_0018.nii -42 7 36 2.02912 0.912908
RRV067 con_0018.nii 54 -44 43 0.479875 0.276723
RRV067 con_0018.nii -53 -50 39 0.410596 0.459536
RRV067 con_0018.nii 32 -59 41 0.444358 0.455333
RRV067 con_0018.nii -32 -58 46 0.250801 0.863615
RRV067 con_0018.nii -6 49 1 -1.37547 0.64121
RRV067 con_0019.nii 9 3 -6 -0.637859 0.78057
RRV067 con_0019.nii -9 3 -6 0.495726 0.571647
RRV067 con_0019.nii -30 33 -18 0.181669 0.233534
RRV067 con_0019.nii 46 28 31 0.90441 0.539888
RRV067 con_0019.nii -44 27 33 0.431356 0.327208
RRV067 con_0019.nii 44 8 34 0.860187 0.451351
RRV067 con_0019.nii -42 7 36 0.943902 0.434421
RRV067 con_0019.nii 54 -44 43 0.771434 0.203628
RRV067 con_0019.nii -53 -50 39 0.288839 0.175744
RRV067 con_0019.nii 32 -59 41 0.900256 0.685723
RRV067 con_0019.nii -32 -58 46 0.901126 0.350047
RRV067 con_0019.nii -6 49 1 0.197495 0.248647
RRV067 con_0020.nii 9 3 -6 0.0364879 0.305439
RRV067 con_0020.nii -9 3 -6 -0.045716 0.393272
RRV067 con_0020.nii -30 33 -18 1.12995 0.52199
RRV067 con_0020.nii 46 28 31 0.51325 0.346096
RRV067 con_0020.nii -44 27 33 0.446448 0.282974
RRV067 con_0020.nii 44 8 34 0.108724 0.372047
RRV067 con_0020.nii -42 7 36 1.33381 0.364029
RRV067 con_0020.nii 54 -44 43 0.0945178 0.170694
RRV067 con_0020.nii -53 -50 39 0.346348 0.386385
RRV067 con_0020.nii 32 -59 41 0.521826 0.348062
RRV067 con_0020.nii -32 -58 46 0.308517 0.396233
RRV067 con_0020.nii -6 49 1 -0.308979 0.478776
RRV067 con_0021.nii 9 3 -6 -0.601371 0.86292
RRV067 con_0021.nii -9 3 -6 0.45001 0.601602
RRV067 con_0021.nii -30 33 -18 1.31162 0.553273
RRV067 con_0021.nii 46 28 31 1.41766 0.715202
RRV067 con_0021.nii -44 27 33 0.877803 0.534154
RRV067 con_0021.nii 44 8 34 0.968911 0.65438
RRV067 con_0021.nii -42 7 36 2.27772 0.703425
RRV067 con_0021.nii 54 -44 43 0.865952 0.250045
RRV067 con_0021.nii -53 -50 39 0.635187 0.521642
RRV067 con_0021.nii 32 -59 41 1.42208 0.966738
RRV067 con_0021.nii -32 -58 46 1.20964 0.690232
RRV067 con_0021.nii -6 49 1 -0.111483 0.439471
RRV067 con_0022.nii 9 3 -6 -0.516604 0.776467
RRV067 con_0022.nii -9 3 -6 0.228462 0.514246
RRV067 con_0022.nii -30 33 -18 0.902617 0.397358
RRV067 con_0022.nii 46 28 31 0.414786 0.206674
RRV067 con_0022.nii -44 27 33 0.686759 0.307808
RRV067 con_0022.nii 44 8 34 1.4305 0.683016
RRV067 con_0022.nii -42 7 36 1.62738 0.456969
RRV067 con_0022.nii 54 -44 43 0.241274 0.206258
RRV067 con_0022.nii -53 -50 39 0.445351 0.369219
RRV067 con_0022.nii 32 -59 41 0.684713 0.496279
RRV067 con_0022.nii -32 -58 46 1.32173 0.591015
RRV067 con_0022.nii -6 49 1 0.577245 0.399308
RRV067 con_0023.nii 9 3 -6 -0.348823 0.477277
RRV067 con_0023.nii -9 3 -6 -0.516541 0.464656
RRV067 con_0023.nii -30 33 -18 -0.240999 0.594823
RRV067 con_0023.nii 46 28 31 -0.036916 0.552269
RRV067 con_0023.nii -44 27 33 -0.21706 0.368412
RRV067 con_0023.nii 44 8 34 -0.327586 0.43901
RRV067 con_0023.nii -42 7 36 0.664485 0.27529
RRV067 con_0023.nii 54 -44 43 -0.544511 0.149373
RRV067 con_0023.nii -53 -50 39 0.153441 0.109798
RRV067 con_0023.nii 32 -59 41 0.0411668 0.243526
RRV067 con_0023.nii -32 -58 46 0.266371 0.236216
RRV067 con_0023.nii -6 49 1 -0.768783 0.924265
RRV067 con_0024.nii 9 3 -6 -0.865427 1.20627
RRV067 con_0024.nii -9 3 -6 -0.288079 0.273704
RRV067 con_0024.nii -30 33 -18 0.661618 0.534228
RRV067 con_0024.nii 46 28 31 0.37787 0.649848
RRV067 con_0024.nii -44 27 33 0.469698 0.449433
RRV067 con_0024.nii 44 8 34 1.10292 0.81032
RRV067 con_0024.nii -42 7 36 2.29187 0.458271
RRV067 con_0024.nii 54 -44 43 -0.303237 0.274267
RRV067 con_0024.nii -53 -50 39 0.598792 0.404141
RRV067 con_0024.nii 32 -59 41 0.72588 0.60519
RRV067 con_0024.nii -32 -58 46 1.5881 0.775757
RRV067 con_0024.nii -6 49 1 -0.191537 0.897787
RRV067 con_0025.nii 9 3 -6 -0.296861 0.25597
RRV067 con_0025.nii -9 3 -6 -0.116409 0.212924
RRV067 con_0025.nii -30 33 -18 0.46747 0.377824
RRV067 con_0025.nii 46 28 31 0.344508 0.296587
RRV067 con_0025.nii -44 27 33 0.164242 0.273173
RRV067 con_0025.nii 44 8 34 0.0855781 0.278638
RRV067 con_0025.nii -42 7 36 0.637594 0.196414
RRV067 con_0025.nii 54 -44 43 0.174893 0.13091
RRV067 con_0025.nii -53 -50 39 0.264053 0.294391
RRV067 con_0025.nii 32 -59 41 0.751751 0.379631
RRV067 con_0025.nii -32 -58 46 0.842262 0.318462
RRV067 con_0025.nii -6 49 1 0.0157771 0.367494
RRV067 con_0026.nii 9 3 -6 0.341159 0.398736
RRV067 con_0026.nii -9 3 -6 0.0659238 0.304316
RRV067 con_0026.nii -30 33 -18 0.652247 0.31514
RRV067 con_0026.nii 46 28 31 -0.418219 0.273447
RRV067 con_0026.nii -44 27 33 0.113445 0.253181
RRV067 con_0026.nii 44 8 34 -0.0335762 0.339797
RRV067 con_0026.nii -42 7 36 -0.28821 0.337785
RRV067 con_0026.nii 54 -44 43 -0.294629 0.147608
RRV067 con_0026.nii -53 -50 39 0.211595 0.323533
RRV067 con_0026.nii 32 -59 41 -0.19 0.181656
RRV067 con_0026.nii -32 -58 46 -0.444873 0.299728
RRV067 con_0026.nii -6 49 1 0.0962345 0.303046
RRV067 con_0027.nii 9 3 -6 0.0442982 0.227528
RRV067 con_0027.nii -9 3 -6 -0.0504854 0.301241
RRV067 con_0027.nii -30 33 -18 1.11972 0.533721
RRV067 con_0027.nii 46 28 31 -0.0737116 0.320025
RRV067 con_0027.nii -44 27 33 0.277686 0.366141
RRV067 con_0027.nii 44 8 34 0.0520019 0.362424
RRV067 con_0027.nii -42 7 36 0.349384 0.347776
RRV067 con_0027.nii 54 -44 43 -0.119736 0.224271
RRV067 con_0027.nii -53 -50 39 0.475648 0.548785
RRV067 con_0027.nii 32 -59 41 0.561751 0.301334
RRV067 con_0027.nii -32 -58 46 0.397389 0.434262
RRV067 con_0027.nii -6 49 1 0.112012 0.585331
RRV067 con_0028.nii 9 3 -6 -0.483775 0.567318
RRV067 con_0028.nii -9 3 -6 0.202593 0.35223
RRV067 con_0028.nii -30 33 -18 0.517252 0.28152
RRV067 con_0028.nii 46 28 31 0.554568 0.296707
RRV067 con_0028.nii -44 27 33 0.427452 0.225798
RRV067 con_0028.nii 44 8 34 0.79209 0.425046
RRV067 con_0028.nii -42 7 36 1.06963 0.305235
RRV067 con_0028.nii 54 -44 43 0.395867 0.109889
RRV067 con_0028.nii -53 -50 39 0.332748 0.218699
RRV067 con_0028.nii 32 -59 41 0.778907 0.483945
RRV067 con_0028.nii -32 -58 46 1.02171 0.401998
RRV067 con_0028.nii -6 49 1 0.263506 0.188771
RRV067 con_0029.nii 9 3 -6 0.00960811 0.2566
RRV067 con_0029.nii -9 3 -6 -0.165444 0.242518
RRV067 con_0029.nii -30 33 -18 0.513732 0.243461
RRV067 con_0029.nii 46 28 31 0.0193716 0.251306
RRV067 con_0029.nii -44 27 33 0.114277 0.203845
RRV067 con_0029.nii 44 8 34 -0.084146 0.240054
RRV067 con_0029.nii -42 7 36 0.57003 0.189509
RRV067 con_0029.nii 54 -44 43 -0.248208 0.0971279
RRV067 con_0029.nii -53 -50 39 0.237128 0.168099
RRV067 con_0029.nii 32 -59 41 0.124331 0.126155
RRV067 con_0029.nii -32 -58 46 0.0433387 0.207519
RRV067 con_0029.nii -6 49 1 -0.327176 0.409597
RRV067 con_0030.nii 9 3 -6 -0.474167 0.69391
RRV067 con_0030.nii -9 3 -6 0.0371487 0.277505
RRV067 con_0030.nii -30 33 -18 1.03098 0.428591
RRV067 con_0030.nii 46 28 31 0.57394 0.418549
RRV067 con_0030.nii -44 27 33 0.541729 0.389336
RRV067 con_0030.nii 44 8 34 0.707944 0.524212
RRV067 con_0030.nii -42 7 36 1.63966 0.440854
RRV067 con_0030.nii 54 -44 43 0.147659 0.160374
RRV067 con_0030.nii -53 -50 39 0.569876 0.36214
RRV067 con_0030.nii 32 -59 41 0.903238 0.542468
RRV067 con_0030.nii -32 -58 46 1.06505 0.582171
RRV067 con_0030.nii -6 49 1 -0.0636697 0.387294
RRV067 con_0031.nii 9 3 -6 -0.59399 0.319544
RRV067 con_0031.nii -9 3 -6 -0.0790703 0.263445
RRV067 con_0031.nii -30 33 -18 -0.155666 0.147966
RRV067 con_0031.nii 46 28 31 0.357099 0.193547
RRV067 con_0031.nii -44 27 33 0.468721 0.132565
RRV067 con_0031.nii 44 8 34 0.497853 0.296035
RRV067 con_0031.nii -42 7 36 0.748342 0.350995
RRV067 con_0031.nii 54 -44 43 0.0622442 0.13097
RRV067 con_0031.nii -53 -50 39 0.315434 0.154248
RRV067 con_0031.nii 32 -59 41 0.653853 0.343348
RRV067 con_0031.nii -32 -58 46 0.540591 0.574693
RRV067 con_0031.nii -6 49 1 -0.0176659 0.227697
RRV067 con_0032.nii 9 3 -6 -0.292687 0.349597
RRV067 con_0032.nii -9 3 -6 -0.212576 0.184984
RRV067 con_0032.nii -30 33 -18 -0.761621 0.382618
RRV067 con_0032.nii 46 28 31 0.0952194 0.217372
RRV067 con_0032.nii -44 27 33 0.0561786 0.209162
RRV067 con_0032.nii 44 8 34 0.641099 0.367957
RRV067 con_0032.nii -42 7 36 0.331556 0.202268
RRV067 con_0032.nii 54 -44 43 -0.0595578 0.162199
RRV067 con_0032.nii -53 -50 39 0.362243 0.0559975
RRV067 con_0032.nii 32 -59 41 -0.0326004 0.211603
RRV067 con_0032.nii -32 -58 46 -0.0606306 0.277075
RRV067 con_0032.nii -6 49 1 -0.2274 0.2738
RRV067 con_0033.nii 9 3 -6 -0.886677 0.631028
RRV067 con_0033.nii -9 3 -6 -0.291647 0.370926
RRV067 con_0033.nii -30 33 -18 -0.917287 0.330647
RRV067 con_0033.nii 46 28 31 0.452318 0.368948
RRV067 con_0033.nii -44 27 33 0.5249 0.294257
RRV067 con_0033.nii 44 8 34 1.13895 0.625402
RRV067 con_0033.nii -42 7 36 1.0799 0.471566
RRV067 con_0033.nii 54 -44 43 0.0026864 0.23213
RRV067 con_0033.nii -53 -50 39 0.677676 0.186996
RRV067 con_0033.nii 32 -59 41 0.621253 0.519236
RRV067 con_0033.nii -32 -58 46 0.479961 0.824517
RRV067 con_0033.nii -6 49 1 -0.245066 0.266283
