RRV060 con_0001.nii 9 3 -6 -0.0722497 0.268408
RRV060 con_0001.nii -9 3 -6 -0.114835 0.172039
RRV060 con_0001.nii -30 33 -18 -0.194337 0.310433
RRV060 con_0001.nii 46 28 31 0.666355 0.333271
RRV060 con_0001.nii -44 27 33 0.00889909 0.44277
RRV060 con_0001.nii 44 8 34 0.77974 0.410696
RRV060 con_0001.nii -42 7 36 2.14835 0.738539
RRV060 con_0001.nii 54 -44 43 -1.01237 0.658946
RRV060 con_0001.nii -53 -50 39 0.684801 0.532205
RRV060 con_0001.nii 32 -59 41 0.927163 0.320844
RRV060 con_0001.nii -32 -58 46 0.888886 0.628895
RRV060 con_0001.nii -6 49 1 -0.478941 0.330352
RRV060 con_0002.nii 9 3 -6 0.0856377 0.230201
RRV060 con_0002.nii -9 3 -6 -0.692347 0.236398
RRV060 con_0002.nii -30 33 -18 -0.194639 0.231213
RRV060 con_0002.nii 46 28 31 -0.799699 0.557085
RRV060 con_0002.nii -44 27 33 -0.199428 0.580509
RRV060 con_0002.nii 44 8 34 -0.850796 0.468759
RRV060 con_0002.nii -42 7 36 1.52213 0.621112
RRV060 con_0002.nii 54 -44 43 -1.02469 0.415109
RRV060 con_0002.nii -53 -50 39 0.675196 0.489132
RRV060 con_0002.nii 32 -59 41 0.269288 0.659739
RRV060 con_0002.nii -32 -58 46 1.44017 0.637445
RRV060 con_0002.nii -6 49 1 -0.618032 0.212422
RRV060 con_0003.nii 9 3 -6 0.013388 0.319428
RRV060 con_0003.nii -9 3 -6 -0.807183 0.221591
RRV060 con_0003.nii -30 33 -18 -0.388976 0.45316
RRV060 con_0003.nii 46 28 31 -0.133344 0.735576
RRV060 con_0003.nii -44 27 33 -0.190529 0.899792
RRV060 con_0003.nii 44 8 34 -0.0710553 0.680377
RRV060 con_0003.nii -42 7 36 3.67048 1.31572
RRV060 con_0003.nii 54 -44 43 -2.03706 1.04206
RRV060 con_0003.nii -53 -50 39 1.36 0.987458
RRV060 con_0003.nii 32 -59 41 1.19645 0.591813
RRV060 con_0003.nii -32 -58 46 2.32905 1.23339
RRV060 con_0003.nii -6 49 1 -1.09697 0.451191
RRV060 con_0004.nii 9 3 -6 -0.0944795 0.510744
RRV060 con_0004.nii -9 3 -6 -0.0114647 0.459732
RRV060 con_0004.nii -30 33 -18 0.470027 0.373858
RRV060 con_0004.nii 46 28 31 -0.226804 0.438407
RRV060 con_0004.nii -44 27 33 -0.231189 0.210909
RRV060 con_0004.nii 44 8 34 -0.408381 0.310246
RRV060 con_0004.nii -42 7 36 -0.705502 0.480585
RRV060 con_0004.nii 54 -44 43 -1.56353 0.714796
RRV060 con_0004.nii -53 -50 39 0.236854 0.339735
RRV060 con_0004.nii 32 -59 41 -0.32754 0.739738
RRV060 con_0004.nii -32 -58 46 -0.361458 1.00512
RRV060 con_0004.nii -6 49 1 0.491179 0.353469
RRV060 con_0005.nii 9 3 -6 -0.0804585 0.336167
RRV060 con_0005.nii -9 3 -6 0.438828 0.31625
RRV060 con_0005.nii -30 33 -18 -0.307875 0.3511
RRV060 con_0005.nii 46 28 31 0.00359286 0.322891
RRV060 con_0005.nii -44 27 33 0.189788 0.22187
RRV060 con_0005.nii 44 8 34 0.367848 0.392895
RRV060 con_0005.nii -42 7 36 0.910872 0.366319
RRV060 con_0005.nii 54 -44 43 -0.269955 0.165877
RRV060 con_0005.nii -53 -50 39 0.0413213 0.324476
RRV060 con_0005.nii 32 -59 41 0.531393 0.334479
RRV060 con_0005.nii -32 -58 46 0.392718 0.489443
RRV060 con_0005.nii -6 49 1 -0.387388 0.285136
RRV060 con_0006.nii 9 3 -6 -0.174938 0.777674
RRV060 con_0006.nii -9 3 -6 0.427364 0.701
RRV060 con_0006.nii -30 33 -18 0.162152 0.592635
RRV060 con_0006.nii 46 28 31 -0.223212 0.654526
RRV060 con_0006.nii -44 27 33 -0.0414013 0.294789
RRV060 con_0006.nii 44 8 34 -0.0405322 0.673914
RRV060 con_0006.nii -42 7 36 0.20537 0.611929
RRV060 con_0006.nii 54 -44 43 -1.83348 0.778119
RRV060 con_0006.nii -53 -50 39 0.278175 0.415743
RRV060 con_0006.nii 32 -59 41 0.203853 1.04658
RRV060 con_0006.nii -32 -58 46 0.0312604 1.4152
RRV060 con_0006.nii -6 49 1 0.103791 0.559478
RRV060 con_0007.nii 9 3 -6 -0.0837076 0.204292
RRV060 con_0007.nii -9 3 -6 -0.0873542 0.300621
RRV060 con_0007.nii -30 33 -18 -0.296778 0.272522
RRV060 con_0007.nii 46 28 31 -0.509744 0.748814
RRV060 con_0007.nii -44 27 33 -0.488547 0.37842
RRV060 con_0007.nii 44 8 34 0.0451285 0.337963
RRV060 con_0007.nii -42 7 36 0.864384 0.515553
RRV060 con_0007.nii 54 -44 43 -1.05973 0.563645
RRV060 con_0007.nii -53 -50 39 0.234369 0.317535
RRV060 con_0007.nii 32 -59 41 0.624734 0.592613
RRV060 con_0007.nii -32 -58 46 0.58942 0.854626
RRV060 con_0007.nii -6 49 1 0.307983 0.193161
RRV060 con_0008.nii 9 3 -6 0.544937 0.413532
RRV060 con_0008.nii -9 3 -6 0.643865 0.278442
RRV060 con_0008.nii -30 33 -18 0.117433 0.209363
RRV060 con_0008.nii 46 28 31 0.141723 0.569513
RRV060 con_0008.nii -44 27 33 -0.153233 0.448294
RRV060 con_0008.nii 44 8 34 -0.00947132 0.440694
RRV060 con_0008.nii -42 7 36 1.52614 0.684638
RRV060 con_0008.nii 54 -44 43 -1.48423 0.804184
RRV060 con_0008.nii -53 -50 39 0.478825 0.446328
RRV060 con_0008.nii 32 -59 41 0.686092 0.482378
RRV060 con_0008.nii -32 -58 46 1.30919 0.596553
RRV060 con_0008.nii -6 49 1 0.255472 0.292488
RRV060 con_0009.nii 9 3 -6 0.46123 0.528625
RRV060 con_0009.nii -9 3 -6 0.55651 0.441496
RRV060 con_0009.nii -30 33 -18 -0.179345 0.411173
RRV060 con_0009.nii 46 28 31 -0.368022 1.25217
RRV060 con_0009.nii -44 27 33 -0.64178 0.804319
RRV060 con_0009.nii 44 8 34 0.0356572 0.74763
RRV060 con_0009.nii -42 7 36 2.39052 1.1367
RRV060 con_0009.nii 54 -44 43 -2.54396 1.34859
RRV060 con_0009.nii -53 -50 39 0.713194 0.725021
RRV060 con_0009.nii 32 -59 41 1.31083 1.0321
RRV060 con_0009.nii -32 -58 46 1.89861 1.40002
RRV060 con_0009.nii -6 49 1 0.563455 0.393076
RRV060 con_0010.nii 9 3 -6 -0.0837679 0.332201
RRV060 con_0010.nii -9 3 -6 -0.299388 0.251545
RRV060 con_0010.nii -30 33 -18 -0.651764 0.237274
RRV060 con_0010.nii 46 28 31 -0.346303 0.507294
RRV060 con_0010.nii -44 27 33 -0.382199 0.35621
RRV060 con_0010.nii 44 8 34 -0.114932 0.444755
RRV060 con_0010.nii -42 7 36 -0.0884598 0.331633
RRV060 con_0010.nii 54 -44 43 -1.23682 0.67572
RRV060 con_0010.nii -53 -50 39 0.12606 0.354602
RRV060 con_0010.nii 32 -59 41 0.155762 0.323731
RRV060 con_0010.nii -32 -58 46 0.251681 0.651107
RRV060 con_0010.nii -6 49 1 -0.373521 0.229287
RRV060 con_0011.nii 9 3 -6 -0.0815811 0.213775
RRV060 con_0011.nii -9 3 -6 0.141846 0.225313
RRV060 con_0011.nii -30 33 -18 0.00478146 0.141271
RRV060 con_0011.nii 46 28 31 0.0409954 0.202986
RRV060 con_0011.nii -44 27 33 0.281095 0.149004
RRV060 con_0011.nii 44 8 34 -0.0337484 0.223395
RRV060 con_0011.nii -42 7 36 1.16335 0.379648
RRV060 con_0011.nii 54 -44 43 -0.603836 0.213507
RRV060 con_0011.nii -53 -50 39 0.503397 0.268426
RRV060 con_0011.nii 32 -59 41 0.133896 0.328149
RRV060 con_0011.nii -32 -58 46 0.606677 0.463964
RRV060 con_0011.nii -6 49 1 0.250696 0.271847
RRV060 con_0012.nii 9 3 -6 -0.165349 0.398566
RRV060 con_0012.nii -9 3 -6 -0.157542 0.343959
RRV060 con_0012.nii -30 33 -18 -0.646983 0.221767
RRV060 con_0012.nii 46 28 31 -0.305308 0.622698
RRV060 con_0012.nii -44 27 33 -0.101104 0.42387
RRV060 con_0012.nii 44 8 34 -0.14868 0.618413
RRV060 con_0012.nii -42 7 36 1.07489 0.512904
RRV060 con_0012.nii 54 -44 43 -1.84066 0.853043
RRV060 con_0012.nii -53 -50 39 0.629458 0.558642
RRV060 con_0012.nii 32 -59 41 0.289658 0.574628
RRV060 con_0012.nii -32 -58 46 0.858358 1.03461
RRV060 con_0012.nii -6 49 1 -0.122825 0.443344
RRV060 con_0013.nii 9 3 -6 -0.0880395 0.184331
RRV060 con_0013.nii -9 3 -6 -0.12399 0.210495
RRV060 con_0013.nii -30 33 -18 -0.521108 0.247305
RRV060 con_0013.nii 46 28 31 0.112428 1.09176
RRV060 con_0013.nii -44 27 33 -0.560518 0.630245
RRV060 con_0013.nii 44 8 34 1.85917 0.728594
RRV060 con_0013.nii -42 7 36 0.37989 0.449915
RRV060 con_0013.nii 54 -44 43 -1.05523 0.580962
RRV060 con_0013.nii -53 -50 39 -0.239573 0.35403
RRV060 con_0013.nii 32 -59 41 0.87482 0.523371
RRV060 con_0013.nii -32 -58 46 0.494302 1.05873
RRV060 con_0013.nii -6 49 1 -1.0827 0.478241
RRV060 con_0014.nii 9 3 -6 -0.0726368 0.244111
RRV060 con_0014.nii -9 3 -6 0.253658 0.203123
RRV060 con_0014.nii -30 33 -18 0.0534238 0.240217
RRV060 con_0014.nii 46 28 31 -0.568341 1.23113
RRV060 con_0014.nii -44 27 33 -0.582027 0.583719
RRV060 con_0014.nii 44 8 34 0.770097 0.799607
RRV060 con_0014.nii -42 7 36 0.421742 0.358585
RRV060 con_0014.nii 54 -44 43 -1.97783 0.803065
RRV060 con_0014.nii -53 -50 39 0.0393221 0.334438
RRV060 con_0014.nii 32 -59 41 0.570675 0.59035
RRV060 con_0014.nii -32 -58 46 0.929579 0.945345
RRV060 con_0014.nii -6 49 1 -0.512351 0.426188
RRV060 con_0015.nii 9 3 -6 -0.160676 0.351487
RRV060 con_0015.nii -9 3 -6 0.129669 0.310703
RRV060 con_0015.nii -30 33 -18 -0.467685 0.415668
RRV060 con_0015.nii 46 28 31 -0.455913 2.29041
RRV060 con_0015.nii -44 27 33 -1.14255 1.18081
RRV060 con_0015.nii 44 8 34 2.62927 1.50118
RRV060 con_0015.nii -42 7 36 0.801632 0.778801
RRV060 con_0015.nii 54 -44 43 -3.03305 1.35503
RRV060 con_0015.nii -53 -50 39 -0.200251 0.676285
RRV060 con_0015.nii 32 -59 41 1.44549 1.08363
RRV060 con_0015.nii -32 -58 46 1.42388 1.98805
RRV060 con_0015.nii -6 49 1 -1.59505 0.850047
RRV060 con_0016.nii 9 3 -6 -0.0834789 0.230996
RRV060 con_0016.nii -9 3 -6 -0.0712181 0.241801
RRV060 con_0016.nii -30 33 -18 -0.00702937 0.231637
RRV060 con_0016.nii 46 28 31 -0.0233979 0.439961
RRV060 con_0016.nii -44 27 33 -0.236946 0.309034
RRV060 con_0016.nii 44 8 34 0.138829 0.276071
RRV060 con_0016.nii -42 7 36 0.769077 0.522141
RRV060 con_0016.nii 54 -44 43 -1.21187 0.63893
RRV060 con_0016.nii -53 -50 39 0.385341 0.344707
RRV060 con_0016.nii 32 -59 41 0.408119 0.399174
RRV060 con_0016.nii -32 -58 46 0.372283 0.781025
RRV060 con_0016.nii -6 49 1 0.10674 0.127168
RRV060 con_0017.nii 9 3 -6 0.183372 0.24973
RRV060 con_0017.nii -9 3 -6 0.130115 0.182287
RRV060 con_0017.nii -30 33 -18 -0.12836 0.162136
RRV060 con_0017.nii 46 28 31 -0.218128 0.403782
RRV060 con_0017.nii -44 27 33 -0.0542909 0.355647
RRV060 con_0017.nii 44 8 34 -0.16414 0.413094
RRV060 con_0017.nii -42 7 36 1.31972 0.516921
RRV060 con_0017.nii 54 -44 43 -0.926293 0.42757
RRV060 con_0017.nii -53 -50 39 0.398447 0.387303
RRV060 con_0017.nii 32 -59 41 0.495591 0.469879
RRV060 con_0017.nii -32 -58 46 1.04736 0.56216
RRV060 con_0017.nii -6 49 1 -0.249983 0.159422
RRV060 con_0018.nii 9 3 -6 0.0998932 0.383131
RRV060 con_0018.nii -9 3 -6 0.0588971 0.325979
RRV060 con_0018.nii -30 33 -18 -0.13539 0.353445
RRV060 con_0018.nii 46 28 31 -0.241526 0.830834
RRV060 con_0018.nii -44 27 33 -0.291237 0.633957
RRV060 con_0018.nii 44 8 34 -0.0253101 0.656461
RRV060 con_0018.nii -42 7 36 2.08879 0.981191
RRV060 con_0018.nii 54 -44 43 -2.13817 1.04993
RRV060 con_0018.nii -53 -50 39 0.783788 0.688761
RRV060 con_0018.nii 32 -59 41 0.90371 0.847349
RRV060 con_0018.nii -32 -58 46 1.41964 1.2966
RRV060 con_0018.nii -6 49 1 -0.143242 0.253989
RRV060 con_0019.nii 9 3 -6 0.0115183 0.383838
RRV060 con_0019.nii -9 3 -6 0.184552 0.243406
RRV060 con_0019.nii -30 33 -18 0.457427 0.398396
RRV060 con_0019.nii 46 28 31 1.01266 0.572369
RRV060 con_0019.nii -44 27 33 0.391098 0.225286
RRV060 con_0019.nii 44 8 34 0.894672 0.498592
RRV060 con_0019.nii -42 7 36 2.23681 0.661743
RRV060 con_0019.nii 54 -44 43 0.224455 0.227591
RRV060 con_0019.nii -53 -50 39 0.55874 0.311986
RRV060 con_0019.nii 32 -59 41 0.771401 0.513668
RRV060 con_0019.nii -32 -58 46 0.637205 0.404101
RRV060 con_0019.nii -6 49 1 -0.10542 0.279024
RRV060 con_0020.nii 9 3 -6 0.167219 0.277719
RRV060 con_0020.nii -9 3 -6 -0.834193 0.289369
RRV060 con_0020.nii -30 33 -18 -0.199421 0.295519
RRV060 con_0020.nii 46 28 31 -0.840694 0.443778
RRV060 con_0020.nii -44 27 33 -0.480523 0.531666
RRV060 con_0020.nii 44 8 34 -0.817047 0.36952
RRV060 con_0020.nii -42 7 36 0.358783 0.368632
RRV060 con_0020.nii 54 -44 43 -0.420856 0.323365
RRV060 con_0020.nii -53 -50 39 0.171798 0.310523
RRV060 con_0020.nii 32 -59 41 0.135392 0.495469
RRV060 con_0020.nii -32 -58 46 0.833489 0.33848
RRV060 con_0020.nii -6 49 1 -0.868728 0.419313
RRV060 con_0021.nii 9 3 -6 0.178737 0.396228
RRV060 con_0021.nii -9 3 -6 -0.649641 0.464662
RRV060 con_0021.nii -30 33 -18 0.258007 0.473157
RRV060 con_0021.nii 46 28 31 0.171964 0.489609
RRV060 con_0021.nii -44 27 33 -0.089425 0.544853
RRV060 con_0021.nii 44 8 34 0.0776251 0.333816
RRV060 con_0021.nii -42 7 36 2.59559 0.888936
RRV060 con_0021.nii 54 -44 43 -0.196401 0.475787
RRV060 con_0021.nii -53 -50 39 0.730539 0.530199
RRV060 con_0021.nii 32 -59 41 0.906793 0.388275
RRV060 con_0021.nii -32 -58 46 1.47069 0.666282
RRV060 con_0021.nii -6 49 1 -0.974148 0.584837
RRV060 con_0022.nii 9 3 -6 -0.0107116 0.267888
RRV060 con_0022.nii -9 3 -6 0.287923 0.412558
RRV060 con_0022.nii -30 33 -18 1.12179 0.492136
RRV060 con_0022.nii 46 28 31 0.119499 0.212692
RRV060 con_0022.nii -44 27 33 0.15101 0.173807
RRV060 con_0022.nii 44 8 34 -0.293449 0.265432
RRV060 con_0022.nii -42 7 36 -0.617042 0.251212
RRV060 con_0022.nii 54 -44 43 -0.326701 0.299321
RRV060 con_0022.nii -53 -50 39 0.110793 0.29436
RRV060 con_0022.nii 32 -59 41 -0.483302 0.508179
RRV060 con_0022.nii -32 -58 46 -0.613139 0.49757
RRV060 con_0022.nii -6 49 1 0.8647 0.469931
RRV060 con_0023.nii 9 3 -6 0.0011226 0.380462
RRV060 con_0023.nii -9 3 -6 0.296983 0.415287
RRV060 con_0023.nii -30 33 -18 -0.312656 0.378223
RRV060 con_0023.nii 46 28 31 -0.0374025 0.379854
RRV060 con_0023.nii -44 27 33 -0.0913076 0.256644
RRV060 con_0023.nii 44 8 34 0.401597 0.292573
RRV060 con_0023.nii -42 7 36 -0.252479 0.201634
RRV060 con_0023.nii 54 -44 43 0.333881 0.161591
RRV060 con_0023.nii -53 -50 39 -0.462076 0.141764
RRV060 con_0023.nii 32 -59 41 0.397497 0.301831
RRV060 con_0023.nii -32 -58 46 -0.213959 0.187092
RRV060 con_0023.nii -6 49 1 -0.638084 0.207379
RRV060 con_0024.nii 9 3 -6 -0.00958898 0.594834
RRV060 con_0024.nii -9 3 -6 0.584906 0.783765
RRV060 con_0024.nii -30 33 -18 0.809135 0.707484
RRV060 con_0024.nii 46 28 31 0.0820965 0.451473
RRV060 con_0024.nii -44 27 33 0.0597024 0.318341
RRV060 con_0024.nii 44 8 34 0.108148 0.308865
RRV060 con_0024.nii -42 7 36 -0.869521 0.274239
RRV060 con_0024.nii 54 -44 43 0.00717963 0.392997
RRV060 con_0024.nii -53 -50 39 -0.351283 0.298111
RRV060 con_0024.nii 32 -59 41 -0.0858048 0.744051
RRV060 con_0024.nii -32 -58 46 -0.827098 0.480814
RRV060 con_0024.nii -6 49 1 0.226616 0.566414
RRV060 con_0025.nii 9 3 -6 6.0296e-05 0.321544
RRV060 con_0025.nii -9 3 -6 0.212033 0.288647
RRV060 con_0025.nii -30 33 -18 0.354986 0.194917
RRV060 con_0025.nii 46 28 31 -0.163441 0.335863
RRV060 con_0025.nii -44 27 33 -0.106348 0.195966
RRV060 con_0025.nii 44 8 34 0.16006 0.203704
RRV060 con_0025.nii -42 7 36 0.952844 0.31222
RRV060 con_0025.nii 54 -44 43 0.177097 0.186595
RRV060 con_0025.nii -53 -50 39 0.108309 0.206247
RRV060 con_0025.nii 32 -59 41 0.468971 0.313911
RRV060 con_0025.nii -32 -58 46 0.337739 0.332105
RRV060 con_0025.nii -6 49 1 0.681503 0.353528
RRV060 con_0026.nii 9 3 -6 0.626518 0.420778
RRV060 con_0026.nii -9 3 -6 0.502019 0.230405
RRV060 con_0026.nii -30 33 -18 0.112651 0.184895
RRV060 con_0026.nii 46 28 31 0.100727 0.431917
RRV060 con_0026.nii -44 27 33 -0.434328 0.41348
RRV060 con_0026.nii 44 8 34 0.0242771 0.33692
RRV060 con_0026.nii -42 7 36 0.362789 0.371294
RRV060 con_0026.nii 54 -44 43 -0.880397 0.665329
RRV060 con_0026.nii -53 -50 39 -0.0245723 0.245665
RRV060 con_0026.nii 32 -59 41 0.552196 0.307615
RRV060 con_0026.nii -32 -58 46 0.702513 0.245311
RRV060 con_0026.nii -6 49 1 0.00477643 0.264724
RRV060 con_0027.nii 9 3 -6 0.626579 0.449564
RRV060 con_0027.nii -9 3 -6 0.714052 0.402711
RRV060 con_0027.nii -30 33 -18 0.467637 0.327006
RRV060 con_0027.nii 46 28 31 -0.0627135 0.728252
RRV060 con_0027.nii -44 27 33 -0.540676 0.43479
RRV060 con_0027.nii 44 8 34 0.184338 0.278215
RRV060 con_0027.nii -42 7 36 1.31563 0.640684
RRV060 con_0027.nii 54 -44 43 -0.7033 0.638366
RRV060 con_0027.nii -53 -50 39 0.0837364 0.358788
RRV060 con_0027.nii 32 -59 41 1.02117 0.536755
RRV060 con_0027.nii -32 -58 46 1.04025 0.443741
RRV060 con_0027.nii -6 49 1 0.68628 0.44887
RRV060 con_0028.nii 9 3 -6 0.000288993 0.189672
RRV060 con_0028.nii -9 3 -6 0.22817 0.228653
RRV060 con_0028.nii -30 33 -18 0.644735 0.310628
RRV060 con_0028.nii 46 28 31 0.322905 0.259714
RRV060 con_0028.nii -44 27 33 0.145253 0.085911
RRV060 con_0028.nii 44 8 34 0.253761 0.264605
RRV060 con_0028.nii -42 7 36 0.857537 0.35317
RRV060 con_0028.nii 54 -44 43 0.0249504 0.214526
RRV060 con_0028.nii -53 -50 39 0.259281 0.166833
RRV060 con_0028.nii 32 -59 41 0.252357 0.18011
RRV060 con_0028.nii -32 -58 46 0.120602 0.267706
RRV060 con_0028.nii -6 49 1 0.480261 0.258716
RRV060 con_0029.nii 9 3 -6 0.264953 0.288108
RRV060 con_0029.nii -9 3 -6 -0.0117305 0.241897
RRV060 con_0029.nii -30 33 -18 -0.133142 0.202378
RRV060 con_0029.nii 46 28 31 -0.259123 0.304387
RRV060 con_0029.nii -44 27 33 -0.335386 0.322371
RRV060 con_0029.nii 44 8 34 -0.130391 0.305115
RRV060 con_0029.nii -42 7 36 0.156365 0.206016
RRV060 con_0029.nii 54 -44 43 -0.322458 0.302899
RRV060 con_0029.nii -53 -50 39 -0.10495 0.166472
RRV060 con_0029.nii 32 -59 41 0.361695 0.323396
RRV060 con_0029.nii -32 -58 46 0.440681 0.228077
RRV060 con_0029.nii -6 49 1 -0.500679 0.225964
RRV060 con_0030.nii 9 3 -6 0.265242 0.23597
RRV060 con_0030.nii -9 3 -6 0.216439 0.438078
RRV060 con_0030.nii -30 33 -18 0.511593 0.400201
RRV060 con_0030.nii 46 28 31 0.0637823 0.411236
RRV060 con_0030.nii -44 27 33 -0.190133 0.288383
RRV060 con_0030.nii 44 8 34 0.12337 0.183515
RRV060 con_0030.nii -42 7 36 1.0139 0.505446
RRV060 con_0030.nii 54 -44 43 -0.297507 0.441719
RRV060 con_0030.nii -53 -50 39 0.154331 0.287699
RRV060 con_0030.nii 32 -59 41 0.614052 0.460318
RRV060 con_0030.nii -32 -58 46 0.561283 0.379241
RRV060 con_0030.nii -6 49 1 -0.0204175 0.359062
RRV060 con_0031.nii 9 3 -6 -0.00427159 0.220488
RRV060 con_0031.nii -9 3 -6 0.175398 0.157182
RRV060 con_0031.nii -30 33 -18 0.130656 0.382701
RRV060 con_0031.nii 46 28 31 0.458731 0.737128
RRV060 con_0031.nii -44 27 33 -0.178319 0.354609
RRV060 con_0031.nii 44 8 34 1.9741 0.592905
RRV060 con_0031.nii -42 7 36 0.46835 0.298725
RRV060 con_0031.nii 54 -44 43 0.181599 0.2942
RRV060 con_0031.nii -53 -50 39 -0.365634 0.190666
RRV060 con_0031.nii 32 -59 41 0.719058 0.398457
RRV060 con_0031.nii -32 -58 46 0.242621 0.558812
RRV060 con_0031.nii -6 49 1 -0.709181 0.34718
RRV060 con_0032.nii 9 3 -6 0.00894427 0.177527
RRV060 con_0032.nii -9 3 -6 0.111813 0.278324
RRV060 con_0032.nii -30 33 -18 0.0486423 0.139149
RRV060 con_0032.nii 46 28 31 -0.609336 1.12035
RRV060 con_0032.nii -44 27 33 -0.863123 0.546692
RRV060 con_0032.nii 44 8 34 0.803845 0.735482
RRV060 con_0032.nii -42 7 36 -0.741609 0.239407
RRV060 con_0032.nii 54 -44 43 -1.37399 0.696963
RRV060 con_0032.nii -53 -50 39 -0.464075 0.184054
RRV060 con_0032.nii 32 -59 41 0.436779 0.450075
RRV060 con_0032.nii -32 -58 46 0.322902 0.616512
RRV060 con_0032.nii -6 49 1 -0.763047 0.289773
RRV060 con_0033.nii 9 3 -6 0.00467268 0.20684
RRV060 con_0033.nii -9 3 -6 0.28721 0.387085
RRV060 con_0033.nii -30 33 -18 0.179298 0.483348
RRV060 con_0033.nii 46 28 31 -0.150605 1.78872
RRV060 con_0033.nii -44 27 33 -1.04144 0.862806
RRV060 con_0033.nii 44 8 34 2.77795 1.21723
RRV060 con_0033.nii -42 7 36 -0.273259 0.376373
RRV060 con_0033.nii 54 -44 43 -1.19239 0.806907
RRV060 con_0033.nii -53 -50 39 -0.829709 0.29802
RRV060 con_0033.nii 32 -59 41 1.15584 0.78279
RRV060 con_0033.nii -32 -58 46 0.565523 1.11924
RRV060 con_0033.nii -6 49 1 -1.47223 0.598705
