RRV028 con_0001.nii 9 3 -6 -0.276783 0.259017
RRV028 con_0001.nii -9 3 -6 0.10153 0.266168
RRV028 con_0001.nii -30 33 -18 0.0876697 0.225161
RRV028 con_0001.nii 46 28 31 0.238526 0.371503
RRV028 con_0001.nii -44 27 33 0.195731 0.172753
RRV028 con_0001.nii 44 8 34 0.812456 0.485957
RRV028 con_0001.nii -42 7 36 -0.127634 0.149514
RRV028 con_0001.nii 54 -44 43 -0.141827 0.181972
RRV028 con_0001.nii -53 -50 39 -0.341479 0.177995
RRV028 con_0001.nii 32 -59 41 0.0597447 0.449178
RRV028 con_0001.nii -32 -58 46 0.875233 0.933054
RRV028 con_0001.nii -6 49 1 -0.390534 0.298988
RRV028 con_0002.nii 9 3 -6 -0.356795 0.232129
RRV028 con_0002.nii -9 3 -6 0.024789 0.557222
RRV028 con_0002.nii -30 33 -18 0.10912 0.498106
RRV028 con_0002.nii 46 28 31 -0.524378 0.265725
RRV028 con_0002.nii -44 27 33 -0.542445 0.212462
RRV028 con_0002.nii 44 8 34 -0.437666 0.301884
RRV028 con_0002.nii -42 7 36 -1.16487 0.408716
RRV028 con_0002.nii 54 -44 43 -0.648675 0.327726
RRV028 con_0002.nii -53 -50 39 -0.294056 0.374362
RRV028 con_0002.nii 32 -59 41 0.167781 0.252924
RRV028 con_0002.nii -32 -58 46 -0.22877 0.365974
RRV028 con_0002.nii -6 49 1 -1.50667 0.445466
RRV028 con_0003.nii 9 3 -6 -0.633578 0.347908
RRV028 con_0003.nii -9 3 -6 0.126319 0.645666
RRV028 con_0003.nii -30 33 -18 0.19679 0.450936
RRV028 con_0003.nii 46 28 31 -0.285852 0.611756
RRV028 con_0003.nii -44 27 33 -0.346714 0.33734
RRV028 con_0003.nii 44 8 34 0.37479 0.598737
RRV028 con_0003.nii -42 7 36 -1.29251 0.351515
RRV028 con_0003.nii 54 -44 43 -0.790502 0.353416
RRV028 con_0003.nii -53 -50 39 -0.635536 0.503251
RRV028 con_0003.nii 32 -59 41 0.227525 0.482714
RRV028 con_0003.nii -32 -58 46 0.646463 1.01291
RRV028 con_0003.nii -6 49 1 -1.8972 0.61219
RRV028 con_0004.nii 9 3 -6 -0.0482059 0.194934
RRV028 con_0004.nii -9 3 -6 -0.320219 0.460986
RRV028 con_0004.nii -30 33 -18 0.64599 0.459169
RRV028 con_0004.nii 46 28 31 0.505509 0.377658
RRV028 con_0004.nii -44 27 33 0.408825 0.137854
RRV028 con_0004.nii 44 8 34 1.17805 0.470332
RRV028 con_0004.nii -42 7 36 0.364831 0.25316
RRV028 con_0004.nii 54 -44 43 0.155554 0.264124
RRV028 con_0004.nii -53 -50 39 -0.338516 0.224168
RRV028 con_0004.nii 32 -59 41 0.671599 0.354091
RRV028 con_0004.nii -32 -58 46 1.2158 0.950711
RRV028 con_0004.nii -6 49 1 -0.427594 0.183004
RRV028 con_0005.nii 9 3 -6 0.314695 0.402961
RRV028 con_0005.nii -9 3 -6 0.263741 0.409688
RRV028 con_0005.nii -30 33 -18 0.753064 0.338107
RRV028 con_0005.nii 46 28 31 -0.195849 0.258131
RRV028 con_0005.nii -44 27 33 -0.0927737 0.230499
RRV028 con_0005.nii 44 8 34 0.289657 0.416573
RRV028 con_0005.nii -42 7 36 -0.290531 0.317094
RRV028 con_0005.nii 54 -44 43 -0.0788456 0.130576
RRV028 con_0005.nii -53 -50 39 0.139179 0.174727
RRV028 con_0005.nii 32 -59 41 -0.296077 0.294795
RRV028 con_0005.nii -32 -58 46 0.0980794 0.57889
RRV028 con_0005.nii -6 49 1 -0.643048 0.218382
RRV028 con_0006.nii 9 3 -6 0.266489 0.390525
RRV028 con_0006.nii -9 3 -6 -0.0564781 0.351868
RRV028 con_0006.nii -30 33 -18 1.39905 0.570848
RRV028 con_0006.nii 46 28 31 0.30966 0.568628
RRV028 con_0006.nii -44 27 33 0.316051 0.255005
RRV028 con_0006.nii 44 8 34 1.46771 0.759748
RRV028 con_0006.nii -42 7 36 0.0742999 0.358419
RRV028 con_0006.nii 54 -44 43 0.0767086 0.314638
RRV028 con_0006.nii -53 -50 39 -0.199338 0.347044
RRV028 con_0006.nii 32 -59 41 0.375521 0.385028
RRV028 con_0006.nii -32 -58 46 1.31388 1.40194
RRV028 con_0006.nii -6 49 1 -1.07064 0.29374
RRV028 con_0007.nii 9 3 -6 -0.482686 0.211127
RRV028 con_0007.nii -9 3 -6 -0.134065 0.419172
RRV028 con_0007.nii -30 33 -18 0.556829 0.321892
RRV028 con_0007.nii 46 28 31 0.308672 0.43139
RRV028 con_0007.nii -44 27 33 0.503295 0.243785
RRV028 con_0007.nii 44 8 34 0.414743 0.536666
RRV028 con_0007.nii -42 7 36 -0.179519 0.228387
RRV028 con_0007.nii 54 -44 43 -0.169375 0.170608
RRV028 con_0007.nii -53 -50 39 -0.284202 0.312918
RRV028 con_0007.nii 32 -59 41 0.286582 0.444532
RRV028 con_0007.nii -32 -58 46 1.57978 0.78367
RRV028 con_0007.nii -6 49 1 -0.614096 0.30693
RRV028 con_0008.nii 9 3 -6 0.0279954 0.308112
RRV028 con_0008.nii -9 3 -6 0.434853 0.443178
RRV028 con_0008.nii -30 33 -18 0.475554 0.309657
RRV028 con_0008.nii 46 28 31 1.12693 0.366571
RRV028 con_0008.nii -44 27 33 0.796566 0.239641
RRV028 con_0008.nii 44 8 34 1.46168 0.457135
RRV028 con_0008.nii -42 7 36 0.143588 0.252818
RRV028 con_0008.nii 54 -44 43 1.11292 0.239574
RRV028 con_0008.nii -53 -50 39 1.30558 0.516909
RRV028 con_0008.nii 32 -59 41 0.951951 0.218697
RRV028 con_0008.nii -32 -58 46 1.25017 0.593329
RRV028 con_0008.nii -6 49 1 1.2306 0.449929
RRV028 con_0009.nii 9 3 -6 -0.45469 0.354175
RRV028 con_0009.nii -9 3 -6 0.300787 0.646601
RRV028 con_0009.nii -30 33 -18 1.03238 0.477818
RRV028 con_0009.nii 46 28 31 1.4356 0.780476
RRV028 con_0009.nii -44 27 33 1.29986 0.432071
RRV028 con_0009.nii 44 8 34 1.87642 0.95542
RRV028 con_0009.nii -42 7 36 -0.0359318 0.45736
RRV028 con_0009.nii 54 -44 43 0.943544 0.259701
RRV028 con_0009.nii -53 -50 39 1.02138 0.526082
RRV028 con_0009.nii 32 -59 41 1.23853 0.515704
RRV028 con_0009.nii -32 -58 46 2.82995 1.31629
RRV028 con_0009.nii -6 49 1 0.616504 0.497129
RRV028 con_0010.nii 9 3 -6 0.130923 0.129534
RRV028 con_0010.nii -9 3 -6 0.223229 0.356425
RRV028 con_0010.nii -30 33 -18 0.350408 0.322155
RRV028 con_0010.nii 46 28 31 -0.0924709 0.273451
RRV028 con_0010.nii -44 27 33 0.193352 0.192717
RRV028 con_0010.nii 44 8 34 0.383319 0.418703
RRV028 con_0010.nii -42 7 36 0.736633 0.311405
RRV028 con_0010.nii 54 -44 43 -0.0592471 0.159719
RRV028 con_0010.nii -53 -50 39 -0.221355 0.0981821
RRV028 con_0010.nii 32 -59 41 0.383828 0.251447
RRV028 con_0010.nii -32 -58 46 0.622843 0.627605
RRV028 con_0010.nii -6 49 1 0.466681 0.282886
RRV028 con_0011.nii 9 3 -6 0.2045 0.244676
RRV028 con_0011.nii -9 3 -6 0.0918846 0.201658
RRV028 con_0011.nii -30 33 -18 -0.120062 0.134981
RRV028 con_0011.nii 46 28 31 -0.0992662 0.150163
RRV028 con_0011.nii -44 27 33 -0.15286 0.0908841
RRV028 con_0011.nii 44 8 34 0.354819 0.185024
RRV028 con_0011.nii -42 7 36 -0.192316 0.231106
RRV028 con_0011.nii 54 -44 43 -0.0276931 0.124891
RRV028 con_0011.nii -53 -50 39 0.133644 0.0891867
RRV028 con_0011.nii 32 -59 41 -0.219189 0.230396
RRV028 con_0011.nii -32 -58 46 -0.490365 0.431412
RRV028 con_0011.nii -6 49 1 -0.267031 0.16243
RRV028 con_0012.nii 9 3 -6 0.335423 0.234772
RRV028 con_0012.nii -9 3 -6 0.315113 0.320231
RRV028 con_0012.nii -30 33 -18 0.230346 0.317247
RRV028 con_0012.nii 46 28 31 -0.191737 0.253605
RRV028 con_0012.nii -44 27 33 0.0404926 0.236404
RRV028 con_0012.nii 44 8 34 0.738138 0.574325
RRV028 con_0012.nii -42 7 36 0.544317 0.226883
RRV028 con_0012.nii 54 -44 43 -0.0869402 0.217542
RRV028 con_0012.nii -53 -50 39 -0.0877109 0.13223
RRV028 con_0012.nii 32 -59 41 0.164639 0.370829
RRV028 con_0012.nii -32 -58 46 0.132478 0.988424
RRV028 con_0012.nii -6 49 1 0.19965 0.242746
RRV028 con_0013.nii 9 3 -6 -0.118989 0.182348
RRV028 con_0013.nii -9 3 -6 -0.190574 0.335271
RRV028 con_0013.nii -30 33 -18 -0.244618 0.210856
RRV028 con_0013.nii 46 28 31 -0.0964367 0.216409
RRV028 con_0013.nii -44 27 33 0.350318 0.177181
RRV028 con_0013.nii 44 8 34 -0.116716 0.298765
RRV028 con_0013.nii -42 7 36 0.792155 0.34805
RRV028 con_0013.nii 54 -44 43 -0.516011 0.232585
RRV028 con_0013.nii -53 -50 39 -0.577095 0.201637
RRV028 con_0013.nii 32 -59 41 0.198138 0.235525
RRV028 con_0013.nii -32 -58 46 0.555409 0.512967
RRV028 con_0013.nii -6 49 1 -0.461695 0.297822
RRV028 con_0014.nii 9 3 -6 -0.162017 0.307399
RRV028 con_0014.nii -9 3 -6 0.00834534 0.431243
RRV028 con_0014.nii -30 33 -18 -0.00781617 0.167503
RRV028 con_0014.nii 46 28 31 -0.405637 0.139626
RRV028 con_0014.nii -44 27 33 -0.189871 0.110647
RRV028 con_0014.nii 44 8 34 -0.440107 0.199841
RRV028 con_0014.nii -42 7 36 -0.479001 0.276282
RRV028 con_0014.nii 54 -44 43 -0.382167 0.21512
RRV028 con_0014.nii -53 -50 39 -0.251362 0.269953
RRV028 con_0014.nii 32 -59 41 -0.17495 0.337161
RRV028 con_0014.nii -32 -58 46 -0.399123 0.34439
RRV028 con_0014.nii -6 49 1 -1.27447 0.449921
RRV028 con_0015.nii 9 3 -6 -0.281006 0.338525
RRV028 con_0015.nii -9 3 -6 -0.182228 0.440879
RRV028 con_0015.nii -30 33 -18 -0.252434 0.225583
RRV028 con_0015.nii 46 28 31 -0.502073 0.305884
RRV028 con_0015.nii -44 27 33 0.160447 0.241363
RRV028 con_0015.nii 44 8 34 -0.556823 0.450539
RRV028 con_0015.nii -42 7 36 0.313154 0.359095
RRV028 con_0015.nii 54 -44 43 -0.898178 0.412004
RRV028 con_0015.nii -53 -50 39 -0.828457 0.447502
RRV028 con_0015.nii 32 -59 41 0.0231878 0.42298
RRV028 con_0015.nii -32 -58 46 0.156286 0.746072
RRV028 con_0015.nii -6 49 1 -1.73616 0.677286
RRV028 con_0016.nii 9 3 -6 -0.269225 0.141623
RRV028 con_0016.nii -9 3 -6 -0.117585 0.329305
RRV028 con_0016.nii -30 33 -18 0.430163 0.258096
RRV028 con_0016.nii 46 28 31 0.350902 0.378266
RRV028 con_0016.nii -44 27 33 0.369284 0.161292
RRV028 con_0016.nii 44 8 34 0.80175 0.464687
RRV028 con_0016.nii -42 7 36 0.0192259 0.161979
RRV028 con_0016.nii 54 -44 43 -0.0518827 0.181296
RRV028 con_0016.nii -53 -50 39 -0.321399 0.226749
RRV028 con_0016.nii 32 -59 41 0.339308 0.396262
RRV028 con_0016.nii -32 -58 46 1.22361 0.879111
RRV028 con_0016.nii -6 49 1 -0.477408 0.19339
RRV028 con_0017.nii 9 3 -6 -0.00470142 0.241523
RRV028 con_0017.nii -9 3 -6 0.241128 0.359437
RRV028 con_0017.nii -30 33 -18 0.445912 0.19665
RRV028 con_0017.nii 46 28 31 0.135568 0.254148
RRV028 con_0017.nii -44 27 33 0.0537822 0.143652
RRV028 con_0017.nii 44 8 34 0.437891 0.285969
RRV028 con_0017.nii -42 7 36 -0.437272 0.243345
RRV028 con_0017.nii 54 -44 43 0.128466 0.134509
RRV028 con_0017.nii -53 -50 39 0.383569 0.211171
RRV028 con_0017.nii 32 -59 41 0.274552 0.198427
RRV028 con_0017.nii -32 -58 46 0.373159 0.407539
RRV028 con_0017.nii -6 49 1 -0.306372 0.122049
RRV028 con_0018.nii 9 3 -6 -0.273926 0.27993
RRV028 con_0018.nii -9 3 -6 0.123543 0.449896
RRV028 con_0018.nii -30 33 -18 0.876075 0.37583
RRV028 con_0018.nii 46 28 31 0.48647 0.620018
RRV028 con_0018.nii -44 27 33 0.423066 0.27063
RRV028 con_0018.nii 44 8 34 1.23964 0.719632
RRV028 con_0018.nii -42 7 36 -0.418047 0.287711
RRV028 con_0018.nii 54 -44 43 0.0765836 0.25442
RRV028 con_0018.nii -53 -50 39 0.0621696 0.371267
RRV028 con_0018.nii 32 -59 41 0.61386 0.393427
RRV028 con_0018.nii -32 -58 46 1.59676 1.20941
RRV028 con_0018.nii -6 49 1 -0.78378 0.268305
RRV028 con_0019.nii 9 3 -6 -0.407706 0.341935
RRV028 con_0019.nii -9 3 -6 -0.121698 0.263597
RRV028 con_0019.nii -30 33 -18 -0.262738 0.368201
RRV028 con_0019.nii 46 28 31 0.330997 0.22701
RRV028 con_0019.nii -44 27 33 0.002379 0.20958
RRV028 con_0019.nii 44 8 34 0.429137 0.20437
RRV028 con_0019.nii -42 7 36 -0.864267 0.256865
RRV028 con_0019.nii 54 -44 43 -0.0825801 0.243219
RRV028 con_0019.nii -53 -50 39 -0.120124 0.174971
RRV028 con_0019.nii 32 -59 41 -0.324083 0.339518
RRV028 con_0019.nii -32 -58 46 0.252389 0.387149
RRV028 con_0019.nii -6 49 1 -0.857214 0.467976
RRV028 con_0020.nii 9 3 -6 -0.561295 0.337976
RRV028 con_0020.nii -9 3 -6 -0.0670956 0.453903
RRV028 con_0020.nii -30 33 -18 0.229182 0.530273
RRV028 con_0020.nii 46 28 31 -0.425112 0.293058
RRV028 con_0020.nii -44 27 33 -0.389586 0.240592
RRV028 con_0020.nii 44 8 34 -0.792486 0.332929
RRV028 con_0020.nii -42 7 36 -0.972558 0.255679
RRV028 con_0020.nii 54 -44 43 -0.620982 0.274577
RRV028 con_0020.nii -53 -50 39 -0.4277 0.337694
RRV028 con_0020.nii 32 -59 41 0.38697 0.14963
RRV028 con_0020.nii -32 -58 46 0.261595 0.480152
RRV028 con_0020.nii -6 49 1 -1.23964 0.407275
RRV028 con_0021.nii 9 3 -6 -0.969 0.440554
RRV028 con_0021.nii -9 3 -6 -0.188794 0.636085
RRV028 con_0021.nii -30 33 -18 -0.0335567 0.665513
RRV028 con_0021.nii 46 28 31 -0.0941146 0.413524
RRV028 con_0021.nii -44 27 33 -0.387207 0.41231
RRV028 con_0021.nii 44 8 34 -0.363349 0.209207
RRV028 con_0021.nii -42 7 36 -1.83682 0.474963
RRV028 con_0021.nii 54 -44 43 -0.703562 0.269712
RRV028 con_0021.nii -53 -50 39 -0.547825 0.442316
RRV028 con_0021.nii 32 -59 41 0.0628862 0.394767
RRV028 con_0021.nii -32 -58 46 0.513984 0.530135
RRV028 con_0021.nii -6 49 1 -2.09685 0.675713
RRV028 con_0022.nii 9 3 -6 -0.179129 0.215279
RRV028 con_0022.nii -9 3 -6 -0.543448 0.239067
RRV028 con_0022.nii -30 33 -18 0.295582 0.577983
RRV028 con_0022.nii 46 28 31 0.59798 0.306331
RRV028 con_0022.nii -44 27 33 0.215472 0.138611
RRV028 con_0022.nii 44 8 34 0.794732 0.195745
RRV028 con_0022.nii -42 7 36 -0.371802 0.262518
RRV028 con_0022.nii 54 -44 43 0.214801 0.259879
RRV028 con_0022.nii -53 -50 39 -0.117161 0.231192
RRV028 con_0022.nii 32 -59 41 0.287771 0.203899
RRV028 con_0022.nii -32 -58 46 0.592956 0.392471
RRV028 con_0022.nii -6 49 1 -0.894275 0.218862
RRV028 con_0023.nii 9 3 -6 0.110196 0.328822
RRV028 con_0023.nii -9 3 -6 0.171857 0.274091
RRV028 con_0023.nii -30 33 -18 0.873125 0.423395
RRV028 con_0023.nii 46 28 31 -0.0965828 0.183535
RRV028 con_0023.nii -44 27 33 0.060086 0.24529
RRV028 con_0023.nii 44 8 34 -0.0651621 0.272917
RRV028 con_0023.nii -42 7 36 -0.0982152 0.190323
RRV028 con_0023.nii 54 -44 43 -0.0511526 0.0622647
RRV028 con_0023.nii -53 -50 39 0.00553457 0.140324
RRV028 con_0023.nii 32 -59 41 -0.0768885 0.209752
RRV028 con_0023.nii -32 -58 46 0.588444 0.330201
RRV028 con_0023.nii -6 49 1 -0.376017 0.246217
RRV028 con_0024.nii 9 3 -6 -0.0689332 0.399447
RRV028 con_0024.nii -9 3 -6 -0.371591 0.301967
RRV028 con_0024.nii -30 33 -18 1.16871 0.63688
RRV028 con_0024.nii 46 28 31 0.501397 0.394928
RRV028 con_0024.nii -44 27 33 0.275558 0.193994
RRV028 con_0024.nii 44 8 34 0.72957 0.294599
RRV028 con_0024.nii -42 7 36 -0.470017 0.33805
RRV028 con_0024.nii 54 -44 43 0.163649 0.287957
RRV028 con_0024.nii -53 -50 39 -0.111627 0.334595
RRV028 con_0024.nii 32 -59 41 0.210882 0.320314
RRV028 con_0024.nii -32 -58 46 1.1814 0.635429
RRV028 con_0024.nii -6 49 1 -1.27029 0.315611
RRV028 con_0025.nii 9 3 -6 -0.613608 0.208559
RRV028 con_0025.nii -9 3 -6 -0.357294 0.412517
RRV028 con_0025.nii -30 33 -18 0.206421 0.498432
RRV028 con_0025.nii 46 28 31 0.401143 0.31041
RRV028 con_0025.nii -44 27 33 0.309942 0.224526
RRV028 con_0025.nii 44 8 34 0.031424 0.240712
RRV028 con_0025.nii -42 7 36 -0.916152 0.351211
RRV028 con_0025.nii 54 -44 43 -0.110128 0.146289
RRV028 con_0025.nii -53 -50 39 -0.0628466 0.28899
RRV028 con_0025.nii 32 -59 41 -0.0972465 0.336779
RRV028 con_0025.nii -32 -58 46 0.956941 0.314524
RRV028 con_0025.nii -6 49 1 -1.08078 0.35725
RRV028 con_0026.nii 9 3 -6 -0.176504 0.256095
RRV028 con_0026.nii -9 3 -6 0.342968 0.419214
RRV028 con_0026.nii -30 33 -18 0.595615 0.361034
RRV028 con_0026.nii 46 28 31 1.2262 0.387213
RRV028 con_0026.nii -44 27 33 0.949425 0.235242
RRV028 con_0026.nii 44 8 34 1.10686 0.373382
RRV028 con_0026.nii -42 7 36 0.335904 0.33872
RRV028 con_0026.nii 54 -44 43 1.14061 0.238441
RRV028 con_0026.nii -53 -50 39 1.17194 0.518468
RRV028 con_0026.nii 32 -59 41 1.17114 0.252714
RRV028 con_0026.nii -32 -58 46 1.74053 0.465357
RRV028 con_0026.nii -6 49 1 1.49763 0.565346
RRV028 con_0027.nii 9 3 -6 -0.790113 0.426084
RRV028 con_0027.nii -9 3 -6 -0.0143261 0.597074
RRV028 con_0027.nii -30 33 -18 0.802036 0.562057
RRV028 con_0027.nii 46 28 31 1.62734 0.631621
RRV028 con_0027.nii -44 27 33 1.25937 0.428842
RRV028 con_0027.nii 44 8 34 1.13829 0.561046
RRV028 con_0027.nii -42 7 36 -0.580249 0.437345
RRV028 con_0027.nii 54 -44 43 1.03048 0.285671
RRV028 con_0027.nii -53 -50 39 1.10909 0.565254
RRV028 con_0027.nii 32 -59 41 1.07389 0.526755
RRV028 con_0027.nii -32 -58 46 2.69747 0.688142
RRV028 con_0027.nii -6 49 1 0.416854 0.537401
RRV028 con_0028.nii 9 3 -6 -0.400148 0.197711
RRV028 con_0028.nii -9 3 -6 -0.340814 0.233147
RRV028 con_0028.nii -30 33 -18 0.0797549 0.429248
RRV028 con_0028.nii 46 28 31 0.443373 0.260925
RRV028 con_0028.nii -44 27 33 0.175931 0.166649
RRV028 con_0028.nii 44 8 34 0.418431 0.116121
RRV028 con_0028.nii -42 7 36 -0.717407 0.257132
RRV028 con_0028.nii 54 -44 43 0.00736437 0.195547
RRV028 con_0028.nii -53 -50 39 -0.100044 0.217542
RRV028 con_0028.nii 32 -59 41 -0.0445197 0.268692
RRV028 con_0028.nii -32 -58 46 0.600762 0.333052
RRV028 con_0028.nii -6 49 1 -0.944089 0.310718
RRV028 con_0029.nii 9 3 -6 -0.209201 0.224901
RRV028 con_0029.nii -9 3 -6 0.149243 0.23786
RRV028 con_0029.nii -30 33 -18 0.565974 0.287807
RRV028 con_0029.nii 46 28 31 0.234834 0.252758
RRV028 con_0029.nii -44 27 33 0.206642 0.162892
RRV028 con_0029.nii 44 8 34 0.0830711 0.17929
RRV028 con_0029.nii -42 7 36 -0.244956 0.144293
RRV028 con_0029.nii 54 -44 43 0.156159 0.0533892
RRV028 con_0029.nii -53 -50 39 0.249925 0.18115
RRV028 con_0029.nii 32 -59 41 0.49374 0.128668
RRV028 con_0029.nii -32 -58 46 0.863524 0.278873
RRV028 con_0029.nii -6 49 1 -0.039341 0.21774
RRV028 con_0030.nii 9 3 -6 -0.609349 0.351799
RRV028 con_0030.nii -9 3 -6 -0.19157 0.40854
RRV028 con_0030.nii -30 33 -18 0.645729 0.526199
RRV028 con_0030.nii 46 28 31 0.678207 0.436827
RRV028 con_0030.nii -44 27 33 0.382573 0.286211
RRV028 con_0030.nii 44 8 34 0.501502 0.223911
RRV028 con_0030.nii -42 7 36 -0.962364 0.325713
RRV028 con_0030.nii 54 -44 43 0.163524 0.216114
RRV028 con_0030.nii -53 -50 39 0.14988 0.360631
RRV028 con_0030.nii 32 -59 41 0.449221 0.343054
RRV028 con_0030.nii -32 -58 46 1.46429 0.523562
RRV028 con_0030.nii -6 49 1 -0.98343 0.34291
