RRV017 con_0001.nii 9 3 -6 0.169527 0.533828
RRV017 con_0001.nii -9 3 -6 -0.498178 0.473303
RRV017 con_0001.nii -30 33 -18 0.272584 0.301129
RRV017 con_0001.nii 46 28 31 0.57939 0.633803
RRV017 con_0001.nii -44 27 33 0.321811 0.687437
RRV017 con_0001.nii 44 8 34 1.23766 0.410642
RRV017 con_0001.nii -42 7 36 1.96602 0.919066
RRV017 con_0001.nii 54 -44 43 -0.13261 0.419025
RRV017 con_0001.nii -53 -50 39 -0.401441 0.288853
RRV017 con_0001.nii 32 -59 41 0.795043 0.364375
RRV017 con_0001.nii -32 -58 46 0.958378 0.543261
RRV017 con_0001.nii -6 49 1 -0.596068 0.449033
RRV017 con_0002.nii 9 3 -6 -0.0676202 0.28806
RRV017 con_0002.nii -9 3 -6 0.258921 0.294798
RRV017 con_0002.nii -30 33 -18 -0.052534 0.132666
RRV017 con_0002.nii 46 28 31 0.605404 0.341141
RRV017 con_0002.nii -44 27 33 0.495881 0.331751
RRV017 con_0002.nii 44 8 34 0.532085 0.318707
RRV017 con_0002.nii -42 7 36 0.962208 0.469712
RRV017 con_0002.nii 54 -44 43 -0.15702 0.116439
RRV017 con_0002.nii -53 -50 39 0.14989 0.21327
RRV017 con_0002.nii 32 -59 41 0.951713 0.203601
RRV017 con_0002.nii -32 -58 46 0.788247 0.176836
RRV017 con_0002.nii -6 49 1 -0.15421 0.31778
RRV017 con_0003.nii 9 3 -6 0.101907 0.639265
RRV017 con_0003.nii -9 3 -6 -0.239257 0.539898
RRV017 con_0003.nii -30 33 -18 0.22005 0.327139
RRV017 con_0003.nii 46 28 31 1.18479 0.817509
RRV017 con_0003.nii -44 27 33 0.817692 0.888021
RRV017 con_0003.nii 44 8 34 1.76975 0.587287
RRV017 con_0003.nii -42 7 36 2.92823 1.31569
RRV017 con_0003.nii 54 -44 43 -0.28963 0.478047
RRV017 con_0003.nii -53 -50 39 -0.251551 0.350823
RRV017 con_0003.nii 32 -59 41 1.74676 0.528548
RRV017 con_0003.nii -32 -58 46 1.74662 0.666765
RRV017 con_0003.nii -6 49 1 -0.750278 0.307763
RRV017 con_0004.nii 9 3 -6 -0.0994567 0.358762
RRV017 con_0004.nii -9 3 -6 -0.0904101 0.318798
RRV017 con_0004.nii -30 33 -18 -0.357146 0.264357
RRV017 con_0004.nii 46 28 31 0.708142 0.47108
RRV017 con_0004.nii -44 27 33 -0.200153 0.298703
RRV017 con_0004.nii 44 8 34 1.15963 0.43866
RRV017 con_0004.nii -42 7 36 1.40514 0.791868
RRV017 con_0004.nii 54 -44 43 -0.636898 0.293764
RRV017 con_0004.nii -53 -50 39 -0.594656 0.285699
RRV017 con_0004.nii 32 -59 41 0.429829 0.354469
RRV017 con_0004.nii -32 -58 46 0.732123 0.29626
RRV017 con_0004.nii -6 49 1 -1.10762 0.262532
RRV017 con_0005.nii 9 3 -6 -1.05534 0.572815
RRV017 con_0005.nii -9 3 -6 -0.185805 0.697538
RRV017 con_0005.nii -30 33 -18 0.143877 0.276915
RRV017 con_0005.nii 46 28 31 0.605235 0.261886
RRV017 con_0005.nii -44 27 33 -0.185437 0.376248
RRV017 con_0005.nii 44 8 34 0.609014 0.47055
RRV017 con_0005.nii -42 7 36 0.838814 0.504422
RRV017 con_0005.nii 54 -44 43 -0.97902 0.275231
RRV017 con_0005.nii -53 -50 39 -0.817094 0.439815
RRV017 con_0005.nii 32 -59 41 0.027251 0.127583
RRV017 con_0005.nii -32 -58 46 0.36601 0.235316
RRV017 con_0005.nii -6 49 1 -0.598736 0.544459
RRV017 con_0006.nii 9 3 -6 -1.15479 0.790448
RRV017 con_0006.nii -9 3 -6 -0.276215 0.780722
RRV017 con_0006.nii -30 33 -18 -0.213269 0.308859
RRV017 con_0006.nii 46 28 31 1.31338 0.635235
RRV017 con_0006.nii -44 27 33 -0.385591 0.627824
RRV017 con_0006.nii 44 8 34 1.76864 0.864894
RRV017 con_0006.nii -42 7 36 2.24395 1.26481
RRV017 con_0006.nii 54 -44 43 -1.61592 0.510444
RRV017 con_0006.nii -53 -50 39 -1.41175 0.638363
RRV017 con_0006.nii 32 -59 41 0.45708 0.367452
RRV017 con_0006.nii -32 -58 46 1.09813 0.503995
RRV017 con_0006.nii -6 49 1 -1.70636 0.61166
RRV017 con_0007.nii 9 3 -6 -0.422881 0.20454
RRV017 con_0007.nii -9 3 -6 -0.28299 0.276984
RRV017 con_0007.nii -30 33 -18 -0.37289 0.541182
RRV017 con_0007.nii 46 28 31 1.02157 0.591812
RRV017 con_0007.nii -44 27 33 -0.0827173 0.408242
RRV017 con_0007.nii 44 8 34 1.24141 0.453862
RRV017 con_0007.nii -42 7 36 1.39841 0.584245
RRV017 con_0007.nii 54 -44 43 0.209141 0.334043
RRV017 con_0007.nii -53 -50 39 0.0911945 0.280942
RRV017 con_0007.nii 32 -59 41 0.882286 0.328926
RRV017 con_0007.nii -32 -58 46 0.89178 0.258115
RRV017 con_0007.nii -6 49 1 -0.447941 0.529002
RRV017 con_0008.nii 9 3 -6 -0.63866 0.365117
RRV017 con_0008.nii -9 3 -6 0.019295 0.371632
RRV017 con_0008.nii -30 33 -18 -0.0256872 0.330019
RRV017 con_0008.nii 46 28 31 0.335575 0.601316
RRV017 con_0008.nii -44 27 33 -0.967128 0.610659
RRV017 con_0008.nii 44 8 34 1.16692 0.585445
RRV017 con_0008.nii -42 7 36 1.6357 0.862951
RRV017 con_0008.nii 54 -44 43 -0.811388 0.245878
RRV017 con_0008.nii -53 -50 39 -1.10344 0.696929
RRV017 con_0008.nii 32 -59 41 0.20185 0.190616
RRV017 con_0008.nii -32 -58 46 0.582491 0.436635
RRV017 con_0008.nii -6 49 1 -1.35718 0.492635
RRV017 con_0009.nii 9 3 -6 -1.06154 0.395296
RRV017 con_0009.nii -9 3 -6 -0.263695 0.499099
RRV017 con_0009.nii -30 33 -18 -0.398578 0.507894
RRV017 con_0009.nii 46 28 31 1.35714 1.17856
RRV017 con_0009.nii -44 27 33 -1.04985 0.884799
RRV017 con_0009.nii 44 8 34 2.40833 0.891025
RRV017 con_0009.nii -42 7 36 3.0341 1.42666
RRV017 con_0009.nii 54 -44 43 -0.602248 0.407779
RRV017 con_0009.nii -53 -50 39 -1.01224 0.722736
RRV017 con_0009.nii 32 -59 41 1.08414 0.372836
RRV017 con_0009.nii -32 -58 46 1.47427 0.604317
RRV017 con_0009.nii -6 49 1 -1.80512 0.889387
RRV017 con_0010.nii 9 3 -6 -0.57876 0.320589
RRV017 con_0010.nii -9 3 -6 -0.435229 0.234845
RRV017 con_0010.nii -30 33 -18 -0.362662 0.298389
RRV017 con_0010.nii 46 28 31 0.604026 0.32084
RRV017 con_0010.nii -44 27 33 -0.402082 0.308529
RRV017 con_0010.nii 44 8 34 0.685355 0.206928
RRV017 con_0010.nii -42 7 36 0.988031 0.69489
RRV017 con_0010.nii 54 -44 43 -0.223096 0.253743
RRV017 con_0010.nii -53 -50 39 -0.387229 0.168199
RRV017 con_0010.nii 32 -59 41 -0.280208 0.182892
RRV017 con_0010.nii -32 -58 46 0.367089 0.235809
RRV017 con_0010.nii -6 49 1 -0.688896 0.240457
RRV017 con_0011.nii 9 3 -6 -0.369124 0.283052
RRV017 con_0011.nii -9 3 -6 -0.159662 0.343757
RRV017 con_0011.nii -30 33 -18 0.232512 0.156613
RRV017 con_0011.nii 46 28 31 0.40936 0.302618
RRV017 con_0011.nii -44 27 33 0.10327 0.288812
RRV017 con_0011.nii 44 8 34 0.277297 0.2243
RRV017 con_0011.nii -42 7 36 0.828743 0.455587
RRV017 con_0011.nii 54 -44 43 -0.592178 0.210747
RRV017 con_0011.nii -53 -50 39 -0.387727 0.220863
RRV017 con_0011.nii 32 -59 41 -0.225677 0.113793
RRV017 con_0011.nii -32 -58 46 0.462156 0.232136
RRV017 con_0011.nii -6 49 1 -0.407266 0.270849
RRV017 con_0012.nii 9 3 -6 -0.947883 0.452534
RRV017 con_0012.nii -9 3 -6 -0.594891 0.450157
RRV017 con_0012.nii -30 33 -18 -0.13015 0.233591
RRV017 con_0012.nii 46 28 31 1.01339 0.593135
RRV017 con_0012.nii -44 27 33 -0.298813 0.548947
RRV017 con_0012.nii 44 8 34 0.962652 0.333298
RRV017 con_0012.nii -42 7 36 1.81677 1.12135
RRV017 con_0012.nii 54 -44 43 -0.815273 0.450479
RRV017 con_0012.nii -53 -50 39 -0.774957 0.361745
RRV017 con_0012.nii 32 -59 41 -0.505885 0.249323
RRV017 con_0012.nii -32 -58 46 0.829245 0.444425
RRV017 con_0012.nii -6 49 1 -1.09616 0.384493
RRV017 con_0013.nii 9 3 -6 -0.306556 0.297747
RRV017 con_0013.nii -9 3 -6 -0.155794 0.238772
RRV017 con_0013.nii -30 33 -18 -0.554827 0.33192
RRV017 con_0013.nii 46 28 31 0.808434 0.470351
RRV017 con_0013.nii -44 27 33 -0.151732 0.571718
RRV017 con_0013.nii 44 8 34 0.90319 0.360397
RRV017 con_0013.nii -42 7 36 1.35918 0.602193
RRV017 con_0013.nii 54 -44 43 -0.251399 0.347772
RRV017 con_0013.nii -53 -50 39 0.00989693 0.164613
RRV017 con_0013.nii 32 -59 41 0.559221 0.254293
RRV017 con_0013.nii -32 -58 46 0.402318 0.256079
RRV017 con_0013.nii -6 49 1 -1.1274 0.429284
RRV017 con_0014.nii 9 3 -6 -0.175296 0.207302
RRV017 con_0014.nii -9 3 -6 0.0798538 0.20665
RRV017 con_0014.nii -30 33 -18 0.0787793 0.137509
RRV017 con_0014.nii 46 28 31 0.519887 0.283337
RRV017 con_0014.nii -44 27 33 -0.039379 0.458485
RRV017 con_0014.nii 44 8 34 0.146058 0.239531
RRV017 con_0014.nii -42 7 36 0.981112 0.604512
RRV017 con_0014.nii 54 -44 43 -0.576943 0.242656
RRV017 con_0014.nii -53 -50 39 -0.137948 0.248765
RRV017 con_0014.nii 32 -59 41 -0.147204 0.115966
RRV017 con_0014.nii -32 -58 46 0.287481 0.314643
RRV017 con_0014.nii -6 49 1 -0.891164 0.301726
RRV017 con_0015.nii 9 3 -6 -0.481852 0.34457
RRV017 con_0015.nii -9 3 -6 -0.0759398 0.306054
RRV017 con_0015.nii -30 33 -18 -0.476047 0.279095
RRV017 con_0015.nii 46 28 31 1.32832 0.729793
RRV017 con_0015.nii -44 27 33 -0.191111 1.0006
RRV017 con_0015.nii 44 8 34 1.04925 0.516993
RRV017 con_0015.nii -42 7 36 2.34029 1.1846
RRV017 con_0015.nii 54 -44 43 -0.828342 0.574574
RRV017 con_0015.nii -53 -50 39 -0.128052 0.351595
RRV017 con_0015.nii 32 -59 41 0.412017 0.24716
RRV017 con_0015.nii -32 -58 46 0.689799 0.528237
RRV017 con_0015.nii -6 49 1 -2.01857 0.560055
RRV017 con_0016.nii 9 3 -6 -0.117604 0.21491
RRV017 con_0016.nii -9 3 -6 -0.290526 0.224032
RRV017 con_0016.nii -30 33 -18 -0.152484 0.322896
RRV017 con_0016.nii 46 28 31 0.7697 0.545844
RRV017 con_0016.nii -44 27 33 0.0129802 0.423841
RRV017 con_0016.nii 44 8 34 1.2129 0.381819
RRV017 con_0016.nii -42 7 36 1.58985 0.755328
RRV017 con_0016.nii 54 -44 43 -0.186789 0.32302
RRV017 con_0016.nii -53 -50 39 -0.301634 0.246995
RRV017 con_0016.nii 32 -59 41 0.702386 0.323533
RRV017 con_0016.nii -32 -58 46 0.86076 0.324603
RRV017 con_0016.nii -6 49 1 -0.717211 0.358611
RRV017 con_0017.nii 9 3 -6 -0.587206 0.30398
RRV017 con_0017.nii -9 3 -6 0.0308038 0.365208
RRV017 con_0017.nii -30 33 -18 0.0218854 0.193292
RRV017 con_0017.nii 46 28 31 0.515405 0.350329
RRV017 con_0017.nii -44 27 33 -0.218895 0.378144
RRV017 con_0017.nii 44 8 34 0.769341 0.436329
RRV017 con_0017.nii -42 7 36 1.14557 0.588084
RRV017 con_0017.nii 54 -44 43 -0.649142 0.164195
RRV017 con_0017.nii -53 -50 39 -0.590213 0.370128
RRV017 con_0017.nii 32 -59 41 0.393605 0.117046
RRV017 con_0017.nii -32 -58 46 0.578916 0.254288
RRV017 con_0017.nii -6 49 1 -0.703374 0.372617
RRV017 con_0018.nii 9 3 -6 -0.704809 0.392661
RRV017 con_0018.nii -9 3 -6 -0.259722 0.342141
RRV017 con_0018.nii -30 33 -18 -0.130599 0.287232
RRV017 con_0018.nii 46 28 31 1.2851 0.858425
RRV017 con_0018.nii -44 27 33 -0.205915 0.772784
RRV017 con_0018.nii 44 8 34 1.98224 0.756123
RRV017 con_0018.nii -42 7 36 2.73543 1.32334
RRV017 con_0018.nii 54 -44 43 -0.835932 0.440192
RRV017 con_0018.nii -53 -50 39 -0.891848 0.528184
RRV017 con_0018.nii 32 -59 41 1.09599 0.368198
RRV017 con_0018.nii -32 -58 46 1.43968 0.564585
RRV017 con_0018.nii -6 49 1 -1.42059 0.51844
RRV017 con_0019.nii 9 3 -6 0.748287 0.639023
RRV017 con_0019.nii -9 3 -6 -0.062949 0.505901
RRV017 con_0019.nii -30 33 -18 0.635247 0.287018
RRV017 con_0019.nii 46 28 31 -0.0246354 0.468006
RRV017 con_0019.nii -44 27 33 0.723894 0.449933
RRV017 con_0019.nii 44 8 34 0.552306 0.232477
RRV017 con_0019.nii -42 7 36 0.977989 0.282409
RRV017 con_0019.nii 54 -44 43 0.0904851 0.303831
RRV017 con_0019.nii -53 -50 39 -0.0142117 0.22662
RRV017 con_0019.nii 32 -59 41 1.07525 0.336904
RRV017 con_0019.nii -32 -58 46 0.591289 0.397741
RRV017 con_0019.nii -6 49 1 0.0928278 0.430969
RRV017 con_0020.nii 9 3 -6 0.301503 0.396743
RRV017 con_0020.nii -9 3 -6 0.418583 0.35162
RRV017 con_0020.nii -30 33 -18 -0.285046 0.160893
RRV017 con_0020.nii 46 28 31 0.196045 0.215422
RRV017 con_0020.nii -44 27 33 0.392612 0.314644
RRV017 con_0020.nii 44 8 34 0.254789 0.269592
RRV017 con_0020.nii -42 7 36 0.133465 0.258447
RRV017 con_0020.nii 54 -44 43 0.435158 0.201791
RRV017 con_0020.nii -53 -50 39 0.537617 0.273167
RRV017 con_0020.nii 32 -59 41 1.17739 0.179494
RRV017 con_0020.nii -32 -58 46 0.326091 0.182996
RRV017 con_0020.nii -6 49 1 0.253056 0.395123
RRV017 con_0021.nii 9 3 -6 1.04979 0.806355
RRV017 con_0021.nii -9 3 -6 0.355634 0.640291
RRV017 con_0021.nii -30 33 -18 0.3502 0.282097
RRV017 con_0021.nii 46 28 31 0.171409 0.396234
RRV017 con_0021.nii -44 27 33 1.11651 0.528108
RRV017 con_0021.nii 44 8 34 0.807095 0.399114
RRV017 con_0021.nii -42 7 36 1.11145 0.374592
RRV017 con_0021.nii 54 -44 43 0.525643 0.349801
RRV017 con_0021.nii -53 -50 39 0.523406 0.316486
RRV017 con_0021.nii 32 -59 41 2.25264 0.439097
RRV017 con_0021.nii -32 -58 46 0.917379 0.348318
RRV017 con_0021.nii -6 49 1 0.345884 0.403522
RRV017 con_0022.nii 9 3 -6 0.479303 0.251571
RRV017 con_0022.nii -9 3 -6 0.344819 0.175979
RRV017 con_0022.nii -30 33 -18 0.00551587 0.14755
RRV017 con_0022.nii 46 28 31 0.104116 0.31574
RRV017 con_0022.nii -44 27 33 0.201929 0.123433
RRV017 con_0022.nii 44 8 34 0.474271 0.351805
RRV017 con_0022.nii -42 7 36 0.417106 0.211143
RRV017 con_0022.nii 54 -44 43 -0.413803 0.144192
RRV017 con_0022.nii -53 -50 39 -0.207427 0.231995
RRV017 con_0022.nii 32 -59 41 0.710037 0.295869
RRV017 con_0022.nii -32 -58 46 0.365034 0.159013
RRV017 con_0022.nii -6 49 1 -0.418727 0.179478
RRV017 con_0023.nii 9 3 -6 -0.686214 0.350873
RRV017 con_0023.nii -9 3 -6 -0.0261427 0.599592
RRV017 con_0023.nii -30 33 -18 -0.0886347 0.200249
RRV017 con_0023.nii 46 28 31 0.195875 0.241453
RRV017 con_0023.nii -44 27 33 -0.288707 0.149991
RRV017 con_0023.nii 44 8 34 0.331717 0.395733
RRV017 con_0023.nii -42 7 36 0.0100715 0.216679
RRV017 con_0023.nii 54 -44 43 -0.386842 0.320256
RRV017 con_0023.nii -53 -50 39 -0.429366 0.29979
RRV017 con_0023.nii 32 -59 41 0.252928 0.15616
RRV017 con_0023.nii -32 -58 46 -0.0961458 0.116411
RRV017 con_0023.nii -6 49 1 -0.19147 0.419509
RRV017 con_0024.nii 9 3 -6 -0.206911 0.428791
RRV017 con_0024.nii -9 3 -6 0.318676 0.672589
RRV017 con_0024.nii -30 33 -18 -0.0831188 0.324205
RRV017 con_0024.nii 46 28 31 0.299991 0.260009
RRV017 con_0024.nii -44 27 33 -0.0867777 0.173377
RRV017 con_0024.nii 44 8 34 0.805988 0.727143
RRV017 con_0024.nii -42 7 36 0.427177 0.376084
RRV017 con_0024.nii 54 -44 43 -0.800645 0.409533
RRV017 con_0024.nii -53 -50 39 -0.636793 0.428528
RRV017 con_0024.nii 32 -59 41 0.962965 0.280564
RRV017 con_0024.nii -32 -58 46 0.268888 0.201968
RRV017 con_0024.nii -6 49 1 -0.610197 0.516393
RRV017 con_0025.nii 9 3 -6 0.155879 0.356133
RRV017 con_0025.nii -9 3 -6 0.152239 0.315644
RRV017 con_0025.nii -30 33 -18 -0.0102283 0.433985
RRV017 con_0025.nii 46 28 31 0.417541 0.368111
RRV017 con_0025.nii -44 27 33 0.319365 0.328237
RRV017 con_0025.nii 44 8 34 0.556051 0.322333
RRV017 con_0025.nii -42 7 36 0.410374 0.219751
RRV017 con_0025.nii 54 -44 43 0.432236 0.257551
RRV017 con_0025.nii -53 -50 39 0.478424 0.3109
RRV017 con_0025.nii 32 -59 41 1.16249 0.295646
RRV017 con_0025.nii -32 -58 46 0.524691 0.292903
RRV017 con_0025.nii -6 49 1 0.240955 0.428101
RRV017 con_0026.nii 9 3 -6 -0.269536 0.222959
RRV017 con_0026.nii -9 3 -6 0.178957 0.327736
RRV017 con_0026.nii -30 33 -18 -0.258199 0.326969
RRV017 con_0026.nii 46 28 31 -0.0737846 0.365841
RRV017 con_0026.nii -44 27 33 -1.0704 0.38038
RRV017 con_0026.nii 44 8 34 0.889626 0.578169
RRV017 con_0026.nii -42 7 36 0.806955 0.457079
RRV017 con_0026.nii 54 -44 43 -0.219211 0.179561
RRV017 con_0026.nii -53 -50 39 -0.715709 0.530163
RRV017 con_0026.nii 32 -59 41 0.427527 0.191845
RRV017 con_0026.nii -32 -58 46 0.120335 0.322066
RRV017 con_0026.nii -6 49 1 -0.949911 0.372243
RRV017 con_0027.nii 9 3 -6 -0.113658 0.451724
RRV017 con_0027.nii -9 3 -6 0.331195 0.425231
RRV017 con_0027.nii -30 33 -18 -0.268428 0.470951
RRV017 con_0027.nii 46 28 31 0.343757 0.71044
RRV017 con_0027.nii -44 27 33 -0.751033 0.435471
RRV017 con_0027.nii 44 8 34 1.44568 0.709329
RRV017 con_0027.nii -42 7 36 1.21733 0.380034
RRV017 con_0027.nii 54 -44 43 0.213026 0.247637
RRV017 con_0027.nii -53 -50 39 -0.237285 0.4842
RRV017 con_0027.nii 32 -59 41 1.59002 0.297355
RRV017 con_0027.nii -32 -58 46 0.645026 0.39507
RRV017 con_0027.nii -6 49 1 -0.708955 0.654375
RRV017 con_0028.nii 9 3 -6 0.461156 0.306327
RRV017 con_0028.nii -9 3 -6 0.144703 0.211926
RRV017 con_0028.nii -30 33 -18 0.210178 0.224972
RRV017 con_0028.nii 46 28 31 0.165674 0.353176
RRV017 con_0028.nii -44 27 33 0.415063 0.212826
RRV017 con_0028.nii 44 8 34 0.527543 0.225113
RRV017 con_0028.nii -42 7 36 0.601823 0.153956
RRV017 con_0028.nii 54 -44 43 0.0363062 0.199164
RRV017 con_0028.nii -53 -50 39 0.0855952 0.216694
RRV017 con_0028.nii 32 -59 41 0.982594 0.280392
RRV017 con_0028.nii -32 -58 46 0.493671 0.2128
RRV017 con_0028.nii -6 49 1 -0.0283148 0.280848
RRV017 con_0029.nii 9 3 -6 -0.218082 0.14495
RRV017 con_0029.nii -9 3 -6 0.190466 0.305022
RRV017 con_0029.nii -30 33 -18 -0.210627 0.165112
RRV017 con_0029.nii 46 28 31 0.106045 0.14165
RRV017 con_0029.nii -44 27 33 -0.322164 0.153449
RRV017 con_0029.nii 44 8 34 0.492044 0.39538
RRV017 con_0029.nii -42 7 36 0.31683 0.216364
RRV017 con_0029.nii 54 -44 43 -0.0569649 0.188539
RRV017 con_0029.nii -53 -50 39 -0.202486 0.209697
RRV017 con_0029.nii 32 -59 41 0.619282 0.116108
RRV017 con_0029.nii -32 -58 46 0.11676 0.149953
RRV017 con_0029.nii -6 49 1 -0.296108 0.286994
RRV017 con_0030.nii 9 3 -6 0.243074 0.321944
RRV017 con_0030.nii -9 3 -6 0.335168 0.285327
RRV017 con_0030.nii -30 33 -18 -0.000448677 0.254047
RRV017 con_0030.nii 46 28 31 0.271719 0.399655
RRV017 con_0030.nii -44 27 33 0.0928982 0.328918
RRV017 con_0030.nii 44 8 34 1.01959 0.582944
RRV017 con_0030.nii -42 7 36 0.918653 0.323398
RRV017 con_0030.nii 54 -44 43 -0.0206587 0.304051
RRV017 con_0030.nii -53 -50 39 -0.116891 0.317412
RRV017 con_0030.nii 32 -59 41 1.60188 0.266621
RRV017 con_0030.nii -32 -58 46 0.610431 0.265004
RRV017 con_0030.nii -6 49 1 -0.324423 0.367053
