RRV076 con_0001.nii 9 3 -6 0.52047 0.396603
RRV076 con_0001.nii -9 3 -6 0.798636 0.530905
RRV076 con_0001.nii -30 33 -18 0.55619 0.320557
RRV076 con_0001.nii 46 28 31 1.26398 0.502498
RRV076 con_0001.nii -44 27 33 0.142389 0.354392
RRV076 con_0001.nii 44 8 34 1.16027 0.596527
RRV076 con_0001.nii -42 7 36 0.634904 0.656296
RRV076 con_0001.nii 54 -44 43 -0.0631249 0.236671
RRV076 con_0001.nii -53 -50 39 0.19712 0.38653
RRV076 con_0001.nii 32 -59 41 1.42895 1.22684
RRV076 con_0001.nii -32 -58 46 1.5892 0.455027
RRV076 con_0001.nii -6 49 1 0.0693757 0.314685
RRV076 con_0002.nii 9 3 -6 -0.0253825 0.343469
RRV076 con_0002.nii -9 3 -6 0.284838 0.170666
RRV076 con_0002.nii -30 33 -18 -0.145137 0.299615
RRV076 con_0002.nii 46 28 31 1.03955 0.499677
RRV076 con_0002.nii -44 27 33 0.312097 0.208124
RRV076 con_0002.nii 44 8 34 1.3765 0.483897
RRV076 con_0002.nii -42 7 36 -0.156563 0.224133
RRV076 con_0002.nii 54 -44 43 -0.111328 0.47047
RRV076 con_0002.nii -53 -50 39 0.247601 0.379931
RRV076 con_0002.nii 32 -59 41 1.22579 1.3491
RRV076 con_0002.nii -32 -58 46 1.05377 0.367891
RRV076 con_0002.nii -6 49 1 -0.455479 0.252081
RRV076 con_0003.nii 9 3 -6 0.495087 0.679375
RRV076 con_0003.nii -9 3 -6 1.08347 0.578182
RRV076 con_0003.nii -30 33 -18 0.411053 0.533178
RRV076 con_0003.nii 46 28 31 2.30354 0.940506
RRV076 con_0003.nii -44 27 33 0.454486 0.459514
RRV076 con_0003.nii 44 8 34 2.53677 0.942333
RRV076 con_0003.nii -42 7 36 0.478341 0.700765
RRV076 con_0003.nii 54 -44 43 -0.174453 0.566436
RRV076 con_0003.nii -53 -50 39 0.444721 0.663573
RRV076 con_0003.nii 32 -59 41 2.65475 2.55432
RRV076 con_0003.nii -32 -58 46 2.64297 0.699341
RRV076 con_0003.nii -6 49 1 -0.386104 0.479935
RRV076 con_0004.nii 9 3 -6 1.11127 0.812379
RRV076 con_0004.nii -9 3 -6 1.11653 0.51008
RRV076 con_0004.nii -30 33 -18 0.197931 0.296571
RRV076 con_0004.nii 46 28 31 0.964966 0.759453
RRV076 con_0004.nii -44 27 33 -0.180202 0.689744
RRV076 con_0004.nii 44 8 34 0.674643 0.654038
RRV076 con_0004.nii -42 7 36 0.723481 0.67404
RRV076 con_0004.nii 54 -44 43 -0.805547 0.471399
RRV076 con_0004.nii -53 -50 39 -0.0710121 0.418672
RRV076 con_0004.nii 32 -59 41 1.53212 1.27078
RRV076 con_0004.nii -32 -58 46 2.01218 0.598259
RRV076 con_0004.nii -6 49 1 -1.00556 0.620527
RRV076 con_0005.nii 9 3 -6 0.506608 0.194404
RRV076 con_0005.nii -9 3 -6 0.0934388 0.311028
RRV076 con_0005.nii -30 33 -18 -0.242445 0.355416
RRV076 con_0005.nii 46 28 31 0.921885 0.569679
RRV076 con_0005.nii -44 27 33 0.163869 0.256557
RRV076 con_0005.nii 44 8 34 0.708311 0.305635
RRV076 con_0005.nii -42 7 36 0.0696741 0.349098
RRV076 con_0005.nii 54 -44 43 0.356976 0.333345
RRV076 con_0005.nii -53 -50 39 0.182734 0.222323
RRV076 con_0005.nii 32 -59 41 1.33072 1.12161
RRV076 con_0005.nii -32 -58 46 1.35706 0.560339
RRV076 con_0005.nii -6 49 1 -0.555732 0.322716
RRV076 con_0006.nii 9 3 -6 1.61787 0.893769
RRV076 con_0006.nii -9 3 -6 1.20997 0.753163
RRV076 con_0006.nii -30 33 -18 -0.0445139 0.408646
RRV076 con_0006.nii 46 28 31 1.88685 1.11441
RRV076 con_0006.nii -44 27 33 -0.0163325 0.622407
RRV076 con_0006.nii 44 8 34 1.38295 0.805591
RRV076 con_0006.nii -42 7 36 0.793155 0.609632
RRV076 con_0006.nii 54 -44 43 -0.448571 0.426049
RRV076 con_0006.nii -53 -50 39 0.111722 0.531615
RRV076 con_0006.nii 32 -59 41 2.86284 2.32227
RRV076 con_0006.nii -32 -58 46 3.36925 1.09555
RRV076 con_0006.nii -6 49 1 -1.5613 0.735194
RRV076 con_0007.nii 9 3 -6 0.950055 0.6813
RRV076 con_0007.nii -9 3 -6 0.713754 0.82758
RRV076 con_0007.nii -30 33 -18 0.542836 0.206998
RRV076 con_0007.nii 46 28 31 1.13899 0.74196
RRV076 con_0007.nii -44 27 33 0.245186 0.446498
RRV076 con_0007.nii 44 8 34 0.98627 0.509877
RRV076 con_0007.nii -42 7 36 0.811118 0.568972
RRV076 con_0007.nii 54 -44 43 -0.237408 0.38389
RRV076 con_0007.nii -53 -50 39 0.365355 0.49119
RRV076 con_0007.nii 32 -59 41 1.39532 1.22595
RRV076 con_0007.nii -32 -58 46 1.50772 0.508552
RRV076 con_0007.nii -6 49 1 -0.316935 0.312744
RRV076 con_0008.nii 9 3 -6 0.443036 0.341672
RRV076 con_0008.nii -9 3 -6 0.471245 0.761797
RRV076 con_0008.nii -30 33 -18 0.382901 0.486282
RRV076 con_0008.nii 46 28 31 1.19038 0.52581
RRV076 con_0008.nii -44 27 33 0.5791 0.285368
RRV076 con_0008.nii 44 8 34 1.45073 0.44113
RRV076 con_0008.nii -42 7 36 0.190627 0.276528
RRV076 con_0008.nii 54 -44 43 0.279271 0.346097
RRV076 con_0008.nii -53 -50 39 0.66101 0.439284
RRV076 con_0008.nii 32 -59 41 1.15971 1.21411
RRV076 con_0008.nii -32 -58 46 1.0672 0.313804
RRV076 con_0008.nii -6 49 1 0.292071 0.313536
RRV076 con_0009.nii 9 3 -6 1.39309 0.868497
RRV076 con_0009.nii -9 3 -6 1.185 1.47157
RRV076 con_0009.nii -30 33 -18 0.925736 0.505199
RRV076 con_0009.nii 46 28 31 2.32937 1.07537
RRV076 con_0009.nii -44 27 33 0.824285 0.63103
RRV076 con_0009.nii 44 8 34 2.437 0.876865
RRV076 con_0009.nii -42 7 36 1.00174 0.620941
RRV076 con_0009.nii 54 -44 43 0.0418629 0.474396
RRV076 con_0009.nii -53 -50 39 1.02636 0.90163
RRV076 con_0009.nii 32 -59 41 2.55503 2.40081
RRV076 con_0009.nii -32 -58 46 2.57492 0.769191
RRV076 con_0009.nii -6 49 1 -0.0248647 0.436168
RRV076 con_0010.nii 9 3 -6 1.03506 0.544818
RRV076 con_0010.nii -9 3 -6 1.13528 0.816782
RRV076 con_0010.nii -30 33 -18 0.573178 0.262317
RRV076 con_0010.nii 46 28 31 1.06321 0.644681
RRV076 con_0010.nii -44 27 33 0.053258 0.281543
RRV076 con_0010.nii 44 8 34 0.823592 0.411361
RRV076 con_0010.nii -42 7 36 0.56507 0.349299
RRV076 con_0010.nii 54 -44 43 0.174053 0.34195
RRV076 con_0010.nii -53 -50 39 0.355155 0.270858
RRV076 con_0010.nii 32 -59 41 1.11978 1.05895
RRV076 con_0010.nii -32 -58 46 1.48807 0.407308
RRV076 con_0010.nii -6 49 1 -0.531991 0.398361
RRV076 con_0011.nii 9 3 -6 0.083107 0.212748
RRV076 con_0011.nii -9 3 -6 -0.0339803 0.240424
RRV076 con_0011.nii -30 33 -18 -0.421773 0.211947
RRV076 con_0011.nii 46 28 31 -0.142906 0.397249
RRV076 con_0011.nii -44 27 33 -0.0285931 0.137516
RRV076 con_0011.nii 44 8 34 0.0752451 0.205482
RRV076 con_0011.nii -42 7 36 -0.21175 0.213813
RRV076 con_0011.nii 54 -44 43 -0.65277 0.169596
RRV076 con_0011.nii -53 -50 39 -0.304032 0.203075
RRV076 con_0011.nii 32 -59 41 0.702281 0.806083
RRV076 con_0011.nii -32 -58 46 0.208033 0.258285
RRV076 con_0011.nii -6 49 1 -0.604745 0.331422
RRV076 con_0012.nii 9 3 -6 1.11817 0.7068
RRV076 con_0012.nii -9 3 -6 1.1013 0.856082
RRV076 con_0012.nii -30 33 -18 0.151404 0.207946
RRV076 con_0012.nii 46 28 31 0.920308 0.931388
RRV076 con_0012.nii -44 27 33 0.024665 0.331128
RRV076 con_0012.nii 44 8 34 0.898837 0.472449
RRV076 con_0012.nii -42 7 36 0.35332 0.454155
RRV076 con_0012.nii 54 -44 43 -0.478717 0.388541
RRV076 con_0012.nii -53 -50 39 0.051123 0.43077
RRV076 con_0012.nii 32 -59 41 1.82206 1.84159
RRV076 con_0012.nii -32 -58 46 1.6961 0.601562
RRV076 con_0012.nii -6 49 1 -1.13674 0.642518
RRV076 con_0013.nii 9 3 -6 0.683863 0.509317
RRV076 con_0013.nii -9 3 -6 0.739646 0.569559
RRV076 con_0013.nii -30 33 -18 0.109148 0.202286
RRV076 con_0013.nii 46 28 31 0.248025 0.855009
RRV076 con_0013.nii -44 27 33 -0.352184 0.309627
RRV076 con_0013.nii 44 8 34 0.406544 0.417445
RRV076 con_0013.nii -42 7 36 0.244992 0.299097
RRV076 con_0013.nii 54 -44 43 -0.616535 0.503076
RRV076 con_0013.nii -53 -50 39 -0.112063 0.252137
RRV076 con_0013.nii 32 -59 41 0.875698 0.759976
RRV076 con_0013.nii -32 -58 46 0.811178 0.429484
RRV076 con_0013.nii -6 49 1 -0.470901 0.471314
RRV076 con_0014.nii 9 3 -6 -0.271976 0.481617
RRV076 con_0014.nii -9 3 -6 -0.324218 0.240821
RRV076 con_0014.nii -30 33 -18 -0.838734 0.347695
RRV076 con_0014.nii 46 28 31 -0.0429628 0.488849
RRV076 con_0014.nii -44 27 33 -0.394668 0.292044
RRV076 con_0014.nii 44 8 34 0.0781152 0.184095
RRV076 con_0014.nii -42 7 36 -0.270204 0.276501
RRV076 con_0014.nii 54 -44 43 -0.910361 0.269044
RRV076 con_0014.nii -53 -50 39 -0.0177111 0.288414
RRV076 con_0014.nii 32 -59 41 0.477671 0.53867
RRV076 con_0014.nii -32 -58 46 0.414785 0.478213
RRV076 con_0014.nii -6 49 1 -0.566144 0.36174
RRV076 con_0015.nii 9 3 -6 0.411887 0.924927
RRV076 con_0015.nii -9 3 -6 0.415427 0.57662
RRV076 con_0015.nii -30 33 -18 -0.729586 0.448884
RRV076 con_0015.nii 46 28 31 0.205063 1.34241
RRV076 con_0015.nii -44 27 33 -0.746851 0.578901
RRV076 con_0015.nii 44 8 34 0.484659 0.528584
RRV076 con_0015.nii -42 7 36 -0.0252127 0.362596
RRV076 con_0015.nii 54 -44 43 -1.5269 0.712246
RRV076 con_0015.nii -53 -50 39 -0.129774 0.414424
RRV076 con_0015.nii 32 -59 41 1.35337 1.26947
RRV076 con_0015.nii -32 -58 46 1.22596 0.865172
RRV076 con_0015.nii -6 49 1 -1.03704 0.741514
RRV076 con_0016.nii 9 3 -6 0.860597 0.582457
RRV076 con_0016.nii -9 3 -6 0.876308 0.588508
RRV076 con_0016.nii -30 33 -18 0.432319 0.203906
RRV076 con_0016.nii 46 28 31 1.12265 0.647771
RRV076 con_0016.nii -44 27 33 0.0691244 0.488839
RRV076 con_0016.nii 44 8 34 0.940393 0.567681
RRV076 con_0016.nii -42 7 36 0.723168 0.608075
RRV076 con_0016.nii 54 -44 43 -0.368694 0.324542
RRV076 con_0016.nii -53 -50 39 0.163821 0.400086
RRV076 con_0016.nii 32 -59 41 1.45213 1.23161
RRV076 con_0016.nii -32 -58 46 1.70304 0.509684
RRV076 con_0016.nii -6 49 1 -0.417708 0.37652
RRV076 con_0017.nii 9 3 -6 0.308087 0.185236
RRV076 con_0017.nii -9 3 -6 0.283174 0.340129
RRV076 con_0017.nii -30 33 -18 -0.00156047 0.272508
RRV076 con_0017.nii 46 28 31 1.05061 0.464893
RRV076 con_0017.nii -44 27 33 0.351689 0.123737
RRV076 con_0017.nii 44 8 34 1.17851 0.348912
RRV076 con_0017.nii -42 7 36 0.0345794 0.222051
RRV076 con_0017.nii 54 -44 43 0.174973 0.359919
RRV076 con_0017.nii -53 -50 39 0.363782 0.234535
RRV076 con_0017.nii 32 -59 41 1.23874 1.21628
RRV076 con_0017.nii -32 -58 46 1.15934 0.317094
RRV076 con_0017.nii -6 49 1 -0.239714 0.244377
RRV076 con_0018.nii 9 3 -6 1.16868 0.722189
RRV076 con_0018.nii -9 3 -6 1.15948 0.850884
RRV076 con_0018.nii -30 33 -18 0.430758 0.322328
RRV076 con_0018.nii 46 28 31 2.17325 1.02813
RRV076 con_0018.nii -44 27 33 0.420813 0.533912
RRV076 con_0018.nii 44 8 34 2.11891 0.835714
RRV076 con_0018.nii -42 7 36 0.757747 0.574739
RRV076 con_0018.nii 54 -44 43 -0.19372 0.432163
RRV076 con_0018.nii -53 -50 39 0.527603 0.602222
RRV076 con_0018.nii 32 -59 41 2.69087 2.41971
RRV076 con_0018.nii -32 -58 46 2.86238 0.802147
RRV076 con_0018.nii -6 49 1 -0.657421 0.483832
RRV076 con_0019.nii 9 3 -6 -0.514594 0.399834
RRV076 con_0019.nii -9 3 -6 -0.336647 0.436473
RRV076 con_0019.nii -30 33 -18 -0.0169879 0.145775
RRV076 con_0019.nii 46 28 31 0.20077 0.177254
RRV076 con_0019.nii -44 27 33 0.0891314 0.292179
RRV076 con_0019.nii 44 8 34 0.336675 0.307931
RRV076 con_0019.nii -42 7 36 0.0698338 0.371172
RRV076 con_0019.nii 54 -44 43 -0.237178 0.190301
RRV076 con_0019.nii -53 -50 39 -0.158035 0.378971
RRV076 con_0019.nii 32 -59 41 0.309173 0.228686
RRV076 con_0019.nii -32 -58 46 0.101131 0.230719
RRV076 con_0019.nii -6 49 1 0.601367 0.357125
RRV076 con_0020.nii 9 3 -6 -0.108489 0.272411
RRV076 con_0020.nii -9 3 -6 0.318819 0.200303
RRV076 con_0020.nii -30 33 -18 0.276636 0.346227
RRV076 con_0020.nii 46 28 31 1.18246 0.414922
RRV076 con_0020.nii -44 27 33 0.34069 0.221152
RRV076 con_0020.nii 44 8 34 1.30126 0.569742
RRV076 con_0020.nii -42 7 36 0.0551872 0.30233
RRV076 con_0020.nii 54 -44 43 0.541442 0.530452
RRV076 con_0020.nii -53 -50 39 0.551633 0.52706
RRV076 con_0020.nii 32 -59 41 0.523512 0.616258
RRV076 con_0020.nii -32 -58 46 0.845739 0.430781
RRV076 con_0020.nii -6 49 1 0.149265 0.240645
RRV076 con_0021.nii 9 3 -6 -0.623083 0.543466
RRV076 con_0021.nii -9 3 -6 -0.0178282 0.503032
RRV076 con_0021.nii -30 33 -18 0.259648 0.449967
RRV076 con_0021.nii 46 28 31 1.38323 0.394043
RRV076 con_0021.nii -44 27 33 0.429821 0.422063
RRV076 con_0021.nii 44 8 34 1.63793 0.647676
RRV076 con_0021.nii -42 7 36 0.125021 0.493912
RRV076 con_0021.nii 54 -44 43 0.304264 0.615909
RRV076 con_0021.nii -53 -50 39 0.393598 0.862274
RRV076 con_0021.nii 32 -59 41 0.832684 0.781934
RRV076 con_0021.nii -32 -58 46 0.946869 0.424532
RRV076 con_0021.nii -6 49 1 0.750633 0.473638
RRV076 con_0022.nii 9 3 -6 0.0762033 0.460281
RRV076 con_0022.nii -9 3 -6 -0.0187485 0.436486
RRV076 con_0022.nii -30 33 -18 -0.375247 0.388649
RRV076 con_0022.nii 46 28 31 -0.0982476 0.357191
RRV076 con_0022.nii -44 27 33 -0.23346 0.539398
RRV076 con_0022.nii 44 8 34 -0.148949 0.32424
RRV076 con_0022.nii -42 7 36 0.158411 0.429727
RRV076 con_0022.nii 54 -44 43 -0.9796 0.27617
RRV076 con_0022.nii -53 -50 39 -0.426167 0.294393
RRV076 con_0022.nii 32 -59 41 0.412339 0.308453
RRV076 con_0022.nii -32 -58 46 0.524113 0.29771
RRV076 con_0022.nii -6 49 1 -0.473572 0.419803
RRV076 con_0023.nii 9 3 -6 0.423501 0.242801
RRV076 con_0023.nii -9 3 -6 0.127419 0.302436
RRV076 con_0023.nii -30 33 -18 0.179329 0.237543
RRV076 con_0023.nii 46 28 31 1.06479 0.718205
RRV076 con_0023.nii -44 27 33 0.192463 0.320625
RRV076 con_0023.nii 44 8 34 0.633066 0.263824
RRV076 con_0023.nii -42 7 36 0.281424 0.293457
RRV076 con_0023.nii 54 -44 43 1.00975 0.419584
RRV076 con_0023.nii -53 -50 39 0.486767 0.235585
RRV076 con_0023.nii 32 -59 41 0.62844 0.409336
RRV076 con_0023.nii -32 -58 46 1.14903 0.381576
RRV076 con_0023.nii -6 49 1 0.0490127 0.177796
RRV076 con_0024.nii 9 3 -6 0.499704 0.445939
RRV076 con_0024.nii -9 3 -6 0.108671 0.388485
RRV076 con_0024.nii -30 33 -18 -0.195918 0.477039
RRV076 con_0024.nii 46 28 31 0.966543 0.481809
RRV076 con_0024.nii -44 27 33 -0.0409974 0.379762
RRV076 con_0024.nii 44 8 34 0.484117 0.434299
RRV076 con_0024.nii -42 7 36 0.439835 0.459791
RRV076 con_0024.nii 54 -44 43 0.0301458 0.22775
RRV076 con_0024.nii -53 -50 39 0.0605992 0.457463
RRV076 con_0024.nii 32 -59 41 1.04078 0.570483
RRV076 con_0024.nii -32 -58 46 1.67314 0.626102
RRV076 con_0024.nii -6 49 1 -0.424559 0.327784
RRV076 con_0025.nii 9 3 -6 -0.0850089 0.228942
RRV076 con_0025.nii -9 3 -6 -0.421529 0.377485
RRV076 con_0025.nii -30 33 -18 -0.0303424 0.196792
RRV076 con_0025.nii 46 28 31 0.0757744 0.343217
RRV076 con_0025.nii -44 27 33 0.191928 0.364589
RRV076 con_0025.nii 44 8 34 0.162678 0.248737
RRV076 con_0025.nii -42 7 36 0.246048 0.341962
RRV076 con_0025.nii 54 -44 43 -0.411461 0.205786
RRV076 con_0025.nii -53 -50 39 0.0101994 0.532928
RRV076 con_0025.nii 32 -59 41 0.275544 0.267039
RRV076 con_0025.nii -32 -58 46 0.0196517 0.203818
RRV076 con_0025.nii -6 49 1 0.215056 0.365703
RRV076 con_0026.nii 9 3 -6 0.359929 0.348034
RRV076 con_0026.nii -9 3 -6 0.505226 0.695351
RRV076 con_0026.nii -30 33 -18 0.804674 0.447921
RRV076 con_0026.nii 46 28 31 1.33328 0.681942
RRV076 con_0026.nii -44 27 33 0.607693 0.223532
RRV076 con_0026.nii 44 8 34 1.37549 0.543832
RRV076 con_0026.nii -42 7 36 0.402377 0.274676
RRV076 con_0026.nii 54 -44 43 0.932041 0.421591
RRV076 con_0026.nii -53 -50 39 0.965042 0.586138
RRV076 con_0026.nii 32 -59 41 0.457425 0.45001
RRV076 con_0026.nii -32 -58 46 0.859167 0.267619
RRV076 con_0026.nii -6 49 1 0.896816 0.387338
RRV076 con_0027.nii 9 3 -6 0.27492 0.439334
RRV076 con_0027.nii -9 3 -6 0.0836972 0.925123
RRV076 con_0027.nii -30 33 -18 0.774332 0.526709
RRV076 con_0027.nii 46 28 31 1.40906 0.49546
RRV076 con_0027.nii -44 27 33 0.79962 0.456016
RRV076 con_0027.nii 44 8 34 1.53817 0.686764
RRV076 con_0027.nii -42 7 36 0.648425 0.39361
RRV076 con_0027.nii 54 -44 43 0.52058 0.504288
RRV076 con_0027.nii -53 -50 39 0.975241 1.09599
RRV076 con_0027.nii 32 -59 41 0.732969 0.632996
RRV076 con_0027.nii -32 -58 46 0.878818 0.345638
RRV076 con_0027.nii -6 49 1 1.11187 0.538151
RRV076 con_0028.nii 9 3 -6 -0.174466 0.23129
RRV076 con_0028.nii -9 3 -6 -0.258975 0.334473
RRV076 con_0028.nii -30 33 -18 -0.140859 0.184571
RRV076 con_0028.nii 46 28 31 0.0594322 0.227922
RRV076 con_0028.nii -44 27 33 0.0158663 0.376578
RRV076 con_0028.nii 44 8 34 0.116801 0.248345
RRV076 con_0028.nii -42 7 36 0.158098 0.336579
RRV076 con_0028.nii 54 -44 43 -0.542746 0.122763
RRV076 con_0028.nii -53 -50 39 -0.191334 0.377953
RRV076 con_0028.nii 32 -59 41 0.332352 0.220867
RRV076 con_0028.nii -32 -58 46 0.214965 0.215367
RRV076 con_0028.nii -6 49 1 0.114284 0.306009
RRV076 con_0029.nii 9 3 -6 0.22498 0.168049
RRV076 con_0029.nii -9 3 -6 0.317154 0.292098
RRV076 con_0029.nii -30 33 -18 0.420213 0.221477
RRV076 con_0029.nii 46 28 31 1.19351 0.562943
RRV076 con_0029.nii -44 27 33 0.380282 0.137883
RRV076 con_0029.nii 44 8 34 1.10327 0.421511
RRV076 con_0029.nii -42 7 36 0.246329 0.225325
RRV076 con_0029.nii 54 -44 43 0.827743 0.436483
RRV076 con_0029.nii -53 -50 39 0.667814 0.389497
RRV076 con_0029.nii 32 -59 41 0.536459 0.460325
RRV076 con_0029.nii -32 -58 46 0.951311 0.228504
RRV076 con_0029.nii -6 49 1 0.365031 0.225623
RRV076 con_0030.nii 9 3 -6 0.0505136 0.281212
RRV076 con_0030.nii -9 3 -6 0.0581799 0.348695
RRV076 con_0030.nii -30 33 -18 0.279354 0.322825
RRV076 con_0030.nii 46 28 31 1.25294 0.41679
RRV076 con_0030.nii -44 27 33 0.396148 0.359978
RRV076 con_0030.nii 44 8 34 1.22007 0.538249
RRV076 con_0030.nii -42 7 36 0.404427 0.343011
RRV076 con_0030.nii 54 -44 43 0.284997 0.41569
RRV076 con_0030.nii -53 -50 39 0.47648 0.754124
RRV076 con_0030.nii 32 -59 41 0.868811 0.637989
RRV076 con_0030.nii -32 -58 46 1.16628 0.337178
RRV076 con_0030.nii -6 49 1 0.479315 0.347646
