RRV081 con_0001.nii 9 3 -6 0.227257 0.287757
RRV081 con_0001.nii -9 3 -6 0.251508 0.369559
RRV081 con_0001.nii -30 33 -18 0.187604 0.164427
RRV081 con_0001.nii 46 28 31 0.465531 0.35966
RRV081 con_0001.nii -44 27 33 0.435059 0.190228
RRV081 con_0001.nii 44 8 34 1.13687 0.55389
RRV081 con_0001.nii -42 7 36 0.551532 0.193193
RRV081 con_0001.nii 54 -44 43 0.657401 0.547553
RRV081 con_0001.nii -53 -50 39 0.220677 0.233899
RRV081 con_0001.nii 32 -59 41 0.281352 0.255805
RRV081 con_0001.nii -32 -58 46 -0.164188 0.216054
RRV081 con_0001.nii -6 49 1 0.0707113 0.590164
RRV081 con_0002.nii 9 3 -6 -0.271722 0.451524
RRV081 con_0002.nii -9 3 -6 0.177826 0.564605
RRV081 con_0002.nii -30 33 -18 -0.178159 0.296165
RRV081 con_0002.nii 46 28 31 0.106069 0.284094
RRV081 con_0002.nii -44 27 33 -0.00742848 0.210178
RRV081 con_0002.nii 44 8 34 0.296057 0.799227
RRV081 con_0002.nii -42 7 36 -0.313738 0.241998
RRV081 con_0002.nii 54 -44 43 0.593409 0.346027
RRV081 con_0002.nii -53 -50 39 -0.00901516 0.327671
RRV081 con_0002.nii 32 -59 41 0.11698 0.390077
RRV081 con_0002.nii -32 -58 46 -0.244873 0.366846
RRV081 con_0002.nii -6 49 1 -0.246041 0.393364
RRV081 con_0003.nii 9 3 -6 -0.0444649 0.378224
RRV081 con_0003.nii -9 3 -6 0.429334 0.875699
RRV081 con_0003.nii -30 33 -18 0.00944519 0.39195
RRV081 con_0003.nii 46 28 31 0.5716 0.630152
RRV081 con_0003.nii -44 27 33 0.42763 0.279147
RRV081 con_0003.nii 44 8 34 1.43293 1.31701
RRV081 con_0003.nii -42 7 36 0.237793 0.249681
RRV081 con_0003.nii 54 -44 43 1.25081 0.879789
RRV081 con_0003.nii -53 -50 39 0.211662 0.514654
RRV081 con_0003.nii 32 -59 41 0.398332 0.556029
RRV081 con_0003.nii -32 -58 46 -0.409061 0.511193
RRV081 con_0003.nii -6 49 1 -0.175329 0.885479
RRV081 con_0004.nii 9 3 -6 0.0510294 0.594058
RRV081 con_0004.nii -9 3 -6 0.28234 0.526502
RRV081 con_0004.nii -30 33 -18 0.982109 0.369214
RRV081 con_0004.nii 46 28 31 0.829999 0.249263
RRV081 con_0004.nii -44 27 33 0.651328 0.432575
RRV081 con_0004.nii 44 8 34 1.34133 0.779089
RRV081 con_0004.nii -42 7 36 0.946729 0.37677
RRV081 con_0004.nii 54 -44 43 1.00241 0.646174
RRV081 con_0004.nii -53 -50 39 0.814177 0.328469
RRV081 con_0004.nii 32 -59 41 0.27517 0.201364
RRV081 con_0004.nii -32 -58 46 0.194313 0.317476
RRV081 con_0004.nii -6 49 1 0.203484 0.607633
RRV081 con_0005.nii 9 3 -6 -0.271469 0.413135
RRV081 con_0005.nii -9 3 -6 0.0660335 0.381377
RRV081 con_0005.nii -30 33 -18 0.146972 0.389646
RRV081 con_0005.nii 46 28 31 -0.142944 0.289697
RRV081 con_0005.nii -44 27 33 0.273927 0.179008
RRV081 con_0005.nii 44 8 34 0.0837059 0.464017
RRV081 con_0005.nii -42 7 36 0.324844 0.365534
RRV081 con_0005.nii 54 -44 43 0.0796905 0.510479
RRV081 con_0005.nii -53 -50 39 -0.175936 0.255574
RRV081 con_0005.nii 32 -59 41 0.17213 0.317607
RRV081 con_0005.nii -32 -58 46 0.034249 0.273452
RRV081 con_0005.nii -6 49 1 0.466167 0.429411
RRV081 con_0006.nii 9 3 -6 -0.22044 0.758574
RRV081 con_0006.nii -9 3 -6 0.348374 0.521245
RRV081 con_0006.nii -30 33 -18 1.12908 0.410693
RRV081 con_0006.nii 46 28 31 0.687055 0.508372
RRV081 con_0006.nii -44 27 33 0.925255 0.404024
RRV081 con_0006.nii 44 8 34 1.42504 1.21176
RRV081 con_0006.nii -42 7 36 1.27157 0.425992
RRV081 con_0006.nii 54 -44 43 1.0821 1.09612
RRV081 con_0006.nii -53 -50 39 0.638241 0.459605
RRV081 con_0006.nii 32 -59 41 0.447299 0.406412
RRV081 con_0006.nii -32 -58 46 0.228562 0.446289
RRV081 con_0006.nii -6 49 1 0.669651 1.00653
RRV081 con_0007.nii 9 3 -6 -0.238641 0.263459
RRV081 con_0007.nii -9 3 -6 0.0612541 0.321472
RRV081 con_0007.nii -30 33 -18 -0.0136929 0.193909
RRV081 con_0007.nii 46 28 31 -0.0276471 0.184795
RRV081 con_0007.nii -44 27 33 0.101223 0.248886
RRV081 con_0007.nii 44 8 34 0.717215 0.706174
RRV081 con_0007.nii -42 7 36 -0.125153 0.196296
RRV081 con_0007.nii 54 -44 43 -0.123449 0.291285
RRV081 con_0007.nii -53 -50 39 0.292667 0.171693
RRV081 con_0007.nii 32 -59 41 0.167427 0.358252
RRV081 con_0007.nii -32 -58 46 -0.536871 0.177801
RRV081 con_0007.nii -6 49 1 -0.496083 0.41044
RRV081 con_0008.nii 9 3 -6 -0.737498 0.416484
RRV081 con_0008.nii -9 3 -6 0.17007 0.763291
RRV081 con_0008.nii -30 33 -18 -0.0462412 0.259325
RRV081 con_0008.nii 46 28 31 0.23094 0.362565
RRV081 con_0008.nii -44 27 33 0.544088 0.195348
RRV081 con_0008.nii 44 8 34 0.151052 0.869652
RRV081 con_0008.nii -42 7 36 0.213373 0.360659
RRV081 con_0008.nii 54 -44 43 0.636081 0.410511
RRV081 con_0008.nii -53 -50 39 -0.0511979 0.311497
RRV081 con_0008.nii 32 -59 41 0.0611673 0.38859
RRV081 con_0008.nii -32 -58 46 -0.554439 0.455162
RRV081 con_0008.nii -6 49 1 -0.00936078 0.354479
RRV081 con_0009.nii 9 3 -6 -0.97614 0.404379
RRV081 con_0009.nii -9 3 -6 0.231325 0.941009
RRV081 con_0009.nii -30 33 -18 -0.0599341 0.399682
RRV081 con_0009.nii 46 28 31 0.203293 0.537736
RRV081 con_0009.nii -44 27 33 0.645311 0.286904
RRV081 con_0009.nii 44 8 34 0.868267 1.53792
RRV081 con_0009.nii -42 7 36 0.0882206 0.295467
RRV081 con_0009.nii 54 -44 43 0.512632 0.66624
RRV081 con_0009.nii -53 -50 39 0.24147 0.327642
RRV081 con_0009.nii 32 -59 41 0.228595 0.685478
RRV081 con_0009.nii -32 -58 46 -1.09131 0.451056
RRV081 con_0009.nii -6 49 1 -0.505444 0.723229
RRV081 con_0010.nii 9 3 -6 -0.297177 0.27218
RRV081 con_0010.nii -9 3 -6 0.118241 0.498743
RRV081 con_0010.nii -30 33 -18 -0.253627 0.303164
RRV081 con_0010.nii 46 28 31 0.32519 0.389278
RRV081 con_0010.nii -44 27 33 0.524662 0.233485
RRV081 con_0010.nii 44 8 34 0.899291 0.641707
RRV081 con_0010.nii -42 7 36 0.189646 0.203622
RRV081 con_0010.nii 54 -44 43 0.777153 0.535524
RRV081 con_0010.nii -53 -50 39 0.225855 0.111169
RRV081 con_0010.nii 32 -59 41 0.0588376 0.208087
RRV081 con_0010.nii -32 -58 46 -0.225436 0.116517
RRV081 con_0010.nii -6 49 1 -0.265774 0.406382
RRV081 con_0011.nii 9 3 -6 -0.0293979 0.194191
RRV081 con_0011.nii -9 3 -6 0.0437026 0.317174
RRV081 con_0011.nii -30 33 -18 -0.162957 0.131518
RRV081 con_0011.nii 46 28 31 -0.248195 0.200842
RRV081 con_0011.nii -44 27 33 -0.115083 0.18047
RRV081 con_0011.nii 44 8 34 -0.0738259 0.45001
RRV081 con_0011.nii -42 7 36 0.0174919 0.155186
RRV081 con_0011.nii 54 -44 43 0.0264702 0.150014
RRV081 con_0011.nii -53 -50 39 -0.0287233 0.153586
RRV081 con_0011.nii 32 -59 41 -0.15793 0.186557
RRV081 con_0011.nii -32 -58 46 -0.483006 0.306988
RRV081 con_0011.nii -6 49 1 -0.107836 0.208505
RRV081 con_0012.nii 9 3 -6 -0.326575 0.382538
RRV081 con_0012.nii -9 3 -6 0.161943 0.556305
RRV081 con_0012.nii -30 33 -18 -0.416584 0.361085
RRV081 con_0012.nii 46 28 31 0.0769955 0.565054
RRV081 con_0012.nii -44 27 33 0.409579 0.254077
RRV081 con_0012.nii 44 8 34 0.825465 1.06438
RRV081 con_0012.nii -42 7 36 0.207138 0.187154
RRV081 con_0012.nii 54 -44 43 0.803623 0.625231
RRV081 con_0012.nii -53 -50 39 0.197132 0.224924
RRV081 con_0012.nii 32 -59 41 -0.0990927 0.348473
RRV081 con_0012.nii -32 -58 46 -0.708442 0.375167
RRV081 con_0012.nii -6 49 1 -0.37361 0.571132
RRV081 con_0013.nii 9 3 -6 -0.0218381 0.125724
RRV081 con_0013.nii -9 3 -6 0.171175 0.371225
RRV081 con_0013.nii -30 33 -18 0.316168 0.311313
RRV081 con_0013.nii 46 28 31 0.86851 0.519641
RRV081 con_0013.nii -44 27 33 0.587146 0.278699
RRV081 con_0013.nii 44 8 34 1.91898 1.16863
RRV081 con_0013.nii -42 7 36 0.405077 0.204492
RRV081 con_0013.nii 54 -44 43 0.876843 0.604993
RRV081 con_0013.nii -53 -50 39 0.212995 0.303432
RRV081 con_0013.nii 32 -59 41 0.275572 0.262206
RRV081 con_0013.nii -32 -58 46 -0.375074 0.128468
RRV081 con_0013.nii -6 49 1 0.048037 0.243854
RRV081 con_0014.nii 9 3 -6 -0.092455 0.264177
RRV081 con_0014.nii -9 3 -6 0.0146453 0.398868
RRV081 con_0014.nii -30 33 -18 -0.167368 0.189264
RRV081 con_0014.nii 46 28 31 0.371941 0.359222
RRV081 con_0014.nii -44 27 33 0.186867 0.180604
RRV081 con_0014.nii 44 8 34 0.951507 0.711342
RRV081 con_0014.nii -42 7 36 0.45398 0.217934
RRV081 con_0014.nii 54 -44 43 0.294732 0.339945
RRV081 con_0014.nii -53 -50 39 0.102625 0.271889
RRV081 con_0014.nii 32 -59 41 0.0219702 0.157351
RRV081 con_0014.nii -32 -58 46 -0.208166 0.129347
RRV081 con_0014.nii -6 49 1 -0.346803 0.297144
RRV081 con_0015.nii 9 3 -6 -0.114293 0.272825
RRV081 con_0015.nii -9 3 -6 0.18582 0.536034
RRV081 con_0015.nii -30 33 -18 0.148799 0.292574
RRV081 con_0015.nii 46 28 31 1.24045 0.835098
RRV081 con_0015.nii -44 27 33 0.774013 0.340568
RRV081 con_0015.nii 44 8 34 2.87048 1.86675
RRV081 con_0015.nii -42 7 36 0.859057 0.373482
RRV081 con_0015.nii 54 -44 43 1.17157 0.936753
RRV081 con_0015.nii -53 -50 39 0.31562 0.556561
RRV081 con_0015.nii 32 -59 41 0.297542 0.373701
RRV081 con_0015.nii -32 -58 46 -0.58324 0.174539
RRV081 con_0015.nii -6 49 1 -0.298766 0.415297
RRV081 con_0016.nii 9 3 -6 0.0132148 0.305224
RRV081 con_0016.nii -9 3 -6 0.198367 0.275991
RRV081 con_0016.nii -30 33 -18 0.38534 0.148768
RRV081 con_0016.nii 46 28 31 0.422628 0.257922
RRV081 con_0016.nii -44 27 33 0.39587 0.213406
RRV081 con_0016.nii 44 8 34 1.06514 0.649797
RRV081 con_0016.nii -42 7 36 0.457703 0.148478
RRV081 con_0016.nii 54 -44 43 0.512121 0.48376
RRV081 con_0016.nii -53 -50 39 0.442507 0.189099
RRV081 con_0016.nii 32 -59 41 0.241316 0.213546
RRV081 con_0016.nii -32 -58 46 -0.168915 0.157401
RRV081 con_0016.nii -6 49 1 -0.0739627 0.51158
RRV081 con_0017.nii 9 3 -6 -0.426896 0.23518
RRV081 con_0017.nii -9 3 -6 0.137977 0.291213
RRV081 con_0017.nii -30 33 -18 -0.0258092 0.222187
RRV081 con_0017.nii 46 28 31 0.0646883 0.285641
RRV081 con_0017.nii -44 27 33 0.270196 0.116267
RRV081 con_0017.nii 44 8 34 0.176938 0.69663
RRV081 con_0017.nii -42 7 36 0.0748263 0.182029
RRV081 con_0017.nii 54 -44 43 0.436393 0.381062
RRV081 con_0017.nii -53 -50 39 -0.0787164 0.252082
RRV081 con_0017.nii 32 -59 41 0.116759 0.31901
RRV081 con_0017.nii -32 -58 46 -0.255021 0.346775
RRV081 con_0017.nii -6 49 1 0.0702553 0.339637
RRV081 con_0018.nii 9 3 -6 -0.413682 0.323942
RRV081 con_0018.nii -9 3 -6 0.336344 0.475192
RRV081 con_0018.nii -30 33 -18 0.359531 0.274974
RRV081 con_0018.nii 46 28 31 0.487316 0.537929
RRV081 con_0018.nii -44 27 33 0.666065 0.227852
RRV081 con_0018.nii 44 8 34 1.24208 1.33222
RRV081 con_0018.nii -42 7 36 0.532529 0.268567
RRV081 con_0018.nii 54 -44 43 0.948514 0.859794
RRV081 con_0018.nii -53 -50 39 0.363791 0.385967
RRV081 con_0018.nii 32 -59 41 0.358075 0.483011
RRV081 con_0018.nii -32 -58 46 -0.423936 0.400458
RRV081 con_0018.nii -6 49 1 -0.00370737 0.835555
RRV081 con_0019.nii 9 3 -6 0.524434 0.182397
RRV081 con_0019.nii -9 3 -6 0.133267 0.261639
RRV081 con_0019.nii -30 33 -18 0.441231 0.276532
RRV081 con_0019.nii 46 28 31 0.140341 0.124635
RRV081 con_0019.nii -44 27 33 -0.0896032 0.135932
RRV081 con_0019.nii 44 8 34 0.237582 0.292783
RRV081 con_0019.nii -42 7 36 0.361885 0.202152
RRV081 con_0019.nii 54 -44 43 -0.119752 0.149686
RRV081 con_0019.nii -53 -50 39 -0.00517841 0.176613
RRV081 con_0019.nii 32 -59 41 0.222514 0.142956
RRV081 con_0019.nii -32 -58 46 0.0612482 0.203753
RRV081 con_0019.nii -6 49 1 0.336485 0.286184
RRV081 con_0020.nii 9 3 -6 -0.242324 0.467205
RRV081 con_0020.nii -9 3 -6 0.134123 0.757876
RRV081 con_0020.nii -30 33 -18 -0.0152011 0.321451
RRV081 con_0020.nii 46 28 31 0.354264 0.139478
RRV081 con_0020.nii -44 27 33 0.107654 0.230444
RRV081 con_0020.nii 44 8 34 0.369883 0.403432
RRV081 con_0020.nii -42 7 36 -0.33123 0.230944
RRV081 con_0020.nii 54 -44 43 0.566939 0.336358
RRV081 con_0020.nii -53 -50 39 0.0197082 0.239036
RRV081 con_0020.nii 32 -59 41 0.27491 0.266806
RRV081 con_0020.nii -32 -58 46 0.238133 0.12928
RRV081 con_0020.nii -6 49 1 -0.138205 0.346809
RRV081 con_0021.nii 9 3 -6 0.28211 0.433917
RRV081 con_0021.nii -9 3 -6 0.26739 0.727537
RRV081 con_0021.nii -30 33 -18 0.426029 0.409689
RRV081 con_0021.nii 46 28 31 0.494605 0.140526
RRV081 con_0021.nii -44 27 33 0.0180512 0.340651
RRV081 con_0021.nii 44 8 34 0.607465 0.410033
RRV081 con_0021.nii -42 7 36 0.0306549 0.175369
RRV081 con_0021.nii 54 -44 43 0.447187 0.373632
RRV081 con_0021.nii -53 -50 39 0.0145298 0.319043
RRV081 con_0021.nii 32 -59 41 0.497425 0.27018
RRV081 con_0021.nii -32 -58 46 0.299381 0.229578
RRV081 con_0021.nii -6 49 1 0.19828 0.451745
RRV081 con_0022.nii 9 3 -6 0.348207 0.446311
RRV081 con_0022.nii -9 3 -6 0.1641 0.625062
RRV081 con_0022.nii -30 33 -18 1.23574 0.585104
RRV081 con_0022.nii 46 28 31 0.504809 0.223432
RRV081 con_0022.nii -44 27 33 0.126666 0.473347
RRV081 con_0022.nii 44 8 34 0.44204 0.350453
RRV081 con_0022.nii -42 7 36 0.757083 0.46879
RRV081 con_0022.nii 54 -44 43 0.225257 0.224081
RRV081 con_0022.nii -53 -50 39 0.588322 0.29885
RRV081 con_0022.nii 32 -59 41 0.216332 0.182574
RRV081 con_0022.nii -32 -58 46 0.41975 0.379907
RRV081 con_0022.nii -6 49 1 0.469258 0.327968
RRV081 con_0023.nii 9 3 -6 -0.242071 0.360368
RRV081 con_0023.nii -9 3 -6 0.0223309 0.322527
RRV081 con_0023.nii -30 33 -18 0.30993 0.372519
RRV081 con_0023.nii 46 28 31 0.10525 0.192073
RRV081 con_0023.nii -44 27 33 0.38901 0.270338
RRV081 con_0023.nii 44 8 34 0.157532 0.244963
RRV081 con_0023.nii -42 7 36 0.307352 0.44464
RRV081 con_0023.nii 54 -44 43 0.0532203 0.393079
RRV081 con_0023.nii -53 -50 39 -0.147213 0.208304
RRV081 con_0023.nii 32 -59 41 0.33006 0.229799
RRV081 con_0023.nii -32 -58 46 0.517255 0.160161
RRV081 con_0023.nii -6 49 1 0.574003 0.303491
RRV081 con_0024.nii 9 3 -6 0.106136 0.521475
RRV081 con_0024.nii -9 3 -6 0.186431 0.736924
RRV081 con_0024.nii -30 33 -18 1.54567 0.514128
RRV081 con_0024.nii 46 28 31 0.61006 0.287939
RRV081 con_0024.nii -44 27 33 0.515676 0.483752
RRV081 con_0024.nii 44 8 34 0.599572 0.570432
RRV081 con_0024.nii -42 7 36 1.06443 0.31539
RRV081 con_0024.nii 54 -44 43 0.278478 0.569667
RRV081 con_0024.nii -53 -50 39 0.441109 0.337324
RRV081 con_0024.nii 32 -59 41 0.546392 0.329511
RRV081 con_0024.nii -32 -58 46 0.937005 0.444141
RRV081 con_0024.nii -6 49 1 1.04326 0.564761
RRV081 con_0025.nii 9 3 -6 0.0585359 0.339874
RRV081 con_0025.nii -9 3 -6 -0.0569868 0.44865
RRV081 con_0025.nii -30 33 -18 0.239934 0.310808
RRV081 con_0025.nii 46 28 31 -0.352837 0.245277
RRV081 con_0025.nii -44 27 33 -0.423439 0.102231
RRV081 con_0025.nii 44 8 34 -0.182076 0.210988
RRV081 con_0025.nii -42 7 36 -0.314799 0.245152
RRV081 con_0025.nii 54 -44 43 -0.900603 0.317928
RRV081 con_0025.nii -53 -50 39 0.0668122 0.221287
RRV081 con_0025.nii 32 -59 41 0.10859 0.24606
RRV081 con_0025.nii -32 -58 46 -0.311435 0.210464
RRV081 con_0025.nii -6 49 1 -0.230309 0.205122
RRV081 con_0026.nii 9 3 -6 -0.7081 0.464122
RRV081 con_0026.nii -9 3 -6 0.126368 0.537654
RRV081 con_0026.nii -30 33 -18 0.116716 0.286904
RRV081 con_0026.nii 46 28 31 0.479134 0.176938
RRV081 con_0026.nii -44 27 33 0.659171 0.176303
RRV081 con_0026.nii 44 8 34 0.224878 0.479972
RRV081 con_0026.nii -42 7 36 0.195881 0.394654
RRV081 con_0026.nii 54 -44 43 0.609611 0.342577
RRV081 con_0026.nii -53 -50 39 -0.0224746 0.186701
RRV081 con_0026.nii 32 -59 41 0.219098 0.231701
RRV081 con_0026.nii -32 -58 46 -0.0714328 0.19359
RRV081 con_0026.nii -6 49 1 0.098475 0.269447
RRV081 con_0027.nii 9 3 -6 -0.649565 0.540638
RRV081 con_0027.nii -9 3 -6 0.0693811 0.759355
RRV081 con_0027.nii -30 33 -18 0.35665 0.361914
RRV081 con_0027.nii 46 28 31 0.126297 0.170946
RRV081 con_0027.nii -44 27 33 0.235732 0.236474
RRV081 con_0027.nii 44 8 34 0.0428021 0.531013
RRV081 con_0027.nii -42 7 36 -0.118918 0.217841
RRV081 con_0027.nii 54 -44 43 -0.290992 0.116375
RRV081 con_0027.nii -53 -50 39 0.0443377 0.209104
RRV081 con_0027.nii 32 -59 41 0.327687 0.405338
RRV081 con_0027.nii -32 -58 46 -0.382868 0.23662
RRV081 con_0027.nii -6 49 1 -0.131834 0.383494
RRV081 con_0028.nii 9 3 -6 0.310392 0.201942
RRV081 con_0028.nii -9 3 -6 0.0801265 0.352059
RRV081 con_0028.nii -30 33 -18 0.638967 0.356304
RRV081 con_0028.nii 46 28 31 0.0974377 0.182164
RRV081 con_0028.nii -44 27 33 -0.128792 0.186512
RRV081 con_0028.nii 44 8 34 0.165849 0.189127
RRV081 con_0028.nii -42 7 36 0.268056 0.237385
RRV081 con_0028.nii 54 -44 43 -0.265032 0.156594
RRV081 con_0028.nii -53 -50 39 0.216652 0.167996
RRV081 con_0028.nii 32 -59 41 0.182479 0.0748175
RRV081 con_0028.nii -32 -58 46 0.0565209 0.204435
RRV081 con_0028.nii -6 49 1 0.191811 0.208733
RRV081 con_0029.nii 9 3 -6 -0.397498 0.245948
RRV081 con_0029.nii -9 3 -6 0.094274 0.241554
RRV081 con_0029.nii -30 33 -18 0.137148 0.235038
RRV081 con_0029.nii 46 28 31 0.312883 0.110058
RRV081 con_0029.nii -44 27 33 0.385278 0.166778
RRV081 con_0029.nii 44 8 34 0.250764 0.315513
RRV081 con_0029.nii -42 7 36 0.0573344 0.247617
RRV081 con_0029.nii 54 -44 43 0.409923 0.300992
RRV081 con_0029.nii -53 -50 39 -0.0499931 0.136997
RRV081 con_0029.nii 32 -59 41 0.274689 0.162218
RRV081 con_0029.nii -32 -58 46 0.227985 0.0895841
RRV081 con_0029.nii -6 49 1 0.178091 0.235415
RRV081 con_0030.nii 9 3 -6 -0.0871062 0.248539
RRV081 con_0030.nii -9 3 -6 0.174401 0.366227
RRV081 con_0030.nii -30 33 -18 0.776115 0.320389
RRV081 con_0030.nii 46 28 31 0.410321 0.135752
RRV081 con_0030.nii -44 27 33 0.256486 0.281813
RRV081 con_0030.nii 44 8 34 0.416613 0.421034
RRV081 con_0030.nii -42 7 36 0.325391 0.14486
RRV081 con_0030.nii 54 -44 43 0.144891 0.303324
RRV081 con_0030.nii -53 -50 39 0.166659 0.202282
RRV081 con_0030.nii 32 -59 41 0.457168 0.183987
RRV081 con_0030.nii -32 -58 46 0.284506 0.202578
RRV081 con_0030.nii -6 49 1 0.369902 0.384841
