RRV036 con_0001.nii 9 3 -6 0.100386 0.376852
RRV036 con_0001.nii -9 3 -6 0.126288 0.238708
RRV036 con_0001.nii -30 33 -18 0.0345337 0.349319
RRV036 con_0001.nii 46 28 31 -0.11702 0.142155
RRV036 con_0001.nii -44 27 33 0.123457 0.333693
RRV036 con_0001.nii 44 8 34 0.206445 0.296126
RRV036 con_0001.nii -42 7 36 0.0839044 0.24292
RRV036 con_0001.nii 54 -44 43 -0.63476 0.153253
RRV036 con_0001.nii -53 -50 39 -0.0352265 0.256948
RRV036 con_0001.nii 32 -59 41 0.0538763 0.323946
RRV036 con_0001.nii -32 -58 46 0.117974 0.439857
RRV036 con_0001.nii -6 49 1 -0.0540963 0.295944
RRV036 con_0002.nii 9 3 -6 -0.215259 0.414847
RRV036 con_0002.nii -9 3 -6 0.248437 0.217865
RRV036 con_0002.nii -30 33 -18 0.148762 0.279732
RRV036 con_0002.nii 46 28 31 -0.160196 0.162544
RRV036 con_0002.nii -44 27 33 0.0417626 0.126964
RRV036 con_0002.nii 44 8 34 -0.637797 0.324932
RRV036 con_0002.nii -42 7 36 -0.127608 0.38652
RRV036 con_0002.nii 54 -44 43 -0.446085 0.195545
RRV036 con_0002.nii -53 -50 39 -0.0534802 0.181841
RRV036 con_0002.nii 32 -59 41 -0.293507 0.37356
RRV036 con_0002.nii -32 -58 46 -0.0691441 0.140011
RRV036 con_0002.nii -6 49 1 0.21354 0.296784
RRV036 con_0003.nii 9 3 -6 -0.114873 0.501189
RRV036 con_0003.nii -9 3 -6 0.374725 0.26945
RRV036 con_0003.nii -30 33 -18 0.183295 0.486048
RRV036 con_0003.nii 46 28 31 -0.277216 0.201565
RRV036 con_0003.nii -44 27 33 0.16522 0.282071
RRV036 con_0003.nii 44 8 34 -0.431352 0.378418
RRV036 con_0003.nii -42 7 36 -0.0437038 0.421116
RRV036 con_0003.nii 54 -44 43 -1.08084 0.245271
RRV036 con_0003.nii -53 -50 39 -0.0887067 0.382582
RRV036 con_0003.nii 32 -59 41 -0.239631 0.604233
RRV036 con_0003.nii -32 -58 46 0.0488299 0.472924
RRV036 con_0003.nii -6 49 1 0.159443 0.414444
RRV036 con_0004.nii 9 3 -6 0.17469 0.254285
RRV036 con_0004.nii -9 3 -6 -0.0838912 0.446267
RRV036 con_0004.nii -30 33 -18 0.64704 0.334266
RRV036 con_0004.nii 46 28 31 -0.248321 0.166133
RRV036 con_0004.nii -44 27 33 0.479245 0.251668
RRV036 con_0004.nii 44 8 34 -0.698398 0.401804
RRV036 con_0004.nii -42 7 36 0.0634537 0.287412
RRV036 con_0004.nii 54 -44 43 -0.571252 0.139994
RRV036 con_0004.nii -53 -50 39 0.000260534 0.344636
RRV036 con_0004.nii 32 -59 41 -0.534412 0.222885
RRV036 con_0004.nii -32 -58 46 -0.0179112 0.185236
RRV036 con_0004.nii -6 49 1 0.424991 0.353656
RRV036 con_0005.nii 9 3 -6 -0.487353 0.52328
RRV036 con_0005.nii -9 3 -6 0.730674 0.394798
RRV036 con_0005.nii -30 33 -18 -0.00729202 0.145974
RRV036 con_0005.nii 46 28 31 -0.142633 0.179826
RRV036 con_0005.nii -44 27 33 -0.00100849 0.218102
RRV036 con_0005.nii 44 8 34 -0.305956 0.345316
RRV036 con_0005.nii -42 7 36 -0.390199 0.235524
RRV036 con_0005.nii 54 -44 43 -0.384308 0.127771
RRV036 con_0005.nii -53 -50 39 -0.363613 0.272515
RRV036 con_0005.nii 32 -59 41 -0.156527 0.161903
RRV036 con_0005.nii -32 -58 46 -0.389564 0.193548
RRV036 con_0005.nii -6 49 1 0.123218 0.371315
RRV036 con_0006.nii 9 3 -6 -0.312664 0.662178
RRV036 con_0006.nii -9 3 -6 0.646783 0.478881
RRV036 con_0006.nii -30 33 -18 0.639748 0.311925
RRV036 con_0006.nii 46 28 31 -0.390954 0.200269
RRV036 con_0006.nii -44 27 33 0.478236 0.408034
RRV036 con_0006.nii 44 8 34 -1.00435 0.703419
RRV036 con_0006.nii -42 7 36 -0.326745 0.27346
RRV036 con_0006.nii 54 -44 43 -0.95556 0.251756
RRV036 con_0006.nii -53 -50 39 -0.363352 0.5187
RRV036 con_0006.nii 32 -59 41 -0.690939 0.332153
RRV036 con_0006.nii -32 -58 46 -0.407476 0.259566
RRV036 con_0006.nii -6 49 1 0.548209 0.317041
RRV036 con_0007.nii 9 3 -6 -0.0912601 0.334266
RRV036 con_0007.nii -9 3 -6 0.0700386 0.315186
RRV036 con_0007.nii -30 33 -18 -0.0172932 0.524415
RRV036 con_0007.nii 46 28 31 0.275693 0.267058
RRV036 con_0007.nii -44 27 33 0.372429 0.212656
RRV036 con_0007.nii 44 8 34 0.0222972 0.255602
RRV036 con_0007.nii -42 7 36 0.155742 0.401194
RRV036 con_0007.nii 54 -44 43 0.652582 0.430393
RRV036 con_0007.nii -53 -50 39 0.44035 0.243093
RRV036 con_0007.nii 32 -59 41 0.187841 0.24178
RRV036 con_0007.nii -32 -58 46 0.920885 0.347237
RRV036 con_0007.nii -6 49 1 0.262472 0.333027
RRV036 con_0008.nii 9 3 -6 -0.492342 0.325434
RRV036 con_0008.nii -9 3 -6 0.187401 0.1625
RRV036 con_0008.nii -30 33 -18 -0.391367 0.253697
RRV036 con_0008.nii 46 28 31 -0.111864 0.175782
RRV036 con_0008.nii -44 27 33 -0.0517487 0.212102
RRV036 con_0008.nii 44 8 34 -0.728872 0.263907
RRV036 con_0008.nii -42 7 36 -0.453268 0.377204
RRV036 con_0008.nii 54 -44 43 0.184299 0.281537
RRV036 con_0008.nii -53 -50 39 0.235451 0.166967
RRV036 con_0008.nii 32 -59 41 0.175106 0.170162
RRV036 con_0008.nii -32 -58 46 -0.450957 0.168627
RRV036 con_0008.nii -6 49 1 0.0604523 0.260446
RRV036 con_0009.nii 9 3 -6 -0.583602 0.280863
RRV036 con_0009.nii -9 3 -6 0.25744 0.37105
RRV036 con_0009.nii -30 33 -18 -0.40866 0.624503
RRV036 con_0009.nii 46 28 31 0.163829 0.398744
RRV036 con_0009.nii -44 27 33 0.32068 0.275021
RRV036 con_0009.nii 44 8 34 -0.706574 0.435814
RRV036 con_0009.nii -42 7 36 -0.297526 0.297753
RRV036 con_0009.nii 54 -44 43 0.836881 0.633409
RRV036 con_0009.nii -53 -50 39 0.6758 0.267282
RRV036 con_0009.nii 32 -59 41 0.362947 0.24727
RRV036 con_0009.nii -32 -58 46 0.469928 0.284946
RRV036 con_0009.nii -6 49 1 0.322924 0.345799
RRV036 con_0010.nii 9 3 -6 -0.34685 0.214198
RRV036 con_0010.nii -9 3 -6 0.151104 0.137314
RRV036 con_0010.nii -30 33 -18 -0.341414 0.171073
RRV036 con_0010.nii 46 28 31 -0.149984 0.201848
RRV036 con_0010.nii -44 27 33 0.286006 0.116792
RRV036 con_0010.nii 44 8 34 0.00464974 0.0984376
RRV036 con_0010.nii -42 7 36 -0.233297 0.123406
RRV036 con_0010.nii 54 -44 43 0.0400601 0.197859
RRV036 con_0010.nii -53 -50 39 0.058291 0.0726605
RRV036 con_0010.nii 32 -59 41 -0.17396 0.100093
RRV036 con_0010.nii -32 -58 46 -0.104126 0.183985
RRV036 con_0010.nii -6 49 1 0.0886403 0.191662
RRV036 con_0011.nii 9 3 -6 -0.247333 0.156379
RRV036 con_0011.nii -9 3 -6 0.585044 0.285959
RRV036 con_0011.nii -30 33 -18 0.0345389 0.107364
RRV036 con_0011.nii 46 28 31 0.383436 0.194374
RRV036 con_0011.nii -44 27 33 0.0580933 0.108127
RRV036 con_0011.nii 44 8 34 0.02379 0.221047
RRV036 con_0011.nii -42 7 36 0.139842 0.330958
RRV036 con_0011.nii 54 -44 43 0.0936658 0.295534
RRV036 con_0011.nii -53 -50 39 0.110568 0.114656
RRV036 con_0011.nii 32 -59 41 0.423149 0.163077
RRV036 con_0011.nii -32 -58 46 0.524394 0.141474
RRV036 con_0011.nii -6 49 1 -0.128445 0.249202
RRV036 con_0012.nii 9 3 -6 -0.594183 0.29114
RRV036 con_0012.nii -9 3 -6 0.736147 0.338073
RRV036 con_0012.nii -30 33 -18 -0.306875 0.20897
RRV036 con_0012.nii 46 28 31 0.233452 0.258736
RRV036 con_0012.nii -44 27 33 0.3441 0.145764
RRV036 con_0012.nii 44 8 34 0.0284397 0.302094
RRV036 con_0012.nii -42 7 36 -0.0934556 0.406514
RRV036 con_0012.nii 54 -44 43 0.133726 0.487806
RRV036 con_0012.nii -53 -50 39 0.168859 0.111816
RRV036 con_0012.nii 32 -59 41 0.249189 0.114728
RRV036 con_0012.nii -32 -58 46 0.420268 0.231735
RRV036 con_0012.nii -6 49 1 -0.0398049 0.328813
RRV036 con_0013.nii 9 3 -6 -0.0245229 0.466941
RRV036 con_0013.nii -9 3 -6 0.270029 0.42264
RRV036 con_0013.nii -30 33 -18 -0.26923 0.0921461
RRV036 con_0013.nii 46 28 31 -0.118709 0.110966
RRV036 con_0013.nii -44 27 33 -0.00590446 0.214142
RRV036 con_0013.nii 44 8 34 0.159092 0.25744
RRV036 con_0013.nii -42 7 36 -0.080771 0.16255
RRV036 con_0013.nii 54 -44 43 -0.262462 0.0892372
RRV036 con_0013.nii -53 -50 39 -0.266747 0.15492
RRV036 con_0013.nii 32 -59 41 0.04617 0.118701
RRV036 con_0013.nii -32 -58 46 0.335512 0.242363
RRV036 con_0013.nii -6 49 1 -0.0993437 0.208887
RRV036 con_0014.nii 9 3 -6 -0.813981 0.238843
RRV036 con_0014.nii -9 3 -6 0.318214 0.289978
RRV036 con_0014.nii -30 33 -18 -0.3822 0.240185
RRV036 con_0014.nii 46 28 31 -0.207111 0.103633
RRV036 con_0014.nii -44 27 33 -0.350221 0.150373
RRV036 con_0014.nii 44 8 34 -0.232773 0.181762
RRV036 con_0014.nii -42 7 36 -0.455762 0.33718
RRV036 con_0014.nii 54 -44 43 -0.0398845 0.0734791
RRV036 con_0014.nii -53 -50 39 -0.238175 0.135286
RRV036 con_0014.nii 32 -59 41 0.111713 0.103528
RRV036 con_0014.nii -32 -58 46 -0.094152 0.134561
RRV036 con_0014.nii -6 49 1 -0.419365 0.272771
RRV036 con_0015.nii 9 3 -6 -0.838504 0.653127
RRV036 con_0015.nii -9 3 -6 0.588243 0.684233
RRV036 con_0015.nii -30 33 -18 -0.651429 0.250801
RRV036 con_0015.nii 46 28 31 -0.325819 0.187418
RRV036 con_0015.nii -44 27 33 -0.356125 0.309958
RRV036 con_0015.nii 44 8 34 -0.0736809 0.360544
RRV036 con_0015.nii -42 7 36 -0.536533 0.280766
RRV036 con_0015.nii 54 -44 43 -0.302346 0.138623
RRV036 con_0015.nii -53 -50 39 -0.504922 0.254351
RRV036 con_0015.nii 32 -59 41 0.157883 0.195437
RRV036 con_0015.nii -32 -58 46 0.24136 0.218564
RRV036 con_0015.nii -6 49 1 -0.518708 0.395124
RRV036 con_0016.nii 9 3 -6 0.0612719 0.228993
RRV036 con_0016.nii -9 3 -6 0.0374783 0.155597
RRV036 con_0016.nii -30 33 -18 0.221427 0.317516
RRV036 con_0016.nii 46 28 31 -0.0298825 0.0973305
RRV036 con_0016.nii -44 27 33 0.325044 0.156229
RRV036 con_0016.nii 44 8 34 -0.156552 0.208608
RRV036 con_0016.nii -42 7 36 0.101033 0.250726
RRV036 con_0016.nii 54 -44 43 -0.184477 0.176106
RRV036 con_0016.nii -53 -50 39 0.135128 0.188786
RRV036 con_0016.nii 32 -59 41 -0.0975647 0.193997
RRV036 con_0016.nii -32 -58 46 0.340316 0.230865
RRV036 con_0016.nii -6 49 1 0.211122 0.286128
RRV036 con_0017.nii 9 3 -6 -0.398318 0.188488
RRV036 con_0017.nii -9 3 -6 0.388837 0.203847
RRV036 con_0017.nii -30 33 -18 -0.083299 0.158478
RRV036 con_0017.nii 46 28 31 -0.138231 0.117423
RRV036 con_0017.nii -44 27 33 -0.00366489 0.13031
RRV036 con_0017.nii 44 8 34 -0.557542 0.286588
RRV036 con_0017.nii -42 7 36 -0.323692 0.286444
RRV036 con_0017.nii 54 -44 43 -0.215364 0.0603769
RRV036 con_0017.nii -53 -50 39 -0.0605475 0.148982
RRV036 con_0017.nii 32 -59 41 -0.0916427 0.166033
RRV036 con_0017.nii -32 -58 46 -0.303222 0.12021
RRV036 con_0017.nii -6 49 1 0.132403 0.244716
RRV036 con_0018.nii 9 3 -6 -0.337046 0.317317
RRV036 con_0018.nii -9 3 -6 0.426316 0.212312
RRV036 con_0018.nii -30 33 -18 0.138128 0.328742
RRV036 con_0018.nii 46 28 31 -0.168114 0.162027
RRV036 con_0018.nii -44 27 33 0.321379 0.157904
RRV036 con_0018.nii 44 8 34 -0.714094 0.438184
RRV036 con_0018.nii -42 7 36 -0.222658 0.18733
RRV036 con_0018.nii 54 -44 43 -0.399841 0.196694
RRV036 con_0018.nii -53 -50 39 0.0745805 0.298693
RRV036 con_0018.nii 32 -59 41 -0.189207 0.257724
RRV036 con_0018.nii -32 -58 46 0.0370939 0.224068
RRV036 con_0018.nii -6 49 1 0.343525 0.306421
RRV036 con_0019.nii 9 3 -6 0.447236 0.229295
RRV036 con_0019.nii -9 3 -6 -0.0248161 0.262298
RRV036 con_0019.nii -30 33 -18 0.375948 0.251218
RRV036 con_0019.nii 46 28 31 0.0329638 0.268182
RRV036 con_0019.nii -44 27 33 -0.162549 0.362871
RRV036 con_0019.nii 44 8 34 0.201795 0.280087
RRV036 con_0019.nii -42 7 36 0.317202 0.161446
RRV036 con_0019.nii 54 -44 43 -0.67482 0.148758
RRV036 con_0019.nii -53 -50 39 -0.0935175 0.280583
RRV036 con_0019.nii 32 -59 41 0.227836 0.38745
RRV036 con_0019.nii -32 -58 46 0.2221 0.563077
RRV036 con_0019.nii -6 49 1 -0.142737 0.28088
RRV036 con_0020.nii 9 3 -6 0.0320741 0.45015
RRV036 con_0020.nii -9 3 -6 -0.336606 0.278076
RRV036 con_0020.nii -30 33 -18 0.114223 0.278483
RRV036 con_0020.nii 46 28 31 -0.543632 0.175447
RRV036 con_0020.nii -44 27 33 -0.0163308 0.112318
RRV036 con_0020.nii 44 8 34 -0.661587 0.310847
RRV036 con_0020.nii -42 7 36 -0.26745 0.641812
RRV036 con_0020.nii 54 -44 43 -0.539751 0.447666
RRV036 con_0020.nii -53 -50 39 -0.164048 0.148964
RRV036 con_0020.nii 32 -59 41 -0.716656 0.446529
RRV036 con_0020.nii -32 -58 46 -0.593538 0.123379
RRV036 con_0020.nii -6 49 1 0.341985 0.25605
RRV036 con_0021.nii 9 3 -6 0.47931 0.499609
RRV036 con_0021.nii -9 3 -6 -0.361422 0.431482
RRV036 con_0021.nii -30 33 -18 0.49017 0.442726
RRV036 con_0021.nii 46 28 31 -0.510669 0.229196
RRV036 con_0021.nii -44 27 33 -0.17888 0.31424
RRV036 con_0021.nii 44 8 34 -0.459792 0.320958
RRV036 con_0021.nii -42 7 36 0.0497518 0.60601
RRV036 con_0021.nii 54 -44 43 -1.21457 0.569641
RRV036 con_0021.nii -53 -50 39 -0.257566 0.315611
RRV036 con_0021.nii 32 -59 41 -0.48882 0.65974
RRV036 con_0021.nii -32 -58 46 -0.371438 0.61286
RRV036 con_0021.nii -6 49 1 0.199248 0.408505
RRV036 con_0022.nii 9 3 -6 0.52154 0.211363
RRV036 con_0022.nii -9 3 -6 -0.234995 0.424342
RRV036 con_0022.nii -30 33 -18 0.988454 0.362573
RRV036 con_0022.nii 46 28 31 -0.0983369 0.310995
RRV036 con_0022.nii -44 27 33 0.193238 0.152277
RRV036 con_0022.nii 44 8 34 -0.703047 0.370691
RRV036 con_0022.nii -42 7 36 0.296751 0.292233
RRV036 con_0022.nii 54 -44 43 -0.611312 0.260647
RRV036 con_0022.nii -53 -50 39 -0.0580304 0.311969
RRV036 con_0022.nii 32 -59 41 -0.360452 0.274698
RRV036 con_0022.nii -32 -58 46 0.086215 0.256428
RRV036 con_0022.nii -6 49 1 0.33635 0.29764
RRV036 con_0023.nii 9 3 -6 -0.24002 0.462765
RRV036 con_0023.nii -9 3 -6 0.14563 0.268871
RRV036 con_0023.nii -30 33 -18 -0.041831 0.167708
RRV036 con_0023.nii 46 28 31 -0.526069 0.207945
RRV036 con_0023.nii -44 27 33 -0.0591018 0.27805
RRV036 con_0023.nii 44 8 34 -0.329746 0.251038
RRV036 con_0023.nii -42 7 36 -0.53004 0.358187
RRV036 con_0023.nii 54 -44 43 -0.477973 0.321118
RRV036 con_0023.nii -53 -50 39 -0.474181 0.190383
RRV036 con_0023.nii 32 -59 41 -0.579676 0.226508
RRV036 con_0023.nii -32 -58 46 -0.913958 0.251
RRV036 con_0023.nii -6 49 1 0.251663 0.299954
RRV036 con_0024.nii 9 3 -6 0.28152 0.46875
RRV036 con_0024.nii -9 3 -6 -0.0893645 0.489292
RRV036 con_0024.nii -30 33 -18 0.946623 0.317878
RRV036 con_0024.nii 46 28 31 -0.624406 0.320014
RRV036 con_0024.nii -44 27 33 0.134137 0.37907
RRV036 con_0024.nii 44 8 34 -1.03279 0.589104
RRV036 con_0024.nii -42 7 36 -0.233289 0.31659
RRV036 con_0024.nii 54 -44 43 -1.08929 0.573087
RRV036 con_0024.nii -53 -50 39 -0.532211 0.441662
RRV036 con_0024.nii 32 -59 41 -0.940128 0.379809
RRV036 con_0024.nii -32 -58 46 -0.827743 0.409186
RRV036 con_0024.nii -6 49 1 0.588013 0.288861
RRV036 con_0025.nii 9 3 -6 0.25559 0.416677
RRV036 con_0025.nii -9 3 -6 -0.081065 0.361518
RRV036 con_0025.nii -30 33 -18 0.324121 0.410466
RRV036 con_0025.nii 46 28 31 0.425677 0.162688
RRV036 con_0025.nii -44 27 33 0.0864225 0.239845
RRV036 con_0025.nii 44 8 34 0.0176475 0.217018
RRV036 con_0025.nii -42 7 36 0.38904 0.30703
RRV036 con_0025.nii 54 -44 43 0.612522 0.257938
RRV036 con_0025.nii -53 -50 39 0.382059 0.214632
RRV036 con_0025.nii 32 -59 41 0.361801 0.279127
RRV036 con_0025.nii -32 -58 46 1.02501 0.301087
RRV036 con_0025.nii -6 49 1 0.173832 0.314347
RRV036 con_0026.nii 9 3 -6 -0.245009 0.274764
RRV036 con_0026.nii -9 3 -6 -0.397642 0.226611
RRV036 con_0026.nii -30 33 -18 -0.425906 0.218124
RRV036 con_0026.nii 46 28 31 -0.4953 0.281542
RRV036 con_0026.nii -44 27 33 -0.109842 0.203287
RRV036 con_0026.nii 44 8 34 -0.752662 0.275439
RRV036 con_0026.nii -42 7 36 -0.59311 0.642529
RRV036 con_0026.nii 54 -44 43 0.0906334 0.307022
RRV036 con_0026.nii -53 -50 39 0.124882 0.190462
RRV036 con_0026.nii 32 -59 41 -0.248044 0.22418
RRV036 con_0026.nii -32 -58 46 -0.975351 0.228733
RRV036 con_0026.nii -6 49 1 0.188898 0.179932
RRV036 con_0027.nii 9 3 -6 0.0105814 0.363868
RRV036 con_0027.nii -9 3 -6 -0.478707 0.39055
RRV036 con_0027.nii -30 33 -18 -0.101785 0.476089
RRV036 con_0027.nii 46 28 31 -0.0696232 0.255845
RRV036 con_0027.nii -44 27 33 -0.0234196 0.232847
RRV036 con_0027.nii 44 8 34 -0.735014 0.329933
RRV036 con_0027.nii -42 7 36 -0.20407 0.513268
RRV036 con_0027.nii 54 -44 43 0.703155 0.337765
RRV036 con_0027.nii -53 -50 39 0.506941 0.290949
RRV036 con_0027.nii 32 -59 41 0.113758 0.187859
RRV036 con_0027.nii -32 -58 46 0.04966 0.240155
RRV036 con_0027.nii -6 49 1 0.362729 0.311497
RRV036 con_0028.nii 9 3 -6 0.408122 0.191287
RRV036 con_0028.nii -9 3 -6 -0.113625 0.179551
RRV036 con_0028.nii -30 33 -18 0.562841 0.22857
RRV036 con_0028.nii 46 28 31 0.120101 0.186546
RRV036 con_0028.nii -44 27 33 0.0390373 0.147988
RRV036 con_0028.nii 44 8 34 -0.161202 0.162316
RRV036 con_0028.nii -42 7 36 0.334331 0.174881
RRV036 con_0028.nii 54 -44 43 -0.224537 0.084289
RRV036 con_0028.nii -53 -50 39 0.076837 0.168472
RRV036 con_0028.nii 32 -59 41 0.0763954 0.260331
RRV036 con_0028.nii -32 -58 46 0.444442 0.308221
RRV036 con_0028.nii -6 49 1 0.122482 0.250561
RRV036 con_0029.nii 9 3 -6 -0.150985 0.125217
RRV036 con_0029.nii -9 3 -6 -0.196206 0.178787
RRV036 con_0029.nii -30 33 -18 -0.117838 0.146836
RRV036 con_0029.nii 46 28 31 -0.521667 0.187079
RRV036 con_0029.nii -44 27 33 -0.0617582 0.156546
RRV036 con_0029.nii 44 8 34 -0.581332 0.24996
RRV036 con_0029.nii -42 7 36 -0.463533 0.532936
RRV036 con_0029.nii 54 -44 43 -0.30903 0.302707
RRV036 con_0029.nii -53 -50 39 -0.171116 0.0932556
RRV036 con_0029.nii 32 -59 41 -0.514792 0.250956
RRV036 con_0029.nii -32 -58 46 -0.827616 0.171653
RRV036 con_0029.nii -6 49 1 0.260849 0.156823
RRV036 con_0030.nii 9 3 -6 0.257137 0.212329
RRV036 con_0030.nii -9 3 -6 -0.309831 0.302067
RRV036 con_0030.nii -30 33 -18 0.445003 0.203621
RRV036 con_0030.nii 46 28 31 -0.401566 0.140738
RRV036 con_0030.nii -44 27 33 -0.022721 0.128799
RRV036 con_0030.nii 44 8 34 -0.742533 0.319894
RRV036 con_0030.nii -42 7 36 -0.129202 0.406375
RRV036 con_0030.nii 54 -44 43 -0.533567 0.345603
RRV036 con_0030.nii -53 -50 39 -0.0942786 0.231027
RRV036 con_0030.nii 32 -59 41 -0.438397 0.30414
RRV036 con_0030.nii -32 -58 46 -0.383174 0.35548
RRV036 con_0030.nii -6 49 1 0.38333 0.281172
RRV036 con_0031.nii 9 3 -6 0.322327 0.334121
RRV036 con_0031.nii -9 3 -6 0.118926 0.330778
RRV036 con_0031.nii -30 33 -18 0.0721844 0.126515
RRV036 con_0031.nii 46 28 31 0.0312752 0.185483
RRV036 con_0031.nii -44 27 33 -0.291911 0.14301
RRV036 con_0031.nii 44 8 34 0.154442 0.197332
RRV036 con_0031.nii -42 7 36 0.152526 0.0819979
RRV036 con_0031.nii 54 -44 43 -0.302522 0.245235
RRV036 con_0031.nii -53 -50 39 -0.325038 0.172597
RRV036 con_0031.nii 32 -59 41 0.22013 0.12527
RRV036 con_0031.nii -32 -58 46 0.439638 0.172103
RRV036 con_0031.nii -6 49 1 -0.187984 0.141344
RRV036 con_0032.nii 9 3 -6 -0.566648 0.148119
RRV036 con_0032.nii -9 3 -6 -0.26683 0.248672
RRV036 con_0032.nii -30 33 -18 -0.416739 0.261226
RRV036 con_0032.nii 46 28 31 -0.590547 0.243672
RRV036 con_0032.nii -44 27 33 -0.408314 0.120479
RRV036 con_0032.nii 44 8 34 -0.256563 0.201003
RRV036 con_0032.nii -42 7 36 -0.595604 0.590527
RRV036 con_0032.nii 54 -44 43 -0.13355 0.330982
RRV036 con_0032.nii -53 -50 39 -0.348743 0.137234
RRV036 con_0032.nii 32 -59 41 -0.311437 0.156784
RRV036 con_0032.nii -32 -58 46 -0.618546 0.188257
RRV036 con_0032.nii -6 49 1 -0.290919 0.12765
RRV036 con_0033.nii 9 3 -6 -0.24432 0.43533
RRV036 con_0033.nii -9 3 -6 -0.147904 0.495738
RRV036 con_0033.nii -30 33 -18 -0.344554 0.348199
RRV036 con_0033.nii 46 28 31 -0.559272 0.313832
RRV036 con_0033.nii -44 27 33 -0.700225 0.228355
RRV036 con_0033.nii 44 8 34 -0.102121 0.190817
RRV036 con_0033.nii -42 7 36 -0.443078 0.552364
RRV036 con_0033.nii 54 -44 43 -0.436072 0.573621
RRV036 con_0033.nii -53 -50 39 -0.673781 0.223534
RRV036 con_0033.nii 32 -59 41 -0.0913065 0.169402
RRV036 con_0033.nii -32 -58 46 -0.178907 0.209302
RRV036 con_0033.nii -6 49 1 -0.478903 0.172923
