RRV024 con_0001.nii 9 3 -6 0.323506 0.268178
RRV024 con_0001.nii -9 3 -6 0.337875 0.359784
RRV024 con_0001.nii -30 33 -18 0.773404 0.319833
RRV024 con_0001.nii 46 28 31 0.624145 0.281385
RRV024 con_0001.nii -44 27 33 0.452776 0.591215
RRV024 con_0001.nii 44 8 34 -0.329354 0.499971
RRV024 con_0001.nii -42 7 36 1.04448 0.606084
RRV024 con_0001.nii 54 -44 43 0.479016 0.304783
RRV024 con_0001.nii -53 -50 39 0.395441 0.330979
RRV024 con_0001.nii 32 -59 41 0.516504 0.377365
RRV024 con_0001.nii -32 -58 46 0.128225 0.403005
RRV024 con_0001.nii -6 49 1 0.320657 0.157983
RRV024 con_0002.nii 9 3 -6 0.0342877 0.201966
RRV024 con_0002.nii -9 3 -6 0.440362 0.313325
RRV024 con_0002.nii -30 33 -18 0.217706 0.223176
RRV024 con_0002.nii 46 28 31 -0.180611 0.231854
RRV024 con_0002.nii -44 27 33 -0.144236 0.394782
RRV024 con_0002.nii 44 8 34 -0.603202 0.724016
RRV024 con_0002.nii -42 7 36 1.1562 0.697268
RRV024 con_0002.nii 54 -44 43 -0.571524 0.23335
RRV024 con_0002.nii -53 -50 39 -0.312694 0.211592
RRV024 con_0002.nii 32 -59 41 0.589603 0.550718
RRV024 con_0002.nii -32 -58 46 -0.513901 0.330941
RRV024 con_0002.nii -6 49 1 -0.390936 0.186613
RRV024 con_0003.nii 9 3 -6 0.357794 0.347584
RRV024 con_0003.nii -9 3 -6 0.778237 0.462644
RRV024 con_0003.nii -30 33 -18 0.99111 0.408566
RRV024 con_0003.nii 46 28 31 0.443534 0.439944
RRV024 con_0003.nii -44 27 33 0.30854 0.619676
RRV024 con_0003.nii 44 8 34 -0.932557 1.16237
RRV024 con_0003.nii -42 7 36 2.20068 1.25457
RRV024 con_0003.nii 54 -44 43 -0.092508 0.510869
RRV024 con_0003.nii -53 -50 39 0.0827478 0.260665
RRV024 con_0003.nii 32 -59 41 1.10611 0.818847
RRV024 con_0003.nii -32 -58 46 -0.385676 0.510784
RRV024 con_0003.nii -6 49 1 -0.0702783 0.218777
RRV024 con_0004.nii 9 3 -6 0.116408 0.280336
RRV024 con_0004.nii -9 3 -6 0.188005 0.202118
RRV024 con_0004.nii -30 33 -18 -0.0362242 0.340219
RRV024 con_0004.nii 46 28 31 0.44831 0.384539
RRV024 con_0004.nii -44 27 33 -0.186298 0.349249
RRV024 con_0004.nii 44 8 34 0.175805 0.568359
RRV024 con_0004.nii -42 7 36 1.57345 0.671415
RRV024 con_0004.nii 54 -44 43 -0.303346 0.37846
RRV024 con_0004.nii -53 -50 39 -0.213649 0.270982
RRV024 con_0004.nii 32 -59 41 0.84226 0.446731
RRV024 con_0004.nii -32 -58 46 0.0967824 0.414401
RRV024 con_0004.nii -6 49 1 0.166176 0.212691
RRV024 con_0005.nii 9 3 -6 0.178519 0.342426
RRV024 con_0005.nii -9 3 -6 0.252217 0.410676
RRV024 con_0005.nii -30 33 -18 0.628247 0.444314
RRV024 con_0005.nii 46 28 31 -0.651792 0.324681
RRV024 con_0005.nii -44 27 33 0.475198 0.422301
RRV024 con_0005.nii 44 8 34 -0.236174 0.347692
RRV024 con_0005.nii -42 7 36 0.976831 1.25766
RRV024 con_0005.nii 54 -44 43 0.118572 0.355107
RRV024 con_0005.nii -53 -50 39 0.205738 0.20859
RRV024 con_0005.nii 32 -59 41 0.331672 0.659872
RRV024 con_0005.nii -32 -58 46 -0.052176 0.70865
RRV024 con_0005.nii -6 49 1 -0.250134 0.375899
RRV024 con_0006.nii 9 3 -6 0.294927 0.384147
RRV024 con_0006.nii -9 3 -6 0.440222 0.489769
RRV024 con_0006.nii -30 33 -18 0.592023 0.622473
RRV024 con_0006.nii 46 28 31 -0.203483 0.507205
RRV024 con_0006.nii -44 27 33 0.2889 0.713245
RRV024 con_0006.nii 44 8 34 -0.0603687 0.873297
RRV024 con_0006.nii -42 7 36 2.55028 1.88523
RRV024 con_0006.nii 54 -44 43 -0.184775 0.631176
RRV024 con_0006.nii -53 -50 39 -0.00791153 0.34786
RRV024 con_0006.nii 32 -59 41 1.17393 0.986067
RRV024 con_0006.nii -32 -58 46 0.0446064 1.01953
RRV024 con_0006.nii -6 49 1 -0.0839583 0.440319
RRV024 con_0007.nii 9 3 -6 0.0321242 0.515961
RRV024 con_0007.nii -9 3 -6 -0.297399 0.264448
RRV024 con_0007.nii -30 33 -18 0.294225 0.364382
RRV024 con_0007.nii 46 28 31 0.173946 0.292394
RRV024 con_0007.nii -44 27 33 -0.197669 0.244684
RRV024 con_0007.nii 44 8 34 -0.310978 0.313129
RRV024 con_0007.nii -42 7 36 0.225802 0.584823
RRV024 con_0007.nii 54 -44 43 -0.197124 0.305209
RRV024 con_0007.nii -53 -50 39 -0.172474 0.221785
RRV024 con_0007.nii 32 -59 41 0.420416 0.287792
RRV024 con_0007.nii -32 -58 46 -0.113063 0.300901
RRV024 con_0007.nii -6 49 1 -0.142044 0.254784
RRV024 con_0008.nii 9 3 -6 -0.395414 0.263429
RRV024 con_0008.nii -9 3 -6 -0.0574798 0.428225
RRV024 con_0008.nii -30 33 -18 0.298897 0.288049
RRV024 con_0008.nii 46 28 31 0.919297 0.593575
RRV024 con_0008.nii -44 27 33 0.816519 0.558144
RRV024 con_0008.nii 44 8 34 0.0361402 0.499335
RRV024 con_0008.nii -42 7 36 1.44681 1.3238
RRV024 con_0008.nii 54 -44 43 0.863154 0.365948
RRV024 con_0008.nii -53 -50 39 0.564103 0.378049
RRV024 con_0008.nii 32 -59 41 0.936718 0.44632
RRV024 con_0008.nii -32 -58 46 0.306304 0.447852
RRV024 con_0008.nii -6 49 1 -0.0057509 0.246257
RRV024 con_0009.nii 9 3 -6 -0.363289 0.498276
RRV024 con_0009.nii -9 3 -6 -0.354879 0.612318
RRV024 con_0009.nii -30 33 -18 0.593122 0.592633
RRV024 con_0009.nii 46 28 31 1.09324 0.683749
RRV024 con_0009.nii -44 27 33 0.61885 0.731021
RRV024 con_0009.nii 44 8 34 -0.274837 0.751795
RRV024 con_0009.nii -42 7 36 1.67261 1.64011
RRV024 con_0009.nii 54 -44 43 0.666029 0.563633
RRV024 con_0009.nii -53 -50 39 0.391629 0.496913
RRV024 con_0009.nii 32 -59 41 1.35713 0.656579
RRV024 con_0009.nii -32 -58 46 0.19324 0.522185
RRV024 con_0009.nii -6 49 1 -0.147795 0.462924
RRV024 con_0010.nii 9 3 -6 0.0216228 0.205987
RRV024 con_0010.nii -9 3 -6 -0.0399926 0.239971
RRV024 con_0010.nii -30 33 -18 0.140526 0.177995
RRV024 con_0010.nii 46 28 31 -0.285586 0.359444
RRV024 con_0010.nii -44 27 33 -0.182667 0.0954139
RRV024 con_0010.nii 44 8 34 -0.423299 0.263981
RRV024 con_0010.nii -42 7 36 0.450537 0.247018
RRV024 con_0010.nii 54 -44 43 0.204631 0.238672
RRV024 con_0010.nii -53 -50 39 -0.0736725 0.175166
RRV024 con_0010.nii 32 -59 41 0.425562 0.259044
RRV024 con_0010.nii -32 -58 46 -0.186488 0.337223
RRV024 con_0010.nii -6 49 1 -0.0717267 0.16993
RRV024 con_0011.nii 9 3 -6 -0.138261 0.165139
RRV024 con_0011.nii -9 3 -6 0.139894 0.1237
RRV024 con_0011.nii -30 33 -18 0.254483 0.328853
RRV024 con_0011.nii 46 28 31 -0.213107 0.271525
RRV024 con_0011.nii -44 27 33 0.0597008 0.29857
RRV024 con_0011.nii 44 8 34 -0.141796 0.257159
RRV024 con_0011.nii -42 7 36 0.479481 0.771967
RRV024 con_0011.nii 54 -44 43 0.398571 0.216411
RRV024 con_0011.nii -53 -50 39 0.450234 0.175309
RRV024 con_0011.nii 32 -59 41 0.372226 0.27379
RRV024 con_0011.nii -32 -58 46 -0.329664 0.300785
RRV024 con_0011.nii -6 49 1 -0.499029 0.252275
RRV024 con_0012.nii 9 3 -6 -0.116638 0.352311
RRV024 con_0012.nii -9 3 -6 0.0999018 0.311328
RRV024 con_0012.nii -30 33 -18 0.395009 0.441461
RRV024 con_0012.nii 46 28 31 -0.498693 0.595603
RRV024 con_0012.nii -44 27 33 -0.122966 0.338522
RRV024 con_0012.nii 44 8 34 -0.565096 0.471562
RRV024 con_0012.nii -42 7 36 0.930017 0.970172
RRV024 con_0012.nii 54 -44 43 0.603202 0.397501
RRV024 con_0012.nii -53 -50 39 0.376561 0.315284
RRV024 con_0012.nii 32 -59 41 0.797788 0.507576
RRV024 con_0012.nii -32 -58 46 -0.516152 0.616785
RRV024 con_0012.nii -6 49 1 -0.570756 0.340922
RRV024 con_0013.nii 9 3 -6 -0.0464109 0.20122
RRV024 con_0013.nii -9 3 -6 0.00851817 0.191658
RRV024 con_0013.nii -30 33 -18 0.375243 0.347654
RRV024 con_0013.nii 46 28 31 0.178262 0.261149
RRV024 con_0013.nii -44 27 33 -0.0987295 0.299118
RRV024 con_0013.nii 44 8 34 -0.0767597 0.649749
RRV024 con_0013.nii -42 7 36 1.65877 0.548778
RRV024 con_0013.nii 54 -44 43 0.200114 0.234744
RRV024 con_0013.nii -53 -50 39 0.298444 0.261527
RRV024 con_0013.nii 32 -59 41 0.324144 0.308312
RRV024 con_0013.nii -32 -58 46 -0.12768 0.238623
RRV024 con_0013.nii -6 49 1 0.295246 0.142806
RRV024 con_0014.nii 9 3 -6 0.0936577 0.34586
RRV024 con_0014.nii -9 3 -6 0.152233 0.298282
RRV024 con_0014.nii -30 33 -18 0.580945 0.357823
RRV024 con_0014.nii 46 28 31 -0.851236 0.47267
RRV024 con_0014.nii -44 27 33 0.433697 0.349312
RRV024 con_0014.nii 44 8 34 0.268944 0.512726
RRV024 con_0014.nii -42 7 36 1.76744 1.32654
RRV024 con_0014.nii 54 -44 43 -0.0817794 0.261558
RRV024 con_0014.nii -53 -50 39 0.527496 0.377856
RRV024 con_0014.nii 32 -59 41 0.355759 0.268592
RRV024 con_0014.nii -32 -58 46 -0.1841 0.406741
RRV024 con_0014.nii -6 49 1 -0.188331 0.358708
RRV024 con_0015.nii 9 3 -6 0.0472468 0.51207
RRV024 con_0015.nii -9 3 -6 0.160751 0.45301
RRV024 con_0015.nii -30 33 -18 0.956187 0.661827
RRV024 con_0015.nii 46 28 31 -0.672974 0.682882
RRV024 con_0015.nii -44 27 33 0.334968 0.623197
RRV024 con_0015.nii 44 8 34 0.192185 1.10997
RRV024 con_0015.nii -42 7 36 3.42621 1.79102
RRV024 con_0015.nii 54 -44 43 0.118334 0.460407
RRV024 con_0015.nii -53 -50 39 0.825941 0.622928
RRV024 con_0015.nii 32 -59 41 0.679903 0.469235
RRV024 con_0015.nii -32 -58 46 -0.311781 0.573713
RRV024 con_0015.nii -6 49 1 0.106915 0.432895
RRV024 con_0016.nii 9 3 -6 0.157346 0.28048
RRV024 con_0016.nii -9 3 -6 0.0761604 0.150621
RRV024 con_0016.nii -30 33 -18 0.343802 0.274975
RRV024 con_0016.nii 46 28 31 0.415467 0.264023
RRV024 con_0016.nii -44 27 33 0.0229363 0.329373
RRV024 con_0016.nii 44 8 34 -0.154842 0.379227
RRV024 con_0016.nii -42 7 36 0.947909 0.557654
RRV024 con_0016.nii 54 -44 43 -0.00715157 0.317273
RRV024 con_0016.nii -53 -50 39 0.00310603 0.210384
RRV024 con_0016.nii 32 -59 41 0.59306 0.321042
RRV024 con_0016.nii -32 -58 46 0.0373147 0.340388
RRV024 con_0016.nii -6 49 1 0.11493 0.164891
RRV024 con_0017.nii 9 3 -6 -0.0608689 0.202564
RRV024 con_0017.nii -9 3 -6 0.2117 0.304633
RRV024 con_0017.nii -30 33 -18 0.381617 0.280881
RRV024 con_0017.nii 46 28 31 0.0289646 0.292337
RRV024 con_0017.nii -44 27 33 0.382494 0.35863
RRV024 con_0017.nii 44 8 34 -0.267745 0.456164
RRV024 con_0017.nii -42 7 36 1.19328 1.0767
RRV024 con_0017.nii 54 -44 43 0.136734 0.26309
RRV024 con_0017.nii -53 -50 39 0.152382 0.148354
RRV024 con_0017.nii 32 -59 41 0.619331 0.499901
RRV024 con_0017.nii -32 -58 46 -0.0865911 0.404435
RRV024 con_0017.nii -6 49 1 -0.215607 0.248357
RRV024 con_0018.nii 9 3 -6 0.0964772 0.268978
RRV024 con_0018.nii -9 3 -6 0.28786 0.405338
RRV024 con_0018.nii -30 33 -18 0.725418 0.501781
RRV024 con_0018.nii 46 28 31 0.444431 0.494096
RRV024 con_0018.nii -44 27 33 0.40543 0.641599
RRV024 con_0018.nii 44 8 34 -0.422588 0.812399
RRV024 con_0018.nii -42 7 36 2.14119 1.57695
RRV024 con_0018.nii 54 -44 43 0.129582 0.544074
RRV024 con_0018.nii -53 -50 39 0.155488 0.312315
RRV024 con_0018.nii 32 -59 41 1.21239 0.763157
RRV024 con_0018.nii -32 -58 46 -0.0492763 0.633668
RRV024 con_0018.nii -6 49 1 -0.100677 0.343013
RRV024 con_0019.nii 9 3 -6 0.301883 0.236934
RRV024 con_0019.nii -9 3 -6 0.377867 0.2962
RRV024 con_0019.nii -30 33 -18 0.632878 0.306815
RRV024 con_0019.nii 46 28 31 0.909731 0.436261
RRV024 con_0019.nii -44 27 33 0.635442 0.545105
RRV024 con_0019.nii 44 8 34 0.0939447 0.308129
RRV024 con_0019.nii -42 7 36 0.593939 0.461711
RRV024 con_0019.nii 54 -44 43 0.274385 0.179827
RRV024 con_0019.nii -53 -50 39 0.469114 0.260656
RRV024 con_0019.nii 32 -59 41 0.0909422 0.244503
RRV024 con_0019.nii -32 -58 46 0.314713 0.262459
RRV024 con_0019.nii -6 49 1 0.392384 0.246722
RRV024 con_0020.nii 9 3 -6 0.172548 0.199728
RRV024 con_0020.nii -9 3 -6 0.300467 0.248825
RRV024 con_0020.nii -30 33 -18 -0.0367763 0.269079
RRV024 con_0020.nii 46 28 31 0.0324967 0.218091
RRV024 con_0020.nii -44 27 33 -0.203936 0.2881
RRV024 con_0020.nii 44 8 34 -0.461406 0.564552
RRV024 con_0020.nii -42 7 36 0.676724 0.142983
RRV024 con_0020.nii 54 -44 43 -0.970095 0.206902
RRV024 con_0020.nii -53 -50 39 -0.762927 0.335888
RRV024 con_0020.nii 32 -59 41 0.217377 0.414156
RRV024 con_0020.nii -32 -58 46 -0.184237 0.329545
RRV024 con_0020.nii -6 49 1 0.108093 0.179322
RRV024 con_0021.nii 9 3 -6 0.474432 0.307162
RRV024 con_0021.nii -9 3 -6 0.678335 0.291106
RRV024 con_0021.nii -30 33 -18 0.596102 0.393947
RRV024 con_0021.nii 46 28 31 0.942227 0.580434
RRV024 con_0021.nii -44 27 33 0.431506 0.473394
RRV024 con_0021.nii 44 8 34 -0.367461 0.814098
RRV024 con_0021.nii -42 7 36 1.27066 0.425121
RRV024 con_0021.nii 54 -44 43 -0.69571 0.251945
RRV024 con_0021.nii -53 -50 39 -0.293813 0.236788
RRV024 con_0021.nii 32 -59 41 0.308319 0.454169
RRV024 con_0021.nii -32 -58 46 0.130477 0.333566
RRV024 con_0021.nii -6 49 1 0.500477 0.348135
RRV024 con_0022.nii 9 3 -6 0.0947848 0.351923
RRV024 con_0022.nii -9 3 -6 0.227998 0.225696
RRV024 con_0022.nii -30 33 -18 -0.17675 0.2228
RRV024 con_0022.nii 46 28 31 0.733896 0.447327
RRV024 con_0022.nii -44 27 33 -0.00363184 0.294647
RRV024 con_0022.nii 44 8 34 0.599104 0.558172
RRV024 con_0022.nii -42 7 36 1.12291 0.481313
RRV024 con_0022.nii 54 -44 43 -0.507977 0.1848
RRV024 con_0022.nii -53 -50 39 -0.139977 0.203792
RRV024 con_0022.nii 32 -59 41 0.416698 0.367167
RRV024 con_0022.nii -32 -58 46 0.283271 0.3024
RRV024 con_0022.nii -6 49 1 0.237903 0.200458
RRV024 con_0023.nii 9 3 -6 0.31678 0.323609
RRV024 con_0023.nii -9 3 -6 0.112322 0.357372
RRV024 con_0023.nii -30 33 -18 0.373764 0.266148
RRV024 con_0023.nii 46 28 31 -0.438685 0.230161
RRV024 con_0023.nii -44 27 33 0.415497 0.372325
RRV024 con_0023.nii 44 8 34 -0.0943773 0.4019
RRV024 con_0023.nii -42 7 36 0.497351 0.496375
RRV024 con_0023.nii 54 -44 43 -0.279999 0.176426
RRV024 con_0023.nii -53 -50 39 -0.244496 0.251256
RRV024 con_0023.nii 32 -59 41 -0.0405538 0.424868
RRV024 con_0023.nii -32 -58 46 0.277488 0.451035
RRV024 con_0023.nii -6 49 1 0.248895 0.261513
RRV024 con_0024.nii 9 3 -6 0.411565 0.462137
RRV024 con_0024.nii -9 3 -6 0.34032 0.445934
RRV024 con_0024.nii -30 33 -18 0.197014 0.378495
RRV024 con_0024.nii 46 28 31 0.295211 0.573343
RRV024 con_0024.nii -44 27 33 0.411865 0.626518
RRV024 con_0024.nii 44 8 34 0.504727 0.87492
RRV024 con_0024.nii -42 7 36 1.62026 0.935518
RRV024 con_0024.nii 54 -44 43 -0.787976 0.309867
RRV024 con_0024.nii -53 -50 39 -0.384473 0.368327
RRV024 con_0024.nii 32 -59 41 0.376144 0.579776
RRV024 con_0024.nii -32 -58 46 0.560759 0.562941
RRV024 con_0024.nii -6 49 1 0.486797 0.376491
RRV024 con_0025.nii 9 3 -6 0.0105013 0.426874
RRV024 con_0025.nii -9 3 -6 -0.257406 0.336294
RRV024 con_0025.nii -30 33 -18 0.153699 0.244893
RRV024 con_0025.nii 46 28 31 0.459532 0.269462
RRV024 con_0025.nii -44 27 33 -0.0150021 0.219742
RRV024 con_0025.nii 44 8 34 0.112321 0.141171
RRV024 con_0025.nii -42 7 36 -0.224734 0.494472
RRV024 con_0025.nii 54 -44 43 -0.401756 0.155898
RRV024 con_0025.nii -53 -50 39 -0.0988014 0.147144
RRV024 con_0025.nii 32 -59 41 -0.00514628 0.302238
RRV024 con_0025.nii -32 -58 46 0.0734249 0.371043
RRV024 con_0025.nii -6 49 1 -0.0703172 0.19335
RRV024 con_0026.nii 9 3 -6 -0.257153 0.28943
RRV024 con_0026.nii -9 3 -6 -0.197374 0.432761
RRV024 con_0026.nii -30 33 -18 0.0444146 0.120914
RRV024 con_0026.nii 46 28 31 1.1324 0.660996
RRV024 con_0026.nii -44 27 33 0.756818 0.475502
RRV024 con_0026.nii 44 8 34 0.177937 0.295432
RRV024 con_0026.nii -42 7 36 0.967325 0.649937
RRV024 con_0026.nii 54 -44 43 0.464583 0.247869
RRV024 con_0026.nii -53 -50 39 0.113869 0.261728
RRV024 con_0026.nii 32 -59 41 0.564492 0.256423
RRV024 con_0026.nii -32 -58 46 0.635968 0.267313
RRV024 con_0026.nii -6 49 1 0.493278 0.281588
RRV024 con_0027.nii 9 3 -6 -0.246651 0.363762
RRV024 con_0027.nii -9 3 -6 -0.454781 0.604661
RRV024 con_0027.nii -30 33 -18 0.198114 0.258275
RRV024 con_0027.nii 46 28 31 1.59194 0.863588
RRV024 con_0027.nii -44 27 33 0.741816 0.527267
RRV024 con_0027.nii 44 8 34 0.290258 0.392246
RRV024 con_0027.nii -42 7 36 0.74259 0.721837
RRV024 con_0027.nii 54 -44 43 0.0628275 0.237462
RRV024 con_0027.nii -53 -50 39 0.0150677 0.282026
RRV024 con_0027.nii 32 -59 41 0.559346 0.475336
RRV024 con_0027.nii -32 -58 46 0.709393 0.423002
RRV024 con_0027.nii -6 49 1 0.422961 0.431022
RRV024 con_0028.nii 9 3 -6 0.135723 0.245963
RRV024 con_0028.nii -9 3 -6 0.116153 0.162888
RRV024 con_0028.nii -30 33 -18 0.203276 0.16306
RRV024 con_0028.nii 46 28 31 0.701053 0.346226
RRV024 con_0028.nii -44 27 33 0.205603 0.274665
RRV024 con_0028.nii 44 8 34 0.268457 0.249543
RRV024 con_0028.nii -42 7 36 0.497373 0.39248
RRV024 con_0028.nii 54 -44 43 -0.211783 0.14549
RRV024 con_0028.nii -53 -50 39 0.0767785 0.102862
RRV024 con_0028.nii 32 -59 41 0.167498 0.238291
RRV024 con_0028.nii -32 -58 46 0.223803 0.271363
RRV024 con_0028.nii -6 49 1 0.186657 0.168222
RRV024 con_0029.nii 9 3 -6 0.0773919 0.203339
RRV024 con_0029.nii -9 3 -6 0.0718052 0.261477
RRV024 con_0029.nii -30 33 -18 0.127134 0.146453
RRV024 con_0029.nii 46 28 31 0.242072 0.306774
RRV024 con_0029.nii -44 27 33 0.322793 0.25024
RRV024 con_0029.nii 44 8 34 -0.125949 0.314829
RRV024 con_0029.nii -42 7 36 0.7138 0.339968
RRV024 con_0029.nii 54 -44 43 -0.261837 0.0975575
RRV024 con_0029.nii -53 -50 39 -0.297851 0.162559
RRV024 con_0029.nii 32 -59 41 0.247105 0.276629
RRV024 con_0029.nii -32 -58 46 0.243073 0.143657
RRV024 con_0029.nii -6 49 1 0.283422 0.206651
RRV024 con_0030.nii 9 3 -6 0.213115 0.216508
RRV024 con_0030.nii -9 3 -6 0.187958 0.323144
RRV024 con_0030.nii -30 33 -18 0.33041 0.267643
RRV024 con_0030.nii 46 28 31 0.943125 0.639135
RRV024 con_0030.nii -44 27 33 0.528396 0.483899
RRV024 con_0030.nii 44 8 34 0.142508 0.542562
RRV024 con_0030.nii -42 7 36 1.21117 0.637519
RRV024 con_0030.nii 54 -44 43 -0.47362 0.205652
RRV024 con_0030.nii -53 -50 39 -0.221073 0.206574
RRV024 con_0030.nii 32 -59 41 0.414603 0.383686
RRV024 con_0030.nii -32 -58 46 0.466876 0.282062
RRV024 con_0030.nii -6 49 1 0.470078 0.339438
