RRV043 con_0001.nii 9 3 -6 0.032688 0.284227
RRV043 con_0001.nii -9 3 -6 0.419619 0.496418
RRV043 con_0001.nii -30 33 -18 -0.660851 0.498124
RRV043 con_0001.nii 46 28 31 -0.000962751 0.256835
RRV043 con_0001.nii -44 27 33 -0.286432 0.341066
RRV043 con_0001.nii 44 8 34 -0.401249 0.541883
RRV043 con_0001.nii -42 7 36 -0.189744 0.371384
RRV043 con_0001.nii 54 -44 43 0.913845 0.395912
RRV043 con_0001.nii -53 -50 39 0.360371 0.226124
RRV043 con_0001.nii 32 -59 41 0.433596 0.216107
RRV043 con_0001.nii -32 -58 46 0.535532 0.391999
RRV043 con_0001.nii -6 49 1 -0.917809 0.615246
RRV043 con_0002.nii 9 3 -6 0.283408 0.303285
RRV043 con_0002.nii -9 3 -6 0.0125615 0.258203
RRV043 con_0002.nii -30 33 -18 -0.908574 0.349542
RRV043 con_0002.nii 46 28 31 -0.241403 0.274618
RRV043 con_0002.nii -44 27 33 -0.515291 0.171919
RRV043 con_0002.nii 44 8 34 -0.573013 0.412779
RRV043 con_0002.nii -42 7 36 -0.677589 0.184043
RRV043 con_0002.nii 54 -44 43 0.54057 0.30046
RRV043 con_0002.nii -53 -50 39 0.17975 0.0863634
RRV043 con_0002.nii 32 -59 41 0.266215 0.127346
RRV043 con_0002.nii -32 -58 46 -0.0391072 0.212485
RRV043 con_0002.nii -6 49 1 -0.515091 0.517027
RRV043 con_0003.nii 9 3 -6 0.316096 0.461128
RRV043 con_0003.nii -9 3 -6 0.43218 0.429063
RRV043 con_0003.nii -30 33 -18 -1.56943 0.678343
RRV043 con_0003.nii 46 28 31 -0.242366 0.235906
RRV043 con_0003.nii -44 27 33 -0.801723 0.394065
RRV043 con_0003.nii 44 8 34 -0.974262 0.610598
RRV043 con_0003.nii -42 7 36 -0.867333 0.480739
RRV043 con_0003.nii 54 -44 43 1.45442 0.515676
RRV043 con_0003.nii -53 -50 39 0.540121 0.250583
RRV043 con_0003.nii 32 -59 41 0.699811 0.19933
RRV043 con_0003.nii -32 -58 46 0.496425 0.253227
RRV043 con_0003.nii -6 49 1 -1.4329 0.470391
RRV043 con_0004.nii 9 3 -6 0.00378795 0.327462
RRV043 con_0004.nii -9 3 -6 0.396609 0.403948
RRV043 con_0004.nii -30 33 -18 0.204435 0.846141
RRV043 con_0004.nii 46 28 31 -0.25863 0.542679
RRV043 con_0004.nii -44 27 33 -0.876308 0.30694
RRV043 con_0004.nii 44 8 34 -0.825105 0.658508
RRV043 con_0004.nii -42 7 36 -0.133151 0.391179
RRV043 con_0004.nii 54 -44 43 0.323821 0.37296
RRV043 con_0004.nii -53 -50 39 -0.00229527 0.301466
RRV043 con_0004.nii 32 -59 41 -0.405875 0.42912
RRV043 con_0004.nii -32 -58 46 -0.813159 0.258894
RRV043 con_0004.nii -6 49 1 1.59778 0.447414
RRV043 con_0005.nii 9 3 -6 -0.13907 0.288332
RRV043 con_0005.nii -9 3 -6 -0.347495 0.728366
RRV043 con_0005.nii -30 33 -18 -0.96754 0.441431
RRV043 con_0005.nii 46 28 31 -0.0555593 0.248982
RRV043 con_0005.nii -44 27 33 -0.00165265 0.177592
RRV043 con_0005.nii 44 8 34 -0.61935 0.452319
RRV043 con_0005.nii -42 7 36 -0.323687 0.363959
RRV043 con_0005.nii 54 -44 43 1.19578 0.488634
RRV043 con_0005.nii -53 -50 39 0.24556 0.327616
RRV043 con_0005.nii 32 -59 41 -0.114695 0.328015
RRV043 con_0005.nii -32 -58 46 0.849526 0.38076
RRV043 con_0005.nii -6 49 1 -0.0130935 0.438457
RRV043 con_0006.nii 9 3 -6 -0.135282 0.445301
RRV043 con_0006.nii -9 3 -6 0.0491138 0.586984
RRV043 con_0006.nii -30 33 -18 -0.763105 0.726157
RRV043 con_0006.nii 46 28 31 -0.314189 0.584648
RRV043 con_0006.nii -44 27 33 -0.877961 0.277496
RRV043 con_0006.nii 44 8 34 -1.44445 0.695747
RRV043 con_0006.nii -42 7 36 -0.456838 0.712207
RRV043 con_0006.nii 54 -44 43 1.51961 0.8242
RRV043 con_0006.nii -53 -50 39 0.243265 0.534782
RRV043 con_0006.nii 32 -59 41 -0.52057 0.63928
RRV043 con_0006.nii -32 -58 46 0.0363675 0.296167
RRV043 con_0006.nii -6 49 1 1.58468 0.52869
RRV043 con_0007.nii 9 3 -6 -0.00620882 0.285987
RRV043 con_0007.nii -9 3 -6 0.284685 0.293694
RRV043 con_0007.nii -30 33 -18 1.1545 0.361779
RRV043 con_0007.nii 46 28 31 0.507995 0.402756
RRV043 con_0007.nii -44 27 33 -0.684313 0.603169
RRV043 con_0007.nii 44 8 34 -0.215679 0.293715
RRV043 con_0007.nii -42 7 36 0.10367 0.26902
RRV043 con_0007.nii 54 -44 43 0.484428 0.244994
RRV043 con_0007.nii -53 -50 39 0.390636 0.307122
RRV043 con_0007.nii 32 -59 41 0.464038 0.47509
RRV043 con_0007.nii -32 -58 46 0.44423 0.112404
RRV043 con_0007.nii -6 49 1 1.43681 0.95584
RRV043 con_0008.nii 9 3 -6 0.239993 0.377986
RRV043 con_0008.nii -9 3 -6 -0.202928 0.422534
RRV043 con_0008.nii -30 33 -18 -0.486162 0.410167
RRV043 con_0008.nii 46 28 31 -0.579001 0.177297
RRV043 con_0008.nii -44 27 33 -0.626093 0.185891
RRV043 con_0008.nii 44 8 34 -0.768397 0.578507
RRV043 con_0008.nii -42 7 36 -0.810835 0.202203
RRV043 con_0008.nii 54 -44 43 0.51922 0.25185
RRV043 con_0008.nii -53 -50 39 -0.367404 0.226628
RRV043 con_0008.nii 32 -59 41 -0.0400706 0.275152
RRV043 con_0008.nii -32 -58 46 0.400365 0.342141
RRV043 con_0008.nii -6 49 1 -0.929736 0.388995
RRV043 con_0009.nii 9 3 -6 0.233784 0.453007
RRV043 con_0009.nii -9 3 -6 0.081757 0.55337
RRV043 con_0009.nii -30 33 -18 0.668343 0.373518
RRV043 con_0009.nii 46 28 31 -0.0710052 0.46856
RRV043 con_0009.nii -44 27 33 -1.31041 0.73928
RRV043 con_0009.nii 44 8 34 -0.984075 0.811706
RRV043 con_0009.nii -42 7 36 -0.707165 0.25218
RRV043 con_0009.nii 54 -44 43 1.00365 0.394793
RRV043 con_0009.nii -53 -50 39 0.0232313 0.401192
RRV043 con_0009.nii 32 -59 41 0.423967 0.644214
RRV043 con_0009.nii -32 -58 46 0.844595 0.39209
RRV043 con_0009.nii -6 49 1 0.507075 0.826732
RRV043 con_0010.nii 9 3 -6 0.0322829 0.255133
RRV043 con_0010.nii -9 3 -6 0.00639826 0.128151
RRV043 con_0010.nii -30 33 -18 -0.00531433 0.233934
RRV043 con_0010.nii 46 28 31 0.277014 0.163889
RRV043 con_0010.nii -44 27 33 -0.212725 0.231495
RRV043 con_0010.nii 44 8 34 0.130548 0.263266
RRV043 con_0010.nii -42 7 36 0.434638 0.393554
RRV043 con_0010.nii 54 -44 43 0.200953 0.198604
RRV043 con_0010.nii -53 -50 39 0.326453 0.174969
RRV043 con_0010.nii 32 -59 41 0.238065 0.248521
RRV043 con_0010.nii -32 -58 46 0.567282 0.203293
RRV043 con_0010.nii -6 49 1 -0.255854 0.181826
RRV043 con_0011.nii 9 3 -6 -0.107131 0.346099
RRV043 con_0011.nii -9 3 -6 0.17585 0.338567
RRV043 con_0011.nii -30 33 -18 -0.877397 0.410682
RRV043 con_0011.nii 46 28 31 -0.0843246 0.301968
RRV043 con_0011.nii -44 27 33 -0.14711 0.246726
RRV043 con_0011.nii 44 8 34 -0.773909 0.230982
RRV043 con_0011.nii -42 7 36 0.00387707 0.188062
RRV043 con_0011.nii 54 -44 43 -0.203002 0.0960199
RRV043 con_0011.nii -53 -50 39 0.253548 0.185733
RRV043 con_0011.nii 32 -59 41 0.0674831 0.128026
RRV043 con_0011.nii -32 -58 46 -0.0778489 0.224519
RRV043 con_0011.nii -6 49 1 -1.04296 0.364967
RRV043 con_0012.nii 9 3 -6 -0.0748481 0.499907
RRV043 con_0012.nii -9 3 -6 0.182248 0.41121
RRV043 con_0012.nii -30 33 -18 -0.882712 0.551097
RRV043 con_0012.nii 46 28 31 0.192689 0.288877
RRV043 con_0012.nii -44 27 33 -0.359835 0.351694
RRV043 con_0012.nii 44 8 34 -0.643361 0.349308
RRV043 con_0012.nii -42 7 36 0.438515 0.472076
RRV043 con_0012.nii 54 -44 43 -0.00204948 0.243183
RRV043 con_0012.nii -53 -50 39 0.58 0.176698
RRV043 con_0012.nii 32 -59 41 0.305548 0.210574
RRV043 con_0012.nii -32 -58 46 0.489433 0.169009
RRV043 con_0012.nii -6 49 1 -1.29881 0.320868
RRV043 con_0013.nii 9 3 -6 0.159802 0.176235
RRV043 con_0013.nii -9 3 -6 0.236976 0.333086
RRV043 con_0013.nii -30 33 -18 0.196887 0.350227
RRV043 con_0013.nii 46 28 31 -0.310128 0.447228
RRV043 con_0013.nii -44 27 33 -1.18404 0.426791
RRV043 con_0013.nii 44 8 34 -0.565052 0.510535
RRV043 con_0013.nii -42 7 36 -0.176059 0.354076
RRV043 con_0013.nii 54 -44 43 0.211672 0.304093
RRV043 con_0013.nii -53 -50 39 0.212471 0.163764
RRV043 con_0013.nii 32 -59 41 0.0857876 0.235761
RRV043 con_0013.nii -32 -58 46 0.18002 0.137801
RRV043 con_0013.nii -6 49 1 0.815898 0.635408
RRV043 con_0014.nii 9 3 -6 -0.26052 0.291597
RRV043 con_0014.nii -9 3 -6 -0.210922 0.24172
RRV043 con_0014.nii -30 33 -18 -0.674856 0.245758
RRV043 con_0014.nii 46 28 31 0.295269 0.238834
RRV043 con_0014.nii -44 27 33 0.329885 0.16899
RRV043 con_0014.nii 44 8 34 -0.0507657 0.193872
RRV043 con_0014.nii -42 7 36 -0.0611406 0.114684
RRV043 con_0014.nii 54 -44 43 0.233336 0.151174
RRV043 con_0014.nii -53 -50 39 0.153088 0.186482
RRV043 con_0014.nii 32 -59 41 0.0942835 0.235892
RRV043 con_0014.nii -32 -58 46 0.229989 0.21372
RRV043 con_0014.nii -6 49 1 -1.32456 0.485347
RRV043 con_0015.nii 9 3 -6 -0.100718 0.391234
RRV043 con_0015.nii -9 3 -6 0.0260541 0.456978
RRV043 con_0015.nii -30 33 -18 -0.47797 0.503064
RRV043 con_0015.nii 46 28 31 -0.014859 0.277695
RRV043 con_0015.nii -44 27 33 -0.854156 0.376495
RRV043 con_0015.nii 44 8 34 -0.615818 0.601857
RRV043 con_0015.nii -42 7 36 -0.2372 0.369839
RRV043 con_0015.nii 54 -44 43 0.445008 0.232941
RRV043 con_0015.nii -53 -50 39 0.365559 0.205792
RRV043 con_0015.nii 32 -59 41 0.180071 0.349717
RRV043 con_0015.nii -32 -58 46 0.410009 0.234981
RRV043 con_0015.nii -6 49 1 -0.508661 0.277598
RRV043 con_0016.nii 9 3 -6 0.0100891 0.17807
RRV043 con_0016.nii -9 3 -6 0.366971 0.308718
RRV043 con_0016.nii -30 33 -18 0.232697 0.24693
RRV043 con_0016.nii 46 28 31 0.082801 0.247035
RRV043 con_0016.nii -44 27 33 -0.615684 0.354909
RRV043 con_0016.nii 44 8 34 -0.480678 0.434496
RRV043 con_0016.nii -42 7 36 -0.073075 0.175418
RRV043 con_0016.nii 54 -44 43 0.574032 0.248431
RRV043 con_0016.nii -53 -50 39 0.24957 0.206503
RRV043 con_0016.nii 32 -59 41 0.163919 0.133376
RRV043 con_0016.nii -32 -58 46 0.0555343 0.112465
RRV043 con_0016.nii -6 49 1 0.705593 0.580416
RRV043 con_0017.nii 9 3 -6 0.12811 0.176213
RRV043 con_0017.nii -9 3 -6 -0.179287 0.283937
RRV043 con_0017.nii -30 33 -18 -0.787426 0.358893
RRV043 con_0017.nii 46 28 31 -0.291988 0.114058
RRV043 con_0017.nii -44 27 33 -0.381012 0.103304
RRV043 con_0017.nii 44 8 34 -0.653586 0.363871
RRV043 con_0017.nii -42 7 36 -0.604037 0.209437
RRV043 con_0017.nii 54 -44 43 0.751858 0.252088
RRV043 con_0017.nii -53 -50 39 0.019302 0.171514
RRV043 con_0017.nii 32 -59 41 0.03715 0.165697
RRV043 con_0017.nii -32 -58 46 0.403595 0.178458
RRV043 con_0017.nii -6 49 1 -0.485974 0.331854
RRV043 con_0018.nii 9 3 -6 0.138199 0.272263
RRV043 con_0018.nii -9 3 -6 0.187684 0.247916
RRV043 con_0018.nii -30 33 -18 -0.554729 0.293584
RRV043 con_0018.nii 46 28 31 -0.209187 0.313852
RRV043 con_0018.nii -44 27 33 -0.996697 0.414019
RRV043 con_0018.nii 44 8 34 -1.13426 0.641706
RRV043 con_0018.nii -42 7 36 -0.677112 0.350288
RRV043 con_0018.nii 54 -44 43 1.32589 0.445692
RRV043 con_0018.nii -53 -50 39 0.268872 0.335276
RRV043 con_0018.nii 32 -59 41 0.201069 0.206283
RRV043 con_0018.nii -32 -58 46 0.459129 0.219203
RRV043 con_0018.nii -6 49 1 0.21962 0.346066
RRV043 con_0019.nii 9 3 -6 0.000405139 0.375747
RRV043 con_0019.nii -9 3 -6 0.413221 0.461873
RRV043 con_0019.nii -30 33 -18 -0.655537 0.440112
RRV043 con_0019.nii 46 28 31 -0.277976 0.322561
RRV043 con_0019.nii -44 27 33 -0.0737069 0.251592
RRV043 con_0019.nii 44 8 34 -0.531798 0.382679
RRV043 con_0019.nii -42 7 36 -0.624383 0.242683
RRV043 con_0019.nii 54 -44 43 0.712892 0.281623
RRV043 con_0019.nii -53 -50 39 0.0339184 0.221001
RRV043 con_0019.nii 32 -59 41 0.19553 0.137197
RRV043 con_0019.nii -32 -58 46 -0.0317505 0.252971
RRV043 con_0019.nii -6 49 1 -0.661955 0.646114
RRV043 con_0020.nii 9 3 -6 0.390539 0.239583
RRV043 con_0020.nii -9 3 -6 -0.163289 0.44133
RRV043 con_0020.nii -30 33 -18 -0.0311772 0.382288
RRV043 con_0020.nii 46 28 31 -0.157078 0.514878
RRV043 con_0020.nii -44 27 33 -0.368181 0.345648
RRV043 con_0020.nii 44 8 34 0.200896 0.344892
RRV043 con_0020.nii -42 7 36 -0.681466 0.116727
RRV043 con_0020.nii 54 -44 43 0.743572 0.362681
RRV043 con_0020.nii -53 -50 39 -0.0737976 0.186043
RRV043 con_0020.nii 32 -59 41 0.198732 0.110598
RRV043 con_0020.nii -32 -58 46 0.0387417 0.172702
RRV043 con_0020.nii -6 49 1 0.527866 0.409896
RRV043 con_0021.nii 9 3 -6 0.390944 0.40439
RRV043 con_0021.nii -9 3 -6 0.249932 0.330544
RRV043 con_0021.nii -30 33 -18 -0.686714 0.302131
RRV043 con_0021.nii 46 28 31 -0.435055 0.41909
RRV043 con_0021.nii -44 27 33 -0.441888 0.321235
RRV043 con_0021.nii 44 8 34 -0.330901 0.527485
RRV043 con_0021.nii -42 7 36 -1.30585 0.268045
RRV043 con_0021.nii 54 -44 43 1.45646 0.558039
RRV043 con_0021.nii -53 -50 39 -0.0398792 0.278117
RRV043 con_0021.nii 32 -59 41 0.394262 0.210661
RRV043 con_0021.nii -32 -58 46 0.00699117 0.303691
RRV043 con_0021.nii -6 49 1 -0.134089 0.519201
RRV043 con_0022.nii 9 3 -6 -0.028495 0.41885
RRV043 con_0022.nii -9 3 -6 0.390211 0.406934
RRV043 con_0022.nii -30 33 -18 0.20975 1.03934
RRV043 con_0022.nii 46 28 31 -0.535643 0.53937
RRV043 con_0022.nii -44 27 33 -0.663583 0.23856
RRV043 con_0022.nii 44 8 34 -0.955653 0.59959
RRV043 con_0022.nii -42 7 36 -0.567789 0.611921
RRV043 con_0022.nii 54 -44 43 0.122868 0.341637
RRV043 con_0022.nii -53 -50 39 -0.328748 0.320116
RRV043 con_0022.nii 32 -59 41 -0.64394 0.64048
RRV043 con_0022.nii -32 -58 46 -1.38044 0.44585
RRV043 con_0022.nii -6 49 1 1.85363 0.41826
RRV043 con_0023.nii 9 3 -6 -0.0319388 0.436481
RRV043 con_0023.nii -9 3 -6 -0.523346 0.93887
RRV043 con_0023.nii -30 33 -18 -0.0901431 0.473195
RRV043 con_0023.nii 46 28 31 0.0287653 0.368366
RRV043 con_0023.nii -44 27 33 0.145457 0.208433
RRV043 con_0023.nii 44 8 34 0.15456 0.44577
RRV043 con_0023.nii -42 7 36 -0.327564 0.221854
RRV043 con_0023.nii 54 -44 43 1.39879 0.48618
RRV043 con_0023.nii -53 -50 39 -0.0079877 0.456432
RRV043 con_0023.nii 32 -59 41 -0.182178 0.309835
RRV043 con_0023.nii -32 -58 46 0.927375 0.476588
RRV043 con_0023.nii -6 49 1 1.02986 0.616428
RRV043 con_0024.nii 9 3 -6 -0.0604338 0.491076
RRV043 con_0024.nii -9 3 -6 -0.133135 0.854285
RRV043 con_0024.nii -30 33 -18 0.119607 1.09695
RRV043 con_0024.nii 46 28 31 -0.506878 0.809551
RRV043 con_0024.nii -44 27 33 -0.518125 0.287513
RRV043 con_0024.nii 44 8 34 -0.801093 0.628336
RRV043 con_0024.nii -42 7 36 -0.895353 0.722334
RRV043 con_0024.nii 54 -44 43 1.52166 0.755032
RRV043 con_0024.nii -53 -50 39 -0.336735 0.573478
RRV043 con_0024.nii 32 -59 41 -0.826118 0.767118
RRV043 con_0024.nii -32 -58 46 -0.453066 0.308096
RRV043 con_0024.nii -6 49 1 2.8835 0.767204
RRV043 con_0025.nii 9 3 -6 -0.0384917 0.379093
RRV043 con_0025.nii -9 3 -6 0.278286 0.258349
RRV043 con_0025.nii -30 33 -18 1.15982 0.447466
RRV043 con_0025.nii 46 28 31 0.230982 0.290946
RRV043 con_0025.nii -44 27 33 -0.471587 0.479595
RRV043 con_0025.nii 44 8 34 -0.346227 0.279166
RRV043 con_0025.nii -42 7 36 -0.330968 0.376428
RRV043 con_0025.nii 54 -44 43 0.283475 0.162845
RRV043 con_0025.nii -53 -50 39 0.0641831 0.209218
RRV043 con_0025.nii 32 -59 41 0.225973 0.281074
RRV043 con_0025.nii -32 -58 46 -0.123052 0.201637
RRV043 con_0025.nii -6 49 1 1.69267 0.903082
RRV043 con_0026.nii 9 3 -6 0.347124 0.520523
RRV043 con_0026.nii -9 3 -6 -0.378778 0.437805
RRV043 con_0026.nii -30 33 -18 0.391235 0.610251
RRV043 con_0026.nii 46 28 31 -0.494676 0.337153
RRV043 con_0026.nii -44 27 33 -0.478983 0.286652
RRV043 con_0026.nii 44 8 34 0.00551256 0.506777
RRV043 con_0026.nii -42 7 36 -0.814712 0.182913
RRV043 con_0026.nii 54 -44 43 0.722223 0.285387
RRV043 con_0026.nii -53 -50 39 -0.620952 0.388509
RRV043 con_0026.nii 32 -59 41 -0.107554 0.321238
RRV043 con_0026.nii -32 -58 46 0.478214 0.546
RRV043 con_0026.nii -6 49 1 0.113221 0.300776
RRV043 con_0027.nii 9 3 -6 0.308632 0.691004
RRV043 con_0027.nii -9 3 -6 -0.100491 0.467065
RRV043 con_0027.nii -30 33 -18 1.55105 0.765152
RRV043 con_0027.nii 46 28 31 -0.263694 0.58363
RRV043 con_0027.nii -44 27 33 -0.950571 0.743038
RRV043 con_0027.nii 44 8 34 -0.340714 0.708062
RRV043 con_0027.nii -42 7 36 -1.14568 0.421474
RRV043 con_0027.nii 54 -44 43 1.0057 0.336969
RRV043 con_0027.nii -53 -50 39 -0.556769 0.399988
RRV043 con_0027.nii 32 -59 41 0.118419 0.526361
RRV043 con_0027.nii -32 -58 46 0.355161 0.482922
RRV043 con_0027.nii -6 49 1 1.80589 0.961588
RRV043 con_0028.nii 9 3 -6 -0.0221938 0.308574
RRV043 con_0028.nii -9 3 -6 0.360573 0.280313
RRV043 con_0028.nii -30 33 -18 0.238011 0.432864
RRV043 con_0028.nii 46 28 31 -0.194213 0.216037
RRV043 con_0028.nii -44 27 33 -0.402959 0.226385
RRV043 con_0028.nii 44 8 34 -0.611226 0.335015
RRV043 con_0028.nii -42 7 36 -0.507713 0.318348
RRV043 con_0028.nii 54 -44 43 0.373079 0.131444
RRV043 con_0028.nii -53 -50 39 -0.0768821 0.16998
RRV043 con_0028.nii 32 -59 41 -0.0741459 0.18695
RRV043 con_0028.nii -32 -58 46 -0.511748 0.189785
RRV043 con_0028.nii -6 49 1 0.961448 0.55566
RRV043 con_0029.nii 9 3 -6 0.235241 0.313061
RRV043 con_0029.nii -9 3 -6 -0.355137 0.494659
RRV043 con_0029.nii -30 33 -18 0.0899716 0.463176
RRV043 con_0029.nii 46 28 31 -0.207663 0.358074
RRV043 con_0029.nii -44 27 33 -0.233902 0.245934
RRV043 con_0029.nii 44 8 34 0.120323 0.295545
RRV043 con_0029.nii -42 7 36 -0.607914 0.0830044
RRV043 con_0029.nii 54 -44 43 0.954861 0.287247
RRV043 con_0029.nii -53 -50 39 -0.234246 0.324541
RRV043 con_0029.nii 32 -59 41 -0.0303331 0.177267
RRV043 con_0029.nii -32 -58 46 0.481444 0.338345
RRV043 con_0029.nii -6 49 1 0.556984 0.345431
RRV043 con_0030.nii 9 3 -6 0.213047 0.403488
RRV043 con_0030.nii -9 3 -6 0.00543525 0.36821
RRV043 con_0030.nii -30 33 -18 0.327982 0.580702
RRV043 con_0030.nii 46 28 31 -0.401876 0.532331
RRV043 con_0030.nii -44 27 33 -0.636861 0.397228
RRV043 con_0030.nii 44 8 34 -0.490903 0.545892
RRV043 con_0030.nii -42 7 36 -1.11563 0.335369
RRV043 con_0030.nii 54 -44 43 1.32794 0.40409
RRV043 con_0030.nii -53 -50 39 -0.311128 0.362265
RRV043 con_0030.nii 32 -59 41 -0.104479 0.240929
RRV043 con_0030.nii -32 -58 46 -0.0303044 0.293792
RRV043 con_0030.nii -6 49 1 1.51843 0.565049
