RRV035 con_0001.nii 9 3 -6 -0.389586 0.251806
RRV035 con_0001.nii -9 3 -6 0.0144451 0.264884
RRV035 con_0001.nii -30 33 -18 -0.402966 0.146799
RRV035 con_0001.nii 46 28 31 -0.269959 0.222034
RRV035 con_0001.nii -44 27 33 -0.321948 0.134384
RRV035 con_0001.nii 44 8 34 -0.457484 0.34169
RRV035 con_0001.nii -42 7 36 -0.0734858 0.388818
RRV035 con_0001.nii 54 -44 43 -0.306149 0.113875
RRV035 con_0001.nii -53 -50 39 0.0922584 0.248548
RRV035 con_0001.nii 32 -59 41 -0.401316 0.342542
RRV035 con_0001.nii -32 -58 46 -0.465399 0.415912
RRV035 con_0001.nii -6 49 1 -0.625937 0.208239
RRV035 con_0002.nii 9 3 -6 0.644612 0.629396
RRV035 con_0002.nii -9 3 -6 -0.106288 0.369109
RRV035 con_0002.nii -30 33 -18 0.361746 0.427805
RRV035 con_0002.nii 46 28 31 -0.894684 0.664697
RRV035 con_0002.nii -44 27 33 0.0186314 0.448973
RRV035 con_0002.nii 44 8 34 -0.49875 0.555116
RRV035 con_0002.nii -42 7 36 -1.09012 0.349093
RRV035 con_0002.nii 54 -44 43 -1.78744 0.550948
RRV035 con_0002.nii -53 -50 39 -0.314287 0.30107
RRV035 con_0002.nii 32 -59 41 -0.143275 0.290079
RRV035 con_0002.nii -32 -58 46 -0.0681746 0.289892
RRV035 con_0002.nii -6 49 1 -0.448911 0.386343
RRV035 con_0003.nii 9 3 -6 0.255025 0.645069
RRV035 con_0003.nii -9 3 -6 -0.0918428 0.445078
RRV035 con_0003.nii -30 33 -18 -0.04122 0.476015
RRV035 con_0003.nii 46 28 31 -1.16464 0.853063
RRV035 con_0003.nii -44 27 33 -0.303317 0.507003
RRV035 con_0003.nii 44 8 34 -0.956234 0.863877
RRV035 con_0003.nii -42 7 36 -1.16361 0.602244
RRV035 con_0003.nii 54 -44 43 -2.09359 0.635316
RRV035 con_0003.nii -53 -50 39 -0.222029 0.437728
RRV035 con_0003.nii 32 -59 41 -0.54459 0.556541
RRV035 con_0003.nii -32 -58 46 -0.533574 0.29481
RRV035 con_0003.nii -6 49 1 -1.07485 0.504671
RRV035 con_0004.nii 9 3 -6 -0.768915 0.478033
RRV035 con_0004.nii -9 3 -6 0.125341 0.482867
RRV035 con_0004.nii -30 33 -18 0.244161 0.352861
RRV035 con_0004.nii 46 28 31 0.267087 0.325315
RRV035 con_0004.nii -44 27 33 0.122686 0.620141
RRV035 con_0004.nii 44 8 34 0.0174434 0.35178
RRV035 con_0004.nii -42 7 36 -0.536869 0.253292
RRV035 con_0004.nii 54 -44 43 0.892066 0.260822
RRV035 con_0004.nii -53 -50 39 0.720906 0.304839
RRV035 con_0004.nii 32 -59 41 -0.265718 0.263854
RRV035 con_0004.nii -32 -58 46 0.198009 0.423205
RRV035 con_0004.nii -6 49 1 0.211201 0.396671
RRV035 con_0005.nii 9 3 -6 0.344483 0.363331
RRV035 con_0005.nii -9 3 -6 0.245454 0.333577
RRV035 con_0005.nii -30 33 -18 0.0918184 0.190967
RRV035 con_0005.nii 46 28 31 -0.247256 0.35928
RRV035 con_0005.nii -44 27 33 0.1681 0.577301
RRV035 con_0005.nii 44 8 34 0.0899897 0.218109
RRV035 con_0005.nii -42 7 36 -0.31636 0.269898
RRV035 con_0005.nii 54 -44 43 -0.728105 0.373215
RRV035 con_0005.nii -53 -50 39 -0.155506 0.144265
RRV035 con_0005.nii 32 -59 41 0.24276 0.295407
RRV035 con_0005.nii -32 -58 46 -0.113997 0.285864
RRV035 con_0005.nii -6 49 1 -0.248284 0.274218
RRV035 con_0006.nii 9 3 -6 -0.424432 0.686326
RRV035 con_0006.nii -9 3 -6 0.370795 0.744079
RRV035 con_0006.nii -30 33 -18 0.335979 0.489737
RRV035 con_0006.nii 46 28 31 0.019831 0.664614
RRV035 con_0006.nii -44 27 33 0.290786 1.16587
RRV035 con_0006.nii 44 8 34 0.107433 0.455219
RRV035 con_0006.nii -42 7 36 -0.853229 0.475669
RRV035 con_0006.nii 54 -44 43 0.163962 0.258765
RRV035 con_0006.nii -53 -50 39 0.565401 0.391274
RRV035 con_0006.nii 32 -59 41 -0.0229574 0.475576
RRV035 con_0006.nii -32 -58 46 0.0840127 0.397181
RRV035 con_0006.nii -6 49 1 -0.0370839 0.500243
RRV035 con_0007.nii 9 3 -6 -0.0949143 0.409571
RRV035 con_0007.nii -9 3 -6 -0.219604 0.371359
RRV035 con_0007.nii -30 33 -18 0.356211 0.352965
RRV035 con_0007.nii 46 28 31 0.111572 0.126068
RRV035 con_0007.nii -44 27 33 0.31646 0.328198
RRV035 con_0007.nii 44 8 34 -0.595178 0.430459
RRV035 con_0007.nii -42 7 36 0.130808 0.2692
RRV035 con_0007.nii 54 -44 43 0.314017 0.162763
RRV035 con_0007.nii -53 -50 39 0.756172 0.285415
RRV035 con_0007.nii 32 -59 41 -0.189488 0.497436
RRV035 con_0007.nii -32 -58 46 0.147815 0.407861
RRV035 con_0007.nii -6 49 1 -0.0484131 0.279106
RRV035 con_0008.nii 9 3 -6 0.129645 0.559057
RRV035 con_0008.nii -9 3 -6 -0.451094 0.257717
RRV035 con_0008.nii -30 33 -18 0.368499 0.353731
RRV035 con_0008.nii 46 28 31 -1.50967 0.694641
RRV035 con_0008.nii -44 27 33 -0.591661 0.294878
RRV035 con_0008.nii 44 8 34 -0.850552 0.520679
RRV035 con_0008.nii -42 7 36 -0.626037 0.198016
RRV035 con_0008.nii 54 -44 43 -2.25001 0.652741
RRV035 con_0008.nii -53 -50 39 -0.328195 0.18668
RRV035 con_0008.nii 32 -59 41 -0.0795167 0.481748
RRV035 con_0008.nii -32 -58 46 -0.212694 0.152509
RRV035 con_0008.nii -6 49 1 -0.498322 0.210582
RRV035 con_0009.nii 9 3 -6 0.0347307 0.650951
RRV035 con_0009.nii -9 3 -6 -0.670698 0.475572
RRV035 con_0009.nii -30 33 -18 0.72471 0.599644
RRV035 con_0009.nii 46 28 31 -1.3981 0.692525
RRV035 con_0009.nii -44 27 33 -0.275201 0.190806
RRV035 con_0009.nii 44 8 34 -1.44573 0.866569
RRV035 con_0009.nii -42 7 36 -0.495228 0.354824
RRV035 con_0009.nii 54 -44 43 -1.93599 0.631849
RRV035 con_0009.nii -53 -50 39 0.427977 0.353087
RRV035 con_0009.nii 32 -59 41 -0.269004 0.849722
RRV035 con_0009.nii -32 -58 46 -0.0648794 0.475308
RRV035 con_0009.nii -6 49 1 -0.546735 0.37653
RRV035 con_0010.nii 9 3 -6 -0.155816 0.277236
RRV035 con_0010.nii -9 3 -6 0.111675 0.347453
RRV035 con_0010.nii -30 33 -18 0.31966 0.381884
RRV035 con_0010.nii 46 28 31 -0.277983 0.212094
RRV035 con_0010.nii -44 27 33 -0.246637 0.10202
RRV035 con_0010.nii 44 8 34 -0.731129 0.356611
RRV035 con_0010.nii -42 7 36 -0.408536 0.220638
RRV035 con_0010.nii 54 -44 43 -1.0895 0.257065
RRV035 con_0010.nii -53 -50 39 -0.129538 0.173577
RRV035 con_0010.nii 32 -59 41 -1.00516 0.386302
RRV035 con_0010.nii -32 -58 46 -0.338334 0.23957
RRV035 con_0010.nii -6 49 1 -0.260321 0.189959
RRV035 con_0011.nii 9 3 -6 0.144991 0.203011
RRV035 con_0011.nii -9 3 -6 0.182801 0.233863
RRV035 con_0011.nii -30 33 -18 0.241671 0.249958
RRV035 con_0011.nii 46 28 31 -0.511078 0.391379
RRV035 con_0011.nii -44 27 33 -0.416594 0.31314
RRV035 con_0011.nii 44 8 34 -0.339641 0.244686
RRV035 con_0011.nii -42 7 36 -0.499796 0.248828
RRV035 con_0011.nii 54 -44 43 -1.31817 0.468682
RRV035 con_0011.nii -53 -50 39 -0.264243 0.101786
RRV035 con_0011.nii 32 -59 41 0.251145 0.206061
RRV035 con_0011.nii -32 -58 46 -0.174773 0.300911
RRV035 con_0011.nii -6 49 1 0.00399739 0.21405
RRV035 con_0012.nii 9 3 -6 -0.0108245 0.313006
RRV035 con_0012.nii -9 3 -6 0.294477 0.460225
RRV035 con_0012.nii -30 33 -18 0.561331 0.517948
RRV035 con_0012.nii 46 28 31 -0.789061 0.568524
RRV035 con_0012.nii -44 27 33 -0.663231 0.268094
RRV035 con_0012.nii 44 8 34 -1.07077 0.559588
RRV035 con_0012.nii -42 7 36 -0.908332 0.367244
RRV035 con_0012.nii 54 -44 43 -2.40766 0.709656
RRV035 con_0012.nii -53 -50 39 -0.393781 0.167591
RRV035 con_0012.nii 32 -59 41 -0.754013 0.526544
RRV035 con_0012.nii -32 -58 46 -0.513108 0.154578
RRV035 con_0012.nii -6 49 1 -0.256324 0.26411
RRV035 con_0013.nii 9 3 -6 -0.140788 0.272142
RRV035 con_0013.nii -9 3 -6 0.118877 0.216366
RRV035 con_0013.nii -30 33 -18 0.304401 0.168443
RRV035 con_0013.nii 46 28 31 -0.0670705 0.205065
RRV035 con_0013.nii -44 27 33 -0.0528424 0.219528
RRV035 con_0013.nii 44 8 34 -0.45852 0.410487
RRV035 con_0013.nii -42 7 36 -0.00227484 0.288577
RRV035 con_0013.nii 54 -44 43 0.458191 0.177739
RRV035 con_0013.nii -53 -50 39 0.529137 0.344878
RRV035 con_0013.nii 32 -59 41 -0.573662 0.298087
RRV035 con_0013.nii -32 -58 46 -0.0737079 0.288122
RRV035 con_0013.nii -6 49 1 -0.0667505 0.143088
RRV035 con_0014.nii 9 3 -6 0.124337 0.318212
RRV035 con_0014.nii -9 3 -6 0.308985 0.208555
RRV035 con_0014.nii -30 33 -18 0.106966 0.270218
RRV035 con_0014.nii 46 28 31 -1.43523 0.704861
RRV035 con_0014.nii -44 27 33 -0.0871073 0.273586
RRV035 con_0014.nii 44 8 34 -0.35868 0.277974
RRV035 con_0014.nii -42 7 36 0.217371 0.269719
RRV035 con_0014.nii 54 -44 43 -2.43399 0.825066
RRV035 con_0014.nii -53 -50 39 -0.115861 0.236791
RRV035 con_0014.nii 32 -59 41 0.154003 0.294637
RRV035 con_0014.nii -32 -58 46 0.0605665 0.228561
RRV035 con_0014.nii -6 49 1 -0.422738 0.357104
RRV035 con_0015.nii 9 3 -6 -0.0164511 0.377945
RRV035 con_0015.nii -9 3 -6 0.427862 0.305753
RRV035 con_0015.nii -30 33 -18 0.411367 0.352289
RRV035 con_0015.nii 46 28 31 -1.5023 0.841166
RRV035 con_0015.nii -44 27 33 -0.13995 0.396819
RRV035 con_0015.nii 44 8 34 -0.817199 0.661328
RRV035 con_0015.nii -42 7 36 0.215096 0.52938
RRV035 con_0015.nii 54 -44 43 -1.9758 0.802887
RRV035 con_0015.nii -53 -50 39 0.413276 0.518158
RRV035 con_0015.nii 32 -59 41 -0.419659 0.481285
RRV035 con_0015.nii -32 -58 46 -0.0131414 0.273292
RRV035 con_0015.nii -6 49 1 -0.489488 0.42102
RRV035 con_0016.nii 9 3 -6 -0.417805 0.219238
RRV035 con_0016.nii -9 3 -6 -0.0266061 0.298842
RRV035 con_0016.nii -30 33 -18 0.0658021 0.232738
RRV035 con_0016.nii 46 28 31 0.0362333 0.158371
RRV035 con_0016.nii -44 27 33 0.0390658 0.301859
RRV035 con_0016.nii 44 8 34 -0.345073 0.339104
RRV035 con_0016.nii -42 7 36 -0.159849 0.243267
RRV035 con_0016.nii 54 -44 43 0.299978 0.116679
RRV035 con_0016.nii -53 -50 39 0.523112 0.246554
RRV035 con_0016.nii 32 -59 41 -0.285507 0.326753
RRV035 con_0016.nii -32 -58 46 -0.0398584 0.352559
RRV035 con_0016.nii -6 49 1 -0.154383 0.16757
RRV035 con_0017.nii 9 3 -6 0.372913 0.342632
RRV035 con_0017.nii -9 3 -6 -0.103976 0.190861
RRV035 con_0017.nii -30 33 -18 0.274021 0.277671
RRV035 con_0017.nii 46 28 31 -0.883869 0.526911
RRV035 con_0017.nii -44 27 33 -0.134977 0.313048
RRV035 con_0017.nii 44 8 34 -0.419771 0.38902
RRV035 con_0017.nii -42 7 36 -0.677506 0.226654
RRV035 con_0017.nii 54 -44 43 -1.58852 0.503141
RRV035 con_0017.nii -53 -50 39 -0.265996 0.133333
RRV035 con_0017.nii 32 -59 41 0.00665629 0.327892
RRV035 con_0017.nii -32 -58 46 -0.131622 0.163697
RRV035 con_0017.nii -6 49 1 -0.398506 0.206548
RRV035 con_0018.nii 9 3 -6 -0.044892 0.379809
RRV035 con_0018.nii -9 3 -6 -0.130582 0.421673
RRV035 con_0018.nii -30 33 -18 0.339823 0.460836
RRV035 con_0018.nii 46 28 31 -0.847636 0.65079
RRV035 con_0018.nii -44 27 33 -0.0959108 0.552017
RRV035 con_0018.nii 44 8 34 -0.764844 0.679849
RRV035 con_0018.nii -42 7 36 -0.837355 0.40921
RRV035 con_0018.nii 54 -44 43 -1.28854 0.44612
RRV035 con_0018.nii -53 -50 39 0.257117 0.344621
RRV035 con_0018.nii 32 -59 41 -0.278851 0.582579
RRV035 con_0018.nii -32 -58 46 -0.17148 0.296834
RRV035 con_0018.nii -6 49 1 -0.552889 0.291908
RRV035 con_0019.nii 9 3 -6 -0.233771 0.367897
RRV035 con_0019.nii -9 3 -6 -0.0972304 0.23511
RRV035 con_0019.nii -30 33 -18 -0.722626 0.368862
RRV035 con_0019.nii 46 28 31 0.00802317 0.143008
RRV035 con_0019.nii -44 27 33 -0.0753116 0.152271
RRV035 con_0019.nii 44 8 34 0.273645 0.172121
RRV035 con_0019.nii -42 7 36 0.335051 0.332929
RRV035 con_0019.nii 54 -44 43 0.783346 0.195617
RRV035 con_0019.nii -53 -50 39 0.221796 0.240615
RRV035 con_0019.nii 32 -59 41 0.603843 0.358906
RRV035 con_0019.nii -32 -58 46 -0.127065 0.263403
RRV035 con_0019.nii -6 49 1 -0.365616 0.307034
RRV035 con_0020.nii 9 3 -6 0.49962 0.621359
RRV035 con_0020.nii -9 3 -6 -0.289089 0.467135
RRV035 con_0020.nii -30 33 -18 0.120075 0.269844
RRV035 con_0020.nii 46 28 31 -0.383606 0.324757
RRV035 con_0020.nii -44 27 33 0.435226 0.254754
RRV035 con_0020.nii 44 8 34 -0.15911 0.358557
RRV035 con_0020.nii -42 7 36 -0.590327 0.221091
RRV035 con_0020.nii 54 -44 43 -0.469275 0.171006
RRV035 con_0020.nii -53 -50 39 -0.0500435 0.242173
RRV035 con_0020.nii 32 -59 41 -0.39442 0.18832
RRV035 con_0020.nii -32 -58 46 0.106599 0.324509
RRV035 con_0020.nii -6 49 1 -0.452909 0.316811
RRV035 con_0021.nii 9 3 -6 0.26585 0.526892
RRV035 con_0021.nii -9 3 -6 -0.38632 0.424151
RRV035 con_0021.nii -30 33 -18 -0.602551 0.350835
RRV035 con_0021.nii 46 28 31 -0.375583 0.390189
RRV035 con_0021.nii -44 27 33 0.359914 0.364499
RRV035 con_0021.nii 44 8 34 0.114536 0.394482
RRV035 con_0021.nii -42 7 36 -0.255276 0.324798
RRV035 con_0021.nii 54 -44 43 0.314071 0.216951
RRV035 con_0021.nii -53 -50 39 0.171753 0.450975
RRV035 con_0021.nii 32 -59 41 0.209422 0.441505
RRV035 con_0021.nii -32 -58 46 -0.0204658 0.305374
RRV035 con_0021.nii -6 49 1 -0.818525 0.469924
RRV035 con_0022.nii 9 3 -6 -0.613099 0.487293
RRV035 con_0022.nii -9 3 -6 0.0136652 0.39839
RRV035 con_0022.nii -30 33 -18 -0.0754988 0.258895
RRV035 con_0022.nii 46 28 31 0.54507 0.168752
RRV035 con_0022.nii -44 27 33 0.369322 0.659063
RRV035 con_0022.nii 44 8 34 0.748573 0.288412
RRV035 con_0022.nii -42 7 36 -0.128332 0.29652
RRV035 con_0022.nii 54 -44 43 1.98156 0.477281
RRV035 con_0022.nii -53 -50 39 0.850444 0.365381
RRV035 con_0022.nii 32 -59 41 0.73944 0.431037
RRV035 con_0022.nii -32 -58 46 0.536344 0.312437
RRV035 con_0022.nii -6 49 1 0.471522 0.342202
RRV035 con_0023.nii 9 3 -6 0.199492 0.327165
RRV035 con_0023.nii -9 3 -6 0.0626528 0.340045
RRV035 con_0023.nii -30 33 -18 -0.149853 0.190639
RRV035 con_0023.nii 46 28 31 0.263822 0.246494
RRV035 con_0023.nii -44 27 33 0.584694 0.292279
RRV035 con_0023.nii 44 8 34 0.42963 0.182915
RRV035 con_0023.nii -42 7 36 0.183436 0.183903
RRV035 con_0023.nii 54 -44 43 0.590065 0.169683
RRV035 con_0023.nii -53 -50 39 0.108738 0.142559
RRV035 con_0023.nii 32 -59 41 -0.00838513 0.183691
RRV035 con_0023.nii -32 -58 46 0.0607767 0.174461
RRV035 con_0023.nii -6 49 1 -0.252282 0.253697
RRV035 con_0024.nii 9 3 -6 -0.413608 0.703639
RRV035 con_0024.nii -9 3 -6 0.076318 0.689799
RRV035 con_0024.nii -30 33 -18 -0.225352 0.326033
RRV035 con_0024.nii 46 28 31 0.808892 0.34228
RRV035 con_0024.nii -44 27 33 0.954017 0.936194
RRV035 con_0024.nii 44 8 34 1.1782 0.382664
RRV035 con_0024.nii -42 7 36 0.0551033 0.367985
RRV035 con_0024.nii 54 -44 43 2.57163 0.600639
RRV035 con_0024.nii -53 -50 39 0.959182 0.379625
RRV035 con_0024.nii 32 -59 41 0.731055 0.48686
RRV035 con_0024.nii -32 -58 46 0.597121 0.385857
RRV035 con_0024.nii -6 49 1 0.21924 0.420305
RRV035 con_0025.nii 9 3 -6 0.0609015 0.311611
RRV035 con_0025.nii -9 3 -6 -0.33128 0.276201
RRV035 con_0025.nii -30 33 -18 0.0365515 0.231136
RRV035 con_0025.nii 46 28 31 0.389555 0.290845
RRV035 con_0025.nii -44 27 33 0.563097 0.343987
RRV035 con_0025.nii 44 8 34 0.135951 0.178597
RRV035 con_0025.nii -42 7 36 0.539345 0.283896
RRV035 con_0025.nii 54 -44 43 1.40351 0.352532
RRV035 con_0025.nii -53 -50 39 0.88571 0.346671
RRV035 con_0025.nii 32 -59 41 0.81567 0.455332
RRV035 con_0025.nii -32 -58 46 0.486149 0.293244
RRV035 con_0025.nii -6 49 1 0.211908 0.235956
RRV035 con_0026.nii 9 3 -6 -0.0153464 0.50266
RRV035 con_0026.nii -9 3 -6 -0.633895 0.281376
RRV035 con_0026.nii -30 33 -18 0.126827 0.207441
RRV035 con_0026.nii 46 28 31 -0.99859 0.397453
RRV035 con_0026.nii -44 27 33 -0.175067 0.440009
RRV035 con_0026.nii 44 8 34 -0.510911 0.306195
RRV035 con_0026.nii -42 7 36 -0.126241 0.235197
RRV035 con_0026.nii 54 -44 43 -0.93184 0.260949
RRV035 con_0026.nii -53 -50 39 -0.0639512 0.228963
RRV035 con_0026.nii 32 -59 41 -0.330662 0.413319
RRV035 con_0026.nii -32 -58 46 -0.0379206 0.312789
RRV035 con_0026.nii -6 49 1 -0.50232 0.255152
RRV035 con_0027.nii 9 3 -6 0.0455551 0.586251
RRV035 con_0027.nii -9 3 -6 -0.965174 0.351231
RRV035 con_0027.nii -30 33 -18 0.163379 0.34765
RRV035 con_0027.nii 46 28 31 -0.609035 0.469586
RRV035 con_0027.nii -44 27 33 0.388029 0.316978
RRV035 con_0027.nii 44 8 34 -0.37496 0.381002
RRV035 con_0027.nii -42 7 36 0.413103 0.29289
RRV035 con_0027.nii 54 -44 43 0.471672 0.388884
RRV035 con_0027.nii -53 -50 39 0.821759 0.320239
RRV035 con_0027.nii 32 -59 41 0.485008 0.7533
RRV035 con_0027.nii -32 -58 46 0.448228 0.488446
RRV035 con_0027.nii -6 49 1 -0.290412 0.302502
RRV035 con_0028.nii 9 3 -6 -0.261989 0.226884
RRV035 con_0028.nii -9 3 -6 -0.138282 0.197455
RRV035 con_0028.nii -30 33 -18 -0.253858 0.222385
RRV035 con_0028.nii 46 28 31 0.314216 0.112163
RRV035 con_0028.nii -44 27 33 0.285702 0.336099
RRV035 con_0028.nii 44 8 34 0.386056 0.145924
RRV035 con_0028.nii -42 7 36 0.248688 0.237412
RRV035 con_0028.nii 54 -44 43 1.38947 0.328479
RRV035 con_0028.nii -53 -50 39 0.65265 0.293133
RRV035 con_0028.nii 32 -59 41 0.719651 0.368709
RRV035 con_0028.nii -32 -58 46 0.298476 0.18925
RRV035 con_0028.nii -6 49 1 0.105938 0.155643
RRV035 con_0029.nii 9 3 -6 0.227922 0.292853
RRV035 con_0029.nii -9 3 -6 -0.286777 0.263546
RRV035 con_0029.nii -30 33 -18 0.0323496 0.113845
RRV035 con_0029.nii 46 28 31 -0.372791 0.185896
RRV035 con_0029.nii -44 27 33 0.281618 0.0733138
RRV035 con_0029.nii 44 8 34 -0.0801303 0.166288
RRV035 con_0029.nii -42 7 36 -0.177711 0.139302
RRV035 con_0029.nii 54 -44 43 -0.27035 0.0745634
RRV035 con_0029.nii -53 -50 39 -0.00175239 0.113172
RRV035 con_0029.nii 32 -59 41 -0.244489 0.23028
RRV035 con_0029.nii -32 -58 46 0.0431516 0.204088
RRV035 con_0029.nii -6 49 1 -0.402503 0.172259
RRV035 con_0030.nii 9 3 -6 -0.0340675 0.281829
RRV035 con_0030.nii -9 3 -6 -0.425059 0.333965
RRV035 con_0030.nii -30 33 -18 -0.221508 0.231911
RRV035 con_0030.nii 46 28 31 -0.0585755 0.192768
RRV035 con_0030.nii -44 27 33 0.56732 0.351776
RRV035 con_0030.nii 44 8 34 0.305926 0.207642
RRV035 con_0030.nii -42 7 36 0.0709769 0.195099
RRV035 con_0030.nii 54 -44 43 1.11912 0.308931
RRV035 con_0030.nii -53 -50 39 0.650898 0.335145
RRV035 con_0030.nii 32 -59 41 0.475162 0.503215
RRV035 con_0030.nii -32 -58 46 0.341628 0.302471
RRV035 con_0030.nii -6 49 1 -0.296566 0.18066
