RRV033 con_0001.nii 9 3 -6 -0.26242 0.405697
RRV033 con_0001.nii -9 3 -6 -0.367119 0.317336
RRV033 con_0001.nii -30 33 -18 -0.128255 0.190521
RRV033 con_0001.nii 46 28 31 0.166184 0.193262
RRV033 con_0001.nii -44 27 33 0.163329 0.333419
RRV033 con_0001.nii 44 8 34 0.0879313 0.236359
RRV033 con_0001.nii -42 7 36 0.329461 0.188004
RRV033 con_0001.nii 54 -44 43 0.443466 0.330603
RRV033 con_0001.nii -53 -50 39 -0.360142 0.253634
RRV033 con_0001.nii 32 -59 41 1.23968 0.599079
RRV033 con_0001.nii -32 -58 46 0.630517 0.328781
RRV033 con_0001.nii -6 49 1 -0.769376 0.267121
RRV033 con_0002.nii 9 3 -6 0.208964 0.317877
RRV033 con_0002.nii -9 3 -6 -0.35961 0.506332
RRV033 con_0002.nii -30 33 -18 0.795259 0.472922
RRV033 con_0002.nii 46 28 31 0.526531 0.359187
RRV033 con_0002.nii -44 27 33 0.137507 0.285528
RRV033 con_0002.nii 44 8 34 -0.296719 0.34046
RRV033 con_0002.nii -42 7 36 -0.0424076 0.180699
RRV033 con_0002.nii 54 -44 43 -0.229202 0.659437
RRV033 con_0002.nii -53 -50 39 0.0656281 0.297372
RRV033 con_0002.nii 32 -59 41 1.50494 0.779782
RRV033 con_0002.nii -32 -58 46 0.701901 0.259975
RRV033 con_0002.nii -6 49 1 -1.52079 0.45893
RRV033 con_0003.nii 9 3 -6 -0.0534556 0.512294
RRV033 con_0003.nii -9 3 -6 -0.726729 0.64692
RRV033 con_0003.nii -30 33 -18 0.667004 0.557255
RRV033 con_0003.nii 46 28 31 0.692715 0.418773
RRV033 con_0003.nii -44 27 33 0.300836 0.598048
RRV033 con_0003.nii 44 8 34 -0.208788 0.329666
RRV033 con_0003.nii -42 7 36 0.287053 0.2274
RRV033 con_0003.nii 54 -44 43 0.214264 0.946305
RRV033 con_0003.nii -53 -50 39 -0.294514 0.34782
RRV033 con_0003.nii 32 -59 41 2.74462 1.3298
RRV033 con_0003.nii -32 -58 46 1.33242 0.536557
RRV033 con_0003.nii -6 49 1 -2.29016 0.661699
RRV033 con_0004.nii 9 3 -6 0.238923 0.483439
RRV033 con_0004.nii -9 3 -6 -0.317959 0.380951
RRV033 con_0004.nii -30 33 -18 -0.168084 0.47451
RRV033 con_0004.nii 46 28 31 -0.157691 0.433491
RRV033 con_0004.nii -44 27 33 -0.173692 0.426742
RRV033 con_0004.nii 44 8 34 0.780834 0.334693
RRV033 con_0004.nii -42 7 36 0.0835803 0.315993
RRV033 con_0004.nii 54 -44 43 0.67877 0.474264
RRV033 con_0004.nii -53 -50 39 -0.103084 0.372601
RRV033 con_0004.nii 32 -59 41 1.08464 0.774254
RRV033 con_0004.nii -32 -58 46 0.665436 0.311585
RRV033 con_0004.nii -6 49 1 -0.608363 0.486936
RRV033 con_0005.nii 9 3 -6 -0.2472 0.400823
RRV033 con_0005.nii -9 3 -6 -0.174971 0.582124
RRV033 con_0005.nii -30 33 -18 0.846442 0.390747
RRV033 con_0005.nii 46 28 31 -0.398294 0.345496
RRV033 con_0005.nii -44 27 33 0.216646 0.642466
RRV033 con_0005.nii 44 8 34 -0.0356832 0.335099
RRV033 con_0005.nii -42 7 36 0.667413 0.410317
RRV033 con_0005.nii 54 -44 43 0.263197 0.575681
RRV033 con_0005.nii -53 -50 39 0.299976 0.62769
RRV033 con_0005.nii 32 -59 41 1.28349 0.578464
RRV033 con_0005.nii -32 -58 46 0.677939 0.236465
RRV033 con_0005.nii -6 49 1 -0.931012 0.484046
RRV033 con_0006.nii 9 3 -6 -0.0082773 0.668374
RRV033 con_0006.nii -9 3 -6 -0.49293 0.60268
RRV033 con_0006.nii -30 33 -18 0.678357 0.626526
RRV033 con_0006.nii 46 28 31 -0.555985 0.745373
RRV033 con_0006.nii -44 27 33 0.0429538 0.95917
RRV033 con_0006.nii 44 8 34 0.745151 0.418729
RRV033 con_0006.nii -42 7 36 0.750993 0.6761
RRV033 con_0006.nii 54 -44 43 0.941967 1.02647
RRV033 con_0006.nii -53 -50 39 0.196892 0.959008
RRV033 con_0006.nii 32 -59 41 2.36813 1.32736
RRV033 con_0006.nii -32 -58 46 1.34338 0.421521
RRV033 con_0006.nii -6 49 1 -1.53937 0.884212
RRV033 con_0007.nii 9 3 -6 -0.0844964 0.590953
RRV033 con_0007.nii -9 3 -6 -0.384465 0.541589
RRV033 con_0007.nii -30 33 -18 -0.0160772 0.168482
RRV033 con_0007.nii 46 28 31 0.128696 0.185613
RRV033 con_0007.nii -44 27 33 -0.167399 0.25858
RRV033 con_0007.nii 44 8 34 -0.0737617 0.337199
RRV033 con_0007.nii -42 7 36 -0.0270723 0.204719
RRV033 con_0007.nii 54 -44 43 0.0468922 0.385163
RRV033 con_0007.nii -53 -50 39 -0.204346 0.205194
RRV033 con_0007.nii 32 -59 41 0.981369 0.488204
RRV033 con_0007.nii -32 -58 46 -0.0603167 0.237586
RRV033 con_0007.nii -6 49 1 -0.247182 0.330501
RRV033 con_0008.nii 9 3 -6 -0.356452 0.348462
RRV033 con_0008.nii -9 3 -6 -0.201445 0.368087
RRV033 con_0008.nii -30 33 -18 0.661048 0.272323
RRV033 con_0008.nii 46 28 31 -0.711236 0.468055
RRV033 con_0008.nii -44 27 33 -0.732529 0.451503
RRV033 con_0008.nii 44 8 34 0.0929503 0.494675
RRV033 con_0008.nii -42 7 36 0.384778 0.21853
RRV033 con_0008.nii 54 -44 43 0.678376 0.495604
RRV033 con_0008.nii -53 -50 39 -0.481891 0.434372
RRV033 con_0008.nii 32 -59 41 0.512301 0.4067
RRV033 con_0008.nii -32 -58 46 -0.168382 0.293313
RRV033 con_0008.nii -6 49 1 -0.524891 0.381713
RRV033 con_0009.nii 9 3 -6 -0.440948 0.853477
RRV033 con_0009.nii -9 3 -6 -0.58591 0.692025
RRV033 con_0009.nii -30 33 -18 0.644971 0.326566
RRV033 con_0009.nii 46 28 31 -0.58254 0.551306
RRV033 con_0009.nii -44 27 33 -0.899928 0.632115
RRV033 con_0009.nii 44 8 34 0.0191886 0.717868
RRV033 con_0009.nii -42 7 36 0.357706 0.18443
RRV033 con_0009.nii 54 -44 43 0.725269 0.821932
RRV033 con_0009.nii -53 -50 39 -0.686237 0.461887
RRV033 con_0009.nii 32 -59 41 1.49367 0.724985
RRV033 con_0009.nii -32 -58 46 -0.228699 0.352009
RRV033 con_0009.nii -6 49 1 -0.772072 0.59398
RRV033 con_0010.nii 9 3 -6 0.0666108 0.251533
RRV033 con_0010.nii -9 3 -6 -0.190106 0.393641
RRV033 con_0010.nii -30 33 -18 0.0560034 0.275723
RRV033 con_0010.nii 46 28 31 -0.150236 0.278675
RRV033 con_0010.nii -44 27 33 0.198728 0.528615
RRV033 con_0010.nii 44 8 34 -0.477119 0.435634
RRV033 con_0010.nii -42 7 36 0.217169 0.351243
RRV033 con_0010.nii 54 -44 43 0.143623 0.302466
RRV033 con_0010.nii -53 -50 39 0.0403354 0.170386
RRV033 con_0010.nii 32 -59 41 0.977088 0.618023
RRV033 con_0010.nii -32 -58 46 0.355163 0.202379
RRV033 con_0010.nii -6 49 1 -0.533126 0.37114
RRV033 con_0011.nii 9 3 -6 -0.351863 0.237001
RRV033 con_0011.nii -9 3 -6 -0.320016 0.339596
RRV033 con_0011.nii -30 33 -18 -0.220383 0.156947
RRV033 con_0011.nii 46 28 31 -0.712314 0.224604
RRV033 con_0011.nii -44 27 33 -0.349212 0.259279
RRV033 con_0011.nii 44 8 34 -0.665551 0.423585
RRV033 con_0011.nii -42 7 36 -0.0317036 0.323472
RRV033 con_0011.nii 54 -44 43 0.197231 0.363699
RRV033 con_0011.nii -53 -50 39 0.00881294 0.301492
RRV033 con_0011.nii 32 -59 41 0.556905 0.376787
RRV033 con_0011.nii -32 -58 46 0.384081 0.23948
RRV033 con_0011.nii -6 49 1 -0.850149 0.572652
RRV033 con_0012.nii 9 3 -6 -0.285252 0.332571
RRV033 con_0012.nii -9 3 -6 -0.510122 0.308096
RRV033 con_0012.nii -30 33 -18 -0.16438 0.242398
RRV033 con_0012.nii 46 28 31 -0.86255 0.418545
RRV033 con_0012.nii -44 27 33 -0.150484 0.740276
RRV033 con_0012.nii 44 8 34 -1.14267 0.828499
RRV033 con_0012.nii -42 7 36 0.185465 0.652745
RRV033 con_0012.nii 54 -44 43 0.340854 0.608731
RRV033 con_0012.nii -53 -50 39 0.0491483 0.44539
RRV033 con_0012.nii 32 -59 41 1.53399 0.969691
RRV033 con_0012.nii -32 -58 46 0.739244 0.31563
RRV033 con_0012.nii -6 49 1 -1.38327 0.907004
RRV033 con_0013.nii 9 3 -6 0.0035515 0.253462
RRV033 con_0013.nii -9 3 -6 -0.285184 0.172863
RRV033 con_0013.nii -30 33 -18 -0.120008 0.185961
RRV033 con_0013.nii 46 28 31 0.109207 0.115885
RRV033 con_0013.nii -44 27 33 0.112024 0.162417
RRV033 con_0013.nii 44 8 34 0.225684 0.179318
RRV033 con_0013.nii -42 7 36 0.0344468 0.182795
RRV033 con_0013.nii 54 -44 43 -0.604487 0.38908
RRV033 con_0013.nii -53 -50 39 0.0220346 0.168054
RRV033 con_0013.nii 32 -59 41 1.57366 1.00174
RRV033 con_0013.nii -32 -58 46 0.185829 0.206958
RRV033 con_0013.nii -6 49 1 -0.0821553 0.290157
RRV033 con_0014.nii 9 3 -6 0.00146805 0.307593
RRV033 con_0014.nii -9 3 -6 0.0995602 0.322679
RRV033 con_0014.nii -30 33 -18 -0.00948087 0.201829
RRV033 con_0014.nii 46 28 31 -0.390413 0.245513
RRV033 con_0014.nii -44 27 33 -0.303651 0.300201
RRV033 con_0014.nii 44 8 34 -0.0227815 0.204356
RRV033 con_0014.nii -42 7 36 -0.160982 0.200616
RRV033 con_0014.nii 54 -44 43 -0.239734 0.514288
RRV033 con_0014.nii -53 -50 39 0.300641 0.338888
RRV033 con_0014.nii 32 -59 41 1.44441 0.680605
RRV033 con_0014.nii -32 -58 46 0.654399 0.298119
RRV033 con_0014.nii -6 49 1 -0.659859 0.361833
RRV033 con_0015.nii 9 3 -6 0.00501955 0.361567
RRV033 con_0015.nii -9 3 -6 -0.185624 0.411078
RRV033 con_0015.nii -30 33 -18 -0.129489 0.347981
RRV033 con_0015.nii 46 28 31 -0.281206 0.320012
RRV033 con_0015.nii -44 27 33 -0.191627 0.373069
RRV033 con_0015.nii 44 8 34 0.202903 0.248544
RRV033 con_0015.nii -42 7 36 -0.126535 0.360469
RRV033 con_0015.nii 54 -44 43 -0.844222 0.763351
RRV033 con_0015.nii -53 -50 39 0.322675 0.487311
RRV033 con_0015.nii 32 -59 41 3.01807 1.64651
RRV033 con_0015.nii -32 -58 46 0.840228 0.462033
RRV033 con_0015.nii -6 49 1 -0.742014 0.592827
RRV033 con_0016.nii 9 3 -6 -0.0359978 0.449149
RRV033 con_0016.nii -9 3 -6 -0.356515 0.343751
RRV033 con_0016.nii -30 33 -18 -0.104139 0.209531
RRV033 con_0016.nii 46 28 31 0.0457295 0.227076
RRV033 con_0016.nii -44 27 33 -0.0592541 0.297342
RRV033 con_0016.nii 44 8 34 0.265001 0.239862
RRV033 con_0016.nii -42 7 36 0.128656 0.164186
RRV033 con_0016.nii 54 -44 43 0.389709 0.377218
RRV033 con_0016.nii -53 -50 39 -0.222524 0.143325
RRV033 con_0016.nii 32 -59 41 1.1019 0.607689
RRV033 con_0016.nii -32 -58 46 0.411879 0.233028
RRV033 con_0016.nii -6 49 1 -0.54164 0.309925
RRV033 con_0017.nii 9 3 -6 -0.131562 0.269075
RRV033 con_0017.nii -9 3 -6 -0.245342 0.452487
RRV033 con_0017.nii -30 33 -18 0.767583 0.358172
RRV033 con_0017.nii 46 28 31 -0.194333 0.275877
RRV033 con_0017.nii -44 27 33 -0.126125 0.430432
RRV033 con_0017.nii 44 8 34 -0.0798173 0.234371
RRV033 con_0017.nii -42 7 36 0.336594 0.200007
RRV033 con_0017.nii 54 -44 43 0.237457 0.555096
RRV033 con_0017.nii -53 -50 39 -0.0387624 0.333203
RRV033 con_0017.nii 32 -59 41 1.10024 0.534031
RRV033 con_0017.nii -32 -58 46 0.403819 0.188167
RRV033 con_0017.nii -6 49 1 -0.992229 0.404905
RRV033 con_0018.nii 9 3 -6 -0.16756 0.569672
RRV033 con_0018.nii -9 3 -6 -0.601856 0.538345
RRV033 con_0018.nii -30 33 -18 0.663444 0.412145
RRV033 con_0018.nii 46 28 31 -0.148603 0.469368
RRV033 con_0018.nii -44 27 33 -0.18538 0.691673
RRV033 con_0018.nii 44 8 34 0.185184 0.410072
RRV033 con_0018.nii -42 7 36 0.465251 0.309149
RRV033 con_0018.nii 54 -44 43 0.627166 0.905751
RRV033 con_0018.nii -53 -50 39 -0.261286 0.426941
RRV033 con_0018.nii 32 -59 41 2.20214 1.10571
RRV033 con_0018.nii -32 -58 46 0.815698 0.313275
RRV033 con_0018.nii -6 49 1 -1.53387 0.652867
RRV033 con_0019.nii 9 3 -6 -0.32903 0.363256
RRV033 con_0019.nii -9 3 -6 -0.177013 0.214558
RRV033 con_0019.nii -30 33 -18 -0.184258 0.348088
RRV033 con_0019.nii 46 28 31 0.31642 0.265744
RRV033 con_0019.nii -44 27 33 -0.0353993 0.276474
RRV033 con_0019.nii 44 8 34 0.56505 0.279549
RRV033 con_0019.nii -42 7 36 0.112292 0.315997
RRV033 con_0019.nii 54 -44 43 0.299843 0.0886585
RRV033 con_0019.nii -53 -50 39 -0.400478 0.223179
RRV033 con_0019.nii 32 -59 41 0.26259 0.240764
RRV033 con_0019.nii -32 -58 46 0.275354 0.255634
RRV033 con_0019.nii -6 49 1 -0.236251 0.274952
RRV033 con_0020.nii 9 3 -6 0.560827 0.251393
RRV033 con_0020.nii -9 3 -6 -0.0395942 0.488524
RRV033 con_0020.nii -30 33 -18 1.01564 0.466089
RRV033 con_0020.nii 46 28 31 1.23885 0.488205
RRV033 con_0020.nii -44 27 33 0.486719 0.188987
RRV033 con_0020.nii 44 8 34 0.368832 0.442611
RRV033 con_0020.nii -42 7 36 -0.010704 0.35243
RRV033 con_0020.nii 54 -44 43 -0.426433 0.337607
RRV033 con_0020.nii -53 -50 39 0.0568152 0.48235
RRV033 con_0020.nii 32 -59 41 0.948036 0.455109
RRV033 con_0020.nii -32 -58 46 0.31782 0.290041
RRV033 con_0020.nii -6 49 1 -0.670637 0.35344
RRV033 con_0021.nii 9 3 -6 0.231797 0.40153
RRV033 con_0021.nii -9 3 -6 -0.216607 0.510503
RRV033 con_0021.nii -30 33 -18 0.831384 0.636049
RRV033 con_0021.nii 46 28 31 1.55527 0.524413
RRV033 con_0021.nii -44 27 33 0.45132 0.301577
RRV033 con_0021.nii 44 8 34 0.933882 0.609551
RRV033 con_0021.nii -42 7 36 0.101588 0.561921
RRV033 con_0021.nii 54 -44 43 -0.12659 0.367021
RRV033 con_0021.nii -53 -50 39 -0.343662 0.605952
RRV033 con_0021.nii 32 -59 41 1.21063 0.415503
RRV033 con_0021.nii -32 -58 46 0.593174 0.353765
RRV033 con_0021.nii -6 49 1 -0.906887 0.501614
RRV033 con_0022.nii 9 3 -6 0.172312 0.32736
RRV033 con_0022.nii -9 3 -6 -0.127853 0.264046
RRV033 con_0022.nii -30 33 -18 -0.224088 0.288813
RRV033 con_0022.nii 46 28 31 -0.00745504 0.236067
RRV033 con_0022.nii -44 27 33 -0.37242 0.412139
RRV033 con_0022.nii 44 8 34 1.25795 0.311894
RRV033 con_0022.nii -42 7 36 -0.133589 0.350451
RRV033 con_0022.nii 54 -44 43 0.535147 0.294798
RRV033 con_0022.nii -53 -50 39 -0.143419 0.276476
RRV033 con_0022.nii 32 -59 41 0.107552 0.255154
RRV033 con_0022.nii -32 -58 46 0.310273 0.327814
RRV033 con_0022.nii -6 49 1 -0.0752369 0.386455
RRV033 con_0023.nii 9 3 -6 0.104663 0.254945
RRV033 con_0023.nii -9 3 -6 0.145045 0.416336
RRV033 con_0023.nii -30 33 -18 1.06683 0.386912
RRV033 con_0023.nii 46 28 31 0.314021 0.263424
RRV033 con_0023.nii -44 27 33 0.565858 0.409275
RRV033 con_0023.nii 44 8 34 0.629867 0.487213
RRV033 con_0023.nii -42 7 36 0.699116 0.346331
RRV033 con_0023.nii 54 -44 43 0.0659662 0.243585
RRV033 con_0023.nii -53 -50 39 0.291163 0.355135
RRV033 con_0023.nii 32 -59 41 0.726586 0.224368
RRV033 con_0023.nii -32 -58 46 0.293858 0.263497
RRV033 con_0023.nii -6 49 1 -0.0808635 0.221068
RRV033 con_0024.nii 9 3 -6 0.276975 0.444623
RRV033 con_0024.nii -9 3 -6 0.0171918 0.484907
RRV033 con_0024.nii -30 33 -18 0.842737 0.562647
RRV033 con_0024.nii 46 28 31 0.306565 0.400521
RRV033 con_0024.nii -44 27 33 0.193438 0.429374
RRV033 con_0024.nii 44 8 34 1.88782 0.682718
RRV033 con_0024.nii -42 7 36 0.565528 0.64967
RRV033 con_0024.nii 54 -44 43 0.601113 0.499546
RRV033 con_0024.nii -53 -50 39 0.147744 0.564603
RRV033 con_0024.nii 32 -59 41 0.834138 0.426618
RRV033 con_0024.nii -32 -58 46 0.604131 0.230614
RRV033 con_0024.nii -6 49 1 -0.1561 0.507205
RRV033 con_0025.nii 9 3 -6 -0.151107 0.480262
RRV033 con_0025.nii -9 3 -6 -0.19436 0.426523
RRV033 con_0025.nii -30 33 -18 -0.0720806 0.135993
RRV033 con_0025.nii 46 28 31 0.278932 0.300661
RRV033 con_0025.nii -44 27 33 -0.366127 0.356473
RRV033 con_0025.nii 44 8 34 0.403357 0.321738
RRV033 con_0025.nii -42 7 36 -0.244241 0.473197
RRV033 con_0025.nii 54 -44 43 -0.096731 0.122468
RRV033 con_0025.nii -53 -50 39 -0.244682 0.271531
RRV033 con_0025.nii 32 -59 41 0.00428083 0.253296
RRV033 con_0025.nii -32 -58 46 -0.41548 0.19036
RRV033 con_0025.nii -6 49 1 0.285944 0.308792
RRV033 con_0026.nii 9 3 -6 -0.00458846 0.367085
RRV033 con_0026.nii -9 3 -6 0.118571 0.444273
RRV033 con_0026.nii -30 33 -18 0.881432 0.291443
RRV033 con_0026.nii 46 28 31 0.00107811 0.38485
RRV033 con_0026.nii -44 27 33 -0.383317 0.276228
RRV033 con_0026.nii 44 8 34 0.758501 0.252932
RRV033 con_0026.nii -42 7 36 0.416482 0.193555
RRV033 con_0026.nii 54 -44 43 0.481145 0.302656
RRV033 con_0026.nii -53 -50 39 -0.490704 0.206403
RRV033 con_0026.nii 32 -59 41 -0.0446032 0.337813
RRV033 con_0026.nii -32 -58 46 -0.552464 0.414572
RRV033 con_0026.nii -6 49 1 0.325258 0.373876
RRV033 con_0027.nii 9 3 -6 -0.155696 0.753765
RRV033 con_0027.nii -9 3 -6 -0.0757888 0.705973
RRV033 con_0027.nii -30 33 -18 0.809351 0.308349
RRV033 con_0027.nii 46 28 31 0.28001 0.299891
RRV033 con_0027.nii -44 27 33 -0.749444 0.40047
RRV033 con_0027.nii 44 8 34 1.16186 0.281204
RRV033 con_0027.nii -42 7 36 0.172241 0.596411
RRV033 con_0027.nii 54 -44 43 0.384414 0.389526
RRV033 con_0027.nii -53 -50 39 -0.735386 0.34447
RRV033 con_0027.nii 32 -59 41 -0.0403223 0.465843
RRV033 con_0027.nii -32 -58 46 -0.967943 0.449938
RRV033 con_0027.nii -6 49 1 0.611202 0.426125
RRV033 con_0028.nii 9 3 -6 -0.102609 0.330378
RRV033 con_0028.nii -9 3 -6 -0.166409 0.194102
RRV033 con_0028.nii -30 33 -18 -0.160142 0.147127
RRV033 con_0028.nii 46 28 31 0.195966 0.192975
RRV033 con_0028.nii -44 27 33 -0.257982 0.304667
RRV033 con_0028.nii 44 8 34 0.74212 0.238015
RRV033 con_0028.nii -42 7 36 -0.0885126 0.341735
RRV033 con_0028.nii 54 -44 43 0.246086 0.134251
RRV033 con_0028.nii -53 -50 39 -0.262859 0.073794
RRV033 con_0028.nii 32 -59 41 0.124808 0.181089
RRV033 con_0028.nii -32 -58 46 0.056716 0.191768
RRV033 con_0028.nii -6 49 1 -0.00851447 0.252169
RRV033 con_0029.nii 9 3 -6 0.220301 0.179834
RRV033 con_0029.nii -9 3 -6 0.0746738 0.405329
RRV033 con_0029.nii -30 33 -18 0.987966 0.358814
RRV033 con_0029.nii 46 28 31 0.517981 0.268769
RRV033 con_0029.nii -44 27 33 0.223087 0.21385
RRV033 con_0029.nii 44 8 34 0.585733 0.251089
RRV033 con_0029.nii -42 7 36 0.368298 0.225726
RRV033 con_0029.nii 54 -44 43 0.0402262 0.243187
RRV033 con_0029.nii -53 -50 39 -0.0475753 0.145321
RRV033 con_0029.nii 32 -59 41 0.543339 0.19922
RRV033 con_0029.nii -32 -58 46 0.0197381 0.272097
RRV033 con_0029.nii -6 49 1 -0.142081 0.26758
RRV033 con_0030.nii 9 3 -6 0.117692 0.39288
RRV033 con_0030.nii -9 3 -6 -0.0917348 0.448317
RRV033 con_0030.nii -30 33 -18 0.827824 0.414763
RRV033 con_0030.nii 46 28 31 0.713947 0.224639
RRV033 con_0030.nii -44 27 33 -0.0348954 0.25409
RRV033 con_0030.nii 44 8 34 1.32785 0.455288
RRV033 con_0030.nii -42 7 36 0.279785 0.528335
RRV033 con_0030.nii 54 -44 43 0.286312 0.352336
RRV033 con_0030.nii -53 -50 39 -0.310435 0.180218
RRV033 con_0030.nii 32 -59 41 0.668147 0.247398
RRV033 con_0030.nii -32 -58 46 0.0764541 0.169033
RRV033 con_0030.nii -6 49 1 -0.150595 0.363626
RRV033 con_0031.nii 9 3 -6 -0.0630593 0.177394
RRV033 con_0031.nii -9 3 -6 -0.095078 0.472602
RRV033 con_0031.nii -30 33 -18 -0.176011 0.156192
RRV033 con_0031.nii 46 28 31 0.259443 0.236617
RRV033 con_0031.nii -44 27 33 -0.0867039 0.450966
RRV033 con_0031.nii 44 8 34 0.702803 0.546396
RRV033 con_0031.nii -42 7 36 -0.182722 0.264941
RRV033 con_0031.nii 54 -44 43 -0.748111 0.280362
RRV033 con_0031.nii -53 -50 39 -0.0183008 0.207732
RRV033 con_0031.nii 32 -59 41 0.596576 0.451703
RRV033 con_0031.nii -32 -58 46 -0.169334 0.232903
RRV033 con_0031.nii -6 49 1 0.450971 0.215914
RRV033 con_0032.nii 9 3 -6 0.353331 0.204264
RRV033 con_0032.nii -9 3 -6 0.419576 0.272613
RRV033 con_0032.nii -30 33 -18 0.210903 0.298523
RRV033 con_0032.nii 46 28 31 0.321901 0.199255
RRV033 con_0032.nii -44 27 33 0.0455609 0.139453
RRV033 con_0032.nii 44 8 34 0.642769 0.292879
RRV033 con_0032.nii -42 7 36 -0.129278 0.227338
RRV033 con_0032.nii 54 -44 43 -0.436965 0.233378
RRV033 con_0032.nii -53 -50 39 0.291828 0.248831
RRV033 con_0032.nii 32 -59 41 0.887505 0.353288
RRV033 con_0032.nii -32 -58 46 0.270318 0.155579
RRV033 con_0032.nii -6 49 1 0.19029 0.244978
RRV033 con_0033.nii 9 3 -6 0.290272 0.197352
RRV033 con_0033.nii -9 3 -6 0.324498 0.361668
RRV033 con_0033.nii -30 33 -18 0.0348911 0.323909
RRV033 con_0033.nii 46 28 31 0.581344 0.233153
RRV033 con_0033.nii -44 27 33 -0.041143 0.430053
RRV033 con_0033.nii 44 8 34 1.34557 0.798583
RRV033 con_0033.nii -42 7 36 -0.312 0.468042
RRV033 con_0033.nii 54 -44 43 -1.18508 0.41617
RRV033 con_0033.nii -53 -50 39 0.273527 0.419345
RRV033 con_0033.nii 32 -59 41 1.48408 0.772781
RRV033 con_0033.nii -32 -58 46 0.100983 0.339564
RRV033 con_0033.nii -6 49 1 0.64126 0.418701
