RRV038 con_0001.nii 9 3 -6 0.043703 0.395028
RRV038 con_0001.nii -9 3 -6 0.294887 0.337622
RRV038 con_0001.nii -30 33 -18 -0.142474 0.469061
RRV038 con_0001.nii 46 28 31 0.576816 0.494577
RRV038 con_0001.nii -44 27 33 0.0515253 0.209021
RRV038 con_0001.nii 44 8 34 -0.00493846 0.63174
RRV038 con_0001.nii -42 7 36 -0.964214 0.283145
RRV038 con_0001.nii 54 -44 43 0.294637 0.23173
RRV038 con_0001.nii -53 -50 39 -0.603956 0.332046
RRV038 con_0001.nii 32 -59 41 0.256223 0.286052
RRV038 con_0001.nii -32 -58 46 -0.549802 0.357834
RRV038 con_0001.nii -6 49 1 -0.351059 1.00045
RRV038 con_0002.nii 9 3 -6 -0.473727 0.253892
RRV038 con_0002.nii -9 3 -6 -0.284081 0.224129
RRV038 con_0002.nii -30 33 -18 0.327389 0.272853
RRV038 con_0002.nii 46 28 31 0.0439636 0.350186
RRV038 con_0002.nii -44 27 33 0.296501 0.155353
RRV038 con_0002.nii 44 8 34 -0.170171 0.222194
RRV038 con_0002.nii -42 7 36 0.203053 0.223695
RRV038 con_0002.nii 54 -44 43 0.146363 0.168415
RRV038 con_0002.nii -53 -50 39 0.797327 0.297114
RRV038 con_0002.nii 32 -59 41 -0.0466013 0.137828
RRV038 con_0002.nii -32 -58 46 -0.315843 0.468291
RRV038 con_0002.nii -6 49 1 -0.395932 0.3763
RRV038 con_0003.nii 9 3 -6 -0.430024 0.324291
RRV038 con_0003.nii -9 3 -6 0.0108063 0.182055
RRV038 con_0003.nii -30 33 -18 0.184916 0.52378
RRV038 con_0003.nii 46 28 31 0.62078 0.745001
RRV038 con_0003.nii -44 27 33 0.348026 0.307367
RRV038 con_0003.nii 44 8 34 -0.17511 0.657182
RRV038 con_0003.nii -42 7 36 -0.761161 0.41699
RRV038 con_0003.nii 54 -44 43 0.441001 0.314186
RRV038 con_0003.nii -53 -50 39 0.19337 0.497569
RRV038 con_0003.nii 32 -59 41 0.209622 0.37207
RRV038 con_0003.nii -32 -58 46 -0.865645 0.698479
RRV038 con_0003.nii -6 49 1 -0.746991 1.01451
RRV038 con_0004.nii 9 3 -6 -0.101879 0.31276
RRV038 con_0004.nii -9 3 -6 -0.0506357 0.299203
RRV038 con_0004.nii -30 33 -18 0.834994 0.325467
RRV038 con_0004.nii 46 28 31 -0.0132768 0.178949
RRV038 con_0004.nii -44 27 33 0.340874 0.199246
RRV038 con_0004.nii 44 8 34 -0.12588 0.315853
RRV038 con_0004.nii -42 7 36 -0.00808406 0.346087
RRV038 con_0004.nii 54 -44 43 -1.32696 0.394989
RRV038 con_0004.nii -53 -50 39 -0.857345 0.316239
RRV038 con_0004.nii 32 -59 41 0.160123 0.211602
RRV038 con_0004.nii -32 -58 46 -0.583778 0.552877
RRV038 con_0004.nii -6 49 1 -0.277287 0.273708
RRV038 con_0005.nii 9 3 -6 -0.388231 0.382625
RRV038 con_0005.nii -9 3 -6 -0.291644 0.237211
RRV038 con_0005.nii -30 33 -18 0.58266 0.534348
RRV038 con_0005.nii 46 28 31 -0.089865 0.236745
RRV038 con_0005.nii -44 27 33 0.568764 0.237172
RRV038 con_0005.nii 44 8 34 0.0777291 0.23377
RRV038 con_0005.nii -42 7 36 0.423214 0.281974
RRV038 con_0005.nii 54 -44 43 0.0507855 0.223104
RRV038 con_0005.nii -53 -50 39 0.0991402 0.325177
RRV038 con_0005.nii 32 -59 41 -0.262319 0.145177
RRV038 con_0005.nii -32 -58 46 -0.23781 0.168729
RRV038 con_0005.nii -6 49 1 0.231274 0.225542
RRV038 con_0006.nii 9 3 -6 -0.490109 0.651608
RRV038 con_0006.nii -9 3 -6 -0.34228 0.222234
RRV038 con_0006.nii -30 33 -18 1.41765 0.787096
RRV038 con_0006.nii 46 28 31 -0.103142 0.242765
RRV038 con_0006.nii -44 27 33 0.909639 0.335371
RRV038 con_0006.nii 44 8 34 -0.0481511 0.372702
RRV038 con_0006.nii -42 7 36 0.41513 0.445372
RRV038 con_0006.nii 54 -44 43 -1.27617 0.500774
RRV038 con_0006.nii -53 -50 39 -0.758205 0.52097
RRV038 con_0006.nii 32 -59 41 -0.102195 0.242866
RRV038 con_0006.nii -32 -58 46 -0.821588 0.464537
RRV038 con_0006.nii -6 49 1 -0.0460131 0.474594
RRV038 con_0007.nii 9 3 -6 0.318939 0.217188
RRV038 con_0007.nii -9 3 -6 0.201128 0.397343
RRV038 con_0007.nii -30 33 -18 -0.100172 0.460159
RRV038 con_0007.nii 46 28 31 0.339394 0.590832
RRV038 con_0007.nii -44 27 33 -0.138159 0.198079
RRV038 con_0007.nii 44 8 34 1.94783 0.887832
RRV038 con_0007.nii -42 7 36 1.42261 0.357345
RRV038 con_0007.nii 54 -44 43 -0.815216 0.460268
RRV038 con_0007.nii -53 -50 39 -1.09413 0.439193
RRV038 con_0007.nii 32 -59 41 0.332337 0.236529
RRV038 con_0007.nii -32 -58 46 -1.51231 0.873094
RRV038 con_0007.nii -6 49 1 -0.258756 0.279751
RRV038 con_0008.nii 9 3 -6 0.021862 0.202069
RRV038 con_0008.nii -9 3 -6 -0.340182 0.241698
RRV038 con_0008.nii -30 33 -18 0.340766 0.472214
RRV038 con_0008.nii 46 28 31 -0.20296 0.26397
RRV038 con_0008.nii -44 27 33 0.511536 0.359697
RRV038 con_0008.nii 44 8 34 -1.25238 0.37892
RRV038 con_0008.nii -42 7 36 -0.896057 0.577665
RRV038 con_0008.nii 54 -44 43 -0.422238 0.170962
RRV038 con_0008.nii -53 -50 39 0.255471 0.179857
RRV038 con_0008.nii 32 -59 41 0.0132557 0.215153
RRV038 con_0008.nii -32 -58 46 0.643027 0.576502
RRV038 con_0008.nii -6 49 1 0.156003 0.229216
RRV038 con_0009.nii 9 3 -6 0.340801 0.260884
RRV038 con_0009.nii -9 3 -6 -0.139054 0.538241
RRV038 con_0009.nii -30 33 -18 0.240594 0.591762
RRV038 con_0009.nii 46 28 31 0.136434 0.457193
RRV038 con_0009.nii -44 27 33 0.373377 0.308182
RRV038 con_0009.nii 44 8 34 0.695459 0.713299
RRV038 con_0009.nii -42 7 36 0.526554 0.343886
RRV038 con_0009.nii 54 -44 43 -1.23745 0.412631
RRV038 con_0009.nii -53 -50 39 -0.838662 0.456748
RRV038 con_0009.nii 32 -59 41 0.345592 0.405264
RRV038 con_0009.nii -32 -58 46 -0.869279 0.359198
RRV038 con_0009.nii -6 49 1 -0.102753 0.469463
RRV038 con_0010.nii 9 3 -6 -0.110227 0.282321
RRV038 con_0010.nii -9 3 -6 0.167784 0.135335
RRV038 con_0010.nii -30 33 -18 -0.0149213 0.293134
RRV038 con_0010.nii 46 28 31 0.00994794 0.216802
RRV038 con_0010.nii -44 27 33 0.298238 0.202134
RRV038 con_0010.nii 44 8 34 0.127213 0.240033
RRV038 con_0010.nii -42 7 36 0.572091 0.272146
RRV038 con_0010.nii 54 -44 43 -0.00478935 0.0993463
RRV038 con_0010.nii -53 -50 39 -0.0447392 0.120092
RRV038 con_0010.nii 32 -59 41 0.0197033 0.113994
RRV038 con_0010.nii -32 -58 46 -0.207831 0.189472
RRV038 con_0010.nii -6 49 1 -0.00628941 0.327997
RRV038 con_0011.nii 9 3 -6 -0.131695 0.365529
RRV038 con_0011.nii -9 3 -6 -0.259425 0.30088
RRV038 con_0011.nii -30 33 -18 -0.127033 0.17908
RRV038 con_0011.nii 46 28 31 -0.186641 0.278242
RRV038 con_0011.nii -44 27 33 0.306559 0.185843
RRV038 con_0011.nii 44 8 34 -0.519164 0.299958
RRV038 con_0011.nii -42 7 36 -0.14757 0.328382
RRV038 con_0011.nii 54 -44 43 -0.110901 0.10829
RRV038 con_0011.nii -53 -50 39 0.635171 0.172385
RRV038 con_0011.nii 32 -59 41 -0.201818 0.129579
RRV038 con_0011.nii -32 -58 46 0.502018 0.309194
RRV038 con_0011.nii -6 49 1 0.318158 0.180929
RRV038 con_0012.nii 9 3 -6 -0.241922 0.574864
RRV038 con_0012.nii -9 3 -6 -0.091641 0.350531
RRV038 con_0012.nii -30 33 -18 -0.141954 0.31591
RRV038 con_0012.nii 46 28 31 -0.176693 0.12996
RRV038 con_0012.nii -44 27 33 0.604797 0.370773
RRV038 con_0012.nii 44 8 34 -0.391951 0.19817
RRV038 con_0012.nii -42 7 36 0.424521 0.438922
RRV038 con_0012.nii 54 -44 43 -0.11569 0.136535
RRV038 con_0012.nii -53 -50 39 0.590432 0.171361
RRV038 con_0012.nii 32 -59 41 -0.182114 0.0998065
RRV038 con_0012.nii -32 -58 46 0.294187 0.208766
RRV038 con_0012.nii -6 49 1 0.311869 0.416421
RRV038 con_0013.nii 9 3 -6 0.00841102 0.415321
RRV038 con_0013.nii -9 3 -6 0.524959 0.161883
RRV038 con_0013.nii -30 33 -18 0.201965 0.309056
RRV038 con_0013.nii 46 28 31 -0.0296394 0.136099
RRV038 con_0013.nii -44 27 33 -0.145688 0.124922
RRV038 con_0013.nii 44 8 34 0.320335 0.240389
RRV038 con_0013.nii -42 7 36 0.139483 0.0709063
RRV038 con_0013.nii 54 -44 43 -0.148169 0.218586
RRV038 con_0013.nii -53 -50 39 -0.0351287 0.212044
RRV038 con_0013.nii 32 -59 41 0.377031 0.136311
RRV038 con_0013.nii -32 -58 46 -0.106398 0.29715
RRV038 con_0013.nii -6 49 1 -0.0500531 0.230717
RRV038 con_0014.nii 9 3 -6 -0.12618 0.126055
RRV038 con_0014.nii -9 3 -6 -0.215012 0.204019
RRV038 con_0014.nii -30 33 -18 -0.14015 0.116749
RRV038 con_0014.nii 46 28 31 -0.0344157 0.0832056
RRV038 con_0014.nii -44 27 33 -0.308608 0.130586
RRV038 con_0014.nii 44 8 34 -0.225775 0.159306
RRV038 con_0014.nii -42 7 36 -0.298544 0.124804
RRV038 con_0014.nii 54 -44 43 -0.275879 0.215209
RRV038 con_0014.nii -53 -50 39 0.039977 0.133841
RRV038 con_0014.nii 32 -59 41 0.0583187 0.146593
RRV038 con_0014.nii -32 -58 46 -0.180512 0.145908
RRV038 con_0014.nii -6 49 1 -0.372446 0.157731
RRV038 con_0015.nii 9 3 -6 -0.117769 0.410674
RRV038 con_0015.nii -9 3 -6 0.309947 0.313093
RRV038 con_0015.nii -30 33 -18 0.0618147 0.282386
RRV038 con_0015.nii 46 28 31 -0.0640551 0.14965
RRV038 con_0015.nii -44 27 33 -0.454296 0.104084
RRV038 con_0015.nii 44 8 34 0.09456 0.303013
RRV038 con_0015.nii -42 7 36 -0.15906 0.149564
RRV038 con_0015.nii 54 -44 43 -0.424048 0.381961
RRV038 con_0015.nii -53 -50 39 0.00484829 0.306396
RRV038 con_0015.nii 32 -59 41 0.43535 0.247768
RRV038 con_0015.nii -32 -58 46 -0.28691 0.407536
RRV038 con_0015.nii -6 49 1 -0.4225 0.207083
RRV038 con_0016.nii 9 3 -6 0.0869209 0.173267
RRV038 con_0016.nii -9 3 -6 0.14846 0.296772
RRV038 con_0016.nii -30 33 -18 0.197449 0.302116
RRV038 con_0016.nii 46 28 31 0.300978 0.18268
RRV038 con_0016.nii -44 27 33 0.084747 0.076111
RRV038 con_0016.nii 44 8 34 0.605672 0.359568
RRV038 con_0016.nii -42 7 36 0.150104 0.178272
RRV038 con_0016.nii 54 -44 43 -0.615846 0.231998
RRV038 con_0016.nii -53 -50 39 -0.851812 0.232499
RRV038 con_0016.nii 32 -59 41 0.249561 0.183547
RRV038 con_0016.nii -32 -58 46 -0.881962 0.542566
RRV038 con_0016.nii -6 49 1 -0.295701 0.460287
RRV038 con_0017.nii 9 3 -6 -0.280032 0.228772
RRV038 con_0017.nii -9 3 -6 -0.305302 0.173415
RRV038 con_0017.nii -30 33 -18 0.416938 0.197917
RRV038 con_0017.nii 46 28 31 -0.0829536 0.244194
RRV038 con_0017.nii -44 27 33 0.458934 0.230778
RRV038 con_0017.nii 44 8 34 -0.448272 0.232525
RRV038 con_0017.nii -42 7 36 -0.0899301 0.286165
RRV038 con_0017.nii 54 -44 43 -0.0750296 0.115008
RRV038 con_0017.nii -53 -50 39 0.383979 0.137963
RRV038 con_0017.nii 32 -59 41 -0.0985547 0.0797291
RRV038 con_0017.nii -32 -58 46 0.0297912 0.332207
RRV038 con_0017.nii -6 49 1 -0.00288502 0.180847
RRV038 con_0018.nii 9 3 -6 -0.193111 0.316622
RRV038 con_0018.nii -9 3 -6 -0.156842 0.252033
RRV038 con_0018.nii -30 33 -18 0.614388 0.431406
RRV038 con_0018.nii 46 28 31 0.218024 0.236609
RRV038 con_0018.nii -44 27 33 0.543681 0.254813
RRV038 con_0018.nii 44 8 34 0.157399 0.297631
RRV038 con_0018.nii -42 7 36 0.0601742 0.270656
RRV038 con_0018.nii 54 -44 43 -0.690875 0.227646
RRV038 con_0018.nii -53 -50 39 -0.467832 0.238151
RRV038 con_0018.nii 32 -59 41 0.151006 0.223945
RRV038 con_0018.nii -32 -58 46 -0.852171 0.352393
RRV038 con_0018.nii -6 49 1 -0.298586 0.58165
RRV038 con_0019.nii 9 3 -6 0.15393 0.559293
RRV038 con_0019.nii -9 3 -6 0.127103 0.405545
RRV038 con_0019.nii -30 33 -18 -0.127552 0.309379
RRV038 con_0019.nii 46 28 31 0.566868 0.638788
RRV038 con_0019.nii -44 27 33 -0.246713 0.289431
RRV038 con_0019.nii 44 8 34 -0.132151 0.578612
RRV038 con_0019.nii -42 7 36 -1.5363 0.495417
RRV038 con_0019.nii 54 -44 43 0.299427 0.27775
RRV038 con_0019.nii -53 -50 39 -0.559217 0.397755
RRV038 con_0019.nii 32 -59 41 0.23652 0.270668
RRV038 con_0019.nii -32 -58 46 -0.341971 0.300462
RRV038 con_0019.nii -6 49 1 -0.344769 0.766941
RRV038 con_0020.nii 9 3 -6 -0.342032 0.244343
RRV038 con_0020.nii -9 3 -6 -0.0246555 0.349066
RRV038 con_0020.nii -30 33 -18 0.454422 0.348996
RRV038 con_0020.nii 46 28 31 0.230605 0.151516
RRV038 con_0020.nii -44 27 33 -0.0100582 0.175553
RRV038 con_0020.nii 44 8 34 0.348992 0.162329
RRV038 con_0020.nii -42 7 36 0.350623 0.275662
RRV038 con_0020.nii 54 -44 43 0.257264 0.177195
RRV038 con_0020.nii -53 -50 39 0.162155 0.179848
RRV038 con_0020.nii 32 -59 41 0.155216 0.212605
RRV038 con_0020.nii -32 -58 46 -0.817861 0.404602
RRV038 con_0020.nii -6 49 1 -0.71409 0.334783
RRV038 con_0021.nii 9 3 -6 -0.188101 0.662105
RRV038 con_0021.nii -9 3 -6 0.102447 0.407886
RRV038 con_0021.nii -30 33 -18 0.32687 0.413916
RRV038 con_0021.nii 46 28 31 0.797473 0.655166
RRV038 con_0021.nii -44 27 33 -0.256771 0.396764
RRV038 con_0021.nii 44 8 34 0.216841 0.524101
RRV038 con_0021.nii -42 7 36 -1.18568 0.702464
RRV038 con_0021.nii 54 -44 43 0.556691 0.323482
RRV038 con_0021.nii -53 -50 39 -0.397062 0.51218
RRV038 con_0021.nii 32 -59 41 0.391736 0.420723
RRV038 con_0021.nii -32 -58 46 -1.15983 0.690154
RRV038 con_0021.nii -6 49 1 -1.05886 0.803021
RRV038 con_0022.nii 9 3 -6 0.00834847 0.201014
RRV038 con_0022.nii -9 3 -6 -0.21842 0.315922
RRV038 con_0022.nii -30 33 -18 0.849915 0.354522
RRV038 con_0022.nii 46 28 31 -0.0232248 0.258601
RRV038 con_0022.nii -44 27 33 0.0426364 0.20562
RRV038 con_0022.nii 44 8 34 -0.253093 0.490746
RRV038 con_0022.nii -42 7 36 -0.580175 0.524803
RRV038 con_0022.nii 54 -44 43 -1.32217 0.371395
RRV038 con_0022.nii -53 -50 39 -0.812606 0.252485
RRV038 con_0022.nii 32 -59 41 0.14042 0.12577
RRV038 con_0022.nii -32 -58 46 -0.375947 0.395804
RRV038 con_0022.nii -6 49 1 -0.270998 0.307455
RRV038 con_0023.nii 9 3 -6 -0.256535 0.35071
RRV038 con_0023.nii -9 3 -6 -0.0322191 0.249886
RRV038 con_0023.nii -30 33 -18 0.709693 0.591019
RRV038 con_0023.nii 46 28 31 0.0967761 0.160879
RRV038 con_0023.nii -44 27 33 0.262205 0.181234
RRV038 con_0023.nii 44 8 34 0.596893 0.294629
RRV038 con_0023.nii -42 7 36 0.570784 0.282287
RRV038 con_0023.nii 54 -44 43 0.161686 0.181999
RRV038 con_0023.nii -53 -50 39 -0.536031 0.379924
RRV038 con_0023.nii 32 -59 41 -0.0605007 0.180295
RRV038 con_0023.nii -32 -58 46 -0.739827 0.24942
RRV038 con_0023.nii -6 49 1 -0.0868843 0.362313
RRV038 con_0024.nii 9 3 -6 -0.248187 0.46794
RRV038 con_0024.nii -9 3 -6 -0.250639 0.315046
RRV038 con_0024.nii -30 33 -18 1.55961 0.860797
RRV038 con_0024.nii 46 28 31 0.0735513 0.224119
RRV038 con_0024.nii -44 27 33 0.304841 0.296674
RRV038 con_0024.nii 44 8 34 0.3438 0.305268
RRV038 con_0024.nii -42 7 36 -0.00939117 0.41102
RRV038 con_0024.nii 54 -44 43 -1.16048 0.444117
RRV038 con_0024.nii -53 -50 39 -1.34864 0.553512
RRV038 con_0024.nii 32 -59 41 0.0799193 0.27241
RRV038 con_0024.nii -32 -58 46 -1.11577 0.600862
RRV038 con_0024.nii -6 49 1 -0.357882 0.609124
RRV038 con_0025.nii 9 3 -6 0.429166 0.340059
RRV038 con_0025.nii -9 3 -6 0.0333444 0.418913
RRV038 con_0025.nii -30 33 -18 -0.0852506 0.450491
RRV038 con_0025.nii 46 28 31 0.329446 0.397159
RRV038 con_0025.nii -44 27 33 -0.436397 0.290832
RRV038 con_0025.nii 44 8 34 1.82062 0.677462
RRV038 con_0025.nii -42 7 36 0.85052 0.429414
RRV038 con_0025.nii 54 -44 43 -0.810426 0.435202
RRV038 con_0025.nii -53 -50 39 -1.04939 0.391832
RRV038 con_0025.nii 32 -59 41 0.312633 0.197041
RRV038 con_0025.nii -32 -58 46 -1.30447 0.725879
RRV038 con_0025.nii -6 49 1 -0.252467 0.229133
RRV038 con_0026.nii 9 3 -6 0.153557 0.243663
RRV038 con_0026.nii -9 3 -6 -0.0807572 0.163207
RRV038 con_0026.nii -30 33 -18 0.467799 0.53723
RRV038 con_0026.nii 46 28 31 -0.0163184 0.215464
RRV038 con_0026.nii -44 27 33 0.204977 0.239738
RRV038 con_0026.nii 44 8 34 -0.733212 0.322777
RRV038 con_0026.nii -42 7 36 -0.748488 0.306785
RRV038 con_0026.nii 54 -44 43 -0.311337 0.189502
RRV038 con_0026.nii -53 -50 39 -0.3797 0.286079
RRV038 con_0026.nii 32 -59 41 0.215073 0.271587
RRV038 con_0026.nii -32 -58 46 0.141009 0.308061
RRV038 con_0026.nii -6 49 1 -0.162156 0.278221
RRV038 con_0027.nii 9 3 -6 0.582723 0.515122
RRV038 con_0027.nii -9 3 -6 -0.0474129 0.461492
RRV038 con_0027.nii -30 33 -18 0.382548 0.411687
RRV038 con_0027.nii 46 28 31 0.313127 0.529582
RRV038 con_0027.nii -44 27 33 -0.23142 0.193685
RRV038 con_0027.nii 44 8 34 1.08741 0.766724
RRV038 con_0027.nii -42 7 36 0.102032 0.213131
RRV038 con_0027.nii 54 -44 43 -1.12176 0.405492
RRV038 con_0027.nii -53 -50 39 -1.42909 0.551196
RRV038 con_0027.nii 32 -59 41 0.527707 0.381326
RRV038 con_0027.nii -32 -58 46 -1.16347 0.485768
RRV038 con_0027.nii -6 49 1 -0.414623 0.367423
RRV038 con_0028.nii 9 3 -6 0.197148 0.293191
RRV038 con_0028.nii -9 3 -6 -0.0193242 0.33793
RRV038 con_0028.nii -30 33 -18 0.212371 0.231281
RRV038 con_0028.nii 46 28 31 0.29103 0.188914
RRV038 con_0028.nii -44 27 33 -0.213491 0.187428
RRV038 con_0028.nii 44 8 34 0.478459 0.212402
RRV038 con_0028.nii -42 7 36 -0.421986 0.397053
RRV038 con_0028.nii 54 -44 43 -0.611056 0.219383
RRV038 con_0028.nii -53 -50 39 -0.807072 0.211743
RRV038 con_0028.nii 32 -59 41 0.229858 0.1244
RRV038 con_0028.nii -32 -58 46 -0.674131 0.391988
RRV038 con_0028.nii -6 49 1 -0.289411 0.268792
RRV038 con_0029.nii 9 3 -6 -0.148337 0.221651
RRV038 con_0029.nii -9 3 -6 -0.0458773 0.213092
RRV038 con_0029.nii -30 33 -18 0.543971 0.313192
RRV038 con_0029.nii 46 28 31 0.103687 0.0927301
RRV038 con_0029.nii -44 27 33 0.152375 0.153999
RRV038 con_0029.nii 44 8 34 0.0708911 0.20972
RRV038 con_0029.nii -42 7 36 0.0576394 0.10363
RRV038 con_0029.nii 54 -44 43 0.0358711 0.104477
RRV038 con_0029.nii -53 -50 39 -0.251192 0.172496
RRV038 con_0029.nii 32 -59 41 0.103263 0.167504
RRV038 con_0029.nii -32 -58 46 -0.472226 0.154682
RRV038 con_0029.nii -6 49 1 -0.321043 0.240737
RRV038 con_0030.nii 9 3 -6 0.0488115 0.456666
RRV038 con_0030.nii -9 3 -6 -0.0652015 0.314604
RRV038 con_0030.nii -30 33 -18 0.756342 0.36335
RRV038 con_0030.nii 46 28 31 0.394717 0.186987
RRV038 con_0030.nii -44 27 33 -0.0611164 0.242086
RRV038 con_0030.nii 44 8 34 0.54935 0.217484
RRV038 con_0030.nii -42 7 36 -0.364347 0.381701
RRV038 con_0030.nii 54 -44 43 -0.575185 0.18441
RRV038 con_0030.nii -53 -50 39 -1.05826 0.324071
RRV038 con_0030.nii 32 -59 41 0.333121 0.24861
RRV038 con_0030.nii -32 -58 46 -1.14636 0.452095
RRV038 con_0030.nii -6 49 1 -0.610455 0.479914
RRV038 con_0031.nii 9 3 -6 0.118638 0.248134
RRV038 con_0031.nii -9 3 -6 0.357175 0.166329
RRV038 con_0031.nii -30 33 -18 0.216886 0.404549
RRV038 con_0031.nii 46 28 31 -0.0395873 0.130719
RRV038 con_0031.nii -44 27 33 -0.443926 0.143267
RRV038 con_0031.nii 44 8 34 0.193122 0.101995
RRV038 con_0031.nii -42 7 36 -0.432607 0.256009
RRV038 con_0031.nii 54 -44 43 -0.14338 0.186465
RRV038 con_0031.nii -53 -50 39 0.00961052 0.192929
RRV038 con_0031.nii 32 -59 41 0.357328 0.0837831
RRV038 con_0031.nii -32 -58 46 0.101433 0.141301
RRV038 con_0031.nii -6 49 1 -0.0437637 0.295198
RRV038 con_0032.nii 9 3 -6 0.00551539 0.33074
RRV038 con_0032.nii -9 3 -6 0.044413 0.238465
RRV038 con_0032.nii -30 33 -18 -0.0131171 0.20369
RRV038 con_0032.nii 46 28 31 0.152225 0.274934
RRV038 con_0032.nii -44 27 33 -0.615167 0.276846
RRV038 con_0032.nii 44 8 34 0.293389 0.276967
RRV038 con_0032.nii -42 7 36 -0.150974 0.305582
RRV038 con_0032.nii 54 -44 43 -0.164978 0.199885
RRV038 con_0032.nii -53 -50 39 -0.595194 0.251615
RRV038 con_0032.nii 32 -59 41 0.260136 0.241922
RRV038 con_0032.nii -32 -58 46 -0.68253 0.391368
RRV038 con_0032.nii -6 49 1 -0.690605 0.208581
RRV038 con_0033.nii 9 3 -6 0.124154 0.314267
RRV038 con_0033.nii -9 3 -6 0.401588 0.316773
RRV038 con_0033.nii -30 33 -18 0.203769 0.384377
RRV038 con_0033.nii 46 28 31 0.112638 0.205989
RRV038 con_0033.nii -44 27 33 -1.05909 0.401903
RRV038 con_0033.nii 44 8 34 0.486511 0.317143
RRV038 con_0033.nii -42 7 36 -0.583582 0.454423
RRV038 con_0033.nii 54 -44 43 -0.308358 0.354517
RRV038 con_0033.nii -53 -50 39 -0.585584 0.36777
RRV038 con_0033.nii 32 -59 41 0.617465 0.250372
RRV038 con_0033.nii -32 -58 46 -0.581097 0.519975
RRV038 con_0033.nii -6 49 1 -0.734369 0.466017
