RRV008 con_0001.nii 9 3 -6 0.691483 0.565045
RRV008 con_0001.nii -9 3 -6 0.266735 0.370818
RRV008 con_0001.nii -30 33 -18 -0.670256 0.289839
RRV008 con_0001.nii 46 28 31 1.17291 0.433189
RRV008 con_0001.nii -44 27 33 0.29679 0.323486
RRV008 con_0001.nii 44 8 34 2.11254 0.685373
RRV008 con_0001.nii -42 7 36 2.01649 0.681389
RRV008 con_0001.nii 54 -44 43 0.891316 0.329533
RRV008 con_0001.nii -53 -50 39 0.300288 0.380095
RRV008 con_0001.nii 32 -59 41 0.63274 0.336739
RRV008 con_0001.nii -32 -58 46 0.778427 0.211754
RRV008 con_0001.nii -6 49 1 -1.24764 0.534351
RRV008 con_0002.nii 9 3 -6 -0.274358 0.158061
RRV008 con_0002.nii -9 3 -6 -0.00560256 0.215166
RRV008 con_0002.nii -30 33 -18 0.22006 0.23292
RRV008 con_0002.nii 46 28 31 0.989302 0.306079
RRV008 con_0002.nii -44 27 33 -0.148801 0.1744
RRV008 con_0002.nii 44 8 34 1.62993 0.583524
RRV008 con_0002.nii -42 7 36 1.90062 0.822636
RRV008 con_0002.nii 54 -44 43 1.07258 0.33977
RRV008 con_0002.nii -53 -50 39 0.0391271 0.212091
RRV008 con_0002.nii 32 -59 41 0.741217 0.275876
RRV008 con_0002.nii -32 -58 46 0.438449 0.367464
RRV008 con_0002.nii -6 49 1 -0.855739 0.166213
RRV008 con_0003.nii 9 3 -6 0.417126 0.592076
RRV008 con_0003.nii -9 3 -6 0.261133 0.379439
RRV008 con_0003.nii -30 33 -18 -0.450196 0.363501
RRV008 con_0003.nii 46 28 31 2.16221 0.692732
RRV008 con_0003.nii -44 27 33 0.147989 0.32914
RRV008 con_0003.nii 44 8 34 3.74247 1.23603
RRV008 con_0003.nii -42 7 36 3.91712 1.43642
RRV008 con_0003.nii 54 -44 43 1.96389 0.571837
RRV008 con_0003.nii -53 -50 39 0.339415 0.53659
RRV008 con_0003.nii 32 -59 41 1.37396 0.57714
RRV008 con_0003.nii -32 -58 46 1.21688 0.550185
RRV008 con_0003.nii -6 49 1 -2.10338 0.609826
RRV008 con_0004.nii 9 3 -6 -1.16627 0.724457
RRV008 con_0004.nii -9 3 -6 -0.435384 0.790709
RRV008 con_0004.nii -30 33 -18 -0.260514 0.183641
RRV008 con_0004.nii 46 28 31 0.946249 0.303084
RRV008 con_0004.nii -44 27 33 0.254841 0.324209
RRV008 con_0004.nii 44 8 34 2.0248 0.42149
RRV008 con_0004.nii -42 7 36 2.2533 0.611714
RRV008 con_0004.nii 54 -44 43 0.983046 0.266732
RRV008 con_0004.nii -53 -50 39 0.0269144 0.42171
RRV008 con_0004.nii 32 -59 41 0.400517 0.399499
RRV008 con_0004.nii -32 -58 46 0.984035 0.380087
RRV008 con_0004.nii -6 49 1 -0.792351 0.360404
RRV008 con_0005.nii 9 3 -6 -0.00921354 0.285547
RRV008 con_0005.nii -9 3 -6 -0.115828 0.292899
RRV008 con_0005.nii -30 33 -18 -0.261912 0.243353
RRV008 con_0005.nii 46 28 31 0.437534 0.542847
RRV008 con_0005.nii -44 27 33 -0.526118 0.258986
RRV008 con_0005.nii 44 8 34 1.18443 0.334667
RRV008 con_0005.nii -42 7 36 1.32373 0.698942
RRV008 con_0005.nii 54 -44 43 0.201334 0.204295
RRV008 con_0005.nii -53 -50 39 -0.781336 0.450854
RRV008 con_0005.nii 32 -59 41 0.169277 0.36405
RRV008 con_0005.nii -32 -58 46 -0.0830232 0.236241
RRV008 con_0005.nii -6 49 1 -0.673544 0.260063
RRV008 con_0006.nii 9 3 -6 -1.17548 0.725985
RRV008 con_0006.nii -9 3 -6 -0.551211 0.836516
RRV008 con_0006.nii -30 33 -18 -0.522426 0.302893
RRV008 con_0006.nii 46 28 31 1.38378 0.799252
RRV008 con_0006.nii -44 27 33 -0.271277 0.425388
RRV008 con_0006.nii 44 8 34 3.20922 0.694544
RRV008 con_0006.nii -42 7 36 3.57703 1.13903
RRV008 con_0006.nii 54 -44 43 1.18438 0.332439
RRV008 con_0006.nii -53 -50 39 -0.754422 0.826868
RRV008 con_0006.nii 32 -59 41 0.569794 0.662904
RRV008 con_0006.nii -32 -58 46 0.901012 0.497322
RRV008 con_0006.nii -6 49 1 -1.4659 0.564941
RRV008 con_0007.nii 9 3 -6 0.131016 0.704778
RRV008 con_0007.nii -9 3 -6 0.439193 0.581942
RRV008 con_0007.nii -30 33 -18 -0.389426 0.319707
RRV008 con_0007.nii 46 28 31 0.463545 0.426229
RRV008 con_0007.nii -44 27 33 0.344502 0.423163
RRV008 con_0007.nii 44 8 34 0.849845 0.314808
RRV008 con_0007.nii -42 7 36 0.427579 0.583778
RRV008 con_0007.nii 54 -44 43 1.19146 0.267441
RRV008 con_0007.nii -53 -50 39 0.300744 0.366419
RRV008 con_0007.nii 32 -59 41 0.664113 0.293238
RRV008 con_0007.nii -32 -58 46 0.594788 0.226525
RRV008 con_0007.nii -6 49 1 -1.06877 0.406968
RRV008 con_0008.nii 9 3 -6 -0.655004 0.208019
RRV008 con_0008.nii -9 3 -6 0.0750981 0.368337
RRV008 con_0008.nii -30 33 -18 -0.304843 0.197435
RRV008 con_0008.nii 46 28 31 0.729223 0.360269
RRV008 con_0008.nii -44 27 33 -0.341118 0.279575
RRV008 con_0008.nii 44 8 34 1.48165 0.569888
RRV008 con_0008.nii -42 7 36 1.34796 0.73944
RRV008 con_0008.nii 54 -44 43 0.303275 0.19508
RRV008 con_0008.nii -53 -50 39 -0.814435 0.417721
RRV008 con_0008.nii 32 -59 41 0.345835 0.174701
RRV008 con_0008.nii -32 -58 46 0.124314 0.229828
RRV008 con_0008.nii -6 49 1 -0.761044 0.292054
RRV008 con_0009.nii 9 3 -6 -0.523988 0.644885
RRV008 con_0009.nii -9 3 -6 0.514291 0.481564
RRV008 con_0009.nii -30 33 -18 -0.694269 0.352703
RRV008 con_0009.nii 46 28 31 1.19277 0.711344
RRV008 con_0009.nii -44 27 33 0.00338396 0.264349
RRV008 con_0009.nii 44 8 34 2.3315 0.828357
RRV008 con_0009.nii -42 7 36 1.77554 1.30271
RRV008 con_0009.nii 54 -44 43 1.49474 0.405454
RRV008 con_0009.nii -53 -50 39 -0.513691 0.691292
RRV008 con_0009.nii 32 -59 41 1.00995 0.416616
RRV008 con_0009.nii -32 -58 46 0.719102 0.39671
RRV008 con_0009.nii -6 49 1 -1.82981 0.614251
RRV008 con_0010.nii 9 3 -6 0.460766 0.379382
RRV008 con_0010.nii -9 3 -6 0.206648 0.266342
RRV008 con_0010.nii -30 33 -18 -0.0495324 0.0863468
RRV008 con_0010.nii 46 28 31 0.39217 0.29729
RRV008 con_0010.nii -44 27 33 0.0315819 0.162261
RRV008 con_0010.nii 44 8 34 1.05452 0.317792
RRV008 con_0010.nii -42 7 36 1.93492 0.731421
RRV008 con_0010.nii 54 -44 43 0.287772 0.180581
RRV008 con_0010.nii -53 -50 39 -0.0211115 0.188741
RRV008 con_0010.nii 32 -59 41 0.162493 0.205361
RRV008 con_0010.nii -32 -58 46 0.0164505 0.312687
RRV008 con_0010.nii -6 49 1 -0.522057 0.220441
RRV008 con_0011.nii 9 3 -6 -0.928624 0.538627
RRV008 con_0011.nii -9 3 -6 -0.899759 0.418582
RRV008 con_0011.nii -30 33 -18 -0.120891 0.23265
RRV008 con_0011.nii 46 28 31 1.02716 0.241225
RRV008 con_0011.nii -44 27 33 -0.250637 0.132775
RRV008 con_0011.nii 44 8 34 1.3933 0.525418
RRV008 con_0011.nii -42 7 36 1.25797 0.549084
RRV008 con_0011.nii 54 -44 43 0.923462 0.303185
RRV008 con_0011.nii -53 -50 39 -0.32339 0.208926
RRV008 con_0011.nii 32 -59 41 0.532634 0.232228
RRV008 con_0011.nii -32 -58 46 0.388533 0.256479
RRV008 con_0011.nii -6 49 1 -0.373127 0.24877
RRV008 con_0012.nii 9 3 -6 -0.467857 0.478563
RRV008 con_0012.nii -9 3 -6 -0.693112 0.399141
RRV008 con_0012.nii -30 33 -18 -0.170423 0.233594
RRV008 con_0012.nii 46 28 31 1.41933 0.498027
RRV008 con_0012.nii -44 27 33 -0.219055 0.208114
RRV008 con_0012.nii 44 8 34 2.44781 0.693695
RRV008 con_0012.nii -42 7 36 3.19289 1.27048
RRV008 con_0012.nii 54 -44 43 1.21123 0.419161
RRV008 con_0012.nii -53 -50 39 -0.344502 0.362459
RRV008 con_0012.nii 32 -59 41 0.695128 0.414304
RRV008 con_0012.nii -32 -58 46 0.404984 0.510994
RRV008 con_0012.nii -6 49 1 -0.895184 0.275113
RRV008 con_0013.nii 9 3 -6 0.325272 0.610475
RRV008 con_0013.nii -9 3 -6 -0.0213891 0.351575
RRV008 con_0013.nii -30 33 -18 -0.0362017 0.162625
RRV008 con_0013.nii 46 28 31 -0.26399 0.377743
RRV008 con_0013.nii -44 27 33 -0.234697 0.175967
RRV008 con_0013.nii 44 8 34 0.379708 0.228901
RRV008 con_0013.nii -42 7 36 1.13127 0.409575
RRV008 con_0013.nii 54 -44 43 0.198033 0.217736
RRV008 con_0013.nii -53 -50 39 0.208062 0.156705
RRV008 con_0013.nii 32 -59 41 0.142538 0.130314
RRV008 con_0013.nii -32 -58 46 0.0758915 0.294341
RRV008 con_0013.nii -6 49 1 -1.0471 0.233369
RRV008 con_0014.nii 9 3 -6 -0.603183 0.398839
RRV008 con_0014.nii -9 3 -6 -0.468361 0.488692
RRV008 con_0014.nii -30 33 -18 0.0898023 0.0965179
RRV008 con_0014.nii 46 28 31 0.858275 0.319513
RRV008 con_0014.nii -44 27 33 -0.222566 0.221759
RRV008 con_0014.nii 44 8 34 1.16468 0.397821
RRV008 con_0014.nii -42 7 36 1.95473 0.800457
RRV008 con_0014.nii 54 -44 43 0.687808 0.259855
RRV008 con_0014.nii -53 -50 39 -0.345949 0.248036
RRV008 con_0014.nii 32 -59 41 0.65772 0.347924
RRV008 con_0014.nii -32 -58 46 0.513737 0.442601
RRV008 con_0014.nii -6 49 1 -0.0435799 0.178384
RRV008 con_0015.nii 9 3 -6 -0.277911 0.667783
RRV008 con_0015.nii -9 3 -6 -0.489751 0.321921
RRV008 con_0015.nii -30 33 -18 0.0536005 0.194606
RRV008 con_0015.nii 46 28 31 0.594285 0.647381
RRV008 con_0015.nii -44 27 33 -0.457262 0.281591
RRV008 con_0015.nii 44 8 34 1.54439 0.523296
RRV008 con_0015.nii -42 7 36 3.086 1.18713
RRV008 con_0015.nii 54 -44 43 0.885842 0.393584
RRV008 con_0015.nii -53 -50 39 -0.137887 0.352794
RRV008 con_0015.nii 32 -59 41 0.800257 0.347395
RRV008 con_0015.nii -32 -58 46 0.589629 0.640776
RRV008 con_0015.nii -6 49 1 -1.09068 0.277051
RRV008 con_0016.nii 9 3 -6 -0.11459 0.315188
RRV008 con_0016.nii -9 3 -6 0.0901817 0.177359
RRV008 con_0016.nii -30 33 -18 -0.440065 0.194777
RRV008 con_0016.nii 46 28 31 0.860901 0.357864
RRV008 con_0016.nii -44 27 33 0.298711 0.242065
RRV008 con_0016.nii 44 8 34 1.66239 0.396756
RRV008 con_0016.nii -42 7 36 1.56579 0.562968
RRV008 con_0016.nii 54 -44 43 1.02194 0.239224
RRV008 con_0016.nii -53 -50 39 0.209315 0.351755
RRV008 con_0016.nii 32 -59 41 0.56579 0.270616
RRV008 con_0016.nii -32 -58 46 0.78575 0.213323
RRV008 con_0016.nii -6 49 1 -1.03625 0.380054
RRV008 con_0017.nii 9 3 -6 -0.312858 0.108845
RRV008 con_0017.nii -9 3 -6 -0.015444 0.201323
RRV008 con_0017.nii -30 33 -18 -0.115565 0.0794199
RRV008 con_0017.nii 46 28 31 0.718686 0.38605
RRV008 con_0017.nii -44 27 33 -0.338679 0.129362
RRV008 con_0017.nii 44 8 34 1.432 0.446542
RRV008 con_0017.nii -42 7 36 1.5241 0.744075
RRV008 con_0017.nii 54 -44 43 0.525728 0.204884
RRV008 con_0017.nii -53 -50 39 -0.518882 0.332625
RRV008 con_0017.nii 32 -59 41 0.418776 0.236625
RRV008 con_0017.nii -32 -58 46 0.159913 0.239129
RRV008 con_0017.nii -6 49 1 -0.763442 0.201698
RRV008 con_0018.nii 9 3 -6 -0.427448 0.307931
RRV008 con_0018.nii -9 3 -6 0.0747377 0.28657
RRV008 con_0018.nii -30 33 -18 -0.55563 0.230931
RRV008 con_0018.nii 46 28 31 1.57959 0.711351
RRV008 con_0018.nii -44 27 33 -0.0399678 0.176752
RRV008 con_0018.nii 44 8 34 3.0944 0.826574
RRV008 con_0018.nii -42 7 36 3.0899 1.25753
RRV008 con_0018.nii 54 -44 43 1.54767 0.409825
RRV008 con_0018.nii -53 -50 39 -0.309566 0.655449
RRV008 con_0018.nii 32 -59 41 0.984567 0.483621
RRV008 con_0018.nii -32 -58 46 0.945663 0.407354
RRV008 con_0018.nii -6 49 1 -1.7997 0.53021
RRV008 con_0019.nii 9 3 -6 0.230717 0.445544
RRV008 con_0019.nii -9 3 -6 0.0600879 0.302767
RRV008 con_0019.nii -30 33 -18 -0.620724 0.277818
RRV008 con_0019.nii 46 28 31 0.780739 0.285312
RRV008 con_0019.nii -44 27 33 0.265208 0.244971
RRV008 con_0019.nii 44 8 34 1.05802 0.469872
RRV008 con_0019.nii -42 7 36 0.0815776 0.357142
RRV008 con_0019.nii 54 -44 43 0.603544 0.178763
RRV008 con_0019.nii -53 -50 39 0.321399 0.25554
RRV008 con_0019.nii 32 -59 41 0.470247 0.298219
RRV008 con_0019.nii -32 -58 46 0.761976 0.220498
RRV008 con_0019.nii -6 49 1 -0.725585 0.524741
RRV008 con_0020.nii 9 3 -6 0.654266 0.544267
RRV008 con_0020.nii -9 3 -6 0.894156 0.341385
RRV008 con_0020.nii -30 33 -18 0.340951 0.214165
RRV008 con_0020.nii 46 28 31 -0.0378541 0.155835
RRV008 con_0020.nii -44 27 33 0.101837 0.264314
RRV008 con_0020.nii 44 8 34 0.236639 0.625896
RRV008 con_0020.nii -42 7 36 0.64265 0.316794
RRV008 con_0020.nii 54 -44 43 0.149114 0.219649
RRV008 con_0020.nii -53 -50 39 0.362518 0.179454
RRV008 con_0020.nii 32 -59 41 0.208583 0.252838
RRV008 con_0020.nii -32 -58 46 0.0499161 0.272362
RRV008 con_0020.nii -6 49 1 -0.482612 0.246009
RRV008 con_0021.nii 9 3 -6 0.884983 0.734589
RRV008 con_0021.nii -9 3 -6 0.954244 0.478295
RRV008 con_0021.nii -30 33 -18 -0.279772 0.368306
RRV008 con_0021.nii 46 28 31 0.742885 0.3407
RRV008 con_0021.nii -44 27 33 0.367045 0.28985
RRV008 con_0021.nii 44 8 34 1.29466 1.02411
RRV008 con_0021.nii -42 7 36 0.724228 0.349219
RRV008 con_0021.nii 54 -44 43 0.752658 0.27238
RRV008 con_0021.nii -53 -50 39 0.683917 0.319865
RRV008 con_0021.nii 32 -59 41 0.67883 0.449888
RRV008 con_0021.nii -32 -58 46 0.811893 0.246444
RRV008 con_0021.nii -6 49 1 -1.2082 0.42204
RRV008 con_0022.nii 9 3 -6 -1.62703 0.960389
RRV008 con_0022.nii -9 3 -6 -0.642031 0.921457
RRV008 con_0022.nii -30 33 -18 -0.210981 0.207822
RRV008 con_0022.nii 46 28 31 0.554079 0.218352
RRV008 con_0022.nii -44 27 33 0.22326 0.381948
RRV008 con_0022.nii 44 8 34 0.970276 0.333767
RRV008 con_0022.nii -42 7 36 0.318385 0.607966
RRV008 con_0022.nii 54 -44 43 0.695274 0.23693
RRV008 con_0022.nii -53 -50 39 0.0480259 0.301008
RRV008 con_0022.nii 32 -59 41 0.238024 0.235058
RRV008 con_0022.nii -32 -58 46 0.967584 0.347471
RRV008 con_0022.nii -6 49 1 -0.270293 0.332413
RRV008 con_0023.nii 9 3 -6 0.91941 0.600452
RRV008 con_0023.nii -9 3 -6 0.783931 0.484742
RRV008 con_0023.nii -30 33 -18 -0.141022 0.444027
RRV008 con_0023.nii 46 28 31 -0.589622 0.366374
RRV008 con_0023.nii -44 27 33 -0.275481 0.292144
RRV008 con_0023.nii 44 8 34 -0.208868 0.414206
RRV008 con_0023.nii -42 7 36 0.0657502 0.26781
RRV008 con_0023.nii 54 -44 43 -0.722128 0.188036
RRV008 con_0023.nii -53 -50 39 -0.457946 0.26556
RRV008 con_0023.nii 32 -59 41 -0.363357 0.244117
RRV008 con_0023.nii -32 -58 46 -0.471556 0.334345
RRV008 con_0023.nii -6 49 1 -0.300417 0.316491
RRV008 con_0024.nii 9 3 -6 -0.707625 0.643741
RRV008 con_0024.nii -9 3 -6 0.1419 0.652665
RRV008 con_0024.nii -30 33 -18 -0.352003 0.433075
RRV008 con_0024.nii 46 28 31 -0.0355431 0.370409
RRV008 con_0024.nii -44 27 33 -0.0522215 0.589867
RRV008 con_0024.nii 44 8 34 0.761408 0.404023
RRV008 con_0024.nii -42 7 36 0.384135 0.463135
RRV008 con_0024.nii 54 -44 43 -0.0268543 0.277306
RRV008 con_0024.nii -53 -50 39 -0.40992 0.504196
RRV008 con_0024.nii 32 -59 41 -0.125334 0.370665
RRV008 con_0024.nii -32 -58 46 0.496028 0.441693
RRV008 con_0024.nii -6 49 1 -0.570711 0.516214
RRV008 con_0025.nii 9 3 -6 -0.329751 0.444726
RRV008 con_0025.nii -9 3 -6 0.232546 0.488719
RRV008 con_0025.nii -30 33 -18 -0.339893 0.314421
RRV008 con_0025.nii 46 28 31 0.0713751 0.251549
RRV008 con_0025.nii -44 27 33 0.312921 0.387178
RRV008 con_0025.nii 44 8 34 -0.204675 0.197794
RRV008 con_0025.nii -42 7 36 -1.50734 0.319323
RRV008 con_0025.nii 54 -44 43 0.903689 0.18896
RRV008 con_0025.nii -53 -50 39 0.321856 0.323883
RRV008 con_0025.nii 32 -59 41 0.50162 0.284815
RRV008 con_0025.nii -32 -58 46 0.578337 0.219309
RRV008 con_0025.nii -6 49 1 -0.546712 0.383155
RRV008 con_0026.nii 9 3 -6 0.27362 0.436654
RRV008 con_0026.nii -9 3 -6 0.974857 0.431199
RRV008 con_0026.nii -30 33 -18 -0.183952 0.255432
RRV008 con_0026.nii 46 28 31 -0.297933 0.183432
RRV008 con_0026.nii -44 27 33 -0.0904813 0.215366
RRV008 con_0026.nii 44 8 34 0.0883556 0.718835
RRV008 con_0026.nii -42 7 36 0.0899849 0.274326
RRV008 con_0026.nii 54 -44 43 -0.620187 0.273325
RRV008 con_0026.nii -53 -50 39 -0.491045 0.26661
RRV008 con_0026.nii 32 -59 41 -0.186799 0.212727
RRV008 con_0026.nii -32 -58 46 -0.264219 0.271712
RRV008 con_0026.nii -6 49 1 -0.387916 0.25529
RRV008 con_0027.nii 9 3 -6 -0.0561305 0.670055
RRV008 con_0027.nii -9 3 -6 1.2074 0.743165
RRV008 con_0027.nii -30 33 -18 -0.523845 0.370352
RRV008 con_0027.nii 46 28 31 -0.226558 0.351982
RRV008 con_0027.nii -44 27 33 0.222439 0.246637
RRV008 con_0027.nii 44 8 34 -0.116319 0.678691
RRV008 con_0027.nii -42 7 36 -1.41735 0.414526
RRV008 con_0027.nii 54 -44 43 0.283502 0.256124
RRV008 con_0027.nii -53 -50 39 -0.169189 0.391487
RRV008 con_0027.nii 32 -59 41 0.314821 0.407779
RRV008 con_0027.nii -32 -58 46 0.314118 0.317786
RRV008 con_0027.nii -6 49 1 -0.934628 0.459096
RRV008 con_0028.nii 9 3 -6 -0.575356 0.303229
RRV008 con_0028.nii -9 3 -6 -0.116466 0.239849
RRV008 con_0028.nii -30 33 -18 -0.390533 0.19417
RRV008 con_0028.nii 46 28 31 0.468731 0.196107
RRV008 con_0028.nii -44 27 33 0.267129 0.218149
RRV008 con_0028.nii 44 8 34 0.607874 0.179864
RRV008 con_0028.nii -42 7 36 -0.369125 0.351501
RRV008 con_0028.nii 54 -44 43 0.734169 0.121408
RRV008 con_0028.nii -53 -50 39 0.230427 0.241818
RRV008 con_0028.nii 32 -59 41 0.403297 0.169337
RRV008 con_0028.nii -32 -58 46 0.769299 0.194381
RRV008 con_0028.nii -6 49 1 -0.514197 0.358207
RRV008 con_0029.nii 9 3 -6 0.615766 0.494363
RRV008 con_0029.nii -9 3 -6 0.884315 0.361149
RRV008 con_0029.nii -30 33 -18 0.00532574 0.241345
RRV008 con_0029.nii 46 28 31 -0.30847 0.200918
RRV008 con_0029.nii -44 27 33 -0.0880419 0.159315
RRV008 con_0029.nii 44 8 34 0.0387089 0.548015
RRV008 con_0029.nii -42 7 36 0.266128 0.255771
RRV008 con_0029.nii 54 -44 43 -0.397734 0.172246
RRV008 con_0029.nii -53 -50 39 -0.195491 0.166316
RRV008 con_0029.nii 32 -59 41 -0.113858 0.180358
RRV008 con_0029.nii -32 -58 46 -0.22862 0.250121
RRV008 con_0029.nii -6 49 1 -0.390315 0.236186
RRV008 con_0030.nii 9 3 -6 0.0404093 0.362388
RRV008 con_0030.nii -9 3 -6 0.767849 0.354854
RRV008 con_0030.nii -30 33 -18 -0.385207 0.30115
RRV008 con_0030.nii 46 28 31 0.160261 0.300299
RRV008 con_0030.nii -44 27 33 0.179087 0.275283
RRV008 con_0030.nii 44 8 34 0.646583 0.584803
RRV008 con_0030.nii -42 7 36 -0.102996 0.254732
RRV008 con_0030.nii 54 -44 43 0.336435 0.198874
RRV008 con_0030.nii -53 -50 39 0.0349359 0.341128
RRV008 con_0030.nii 32 -59 41 0.289439 0.29532
RRV008 con_0030.nii -32 -58 46 0.540679 0.221521
RRV008 con_0030.nii -6 49 1 -0.904512 0.378763
