RRV082 con_0001.nii 9 3 -6 0.411663 0.571717
RRV082 con_0001.nii -9 3 -6 -0.0797999 0.403848
RRV082 con_0001.nii -30 33 -18 0.101564 0.387541
RRV082 con_0001.nii 46 28 31 -0.406455 0.297992
RRV082 con_0001.nii -44 27 33 -0.695913 0.354139
RRV082 con_0001.nii 44 8 34 -1.16766 0.386933
RRV082 con_0001.nii -42 7 36 -0.658829 0.244594
RRV082 con_0001.nii 54 -44 43 -0.195947 0.107493
RRV082 con_0001.nii -53 -50 39 -0.493873 0.304584
RRV082 con_0001.nii 32 -59 41 -0.354819 0.189477
RRV082 con_0001.nii -32 -58 46 0.031358 0.254737
RRV082 con_0001.nii -6 49 1 -0.213803 0.281478
RRV082 con_0002.nii 9 3 -6 -0.141832 0.200392
RRV082 con_0002.nii -9 3 -6 0.000478791 0.288021
RRV082 con_0002.nii -30 33 -18 0.379439 0.188405
RRV082 con_0002.nii 46 28 31 -0.732899 0.111032
RRV082 con_0002.nii -44 27 33 -0.752638 0.344786
RRV082 con_0002.nii 44 8 34 -1.22423 0.4708
RRV082 con_0002.nii -42 7 36 -0.244828 0.41692
RRV082 con_0002.nii 54 -44 43 -0.649348 0.280604
RRV082 con_0002.nii -53 -50 39 -0.780799 0.321821
RRV082 con_0002.nii 32 -59 41 -0.72033 0.217153
RRV082 con_0002.nii -32 -58 46 -0.697571 0.711076
RRV082 con_0002.nii -6 49 1 -0.341481 0.283315
RRV082 con_0003.nii 9 3 -6 0.269832 0.664972
RRV082 con_0003.nii -9 3 -6 -0.0793211 0.507887
RRV082 con_0003.nii -30 33 -18 0.481003 0.424107
RRV082 con_0003.nii 46 28 31 -1.13935 0.353333
RRV082 con_0003.nii -44 27 33 -1.44855 0.660167
RRV082 con_0003.nii 44 8 34 -2.39189 0.814006
RRV082 con_0003.nii -42 7 36 -0.903657 0.509717
RRV082 con_0003.nii 54 -44 43 -0.845295 0.279042
RRV082 con_0003.nii -53 -50 39 -1.27467 0.257936
RRV082 con_0003.nii 32 -59 41 -1.07515 0.306859
RRV082 con_0003.nii -32 -58 46 -0.666213 0.6844
RRV082 con_0003.nii -6 49 1 -0.555284 0.503702
RRV082 con_0004.nii 9 3 -6 -0.131492 0.281048
RRV082 con_0004.nii -9 3 -6 -0.252539 0.219581
RRV082 con_0004.nii -30 33 -18 0.224534 0.155027
RRV082 con_0004.nii 46 28 31 -0.067188 0.198468
RRV082 con_0004.nii -44 27 33 0.180262 0.45954
RRV082 con_0004.nii 44 8 34 -0.792045 0.246092
RRV082 con_0004.nii -42 7 36 -3.87525e-05 0.10826
RRV082 con_0004.nii 54 -44 43 0.162344 0.222052
RRV082 con_0004.nii -53 -50 39 0.72123 0.681853
RRV082 con_0004.nii 32 -59 41 -0.204811 0.177169
RRV082 con_0004.nii -32 -58 46 0.146695 0.647347
RRV082 con_0004.nii -6 49 1 -0.00637545 0.316595
RRV082 con_0005.nii 9 3 -6 -0.166095 0.254766
RRV082 con_0005.nii -9 3 -6 -0.143505 0.253358
RRV082 con_0005.nii -30 33 -18 0.234831 0.0849743
RRV082 con_0005.nii 46 28 31 -0.325997 0.251971
RRV082 con_0005.nii -44 27 33 0.370599 0.299146
RRV082 con_0005.nii 44 8 34 -1.03261 0.385677
RRV082 con_0005.nii -42 7 36 0.230071 0.349348
RRV082 con_0005.nii 54 -44 43 -0.249289 0.197535
RRV082 con_0005.nii -53 -50 39 0.00172138 0.460727
RRV082 con_0005.nii 32 -59 41 -0.642694 0.313948
RRV082 con_0005.nii -32 -58 46 0.325421 0.500422
RRV082 con_0005.nii -6 49 1 0.0631254 0.136926
RRV082 con_0006.nii 9 3 -6 -0.297587 0.295938
RRV082 con_0006.nii -9 3 -6 -0.396044 0.332325
RRV082 con_0006.nii -30 33 -18 0.459365 0.191586
RRV082 con_0006.nii 46 28 31 -0.393185 0.32601
RRV082 con_0006.nii -44 27 33 0.550862 0.670541
RRV082 con_0006.nii 44 8 34 -1.82465 0.594071
RRV082 con_0006.nii -42 7 36 0.230032 0.374828
RRV082 con_0006.nii 54 -44 43 -0.0869454 0.341414
RRV082 con_0006.nii -53 -50 39 0.722951 1.10172
RRV082 con_0006.nii 32 -59 41 -0.847506 0.391932
RRV082 con_0006.nii -32 -58 46 0.472116 1.10839
RRV082 con_0006.nii -6 49 1 0.05675 0.377331
RRV082 con_0007.nii 9 3 -6 -0.606212 0.393649
RRV082 con_0007.nii -9 3 -6 -0.326076 0.322533
RRV082 con_0007.nii -30 33 -18 -0.150097 0.194777
RRV082 con_0007.nii 46 28 31 -0.441483 0.151536
RRV082 con_0007.nii -44 27 33 -0.341592 0.367921
RRV082 con_0007.nii 44 8 34 0.234163 0.301539
RRV082 con_0007.nii -42 7 36 -0.499768 0.153846
RRV082 con_0007.nii 54 -44 43 0.0153884 0.3545
RRV082 con_0007.nii -53 -50 39 -0.418173 0.284932
RRV082 con_0007.nii 32 -59 41 -0.778898 0.397477
RRV082 con_0007.nii -32 -58 46 -0.698298 0.30609
RRV082 con_0007.nii -6 49 1 -0.413971 0.323309
RRV082 con_0008.nii 9 3 -6 0.351214 0.234516
RRV082 con_0008.nii -9 3 -6 0.0547692 0.298815
RRV082 con_0008.nii -30 33 -18 0.054198 0.187408
RRV082 con_0008.nii 46 28 31 -1.08748 0.315237
RRV082 con_0008.nii -44 27 33 -0.177791 0.2672
RRV082 con_0008.nii 44 8 34 -1.32535 0.445234
RRV082 con_0008.nii -42 7 36 -0.130877 0.22785
RRV082 con_0008.nii 54 -44 43 -0.861616 0.283506
RRV082 con_0008.nii -53 -50 39 -0.689936 0.266013
RRV082 con_0008.nii 32 -59 41 -0.861719 0.325801
RRV082 con_0008.nii -32 -58 46 -0.119438 0.304518
RRV082 con_0008.nii -6 49 1 0.660709 0.356396
RRV082 con_0009.nii 9 3 -6 -0.254998 0.394676
RRV082 con_0009.nii -9 3 -6 -0.271306 0.344641
RRV082 con_0009.nii -30 33 -18 -0.0958987 0.176302
RRV082 con_0009.nii 46 28 31 -1.52896 0.312811
RRV082 con_0009.nii -44 27 33 -0.519382 0.457428
RRV082 con_0009.nii 44 8 34 -1.09119 0.627466
RRV082 con_0009.nii -42 7 36 -0.630645 0.216295
RRV082 con_0009.nii 54 -44 43 -0.846228 0.4097
RRV082 con_0009.nii -53 -50 39 -1.10811 0.455209
RRV082 con_0009.nii 32 -59 41 -1.64062 0.56909
RRV082 con_0009.nii -32 -58 46 -0.817736 0.410505
RRV082 con_0009.nii -6 49 1 0.246738 0.49468
RRV082 con_0010.nii 9 3 -6 0.013538 0.235205
RRV082 con_0010.nii -9 3 -6 -0.381834 0.224072
RRV082 con_0010.nii -30 33 -18 -0.0873532 0.120045
RRV082 con_0010.nii 46 28 31 0.320801 0.0734097
RRV082 con_0010.nii -44 27 33 0.339074 0.175187
RRV082 con_0010.nii 44 8 34 0.753852 0.182855
RRV082 con_0010.nii -42 7 36 0.101676 0.151773
RRV082 con_0010.nii 54 -44 43 0.0707414 0.0894088
RRV082 con_0010.nii -53 -50 39 0.26564 0.153384
RRV082 con_0010.nii 32 -59 41 0.107494 0.136138
RRV082 con_0010.nii -32 -58 46 0.521349 0.317838
RRV082 con_0010.nii -6 49 1 -0.2376 0.181889
RRV082 con_0011.nii 9 3 -6 0.101921 0.188162
RRV082 con_0011.nii -9 3 -6 0.245607 0.166927
RRV082 con_0011.nii -30 33 -18 0.0929287 0.136117
RRV082 con_0011.nii 46 28 31 -0.22384 0.178728
RRV082 con_0011.nii -44 27 33 -0.357786 0.18293
RRV082 con_0011.nii 44 8 34 -0.113219 0.184957
RRV082 con_0011.nii -42 7 36 0.136943 0.133035
RRV082 con_0011.nii 54 -44 43 -0.326859 0.0676954
RRV082 con_0011.nii -53 -50 39 -0.291879 0.196858
RRV082 con_0011.nii 32 -59 41 -0.189709 0.149681
RRV082 con_0011.nii -32 -58 46 -0.0694069 0.14251
RRV082 con_0011.nii -6 49 1 0.0675659 0.195607
RRV082 con_0012.nii 9 3 -6 0.115459 0.319532
RRV082 con_0012.nii -9 3 -6 -0.136226 0.22643
RRV082 con_0012.nii -30 33 -18 0.0055755 0.104363
RRV082 con_0012.nii 46 28 31 0.0969613 0.141312
RRV082 con_0012.nii -44 27 33 -0.0187126 0.245193
RRV082 con_0012.nii 44 8 34 0.640633 0.220934
RRV082 con_0012.nii -42 7 36 0.238619 0.186653
RRV082 con_0012.nii 54 -44 43 -0.256117 0.121944
RRV082 con_0012.nii -53 -50 39 -0.0262387 0.308226
RRV082 con_0012.nii 32 -59 41 -0.0822147 0.195807
RRV082 con_0012.nii -32 -58 46 0.451943 0.27823
RRV082 con_0012.nii -6 49 1 -0.170034 0.195419
RRV082 con_0013.nii 9 3 -6 -0.250802 0.260579
RRV082 con_0013.nii -9 3 -6 -0.429851 0.298857
RRV082 con_0013.nii -30 33 -18 -0.109436 0.107999
RRV082 con_0013.nii 46 28 31 -0.100813 0.186349
RRV082 con_0013.nii -44 27 33 0.0241091 0.178893
RRV082 con_0013.nii 44 8 34 0.0641799 0.106518
RRV082 con_0013.nii -42 7 36 -0.528356 0.289458
RRV082 con_0013.nii 54 -44 43 -0.125721 0.125936
RRV082 con_0013.nii -53 -50 39 -0.0433382 0.11763
RRV082 con_0013.nii 32 -59 41 -0.164259 0.135996
RRV082 con_0013.nii -32 -58 46 0.220212 0.300252
RRV082 con_0013.nii -6 49 1 0.0372683 0.156491
RRV082 con_0014.nii 9 3 -6 0.082897 0.176993
RRV082 con_0014.nii -9 3 -6 0.171076 0.162811
RRV082 con_0014.nii -30 33 -18 -0.105048 0.127574
RRV082 con_0014.nii 46 28 31 -0.206707 0.0826438
RRV082 con_0014.nii -44 27 33 -0.234945 0.118432
RRV082 con_0014.nii 44 8 34 0.129629 0.107992
RRV082 con_0014.nii -42 7 36 0.059671 0.163495
RRV082 con_0014.nii 54 -44 43 -0.147096 0.111036
RRV082 con_0014.nii -53 -50 39 -0.24435 0.160405
RRV082 con_0014.nii 32 -59 41 -0.0509327 0.10085
RRV082 con_0014.nii -32 -58 46 -0.0433432 0.273347
RRV082 con_0014.nii -6 49 1 -0.0684103 0.123965
RRV082 con_0015.nii 9 3 -6 -0.167905 0.195272
RRV082 con_0015.nii -9 3 -6 -0.258775 0.233466
RRV082 con_0015.nii -30 33 -18 -0.214484 0.184011
RRV082 con_0015.nii 46 28 31 -0.30752 0.225402
RRV082 con_0015.nii -44 27 33 -0.210836 0.258876
RRV082 con_0015.nii 44 8 34 0.193809 0.145325
RRV082 con_0015.nii -42 7 36 -0.468685 0.347617
RRV082 con_0015.nii 54 -44 43 -0.272817 0.20704
RRV082 con_0015.nii -53 -50 39 -0.287688 0.151927
RRV082 con_0015.nii 32 -59 41 -0.215191 0.141366
RRV082 con_0015.nii -32 -58 46 0.176869 0.491588
RRV082 con_0015.nii -6 49 1 -0.031142 0.223218
RRV082 con_0016.nii 9 3 -6 -0.10868 0.324933
RRV082 con_0016.nii -9 3 -6 -0.219471 0.286071
RRV082 con_0016.nii -30 33 -18 0.0586671 0.138847
RRV082 con_0016.nii 46 28 31 -0.305042 0.139914
RRV082 con_0016.nii -44 27 33 -0.285747 0.211497
RRV082 con_0016.nii 44 8 34 -0.57518 0.228235
RRV082 con_0016.nii -42 7 36 -0.386212 0.0908439
RRV082 con_0016.nii 54 -44 43 -0.00607152 0.120014
RRV082 con_0016.nii -53 -50 39 -0.0636053 0.101086
RRV082 con_0016.nii 32 -59 41 -0.446176 0.148377
RRV082 con_0016.nii -32 -58 46 -0.173415 0.201694
RRV082 con_0016.nii -6 49 1 -0.211383 0.220814
RRV082 con_0017.nii 9 3 -6 0.0144292 0.151742
RRV082 con_0017.nii -9 3 -6 -0.0294191 0.226479
RRV082 con_0017.nii -30 33 -18 0.222823 0.122181
RRV082 con_0017.nii 46 28 31 -0.715458 0.165903
RRV082 con_0017.nii -44 27 33 -0.18661 0.217414
RRV082 con_0017.nii 44 8 34 -1.19406 0.364529
RRV082 con_0017.nii -42 7 36 -0.0485448 0.307234
RRV082 con_0017.nii 54 -44 43 -0.586751 0.214246
RRV082 con_0017.nii -53 -50 39 -0.489671 0.249092
RRV082 con_0017.nii 32 -59 41 -0.741581 0.244133
RRV082 con_0017.nii -32 -58 46 -0.163863 0.446339
RRV082 con_0017.nii -6 49 1 0.127451 0.113004
RRV082 con_0018.nii 9 3 -6 -0.094251 0.366526
RRV082 con_0018.nii -9 3 -6 -0.24889 0.33586
RRV082 con_0018.nii -30 33 -18 0.28149 0.15534
RRV082 con_0018.nii 46 28 31 -1.0205 0.294618
RRV082 con_0018.nii -44 27 33 -0.472357 0.362263
RRV082 con_0018.nii 44 8 34 -1.76924 0.557786
RRV082 con_0018.nii -42 7 36 -0.434757 0.325956
RRV082 con_0018.nii 54 -44 43 -0.592823 0.247946
RRV082 con_0018.nii -53 -50 39 -0.553276 0.321714
RRV082 con_0018.nii 32 -59 41 -1.18776 0.330225
RRV082 con_0018.nii -32 -58 46 -0.337278 0.594814
RRV082 con_0018.nii -6 49 1 -0.0839319 0.305407
RRV082 con_0019.nii 9 3 -6 0.398126 0.734966
RRV082 con_0019.nii -9 3 -6 0.302034 0.391251
RRV082 con_0019.nii -30 33 -18 0.188917 0.300323
RRV082 con_0019.nii 46 28 31 -0.727257 0.280984
RRV082 con_0019.nii -44 27 33 -1.03499 0.336788
RRV082 con_0019.nii 44 8 34 -1.92151 0.53422
RRV082 con_0019.nii -42 7 36 -0.760505 0.331509
RRV082 con_0019.nii 54 -44 43 -0.266688 0.17291
RRV082 con_0019.nii -53 -50 39 -0.759513 0.399872
RRV082 con_0019.nii 32 -59 41 -0.462313 0.220218
RRV082 con_0019.nii -32 -58 46 -0.489992 0.447806
RRV082 con_0019.nii -6 49 1 0.0237968 0.35123
RRV082 con_0020.nii 9 3 -6 -0.243753 0.228334
RRV082 con_0020.nii -9 3 -6 -0.245129 0.340476
RRV082 con_0020.nii -30 33 -18 0.28651 0.147852
RRV082 con_0020.nii 46 28 31 -0.509059 0.178366
RRV082 con_0020.nii -44 27 33 -0.394852 0.369543
RRV082 con_0020.nii 44 8 34 -1.11101 0.398539
RRV082 con_0020.nii -42 7 36 -0.381771 0.369576
RRV082 con_0020.nii 54 -44 43 -0.32249 0.24848
RRV082 con_0020.nii -53 -50 39 -0.48892 0.225947
RRV082 con_0020.nii 32 -59 41 -0.530621 0.273535
RRV082 con_0020.nii -32 -58 46 -0.628164 0.730817
RRV082 con_0020.nii -6 49 1 -0.409047 0.318924
RRV082 con_0021.nii 9 3 -6 0.154372 0.850023
RRV082 con_0021.nii -9 3 -6 0.0569051 0.550898
RRV082 con_0021.nii -30 33 -18 0.475427 0.389003
RRV082 con_0021.nii 46 28 31 -1.23632 0.383033
RRV082 con_0021.nii -44 27 33 -1.42984 0.619972
RRV082 con_0021.nii 44 8 34 -3.03252 0.868394
RRV082 con_0021.nii -42 7 36 -1.14228 0.487424
RRV082 con_0021.nii 54 -44 43 -0.589178 0.279344
RRV082 con_0021.nii -53 -50 39 -1.24843 0.358194
RRV082 con_0021.nii 32 -59 41 -0.992934 0.444085
RRV082 con_0021.nii -32 -58 46 -1.11816 0.548441
RRV082 con_0021.nii -6 49 1 -0.38525 0.601452
RRV082 con_0022.nii 9 3 -6 -0.14503 0.30569
RRV082 con_0022.nii -9 3 -6 0.129295 0.223988
RRV082 con_0022.nii -30 33 -18 0.311887 0.194317
RRV082 con_0022.nii 46 28 31 -0.387989 0.208552
RRV082 con_0022.nii -44 27 33 -0.158811 0.410486
RRV082 con_0022.nii 44 8 34 -1.5459 0.366841
RRV082 con_0022.nii -42 7 36 -0.101715 0.162624
RRV082 con_0022.nii 54 -44 43 0.0916025 0.197262
RRV082 con_0022.nii -53 -50 39 0.45559 0.579863
RRV082 con_0022.nii 32 -59 41 -0.312306 0.225741
RRV082 con_0022.nii -32 -58 46 -0.374654 0.484765
RRV082 con_0022.nii -6 49 1 0.231224 0.224393
RRV082 con_0023.nii 9 3 -6 -0.268016 0.290655
RRV082 con_0023.nii -9 3 -6 -0.389113 0.295389
RRV082 con_0023.nii -30 33 -18 0.141902 0.116583
RRV082 con_0023.nii 46 28 31 -0.102157 0.289357
RRV082 con_0023.nii -44 27 33 0.728386 0.318124
RRV082 con_0023.nii 44 8 34 -0.919389 0.469748
RRV082 con_0023.nii -42 7 36 0.0931277 0.279588
RRV082 con_0023.nii 54 -44 43 0.0775694 0.198061
RRV082 con_0023.nii -53 -50 39 0.2936 0.349534
RRV082 con_0023.nii 32 -59 41 -0.452985 0.236921
RRV082 con_0023.nii -32 -58 46 0.394828 0.546183
RRV082 con_0023.nii -6 49 1 -0.00444041 0.262376
RRV082 con_0024.nii 9 3 -6 -0.413046 0.444344
RRV082 con_0024.nii -9 3 -6 -0.259818 0.393494
RRV082 con_0024.nii -30 33 -18 0.45379 0.172363
RRV082 con_0024.nii 46 28 31 -0.490146 0.290088
RRV082 con_0024.nii -44 27 33 0.569574 0.588641
RRV082 con_0024.nii 44 8 34 -2.46529 0.737673
RRV082 con_0024.nii -42 7 36 -0.00858735 0.281658
RRV082 con_0024.nii 54 -44 43 0.169172 0.281307
RRV082 con_0024.nii -53 -50 39 0.74919 0.880055
RRV082 con_0024.nii 32 -59 41 -0.765291 0.397874
RRV082 con_0024.nii -32 -58 46 0.0201732 0.945482
RRV082 con_0024.nii -6 49 1 0.226784 0.283716
RRV082 con_0025.nii 9 3 -6 -0.61975 0.423281
RRV082 con_0025.nii -9 3 -6 0.0557581 0.237193
RRV082 con_0025.nii -30 33 -18 -0.0627435 0.249806
RRV082 con_0025.nii 46 28 31 -0.762284 0.182591
RRV082 con_0025.nii -44 27 33 -0.680666 0.51373
RRV082 con_0025.nii 44 8 34 -0.519688 0.370107
RRV082 con_0025.nii -42 7 36 -0.601444 0.232154
RRV082 con_0025.nii 54 -44 43 -0.0553531 0.298792
RRV082 con_0025.nii -53 -50 39 -0.683813 0.406057
RRV082 con_0025.nii 32 -59 41 -0.886393 0.387155
RRV082 con_0025.nii -32 -58 46 -1.21965 0.569716
RRV082 con_0025.nii -6 49 1 -0.176371 0.393451
RRV082 con_0026.nii 9 3 -6 0.249293 0.242573
RRV082 con_0026.nii -9 3 -6 -0.190838 0.277736
RRV082 con_0026.nii -30 33 -18 -0.0387307 0.22349
RRV082 con_0026.nii 46 28 31 -0.863638 0.308797
RRV082 con_0026.nii -44 27 33 0.179996 0.217774
RRV082 con_0026.nii 44 8 34 -1.21213 0.397539
RRV082 con_0026.nii -42 7 36 -0.26782 0.225272
RRV082 con_0026.nii 54 -44 43 -0.534757 0.273251
RRV082 con_0026.nii -53 -50 39 -0.398057 0.375373
RRV082 con_0026.nii 32 -59 41 -0.67201 0.313909
RRV082 con_0026.nii -32 -58 46 -0.0500309 0.290695
RRV082 con_0026.nii -6 49 1 0.593143 0.294468
RRV082 con_0027.nii 9 3 -6 -0.370457 0.506389
RRV082 con_0027.nii -9 3 -6 -0.13508 0.293788
RRV082 con_0027.nii -30 33 -18 -0.101474 0.207236
RRV082 con_0027.nii 46 28 31 -1.62592 0.25606
RRV082 con_0027.nii -44 27 33 -0.50067 0.590977
RRV082 con_0027.nii 44 8 34 -1.73182 0.641734
RRV082 con_0027.nii -42 7 36 -0.869264 0.277934
RRV082 con_0027.nii 54 -44 43 -0.590111 0.341173
RRV082 con_0027.nii -53 -50 39 -1.08187 0.686972
RRV082 con_0027.nii 32 -59 41 -1.5584 0.519234
RRV082 con_0027.nii -32 -58 46 -1.26968 0.476241
RRV082 con_0027.nii -6 49 1 0.416772 0.425081
RRV082 con_0028.nii 9 3 -6 -0.122218 0.435401
RRV082 con_0028.nii -9 3 -6 0.162362 0.25145
RRV082 con_0028.nii -30 33 -18 0.14602 0.109592
RRV082 con_0028.nii 46 28 31 -0.625843 0.145329
RRV082 con_0028.nii -44 27 33 -0.624821 0.263363
RRV082 con_0028.nii 44 8 34 -1.32903 0.370591
RRV082 con_0028.nii -42 7 36 -0.487888 0.199819
RRV082 con_0028.nii 54 -44 43 -0.0768129 0.0701549
RRV082 con_0028.nii -53 -50 39 -0.329245 0.13266
RRV082 con_0028.nii 32 -59 41 -0.553671 0.173314
RRV082 con_0028.nii -32 -58 46 -0.694764 0.318594
RRV082 con_0028.nii -6 49 1 0.0262167 0.252193
RRV082 con_0029.nii 9 3 -6 -0.087492 0.186615
RRV082 con_0029.nii -9 3 -6 -0.275026 0.256747
RRV082 con_0029.nii -30 33 -18 0.129894 0.132093
RRV082 con_0029.nii 46 28 31 -0.491618 0.198558
RRV082 con_0029.nii -44 27 33 0.171177 0.221536
RRV082 con_0029.nii 44 8 34 -1.08084 0.350022
RRV082 con_0029.nii -42 7 36 -0.185488 0.258779
RRV082 con_0029.nii 54 -44 43 -0.259893 0.195965
RRV082 con_0029.nii -53 -50 39 -0.197792 0.194654
RRV082 con_0029.nii 32 -59 41 -0.551872 0.228349
RRV082 con_0029.nii -32 -58 46 -0.0944559 0.471093
RRV082 con_0029.nii -6 49 1 0.0598853 0.15225
RRV082 con_0030.nii 9 3 -6 -0.20971 0.545863
RRV082 con_0030.nii -9 3 -6 -0.112664 0.363262
RRV082 con_0030.nii -30 33 -18 0.275914 0.127432
RRV082 con_0030.nii 46 28 31 -1.11746 0.275593
RRV082 con_0030.nii -44 27 33 -0.453645 0.355498
RRV082 con_0030.nii 44 8 34 -2.40988 0.641412
RRV082 con_0030.nii -42 7 36 -0.673376 0.297665
RRV082 con_0030.nii 54 -44 43 -0.336706 0.17862
RRV082 con_0030.nii -53 -50 39 -0.527038 0.256712
RRV082 con_0030.nii 32 -59 41 -1.10554 0.356197
RRV082 con_0030.nii -32 -58 46 -0.78922 0.453689
RRV082 con_0030.nii -6 49 1 0.086102 0.295495
RRV082 con_0031.nii 9 3 -6 -0.26434 0.28898
RRV082 con_0031.nii -9 3 -6 -0.048017 0.198959
RRV082 con_0031.nii -30 33 -18 -0.0220832 0.146328
RRV082 con_0031.nii 46 28 31 -0.421614 0.134769
RRV082 con_0031.nii -44 27 33 -0.314965 0.0870533
RRV082 con_0031.nii 44 8 34 -0.689672 0.177737
RRV082 con_0031.nii -42 7 36 -0.630032 0.257176
RRV082 con_0031.nii 54 -44 43 -0.196462 0.0709735
RRV082 con_0031.nii -53 -50 39 -0.308978 0.187883
RRV082 con_0031.nii 32 -59 41 -0.271753 0.16794
RRV082 con_0031.nii -32 -58 46 -0.301137 0.156308
RRV082 con_0031.nii -6 49 1 0.274868 0.182914
RRV082 con_0032.nii 9 3 -6 -0.0190243 0.1398
RRV082 con_0032.nii -9 3 -6 -0.0745314 0.175156
RRV082 con_0032.nii -30 33 -18 -0.197977 0.109482
RRV082 con_0032.nii 46 28 31 0.0171329 0.149962
RRV082 con_0032.nii -44 27 33 0.122842 0.187928
RRV082 con_0032.nii 44 8 34 0.242847 0.219399
RRV082 con_0032.nii -42 7 36 -0.077272 0.11174
RRV082 con_0032.nii 54 -44 43 0.179763 0.102211
RRV082 con_0032.nii -53 -50 39 0.0475286 0.173405
RRV082 con_0032.nii 32 -59 41 0.138776 0.218563
RRV082 con_0032.nii -32 -58 46 0.0260638 0.305104
RRV082 con_0032.nii -6 49 1 -0.135976 0.176467
RRV082 con_0033.nii 9 3 -6 -0.283364 0.349007
RRV082 con_0033.nii -9 3 -6 -0.122548 0.270105
RRV082 con_0033.nii -30 33 -18 -0.22006 0.164392
RRV082 con_0033.nii 46 28 31 -0.404481 0.228347
RRV082 con_0033.nii -44 27 33 -0.192123 0.220674
RRV082 con_0033.nii 44 8 34 -0.446824 0.265858
RRV082 con_0033.nii -42 7 36 -0.707304 0.322324
RRV082 con_0033.nii 54 -44 43 -0.0166994 0.131562
RRV082 con_0033.nii -53 -50 39 -0.26145 0.259367
RRV082 con_0033.nii 32 -59 41 -0.132977 0.195299
RRV082 con_0033.nii -32 -58 46 -0.275073 0.260579
RRV082 con_0033.nii -6 49 1 0.138892 0.197151
