RRV084 con_0001.nii 9 3 -6 -0.0805759 0.282177
RRV084 con_0001.nii -9 3 -6 0.566324 0.453736
RRV084 con_0001.nii -30 33 -18 -0.204548 0.273057
RRV084 con_0001.nii 46 28 31 -0.0388106 0.228877
RRV084 con_0001.nii -44 27 33 -0.345007 0.218728
RRV084 con_0001.nii 44 8 34 0.655169 0.220994
RRV084 con_0001.nii -42 7 36 0.105129 0.338487
RRV084 con_0001.nii 54 -44 43 -0.589972 0.230103
RRV084 con_0001.nii -53 -50 39 -0.378862 0.281787
RRV084 con_0001.nii 32 -59 41 0.220425 0.257796
RRV084 con_0001.nii -32 -58 46 -0.154612 0.274695
RRV084 con_0001.nii -6 49 1 0.144413 0.294676
RRV084 con_0002.nii 9 3 -6 0.392583 0.368213
RRV084 con_0002.nii -9 3 -6 0.503766 0.491243
RRV084 con_0002.nii -30 33 -18 0.441472 0.281532
RRV084 con_0002.nii 46 28 31 0.433301 0.420759
RRV084 con_0002.nii -44 27 33 0.578704 0.268154
RRV084 con_0002.nii 44 8 34 0.00318289 0.275603
RRV084 con_0002.nii -42 7 36 0.0326017 0.171885
RRV084 con_0002.nii 54 -44 43 0.678372 0.212617
RRV084 con_0002.nii -53 -50 39 0.366091 0.167729
RRV084 con_0002.nii 32 -59 41 -0.150791 0.210865
RRV084 con_0002.nii -32 -58 46 0.0917364 0.335293
RRV084 con_0002.nii -6 49 1 0.698545 0.298209
RRV084 con_0003.nii 9 3 -6 0.312007 0.557468
RRV084 con_0003.nii -9 3 -6 1.07009 0.569735
RRV084 con_0003.nii -30 33 -18 0.236924 0.395016
RRV084 con_0003.nii 46 28 31 0.39449 0.494769
RRV084 con_0003.nii -44 27 33 0.233697 0.224601
RRV084 con_0003.nii 44 8 34 0.658352 0.360145
RRV084 con_0003.nii -42 7 36 0.137731 0.412514
RRV084 con_0003.nii 54 -44 43 0.0884004 0.256085
RRV084 con_0003.nii -53 -50 39 -0.0127706 0.211675
RRV084 con_0003.nii 32 -59 41 0.0696331 0.321072
RRV084 con_0003.nii -32 -58 46 -0.0628755 0.294005
RRV084 con_0003.nii -6 49 1 0.842958 0.437568
RRV084 con_0004.nii 9 3 -6 0.250534 0.196072
RRV084 con_0004.nii -9 3 -6 0.528933 0.427247
RRV084 con_0004.nii -30 33 -18 0.0494182 0.142708
RRV084 con_0004.nii 46 28 31 0.329495 0.32539
RRV084 con_0004.nii -44 27 33 0.244761 0.271206
RRV084 con_0004.nii 44 8 34 -0.337166 0.311
RRV084 con_0004.nii -42 7 36 -0.134608 0.177303
RRV084 con_0004.nii 54 -44 43 0.405013 0.226918
RRV084 con_0004.nii -53 -50 39 -0.0132248 0.168911
RRV084 con_0004.nii 32 -59 41 0.172986 0.24267
RRV084 con_0004.nii -32 -58 46 0.398397 0.310406
RRV084 con_0004.nii -6 49 1 -0.26834 0.209886
RRV084 con_0005.nii 9 3 -6 0.4473 0.548931
RRV084 con_0005.nii -9 3 -6 0.723957 0.37482
RRV084 con_0005.nii -30 33 -18 0.256972 0.544088
RRV084 con_0005.nii 46 28 31 -0.204985 0.296549
RRV084 con_0005.nii -44 27 33 0.121037 0.339278
RRV084 con_0005.nii 44 8 34 0.0830254 0.552731
RRV084 con_0005.nii -42 7 36 0.135069 0.242206
RRV084 con_0005.nii 54 -44 43 0.0321609 0.367202
RRV084 con_0005.nii -53 -50 39 0.155343 0.205502
RRV084 con_0005.nii 32 -59 41 0.0516847 0.198197
RRV084 con_0005.nii -32 -58 46 -0.258538 0.221947
RRV084 con_0005.nii -6 49 1 -0.173883 0.475125
RRV084 con_0006.nii 9 3 -6 0.697833 0.70395
RRV084 con_0006.nii -9 3 -6 1.25289 0.61057
RRV084 con_0006.nii -30 33 -18 0.30639 0.558763
RRV084 con_0006.nii 46 28 31 0.12451 0.563076
RRV084 con_0006.nii -44 27 33 0.365798 0.392491
RRV084 con_0006.nii 44 8 34 -0.254141 0.381822
RRV084 con_0006.nii -42 7 36 0.000461009 0.310749
RRV084 con_0006.nii 54 -44 43 0.437174 0.561998
RRV084 con_0006.nii -53 -50 39 0.142119 0.256219
RRV084 con_0006.nii 32 -59 41 0.224671 0.32983
RRV084 con_0006.nii -32 -58 46 0.139859 0.407907
RRV084 con_0006.nii -6 49 1 -0.442223 0.411623
RRV084 con_0007.nii 9 3 -6 0.573293 0.356749
RRV084 con_0007.nii -9 3 -6 0.783162 0.439716
RRV084 con_0007.nii -30 33 -18 0.345725 0.287548
RRV084 con_0007.nii 46 28 31 -0.0656931 0.409275
RRV084 con_0007.nii -44 27 33 0.5451 0.20999
RRV084 con_0007.nii 44 8 34 0.418965 0.359801
RRV084 con_0007.nii -42 7 36 0.0932572 0.49677
RRV084 con_0007.nii 54 -44 43 -0.383982 0.310393
RRV084 con_0007.nii -53 -50 39 -0.17941 0.422935
RRV084 con_0007.nii 32 -59 41 0.348508 0.276032
RRV084 con_0007.nii -32 -58 46 0.487781 0.30504
RRV084 con_0007.nii -6 49 1 -0.206766 0.336956
RRV084 con_0008.nii 9 3 -6 -0.112635 0.523154
RRV084 con_0008.nii -9 3 -6 -0.173125 0.617097
RRV084 con_0008.nii -30 33 -18 -0.480364 0.559522
RRV084 con_0008.nii 46 28 31 0.0827311 0.259955
RRV084 con_0008.nii -44 27 33 0.320287 0.208933
RRV084 con_0008.nii 44 8 34 0.0726365 0.310995
RRV084 con_0008.nii -42 7 36 -0.262142 0.274399
RRV084 con_0008.nii 54 -44 43 0.477936 0.343684
RRV084 con_0008.nii -53 -50 39 0.373678 0.190892
RRV084 con_0008.nii 32 -59 41 0.257688 0.29216
RRV084 con_0008.nii -32 -58 46 0.0547006 0.407782
RRV084 con_0008.nii -6 49 1 0.252455 0.32496
RRV084 con_0009.nii 9 3 -6 0.460658 0.682974
RRV084 con_0009.nii -9 3 -6 0.610037 0.877331
RRV084 con_0009.nii -30 33 -18 -0.134639 0.602135
RRV084 con_0009.nii 46 28 31 0.017038 0.499089
RRV084 con_0009.nii -44 27 33 0.865387 0.283141
RRV084 con_0009.nii 44 8 34 0.491601 0.631921
RRV084 con_0009.nii -42 7 36 -0.168884 0.690662
RRV084 con_0009.nii 54 -44 43 0.0939541 0.606921
RRV084 con_0009.nii -53 -50 39 0.194269 0.499756
RRV084 con_0009.nii 32 -59 41 0.606196 0.549328
RRV084 con_0009.nii -32 -58 46 0.542482 0.510597
RRV084 con_0009.nii -6 49 1 0.0456895 0.520837
RRV084 con_0010.nii 9 3 -6 -0.501925 0.202083
RRV084 con_0010.nii -9 3 -6 -0.0204227 0.288138
RRV084 con_0010.nii -30 33 -18 -0.147232 0.163385
RRV084 con_0010.nii 46 28 31 0.0322412 0.225316
RRV084 con_0010.nii -44 27 33 0.0989458 0.135766
RRV084 con_0010.nii 44 8 34 0.0960642 0.217634
RRV084 con_0010.nii -42 7 36 0.305365 0.155796
RRV084 con_0010.nii 54 -44 43 0.539008 0.284423
RRV084 con_0010.nii -53 -50 39 0.0869596 0.145879
RRV084 con_0010.nii 32 -59 41 0.159449 0.15191
RRV084 con_0010.nii -32 -58 46 0.086391 0.214676
RRV084 con_0010.nii -6 49 1 -0.211216 0.136501
RRV084 con_0011.nii 9 3 -6 -0.094453 0.390807
RRV084 con_0011.nii -9 3 -6 0.763383 0.537465
RRV084 con_0011.nii -30 33 -18 -0.0600831 0.373106
RRV084 con_0011.nii 46 28 31 0.0727615 0.13915
RRV084 con_0011.nii -44 27 33 0.0957967 0.252526
RRV084 con_0011.nii 44 8 34 0.439826 0.388351
RRV084 con_0011.nii -42 7 36 0.260187 0.413141
RRV084 con_0011.nii 54 -44 43 -0.191354 0.169925
RRV084 con_0011.nii -53 -50 39 0.0671155 0.204573
RRV084 con_0011.nii 32 -59 41 -0.0660438 0.255495
RRV084 con_0011.nii -32 -58 46 0.0196553 0.291428
RRV084 con_0011.nii -6 49 1 -0.0949889 0.198172
RRV084 con_0012.nii 9 3 -6 -0.596378 0.481993
RRV084 con_0012.nii -9 3 -6 0.74296 0.707877
RRV084 con_0012.nii -30 33 -18 -0.207315 0.463717
RRV084 con_0012.nii 46 28 31 0.105003 0.314542
RRV084 con_0012.nii -44 27 33 0.194743 0.277936
RRV084 con_0012.nii 44 8 34 0.53589 0.323889
RRV084 con_0012.nii -42 7 36 0.565552 0.548038
RRV084 con_0012.nii 54 -44 43 0.347654 0.396144
RRV084 con_0012.nii -53 -50 39 0.154075 0.312783
RRV084 con_0012.nii 32 -59 41 0.0934053 0.309398
RRV084 con_0012.nii -32 -58 46 0.106046 0.244129
RRV084 con_0012.nii -6 49 1 -0.306205 0.303706
RRV084 con_0013.nii 9 3 -6 0.0716588 0.260864
RRV084 con_0013.nii -9 3 -6 0.246725 0.38678
RRV084 con_0013.nii -30 33 -18 -0.20988 0.131466
RRV084 con_0013.nii 46 28 31 -0.20795 0.169206
RRV084 con_0013.nii -44 27 33 -0.100255 0.110171
RRV084 con_0013.nii 44 8 34 0.0990197 0.147026
RRV084 con_0013.nii -42 7 36 -0.154962 0.226161
RRV084 con_0013.nii 54 -44 43 -0.183547 0.265794
RRV084 con_0013.nii -53 -50 39 -0.184956 0.186586
RRV084 con_0013.nii 32 -59 41 0.133545 0.258495
RRV084 con_0013.nii -32 -58 46 -0.118446 0.221686
RRV084 con_0013.nii -6 49 1 -0.408704 0.195297
RRV084 con_0014.nii 9 3 -6 -0.325768 0.380537
RRV084 con_0014.nii -9 3 -6 -0.508883 0.52425
RRV084 con_0014.nii -30 33 -18 -0.454968 0.284618
RRV084 con_0014.nii 46 28 31 0.497291 0.35188
RRV084 con_0014.nii -44 27 33 0.0126297 0.172411
RRV084 con_0014.nii 44 8 34 -0.220622 0.311983
RRV084 con_0014.nii -42 7 36 0.0459303 0.151597
RRV084 con_0014.nii 54 -44 43 0.780219 0.186935
RRV084 con_0014.nii -53 -50 39 0.422794 0.154447
RRV084 con_0014.nii 32 -59 41 0.0840193 0.225007
RRV084 con_0014.nii -32 -58 46 -0.0561618 0.13513
RRV084 con_0014.nii -6 49 1 -0.198039 0.239728
RRV084 con_0015.nii 9 3 -6 -0.254109 0.377228
RRV084 con_0015.nii -9 3 -6 -0.262158 0.536795
RRV084 con_0015.nii -30 33 -18 -0.664849 0.300901
RRV084 con_0015.nii 46 28 31 0.289341 0.42582
RRV084 con_0015.nii -44 27 33 -0.0876249 0.183055
RRV084 con_0015.nii 44 8 34 -0.121603 0.280394
RRV084 con_0015.nii -42 7 36 -0.109032 0.198444
RRV084 con_0015.nii 54 -44 43 0.596671 0.315203
RRV084 con_0015.nii -53 -50 39 0.237838 0.163702
RRV084 con_0015.nii 32 -59 41 0.217565 0.183776
RRV084 con_0015.nii -32 -58 46 -0.174608 0.266996
RRV084 con_0015.nii -6 49 1 -0.606744 0.328033
RRV084 con_0016.nii 9 3 -6 0.24775 0.214565
RRV084 con_0016.nii -9 3 -6 0.62614 0.381814
RRV084 con_0016.nii -30 33 -18 0.0635315 0.103629
RRV084 con_0016.nii 46 28 31 0.0749969 0.215814
RRV084 con_0016.nii -44 27 33 0.148284 0.17216
RRV084 con_0016.nii 44 8 34 0.245656 0.225254
RRV084 con_0016.nii -42 7 36 0.0212597 0.288677
RRV084 con_0016.nii 54 -44 43 -0.189647 0.225358
RRV084 con_0016.nii -53 -50 39 -0.190499 0.261458
RRV084 con_0016.nii 32 -59 41 0.247306 0.135988
RRV084 con_0016.nii -32 -58 46 0.243855 0.131924
RRV084 con_0016.nii -6 49 1 -0.110231 0.173478
RRV084 con_0017.nii 9 3 -6 0.242416 0.360867
RRV084 con_0017.nii -9 3 -6 0.351533 0.244352
RRV084 con_0017.nii -30 33 -18 0.0726934 0.390028
RRV084 con_0017.nii 46 28 31 0.103682 0.269981
RRV084 con_0017.nii -44 27 33 0.340009 0.220676
RRV084 con_0017.nii 44 8 34 0.0529483 0.204553
RRV084 con_0017.nii -42 7 36 -0.0314904 0.116653
RRV084 con_0017.nii 54 -44 43 0.396156 0.21677
RRV084 con_0017.nii -53 -50 39 0.298371 0.14679
RRV084 con_0017.nii 32 -59 41 0.0528603 0.193642
RRV084 con_0017.nii -32 -58 46 -0.0373668 0.218901
RRV084 con_0017.nii -6 49 1 0.259039 0.252853
RRV084 con_0018.nii 9 3 -6 0.490166 0.527901
RRV084 con_0018.nii -9 3 -6 0.977672 0.547366
RRV084 con_0018.nii -30 33 -18 0.136225 0.406922
RRV084 con_0018.nii 46 28 31 0.178679 0.441559
RRV084 con_0018.nii -44 27 33 0.488294 0.229646
RRV084 con_0018.nii 44 8 34 0.298604 0.265283
RRV084 con_0018.nii -42 7 36 -0.0102308 0.354966
RRV084 con_0018.nii 54 -44 43 0.20651 0.422444
RRV084 con_0018.nii -53 -50 39 0.107872 0.27291
RRV084 con_0018.nii 32 -59 41 0.300167 0.270286
RRV084 con_0018.nii -32 -58 46 0.206488 0.265036
RRV084 con_0018.nii -6 49 1 0.148808 0.357191
RRV084 con_0019.nii 9 3 -6 0.421349 0.267552
RRV084 con_0019.nii -9 3 -6 0.586746 0.42216
RRV084 con_0019.nii -30 33 -18 -0.0573169 0.271097
RRV084 con_0019.nii 46 28 31 -0.0710519 0.254418
RRV084 con_0019.nii -44 27 33 -0.443953 0.178701
RRV084 con_0019.nii 44 8 34 0.559105 0.20514
RRV084 con_0019.nii -42 7 36 -0.200236 0.289631
RRV084 con_0019.nii 54 -44 43 -1.12898 0.263937
RRV084 con_0019.nii -53 -50 39 -0.465822 0.326039
RRV084 con_0019.nii 32 -59 41 0.0609755 0.226288
RRV084 con_0019.nii -32 -58 46 -0.241003 0.424728
RRV084 con_0019.nii -6 49 1 0.355629 0.346652
RRV084 con_0020.nii 9 3 -6 0.487036 0.577081
RRV084 con_0020.nii -9 3 -6 -0.259617 0.913894
RRV084 con_0020.nii -30 33 -18 0.501556 0.404082
RRV084 con_0020.nii 46 28 31 0.360539 0.375815
RRV084 con_0020.nii -44 27 33 0.482907 0.35083
RRV084 con_0020.nii 44 8 34 -0.436643 0.506885
RRV084 con_0020.nii -42 7 36 -0.227585 0.388458
RRV084 con_0020.nii 54 -44 43 0.869727 0.302264
RRV084 con_0020.nii -53 -50 39 0.298976 0.195223
RRV084 con_0020.nii 32 -59 41 -0.0847476 0.17477
RRV084 con_0020.nii -32 -58 46 0.0720811 0.597648
RRV084 con_0020.nii -6 49 1 0.793534 0.394759
RRV084 con_0021.nii 9 3 -6 0.908384 0.683275
RRV084 con_0021.nii -9 3 -6 0.32713 0.906536
RRV084 con_0021.nii -30 33 -18 0.444239 0.429463
RRV084 con_0021.nii 46 28 31 0.289487 0.280513
RRV084 con_0021.nii -44 27 33 0.0389542 0.349645
RRV084 con_0021.nii 44 8 34 0.122462 0.403385
RRV084 con_0021.nii -42 7 36 -0.427821 0.405037
RRV084 con_0021.nii 54 -44 43 -0.259253 0.340787
RRV084 con_0021.nii -53 -50 39 -0.166846 0.336229
RRV084 con_0021.nii 32 -59 41 -0.0237722 0.169628
RRV084 con_0021.nii -32 -58 46 -0.168922 0.408109
RRV084 con_0021.nii -6 49 1 1.14916 0.602828
RRV084 con_0022.nii 9 3 -6 0.752458 0.236432
RRV084 con_0022.nii -9 3 -6 0.549356 0.36051
RRV084 con_0022.nii -30 33 -18 0.19665 0.211104
RRV084 con_0022.nii 46 28 31 0.297253 0.156034
RRV084 con_0022.nii -44 27 33 0.145815 0.274149
RRV084 con_0022.nii 44 8 34 -0.43323 0.26854
RRV084 con_0022.nii -42 7 36 -0.439973 0.189305
RRV084 con_0022.nii 54 -44 43 -0.133995 0.176958
RRV084 con_0022.nii -53 -50 39 -0.100184 0.226378
RRV084 con_0022.nii 32 -59 41 0.0135373 0.292131
RRV084 con_0022.nii -32 -58 46 0.312006 0.220405
RRV084 con_0022.nii -6 49 1 -0.0571242 0.240874
RRV084 con_0023.nii 9 3 -6 0.541753 0.40533
RRV084 con_0023.nii -9 3 -6 -0.0394254 0.559282
RRV084 con_0023.nii -30 33 -18 0.317055 0.278896
RRV084 con_0023.nii 46 28 31 -0.277746 0.246952
RRV084 con_0023.nii -44 27 33 0.0252405 0.417829
RRV084 con_0023.nii 44 8 34 -0.3568 0.351414
RRV084 con_0023.nii -42 7 36 -0.125118 0.57693
RRV084 con_0023.nii 54 -44 43 0.223515 0.278048
RRV084 con_0023.nii -53 -50 39 0.0882279 0.183897
RRV084 con_0023.nii 32 -59 41 0.117729 0.221397
RRV084 con_0023.nii -32 -58 46 -0.278193 0.377798
RRV084 con_0023.nii -6 49 1 -0.078894 0.382219
RRV084 con_0024.nii 9 3 -6 1.29421 0.455997
RRV084 con_0024.nii -9 3 -6 0.509931 0.660533
RRV084 con_0024.nii -30 33 -18 0.513705 0.362563
RRV084 con_0024.nii 46 28 31 0.0195069 0.337659
RRV084 con_0024.nii -44 27 33 0.171055 0.567715
RRV084 con_0024.nii 44 8 34 -0.790031 0.497667
RRV084 con_0024.nii -42 7 36 -0.565091 0.715221
RRV084 con_0024.nii 54 -44 43 0.0895207 0.268806
RRV084 con_0024.nii -53 -50 39 -0.0119565 0.287552
RRV084 con_0024.nii 32 -59 41 0.131266 0.470851
RRV084 con_0024.nii -32 -58 46 0.033813 0.524713
RRV084 con_0024.nii -6 49 1 -0.136018 0.354118
RRV084 con_0025.nii 9 3 -6 1.07522 0.267609
RRV084 con_0025.nii -9 3 -6 0.803585 0.330928
RRV084 con_0025.nii -30 33 -18 0.492956 0.387558
RRV084 con_0025.nii 46 28 31 -0.0979343 0.41285
RRV084 con_0025.nii -44 27 33 0.446154 0.197381
RRV084 con_0025.nii 44 8 34 0.322901 0.262072
RRV084 con_0025.nii -42 7 36 -0.212108 0.394974
RRV084 con_0025.nii 54 -44 43 -0.92299 0.209722
RRV084 con_0025.nii -53 -50 39 -0.266369 0.429566
RRV084 con_0025.nii 32 -59 41 0.189059 0.329613
RRV084 con_0025.nii -32 -58 46 0.40139 0.360949
RRV084 con_0025.nii -6 49 1 0.00445039 0.353695
RRV084 con_0026.nii 9 3 -6 -0.0181819 0.593977
RRV084 con_0026.nii -9 3 -6 -0.936508 0.522525
RRV084 con_0026.nii -30 33 -18 -0.420281 0.444523
RRV084 con_0026.nii 46 28 31 0.00996957 0.21608
RRV084 con_0026.nii -44 27 33 0.22449 0.269668
RRV084 con_0026.nii 44 8 34 -0.367189 0.572664
RRV084 con_0026.nii -42 7 36 -0.522329 0.351829
RRV084 con_0026.nii 54 -44 43 0.66929 0.336974
RRV084 con_0026.nii -53 -50 39 0.306563 0.210125
RRV084 con_0026.nii 32 -59 41 0.323732 0.225533
RRV084 con_0026.nii -32 -58 46 0.0350453 0.505463
RRV084 con_0026.nii -6 49 1 0.347444 0.308735
RRV084 con_0027.nii 9 3 -6 1.05704 0.563502
RRV084 con_0027.nii -9 3 -6 -0.132923 0.592414
RRV084 con_0027.nii -30 33 -18 0.0726753 0.672289
RRV084 con_0027.nii 46 28 31 -0.0879648 0.396787
RRV084 con_0027.nii -44 27 33 0.670644 0.432834
RRV084 con_0027.nii 44 8 34 -0.0442884 0.760455
RRV084 con_0027.nii -42 7 36 -0.734437 0.448071
RRV084 con_0027.nii 54 -44 43 -0.2537 0.430765
RRV084 con_0027.nii -53 -50 39 0.0401937 0.460483
RRV084 con_0027.nii 32 -59 41 0.51279 0.472779
RRV084 con_0027.nii -32 -58 46 0.436435 0.688884
RRV084 con_0027.nii -6 49 1 0.351894 0.517572
RRV084 con_0028.nii 9 3 -6 0.749675 0.175001
RRV084 con_0028.nii -9 3 -6 0.646562 0.301817
RRV084 con_0028.nii -30 33 -18 0.210763 0.202375
RRV084 con_0028.nii 46 28 31 0.0427557 0.156501
RRV084 con_0028.nii -44 27 33 0.0493386 0.152182
RRV084 con_0028.nii 44 8 34 0.149592 0.141516
RRV084 con_0028.nii -42 7 36 -0.284106 0.210507
RRV084 con_0028.nii 54 -44 43 -0.728655 0.179384
RRV084 con_0028.nii -53 -50 39 -0.277458 0.294589
RRV084 con_0028.nii 32 -59 41 0.0878572 0.181777
RRV084 con_0028.nii -32 -58 46 0.157464 0.221066
RRV084 con_0028.nii -6 49 1 0.100985 0.22297
RRV084 con_0029.nii 9 3 -6 0.336869 0.420398
RRV084 con_0029.nii -9 3 -6 -0.41185 0.528374
RRV084 con_0029.nii -30 33 -18 0.132777 0.262472
RRV084 con_0029.nii 46 28 31 0.0309208 0.212152
RRV084 con_0029.nii -44 27 33 0.244213 0.308657
RRV084 con_0029.nii 44 8 34 -0.386877 0.344339
RRV084 con_0029.nii -42 7 36 -0.291677 0.402016
RRV084 con_0029.nii 54 -44 43 0.587511 0.20415
RRV084 con_0029.nii -53 -50 39 0.231256 0.156972
RRV084 con_0029.nii 32 -59 41 0.118904 0.156859
RRV084 con_0029.nii -32 -58 46 -0.0570222 0.436346
RRV084 con_0029.nii -6 49 1 0.354028 0.237189
RRV084 con_0030.nii 9 3 -6 1.08654 0.430348
RRV084 con_0030.nii -9 3 -6 0.234713 0.589007
RRV084 con_0030.nii -30 33 -18 0.34354 0.380263
RRV084 con_0030.nii 46 28 31 0.0736765 0.203407
RRV084 con_0030.nii -44 27 33 0.293551 0.410465
RRV084 con_0030.nii 44 8 34 -0.237286 0.418327
RRV084 con_0030.nii -42 7 36 -0.575783 0.41256
RRV084 con_0030.nii 54 -44 43 -0.141144 0.230617
RRV084 con_0030.nii -53 -50 39 -0.0462028 0.30056
RRV084 con_0030.nii 32 -59 41 0.206761 0.244624
RRV084 con_0030.nii -32 -58 46 0.100442 0.452267
RRV084 con_0030.nii -6 49 1 0.455013 0.411205
RRV084 con_0031.nii 9 3 -6 0.573583 0.201553
RRV084 con_0031.nii -9 3 -6 0.267147 0.287759
RRV084 con_0031.nii -30 33 -18 -0.0626485 0.163919
RRV084 con_0031.nii 46 28 31 -0.240191 0.213101
RRV084 con_0031.nii -44 27 33 -0.1992 0.142363
RRV084 con_0031.nii 44 8 34 0.00295557 0.153641
RRV084 con_0031.nii -42 7 36 -0.460328 0.133852
RRV084 con_0031.nii 54 -44 43 -0.722556 0.158784
RRV084 con_0031.nii -53 -50 39 -0.271915 0.172402
RRV084 con_0031.nii 32 -59 41 -0.0259039 0.204896
RRV084 con_0031.nii -32 -58 46 -0.204837 0.236273
RRV084 con_0031.nii -6 49 1 -0.197488 0.220936
RRV084 con_0032.nii 9 3 -6 -0.231315 0.609655
RRV084 con_0032.nii -9 3 -6 -1.27227 0.947062
RRV084 con_0032.nii -30 33 -18 -0.394885 0.390169
RRV084 con_0032.nii 46 28 31 0.42453 0.313586
RRV084 con_0032.nii -44 27 33 -0.083167 0.209246
RRV084 con_0032.nii 44 8 34 -0.660448 0.372593
RRV084 con_0032.nii -42 7 36 -0.214257 0.524266
RRV084 con_0032.nii 54 -44 43 0.971573 0.216106
RRV084 con_0032.nii -53 -50 39 0.355678 0.217258
RRV084 con_0032.nii 32 -59 41 0.150063 0.381082
RRV084 con_0032.nii -32 -58 46 -0.0758171 0.235414
RRV084 con_0032.nii -6 49 1 -0.10305 0.344063
RRV084 con_0033.nii 9 3 -6 0.342268 0.70084
RRV084 con_0033.nii -9 3 -6 -1.00512 0.953856
RRV084 con_0033.nii -30 33 -18 -0.457534 0.442788
RRV084 con_0033.nii 46 28 31 0.184339 0.260464
RRV084 con_0033.nii -44 27 33 -0.282367 0.225244
RRV084 con_0033.nii 44 8 34 -0.657493 0.389661
RRV084 con_0033.nii -42 7 36 -0.674584 0.499526
RRV084 con_0033.nii 54 -44 43 0.249018 0.215624
RRV084 con_0033.nii -53 -50 39 0.083763 0.220412
RRV084 con_0033.nii 32 -59 41 0.124159 0.301661
RRV084 con_0033.nii -32 -58 46 -0.280654 0.141081
RRV084 con_0033.nii -6 49 1 -0.300539 0.474889
