RRV002 con_0001.nii 9 3 -6 0.168587 0.386056
RRV002 con_0001.nii -9 3 -6 -0.028961 0.52669
RRV002 con_0001.nii -30 33 -18 -0.528806 0.280276
RRV002 con_0001.nii 46 28 31 -0.0250441 0.20692
RRV002 con_0001.nii -44 27 33 -1.00905 0.397913
RRV002 con_0001.nii 44 8 34 -0.32675 0.264333
RRV002 con_0001.nii -42 7 36 0.290392 0.226232
RRV002 con_0001.nii 54 -44 43 -0.439512 0.27349
RRV002 con_0001.nii -53 -50 39 -0.200521 0.236683
RRV002 con_0001.nii 32 -59 41 -0.466316 0.265685
RRV002 con_0001.nii -32 -58 46 0.67761 0.533843
RRV002 con_0001.nii -6 49 1 -0.960532 0.359369
RRV002 con_0002.nii 9 3 -6 0.322209 0.534871
RRV002 con_0002.nii -9 3 -6 0.713653 0.26254
RRV002 con_0002.nii -30 33 -18 -0.122731 0.141765
RRV002 con_0002.nii 46 28 31 -0.369517 0.222561
RRV002 con_0002.nii -44 27 33 -0.0814565 0.153666
RRV002 con_0002.nii 44 8 34 -0.744623 0.279922
RRV002 con_0002.nii -42 7 36 -0.696627 0.283289
RRV002 con_0002.nii 54 -44 43 0.303026 0.177945
RRV002 con_0002.nii -53 -50 39 0.0387345 0.327719
RRV002 con_0002.nii 32 -59 41 0.200599 0.419109
RRV002 con_0002.nii -32 -58 46 0.125063 0.35485
RRV002 con_0002.nii -6 49 1 -0.0774505 0.381156
RRV002 con_0003.nii 9 3 -6 0.490796 0.864436
RRV002 con_0003.nii -9 3 -6 0.684692 0.57122
RRV002 con_0003.nii -30 33 -18 -0.651537 0.342061
RRV002 con_0003.nii 46 28 31 -0.394561 0.333921
RRV002 con_0003.nii -44 27 33 -1.0905 0.467647
RRV002 con_0003.nii 44 8 34 -1.07137 0.317408
RRV002 con_0003.nii -42 7 36 -0.406235 0.222515
RRV002 con_0003.nii 54 -44 43 -0.136487 0.368941
RRV002 con_0003.nii -53 -50 39 -0.161787 0.465348
RRV002 con_0003.nii 32 -59 41 -0.265717 0.468652
RRV002 con_0003.nii -32 -58 46 0.802673 0.386266
RRV002 con_0003.nii -6 49 1 -1.03798 0.452574
RRV002 con_0004.nii 9 3 -6 0.237834 0.388655
RRV002 con_0004.nii -9 3 -6 0.0463687 0.437797
RRV002 con_0004.nii -30 33 -18 -0.00676109 0.366489
RRV002 con_0004.nii 46 28 31 -0.0215275 0.293254
RRV002 con_0004.nii -44 27 33 -1.08158 0.384293
RRV002 con_0004.nii 44 8 34 -1.63143 0.771729
RRV002 con_0004.nii -42 7 36 -0.364529 0.831377
RRV002 con_0004.nii 54 -44 43 -0.633411 0.606462
RRV002 con_0004.nii -53 -50 39 -0.856008 0.423106
RRV002 con_0004.nii 32 -59 41 0.131458 0.277711
RRV002 con_0004.nii -32 -58 46 0.58849 0.633472
RRV002 con_0004.nii -6 49 1 -0.890278 0.36936
RRV002 con_0005.nii 9 3 -6 -0.535008 0.340374
RRV002 con_0005.nii -9 3 -6 0.314497 0.36108
RRV002 con_0005.nii -30 33 -18 0.440277 0.422691
RRV002 con_0005.nii 46 28 31 -0.582876 0.186109
RRV002 con_0005.nii -44 27 33 -0.0917404 0.221176
RRV002 con_0005.nii 44 8 34 -0.551541 0.444572
RRV002 con_0005.nii -42 7 36 -0.752773 0.508849
RRV002 con_0005.nii 54 -44 43 -0.982251 0.356284
RRV002 con_0005.nii -53 -50 39 -0.76405 0.229539
RRV002 con_0005.nii 32 -59 41 0.174748 0.531442
RRV002 con_0005.nii -32 -58 46 -0.680975 0.413942
RRV002 con_0005.nii -6 49 1 -0.699366 0.488767
RRV002 con_0006.nii 9 3 -6 -0.297174 0.498938
RRV002 con_0006.nii -9 3 -6 0.360865 0.325357
RRV002 con_0006.nii -30 33 -18 0.433516 0.713871
RRV002 con_0006.nii 46 28 31 -0.604403 0.333452
RRV002 con_0006.nii -44 27 33 -1.17332 0.466072
RRV002 con_0006.nii 44 8 34 -2.18297 0.779996
RRV002 con_0006.nii -42 7 36 -1.1173 1.29407
RRV002 con_0006.nii 54 -44 43 -1.61566 0.909197
RRV002 con_0006.nii -53 -50 39 -1.62006 0.557846
RRV002 con_0006.nii 32 -59 41 0.306206 0.510831
RRV002 con_0006.nii -32 -58 46 -0.0924852 0.479732
RRV002 con_0006.nii -6 49 1 -1.58964 0.77496
RRV002 con_0007.nii 9 3 -6 0.0544612 0.486815
RRV002 con_0007.nii -9 3 -6 -0.277227 0.588633
RRV002 con_0007.nii -30 33 -18 -0.341304 0.256452
RRV002 con_0007.nii 46 28 31 0.509372 0.181372
RRV002 con_0007.nii -44 27 33 0.282684 0.17983
RRV002 con_0007.nii 44 8 34 0.274033 0.203562
RRV002 con_0007.nii -42 7 36 0.696773 0.31736
RRV002 con_0007.nii 54 -44 43 -0.359446 0.460849
RRV002 con_0007.nii -53 -50 39 0.655125 0.462134
RRV002 con_0007.nii 32 -59 41 0.31755 0.331907
RRV002 con_0007.nii -32 -58 46 1.20618 0.585958
RRV002 con_0007.nii -6 49 1 -0.904605 0.306641
RRV002 con_0008.nii 9 3 -6 -0.40315 0.40274
RRV002 con_0008.nii -9 3 -6 -0.0225448 0.330128
RRV002 con_0008.nii -30 33 -18 -0.778656 0.347547
RRV002 con_0008.nii 46 28 31 -0.651158 0.295578
RRV002 con_0008.nii -44 27 33 0.129581 0.178955
RRV002 con_0008.nii 44 8 34 -0.866719 0.63169
RRV002 con_0008.nii -42 7 36 -0.885815 0.601439
RRV002 con_0008.nii 54 -44 43 0.609876 0.173055
RRV002 con_0008.nii -53 -50 39 0.222378 0.403907
RRV002 con_0008.nii 32 -59 41 0.442017 0.301154
RRV002 con_0008.nii -32 -58 46 -0.115585 0.394325
RRV002 con_0008.nii -6 49 1 -0.151784 0.15597
RRV002 con_0009.nii 9 3 -6 -0.348688 0.528152
RRV002 con_0009.nii -9 3 -6 -0.299771 0.824227
RRV002 con_0009.nii -30 33 -18 -1.11996 0.410767
RRV002 con_0009.nii 46 28 31 -0.141786 0.235887
RRV002 con_0009.nii -44 27 33 0.412265 0.258223
RRV002 con_0009.nii 44 8 34 -0.592686 0.656062
RRV002 con_0009.nii -42 7 36 -0.189042 0.371461
RRV002 con_0009.nii 54 -44 43 0.25043 0.424151
RRV002 con_0009.nii -53 -50 39 0.877503 0.826817
RRV002 con_0009.nii 32 -59 41 0.759568 0.483945
RRV002 con_0009.nii -32 -58 46 1.0906 0.398614
RRV002 con_0009.nii -6 49 1 -1.05639 0.351605
RRV002 con_0010.nii 9 3 -6 -0.0933545 0.362986
RRV002 con_0010.nii -9 3 -6 0.0310225 0.218418
RRV002 con_0010.nii -30 33 -18 -0.879774 0.333619
RRV002 con_0010.nii 46 28 31 -0.397496 0.335472
RRV002 con_0010.nii -44 27 33 -0.275383 0.199171
RRV002 con_0010.nii 44 8 34 -0.789359 0.555166
RRV002 con_0010.nii -42 7 36 -0.159397 0.228669
RRV002 con_0010.nii 54 -44 43 -0.926317 0.586943
RRV002 con_0010.nii -53 -50 39 -0.385104 0.203292
RRV002 con_0010.nii 32 -59 41 0.309764 0.186826
RRV002 con_0010.nii -32 -58 46 1.10592 0.555351
RRV002 con_0010.nii -6 49 1 -1.46798 0.505097
RRV002 con_0011.nii 9 3 -6 -0.206783 0.241411
RRV002 con_0011.nii -9 3 -6 0.188451 0.138339
RRV002 con_0011.nii -30 33 -18 0.0429764 0.275518
RRV002 con_0011.nii 46 28 31 -0.530727 0.280351
RRV002 con_0011.nii -44 27 33 0.148234 0.227009
RRV002 con_0011.nii 44 8 34 -0.522653 0.354674
RRV002 con_0011.nii -42 7 36 -0.635724 0.554871
RRV002 con_0011.nii 54 -44 43 0.308697 0.266066
RRV002 con_0011.nii -53 -50 39 -0.315583 0.19708
RRV002 con_0011.nii 32 -59 41 -0.154791 0.381181
RRV002 con_0011.nii -32 -58 46 -0.985141 0.556505
RRV002 con_0011.nii -6 49 1 0.151415 0.192745
RRV002 con_0012.nii 9 3 -6 -0.300138 0.552297
RRV002 con_0012.nii -9 3 -6 0.219473 0.235158
RRV002 con_0012.nii -30 33 -18 -0.836798 0.428092
RRV002 con_0012.nii 46 28 31 -0.928224 0.521193
RRV002 con_0012.nii -44 27 33 -0.127149 0.315982
RRV002 con_0012.nii 44 8 34 -1.31201 0.384195
RRV002 con_0012.nii -42 7 36 -0.795121 0.39838
RRV002 con_0012.nii 54 -44 43 -0.61762 0.547451
RRV002 con_0012.nii -53 -50 39 -0.700687 0.22552
RRV002 con_0012.nii 32 -59 41 0.154973 0.390776
RRV002 con_0012.nii -32 -58 46 0.120781 0.461721
RRV002 con_0012.nii -6 49 1 -1.31657 0.567124
RRV002 con_0013.nii 9 3 -6 0.0417813 0.406874
RRV002 con_0013.nii -9 3 -6 0.240205 0.310718
RRV002 con_0013.nii -30 33 -18 -1.04885 0.374362
RRV002 con_0013.nii 46 28 31 0.283332 0.215596
RRV002 con_0013.nii -44 27 33 -0.0406839 0.222971
RRV002 con_0013.nii 44 8 34 -0.137773 0.545831
RRV002 con_0013.nii -42 7 36 0.377855 0.709577
RRV002 con_0013.nii 54 -44 43 -1.05662 0.506236
RRV002 con_0013.nii -53 -50 39 -0.250066 0.427785
RRV002 con_0013.nii 32 -59 41 0.370191 0.378924
RRV002 con_0013.nii -32 -58 46 1.34316 0.583227
RRV002 con_0013.nii -6 49 1 -1.58193 0.475792
RRV002 con_0014.nii 9 3 -6 -0.183918 0.310493
RRV002 con_0014.nii -9 3 -6 0.12686 0.306276
RRV002 con_0014.nii -30 33 -18 -0.36969 0.169532
RRV002 con_0014.nii 46 28 31 -0.840865 0.296074
RRV002 con_0014.nii -44 27 33 -0.219851 0.236695
RRV002 con_0014.nii 44 8 34 -0.66125 0.476534
RRV002 con_0014.nii -42 7 36 -0.628209 0.477968
RRV002 con_0014.nii 54 -44 43 -0.254373 0.184931
RRV002 con_0014.nii -53 -50 39 -0.277917 0.222432
RRV002 con_0014.nii 32 -59 41 -0.551238 0.259802
RRV002 con_0014.nii -32 -58 46 -1.21291 0.408573
RRV002 con_0014.nii -6 49 1 0.148889 0.168404
RRV002 con_0015.nii 9 3 -6 -0.142137 0.656586
RRV002 con_0015.nii -9 3 -6 0.367065 0.448225
RRV002 con_0015.nii -30 33 -18 -1.41854 0.522928
RRV002 con_0015.nii 46 28 31 -0.557533 0.347391
RRV002 con_0015.nii -44 27 33 -0.260535 0.287982
RRV002 con_0015.nii 44 8 34 -0.799023 0.282371
RRV002 con_0015.nii -42 7 36 -0.250353 0.351532
RRV002 con_0015.nii 54 -44 43 -1.311 0.429229
RRV002 con_0015.nii -53 -50 39 -0.527983 0.43135
RRV002 con_0015.nii 32 -59 41 -0.181047 0.257546
RRV002 con_0015.nii -32 -58 46 0.130255 0.341449
RRV002 con_0015.nii -6 49 1 -1.43304 0.432434
RRV002 con_0016.nii 9 3 -6 0.153628 0.379926
RRV002 con_0016.nii -9 3 -6 -0.0866063 0.483805
RRV002 con_0016.nii -30 33 -18 -0.29229 0.239815
RRV002 con_0016.nii 46 28 31 0.154267 0.178417
RRV002 con_0016.nii -44 27 33 -0.602649 0.246509
RRV002 con_0016.nii 44 8 34 -0.561382 0.255883
RRV002 con_0016.nii -42 7 36 0.207545 0.334002
RRV002 con_0016.nii 54 -44 43 -0.477456 0.386731
RRV002 con_0016.nii -53 -50 39 -0.133802 0.206699
RRV002 con_0016.nii 32 -59 41 -0.00576938 0.135134
RRV002 con_0016.nii -32 -58 46 0.824094 0.557113
RRV002 con_0016.nii -6 49 1 -0.918471 0.326938
RRV002 con_0017.nii 9 3 -6 -0.205316 0.30686
RRV002 con_0017.nii -9 3 -6 0.335202 0.151217
RRV002 con_0017.nii -30 33 -18 -0.153703 0.240269
RRV002 con_0017.nii 46 28 31 -0.534517 0.142713
RRV002 con_0017.nii -44 27 33 -0.0145386 0.105408
RRV002 con_0017.nii 44 8 34 -0.720961 0.365227
RRV002 con_0017.nii -42 7 36 -0.778405 0.285316
RRV002 con_0017.nii 54 -44 43 -0.0231165 0.13115
RRV002 con_0017.nii -53 -50 39 -0.167646 0.206479
RRV002 con_0017.nii 32 -59 41 0.272455 0.296466
RRV002 con_0017.nii -32 -58 46 -0.223832 0.353418
RRV002 con_0017.nii -6 49 1 -0.309534 0.260067
RRV002 con_0018.nii 9 3 -6 -0.0516887 0.550687
RRV002 con_0018.nii -9 3 -6 0.248595 0.47399
RRV002 con_0018.nii -30 33 -18 -0.445994 0.387008
RRV002 con_0018.nii 46 28 31 -0.38025 0.203935
RRV002 con_0018.nii -44 27 33 -0.617187 0.239999
RRV002 con_0018.nii 44 8 34 -1.28234 0.302139
RRV002 con_0018.nii -42 7 36 -0.57086 0.358914
RRV002 con_0018.nii 54 -44 43 -0.500573 0.472405
RRV002 con_0018.nii -53 -50 39 -0.301447 0.372339
RRV002 con_0018.nii 32 -59 41 0.266685 0.252143
RRV002 con_0018.nii -32 -58 46 0.600262 0.379448
RRV002 con_0018.nii -6 49 1 -1.22801 0.458288
RRV002 con_0019.nii 9 3 -6 0.261942 0.200673
RRV002 con_0019.nii -9 3 -6 -0.0599835 0.439008
RRV002 con_0019.nii -30 33 -18 0.350968 0.199811
RRV002 con_0019.nii 46 28 31 0.372452 0.307834
RRV002 con_0019.nii -44 27 33 -0.733664 0.29194
RRV002 con_0019.nii 44 8 34 0.462609 0.703318
RRV002 con_0019.nii -42 7 36 0.449789 0.253498
RRV002 con_0019.nii 54 -44 43 0.486805 0.396123
RRV002 con_0019.nii -53 -50 39 0.184583 0.315073
RRV002 con_0019.nii 32 -59 41 -0.77608 0.330275
RRV002 con_0019.nii -32 -58 46 -0.428313 0.414073
RRV002 con_0019.nii -6 49 1 0.507452 0.225328
RRV002 con_0020.nii 9 3 -6 0.528992 0.495147
RRV002 con_0020.nii -9 3 -6 0.525202 0.277407
RRV002 con_0020.nii -30 33 -18 -0.165707 0.237544
RRV002 con_0020.nii 46 28 31 0.16121 0.251149
RRV002 con_0020.nii -44 27 33 -0.22969 0.26134
RRV002 con_0020.nii 44 8 34 -0.221969 0.382327
RRV002 con_0020.nii -42 7 36 -0.0609031 0.433768
RRV002 con_0020.nii 54 -44 43 -0.00567149 0.331426
RRV002 con_0020.nii -53 -50 39 0.354318 0.424372
RRV002 con_0020.nii 32 -59 41 0.355391 0.405522
RRV002 con_0020.nii -32 -58 46 1.1102 0.452739
RRV002 con_0020.nii -6 49 1 -0.228866 0.332797
RRV002 con_0021.nii 9 3 -6 0.790934 0.616644
RRV002 con_0021.nii -9 3 -6 0.465218 0.606192
RRV002 con_0021.nii -30 33 -18 0.185261 0.277513
RRV002 con_0021.nii 46 28 31 0.533663 0.416411
RRV002 con_0021.nii -44 27 33 -0.963355 0.319943
RRV002 con_0021.nii 44 8 34 0.240639 0.486195
RRV002 con_0021.nii -42 7 36 0.388886 0.272967
RRV002 con_0021.nii 54 -44 43 0.481133 0.448956
RRV002 con_0021.nii -53 -50 39 0.5389 0.533345
RRV002 con_0021.nii 32 -59 41 -0.42069 0.640849
RRV002 con_0021.nii -32 -58 46 0.681892 0.518363
RRV002 con_0021.nii -6 49 1 0.278587 0.390159
RRV002 con_0022.nii 9 3 -6 0.331189 0.227359
RRV002 con_0022.nii -9 3 -6 0.0153461 0.437404
RRV002 con_0022.nii -30 33 -18 0.873013 0.509196
RRV002 con_0022.nii 46 28 31 0.375969 0.302706
RRV002 con_0022.nii -44 27 33 -0.806201 0.346008
RRV002 con_0022.nii 44 8 34 -0.842071 0.263703
RRV002 con_0022.nii -42 7 36 -0.205132 0.701965
RRV002 con_0022.nii 54 -44 43 0.292907 0.220943
RRV002 con_0022.nii -53 -50 39 -0.470904 0.267409
RRV002 con_0022.nii 32 -59 41 -0.178306 0.289216
RRV002 con_0022.nii -32 -58 46 -0.517433 0.352117
RRV002 con_0022.nii -6 49 1 0.577706 0.245906
RRV002 con_0023.nii 9 3 -6 -0.328225 0.305516
RRV002 con_0023.nii -9 3 -6 0.126046 0.302827
RRV002 con_0023.nii -30 33 -18 0.3973 0.348306
RRV002 con_0023.nii 46 28 31 -0.0521487 0.180001
RRV002 con_0023.nii -44 27 33 -0.239974 0.293967
RRV002 con_0023.nii 44 8 34 -0.0288872 0.246213
RRV002 con_0023.nii -42 7 36 -0.117049 0.838241
RRV002 con_0023.nii 54 -44 43 -1.29095 0.428616
RRV002 con_0023.nii -53 -50 39 -0.448467 0.299875
RRV002 con_0023.nii 32 -59 41 0.329539 0.221525
RRV002 con_0023.nii -32 -58 46 0.304166 0.357742
RRV002 con_0023.nii -6 49 1 -0.850782 0.394473
RRV002 con_0024.nii 9 3 -6 0.00296413 0.30089
RRV002 con_0024.nii -9 3 -6 0.141392 0.404103
RRV002 con_0024.nii -30 33 -18 1.27031 0.792884
RRV002 con_0024.nii 46 28 31 0.32382 0.40169
RRV002 con_0024.nii -44 27 33 -1.04618 0.474782
RRV002 con_0024.nii 44 8 34 -0.870958 0.425894
RRV002 con_0024.nii -42 7 36 -0.322181 1.48161
RRV002 con_0024.nii 54 -44 43 -0.998042 0.515151
RRV002 con_0024.nii -53 -50 39 -0.919372 0.462948
RRV002 con_0024.nii 32 -59 41 0.151233 0.248135
RRV002 con_0024.nii -32 -58 46 -0.213266 0.491716
RRV002 con_0024.nii -6 49 1 -0.273076 0.316377
RRV002 con_0025.nii 9 3 -6 0.147816 0.239391
RRV002 con_0025.nii -9 3 -6 -0.308249 0.467461
RRV002 con_0025.nii -30 33 -18 0.538471 0.25132
RRV002 con_0025.nii 46 28 31 0.906869 0.407051
RRV002 con_0025.nii -44 27 33 0.558067 0.257876
RRV002 con_0025.nii 44 8 34 1.06339 0.576584
RRV002 con_0025.nii -42 7 36 0.85617 0.22194
RRV002 con_0025.nii 54 -44 43 0.566871 0.474818
RRV002 con_0025.nii -53 -50 39 1.04023 0.603324
RRV002 con_0025.nii 32 -59 41 0.00778639 0.309154
RRV002 con_0025.nii -32 -58 46 0.100262 0.408205
RRV002 con_0025.nii -6 49 1 0.563379 0.380119
RRV002 con_0026.nii 9 3 -6 -0.196366 0.368159
RRV002 con_0026.nii -9 3 -6 -0.210996 0.367251
RRV002 con_0026.nii -30 33 -18 -0.821632 0.214501
RRV002 con_0026.nii 46 28 31 -0.120431 0.349549
RRV002 con_0026.nii -44 27 33 -0.0186529 0.309617
RRV002 con_0026.nii 44 8 34 -0.344066 0.323462
RRV002 con_0026.nii -42 7 36 -0.250091 0.258339
RRV002 con_0026.nii 54 -44 43 0.301179 0.263087
RRV002 con_0026.nii -53 -50 39 0.537961 0.26684
RRV002 con_0026.nii 32 -59 41 0.596809 0.491374
RRV002 con_0026.nii -32 -58 46 0.869556 0.363323
RRV002 con_0026.nii -6 49 1 -0.303199 0.227669
RRV002 con_0027.nii 9 3 -6 -0.0485506 0.351324
RRV002 con_0027.nii -9 3 -6 -0.519245 0.771829
RRV002 con_0027.nii -30 33 -18 -0.283161 0.294771
RRV002 con_0027.nii 46 28 31 0.786438 0.67123
RRV002 con_0027.nii -44 27 33 0.539414 0.497229
RRV002 con_0027.nii 44 8 34 0.719326 0.86811
RRV002 con_0027.nii -42 7 36 0.606078 0.307464
RRV002 con_0027.nii 54 -44 43 0.86805 0.606161
RRV002 con_0027.nii -53 -50 39 1.57819 0.82765
RRV002 con_0027.nii 32 -59 41 0.604595 0.580243
RRV002 con_0027.nii -32 -58 46 0.969818 0.519594
RRV002 con_0027.nii -6 49 1 0.260181 0.469477
RRV002 con_0028.nii 9 3 -6 0.246982 0.122772
RRV002 con_0028.nii -9 3 -6 -0.117629 0.403821
RRV002 con_0028.nii -30 33 -18 0.587484 0.292269
RRV002 con_0028.nii 46 28 31 0.551763 0.308692
RRV002 con_0028.nii -44 27 33 -0.327266 0.196126
RRV002 con_0028.nii 44 8 34 0.227977 0.358793
RRV002 con_0028.nii -42 7 36 0.366942 0.180608
RRV002 con_0028.nii 54 -44 43 0.448861 0.273794
RRV002 con_0028.nii -53 -50 39 0.251302 0.267299
RRV002 con_0028.nii 32 -59 41 -0.315533 0.168536
RRV002 con_0028.nii -32 -58 46 -0.281828 0.348126
RRV002 con_0028.nii -6 49 1 0.549513 0.268823
RRV002 con_0029.nii 9 3 -6 0.00146703 0.253246
RRV002 con_0029.nii -9 3 -6 0.146751 0.145878
RRV002 con_0029.nii -30 33 -18 -0.19668 0.160612
RRV002 con_0029.nii 46 28 31 -0.00378971 0.189054
RRV002 con_0029.nii -44 27 33 -0.162773 0.244509
RRV002 con_0029.nii 44 8 34 -0.198307 0.110397
RRV002 con_0029.nii -42 7 36 -0.142681 0.408595
RRV002 con_0029.nii 54 -44 43 -0.331813 0.27436
RRV002 con_0029.nii -53 -50 39 0.147937 0.220524
RRV002 con_0029.nii 32 -59 41 0.427246 0.237955
RRV002 con_0029.nii -32 -58 46 0.761309 0.359124
RRV002 con_0029.nii -6 49 1 -0.460949 0.193736
RRV002 con_0030.nii 9 3 -6 0.248449 0.276194
RRV002 con_0030.nii -9 3 -6 0.0291219 0.479231
RRV002 con_0030.nii -30 33 -18 0.390804 0.385809
RRV002 con_0030.nii 46 28 31 0.547974 0.458888
RRV002 con_0030.nii -44 27 33 -0.490039 0.285902
RRV002 con_0030.nii 44 8 34 0.0296692 0.319212
RRV002 con_0030.nii -42 7 36 0.224261 0.544235
RRV002 con_0030.nii 54 -44 43 0.117047 0.346992
RRV002 con_0030.nii -53 -50 39 0.39924 0.359779
RRV002 con_0030.nii 32 -59 41 0.111713 0.308158
RRV002 con_0030.nii -32 -58 46 0.479481 0.474049
RRV002 con_0030.nii -6 49 1 0.0885638 0.240692
