RRV023 con_0001.nii 9 3 -6 -0.508574 0.493631
RRV023 con_0001.nii -9 3 -6 -0.299565 0.281048
RRV023 con_0001.nii -30 33 -18 0.307198 0.304518
RRV023 con_0001.nii 46 28 31 -0.94465 0.336071
RRV023 con_0001.nii -44 27 33 -0.263082 0.29099
RRV023 con_0001.nii 44 8 34 -0.225744 0.273732
RRV023 con_0001.nii -42 7 36 0.682606 0.479288
RRV023 con_0001.nii 54 -44 43 -0.967018 0.424181
RRV023 con_0001.nii -53 -50 39 -0.695822 0.477276
RRV023 con_0001.nii 32 -59 41 0.774388 0.612508
RRV023 con_0001.nii -32 -58 46 0.410438 0.684584
RRV023 con_0001.nii -6 49 1 -0.230857 0.265923
RRV023 con_0002.nii 9 3 -6 0.395349 0.58124
RRV023 con_0002.nii -9 3 -6 -0.167946 0.38582
RRV023 con_0002.nii -30 33 -18 0.411651 0.588886
RRV023 con_0002.nii 46 28 31 0.211507 0.360763
RRV023 con_0002.nii -44 27 33 0.638045 0.359826
RRV023 con_0002.nii 44 8 34 -0.248805 0.328678
RRV023 con_0002.nii -42 7 36 0.761266 0.395573
RRV023 con_0002.nii 54 -44 43 -0.123376 0.258099
RRV023 con_0002.nii -53 -50 39 0.834227 0.30951
RRV023 con_0002.nii 32 -59 41 0.962996 0.369616
RRV023 con_0002.nii -32 -58 46 0.661593 0.31893
RRV023 con_0002.nii -6 49 1 0.646374 0.378466
RRV023 con_0003.nii 9 3 -6 -0.113224 0.993337
RRV023 con_0003.nii -9 3 -6 -0.467511 0.580347
RRV023 con_0003.nii -30 33 -18 0.71885 0.601914
RRV023 con_0003.nii 46 28 31 -0.733143 0.538231
RRV023 con_0003.nii -44 27 33 0.374963 0.53551
RRV023 con_0003.nii 44 8 34 -0.474549 0.208749
RRV023 con_0003.nii -42 7 36 1.44387 0.825125
RRV023 con_0003.nii 54 -44 43 -1.09039 0.56275
RRV023 con_0003.nii -53 -50 39 0.138406 0.401263
RRV023 con_0003.nii 32 -59 41 1.73738 0.89431
RRV023 con_0003.nii -32 -58 46 1.07203 0.87311
RRV023 con_0003.nii -6 49 1 0.415517 0.373621
RRV023 con_0004.nii 9 3 -6 -0.148351 0.299047
RRV023 con_0004.nii -9 3 -6 0.0645675 0.394233
RRV023 con_0004.nii -30 33 -18 0.678193 0.625448
RRV023 con_0004.nii 46 28 31 0.0753296 0.395477
RRV023 con_0004.nii -44 27 33 0.165894 0.211391
RRV023 con_0004.nii 44 8 34 0.362771 0.327192
RRV023 con_0004.nii -42 7 36 1.07477 0.742549
RRV023 con_0004.nii 54 -44 43 -0.633907 0.197353
RRV023 con_0004.nii -53 -50 39 0.182108 0.214796
RRV023 con_0004.nii 32 -59 41 1.08754 0.530532
RRV023 con_0004.nii -32 -58 46 0.0751368 0.501463
RRV023 con_0004.nii -6 49 1 -0.0328633 0.378397
RRV023 con_0005.nii 9 3 -6 -0.57705 0.411847
RRV023 con_0005.nii -9 3 -6 -0.265213 0.392746
RRV023 con_0005.nii -30 33 -18 -0.0229257 0.33722
RRV023 con_0005.nii 46 28 31 -0.243986 0.325985
RRV023 con_0005.nii -44 27 33 -0.220348 0.361202
RRV023 con_0005.nii 44 8 34 -0.76186 0.27418
RRV023 con_0005.nii -42 7 36 -0.135193 0.523358
RRV023 con_0005.nii 54 -44 43 -1.0954 0.240515
RRV023 con_0005.nii -53 -50 39 -0.330693 0.22757
RRV023 con_0005.nii 32 -59 41 0.126034 0.387262
RRV023 con_0005.nii -32 -58 46 -0.314877 0.216657
RRV023 con_0005.nii -6 49 1 -0.120253 0.289545
RRV023 con_0006.nii 9 3 -6 -0.725401 0.570021
RRV023 con_0006.nii -9 3 -6 -0.200646 0.641427
RRV023 con_0006.nii -30 33 -18 0.655267 0.47282
RRV023 con_0006.nii 46 28 31 -0.168656 0.659889
RRV023 con_0006.nii -44 27 33 -0.0544537 0.397263
RRV023 con_0006.nii 44 8 34 -0.399089 0.374902
RRV023 con_0006.nii -42 7 36 0.93958 1.19774
RRV023 con_0006.nii 54 -44 43 -1.72931 0.372128
RRV023 con_0006.nii -53 -50 39 -0.148585 0.286908
RRV023 con_0006.nii 32 -59 41 1.21358 0.797648
RRV023 con_0006.nii -32 -58 46 -0.23974 0.683402
RRV023 con_0006.nii -6 49 1 -0.153117 0.255419
RRV023 con_0007.nii 9 3 -6 0.129742 0.723159
RRV023 con_0007.nii -9 3 -6 -0.278148 0.350399
RRV023 con_0007.nii -30 33 -18 0.123298 0.513835
RRV023 con_0007.nii 46 28 31 0.936377 0.33486
RRV023 con_0007.nii -44 27 33 0.345305 0.335741
RRV023 con_0007.nii 44 8 34 0.328277 0.427332
RRV023 con_0007.nii -42 7 36 1.06291 0.753832
RRV023 con_0007.nii 54 -44 43 -0.496586 0.292416
RRV023 con_0007.nii -53 -50 39 -0.0316391 0.268288
RRV023 con_0007.nii 32 -59 41 0.531016 0.336286
RRV023 con_0007.nii -32 -58 46 0.465872 0.545348
RRV023 con_0007.nii -6 49 1 -0.0906431 0.502756
RRV023 con_0008.nii 9 3 -6 -0.353498 0.274903
RRV023 con_0008.nii -9 3 -6 -0.0782172 0.124979
RRV023 con_0008.nii -30 33 -18 0.228 0.418035
RRV023 con_0008.nii 46 28 31 0.602173 0.455581
RRV023 con_0008.nii -44 27 33 0.293162 0.257361
RRV023 con_0008.nii 44 8 34 -0.36497 0.226657
RRV023 con_0008.nii -42 7 36 0.700091 0.573626
RRV023 con_0008.nii 54 -44 43 -0.501006 0.183236
RRV023 con_0008.nii -53 -50 39 0.0326791 0.346941
RRV023 con_0008.nii 32 -59 41 0.842397 0.529297
RRV023 con_0008.nii -32 -58 46 0.604196 0.438747
RRV023 con_0008.nii -6 49 1 0.155702 0.23862
RRV023 con_0009.nii 9 3 -6 -0.223756 0.913294
RRV023 con_0009.nii -9 3 -6 -0.356365 0.412288
RRV023 con_0009.nii -30 33 -18 0.351298 0.891791
RRV023 con_0009.nii 46 28 31 1.53855 0.559768
RRV023 con_0009.nii -44 27 33 0.638468 0.530674
RRV023 con_0009.nii 44 8 34 -0.0366925 0.453093
RRV023 con_0009.nii -42 7 36 1.763 1.28512
RRV023 con_0009.nii 54 -44 43 -0.997592 0.35206
RRV023 con_0009.nii -53 -50 39 0.00104 0.570659
RRV023 con_0009.nii 32 -59 41 1.37341 0.807669
RRV023 con_0009.nii -32 -58 46 1.07007 0.841365
RRV023 con_0009.nii -6 49 1 0.0650584 0.571116
RRV023 con_0010.nii 9 3 -6 -0.0598723 0.298452
RRV023 con_0010.nii -9 3 -6 0.162759 0.270291
RRV023 con_0010.nii -30 33 -18 0.287189 0.376833
RRV023 con_0010.nii 46 28 31 0.416177 0.330467
RRV023 con_0010.nii -44 27 33 -0.299884 0.215156
RRV023 con_0010.nii 44 8 34 0.253714 0.17559
RRV023 con_0010.nii -42 7 36 0.867281 0.512297
RRV023 con_0010.nii 54 -44 43 0.277921 0.13129
RRV023 con_0010.nii -53 -50 39 -0.102363 0.181069
RRV023 con_0010.nii 32 -59 41 0.76274 0.451455
RRV023 con_0010.nii -32 -58 46 0.482862 0.593054
RRV023 con_0010.nii -6 49 1 -0.199764 0.3145
RRV023 con_0011.nii 9 3 -6 -0.0774427 0.282145
RRV023 con_0011.nii -9 3 -6 0.027691 0.408023
RRV023 con_0011.nii -30 33 -18 0.0718566 0.293876
RRV023 con_0011.nii 46 28 31 -0.496519 0.294564
RRV023 con_0011.nii -44 27 33 0.347649 0.264966
RRV023 con_0011.nii 44 8 34 -0.490797 0.268539
RRV023 con_0011.nii -42 7 36 0.725285 0.321154
RRV023 con_0011.nii 54 -44 43 -0.233579 0.228163
RRV023 con_0011.nii -53 -50 39 0.287147 0.198853
RRV023 con_0011.nii 32 -59 41 0.0349121 0.29322
RRV023 con_0011.nii -32 -58 46 0.273529 0.237534
RRV023 con_0011.nii -6 49 1 0.0404488 0.254357
RRV023 con_0012.nii 9 3 -6 -0.137315 0.474594
RRV023 con_0012.nii -9 3 -6 0.19045 0.466208
RRV023 con_0012.nii -30 33 -18 0.359045 0.629229
RRV023 con_0012.nii 46 28 31 -0.0803425 0.475529
RRV023 con_0012.nii -44 27 33 0.0477645 0.372044
RRV023 con_0012.nii 44 8 34 -0.237083 0.33963
RRV023 con_0012.nii -42 7 36 1.59257 0.792066
RRV023 con_0012.nii 54 -44 43 0.0443424 0.143945
RRV023 con_0012.nii -53 -50 39 0.184784 0.268631
RRV023 con_0012.nii 32 -59 41 0.797652 0.673042
RRV023 con_0012.nii -32 -58 46 0.756391 0.803214
RRV023 con_0012.nii -6 49 1 -0.159315 0.499593
RRV023 con_0013.nii 9 3 -6 -0.254609 0.21632
RRV023 con_0013.nii -9 3 -6 -0.0406923 0.306626
RRV023 con_0013.nii -30 33 -18 0.258666 0.353838
RRV023 con_0013.nii 46 28 31 0.322281 0.499705
RRV023 con_0013.nii -44 27 33 -0.610451 0.30365
RRV023 con_0013.nii 44 8 34 1.05888 0.481331
RRV023 con_0013.nii -42 7 36 1.38411 0.928271
RRV023 con_0013.nii 54 -44 43 -0.178475 0.318254
RRV023 con_0013.nii -53 -50 39 -0.121444 0.188477
RRV023 con_0013.nii 32 -59 41 1.11175 0.523212
RRV023 con_0013.nii -32 -58 46 0.138946 0.629222
RRV023 con_0013.nii -6 49 1 -0.659369 0.450216
RRV023 con_0014.nii 9 3 -6 -0.0717968 0.266865
RRV023 con_0014.nii -9 3 -6 0.0740229 0.206365
RRV023 con_0014.nii -30 33 -18 0.168628 0.111953
RRV023 con_0014.nii 46 28 31 -0.147123 0.258768
RRV023 con_0014.nii -44 27 33 0.485478 0.289689
RRV023 con_0014.nii 44 8 34 0.15524 0.33297
RRV023 con_0014.nii -42 7 36 1.2926 0.92731
RRV023 con_0014.nii 54 -44 43 -0.225656 0.135573
RRV023 con_0014.nii -53 -50 39 0.153875 0.176264
RRV023 con_0014.nii 32 -59 41 0.573332 0.485293
RRV023 con_0014.nii -32 -58 46 0.363104 0.303156
RRV023 con_0014.nii -6 49 1 0.140222 0.1806
RRV023 con_0015.nii 9 3 -6 -0.326406 0.426592
RRV023 con_0015.nii -9 3 -6 0.0333306 0.354396
RRV023 con_0015.nii -30 33 -18 0.427293 0.388787
RRV023 con_0015.nii 46 28 31 0.175158 0.621628
RRV023 con_0015.nii -44 27 33 -0.124973 0.320276
RRV023 con_0015.nii 44 8 34 1.21412 0.703692
RRV023 con_0015.nii -42 7 36 2.67671 1.83921
RRV023 con_0015.nii 54 -44 43 -0.40413 0.255182
RRV023 con_0015.nii -53 -50 39 0.0324308 0.30357
RRV023 con_0015.nii 32 -59 41 1.68509 0.992458
RRV023 con_0015.nii -32 -58 46 0.50205 0.878018
RRV023 con_0015.nii -6 49 1 -0.519147 0.530464
RRV023 con_0016.nii 9 3 -6 -0.175728 0.412216
RRV023 con_0016.nii -9 3 -6 -0.171048 0.17975
RRV023 con_0016.nii -30 33 -18 0.369563 0.404752
RRV023 con_0016.nii 46 28 31 0.0223525 0.272921
RRV023 con_0016.nii -44 27 33 0.0827061 0.149484
RRV023 con_0016.nii 44 8 34 0.155101 0.249564
RRV023 con_0016.nii -42 7 36 0.940097 0.644931
RRV023 con_0016.nii 54 -44 43 -0.69917 0.234729
RRV023 con_0016.nii -53 -50 39 -0.181784 0.223582
RRV023 con_0016.nii 32 -59 41 0.797649 0.451705
RRV023 con_0016.nii -32 -58 46 0.317149 0.546
RRV023 con_0016.nii -6 49 1 -0.118121 0.277911
RRV023 con_0017.nii 9 3 -6 -0.178399 0.320483
RRV023 con_0017.nii -9 3 -6 -0.170459 0.139469
RRV023 con_0017.nii -30 33 -18 0.205575 0.238474
RRV023 con_0017.nii 46 28 31 0.189898 0.291629
RRV023 con_0017.nii -44 27 33 0.236953 0.164429
RRV023 con_0017.nii 44 8 34 -0.458545 0.163202
RRV023 con_0017.nii -42 7 36 0.442055 0.446013
RRV023 con_0017.nii 54 -44 43 -0.573262 0.154436
RRV023 con_0017.nii -53 -50 39 0.178738 0.204717
RRV023 con_0017.nii 32 -59 41 0.643809 0.378698
RRV023 con_0017.nii -32 -58 46 0.316971 0.257168
RRV023 con_0017.nii -6 49 1 0.227274 0.177688
RRV023 con_0018.nii 9 3 -6 -0.354127 0.653993
RRV023 con_0018.nii -9 3 -6 -0.341507 0.28103
RRV023 con_0018.nii -30 33 -18 0.575138 0.571484
RRV023 con_0018.nii 46 28 31 0.212251 0.463019
RRV023 con_0018.nii -44 27 33 0.319659 0.29115
RRV023 con_0018.nii 44 8 34 -0.303443 0.269088
RRV023 con_0018.nii -42 7 36 1.38215 1.07268
RRV023 con_0018.nii 54 -44 43 -1.27243 0.331132
RRV023 con_0018.nii -53 -50 39 -0.00304632 0.366371
RRV023 con_0018.nii 32 -59 41 1.44146 0.813689
RRV023 con_0018.nii -32 -58 46 0.63412 0.756332
RRV023 con_0018.nii -6 49 1 0.109153 0.325161
RRV023 con_0019.nii 9 3 -6 -0.448701 0.449493
RRV023 con_0019.nii -9 3 -6 -0.462324 0.494542
RRV023 con_0019.nii -30 33 -18 0.0200096 0.466
RRV023 con_0019.nii 46 28 31 -1.36083 0.333255
RRV023 con_0019.nii -44 27 33 0.0368029 0.332167
RRV023 con_0019.nii 44 8 34 -0.479459 0.333375
RRV023 con_0019.nii -42 7 36 -0.184674 0.158909
RRV023 con_0019.nii 54 -44 43 -1.24494 0.467457
RRV023 con_0019.nii -53 -50 39 -0.593459 0.369738
RRV023 con_0019.nii 32 -59 41 0.0116485 0.276193
RRV023 con_0019.nii -32 -58 46 -0.0724237 0.191373
RRV023 con_0019.nii -6 49 1 -0.0310922 0.327805
RRV023 con_0020.nii 9 3 -6 0.472792 0.374726
RRV023 con_0020.nii -9 3 -6 -0.195637 0.358041
RRV023 con_0020.nii -30 33 -18 0.339795 0.351199
RRV023 con_0020.nii 46 28 31 0.708027 0.342821
RRV023 con_0020.nii -44 27 33 0.290396 0.332214
RRV023 con_0020.nii 44 8 34 0.241993 0.240145
RRV023 con_0020.nii -42 7 36 0.0359808 0.185778
RRV023 con_0020.nii 54 -44 43 0.110202 0.288562
RRV023 con_0020.nii -53 -50 39 0.54708 0.246797
RRV023 con_0020.nii 32 -59 41 0.928084 0.390665
RRV023 con_0020.nii -32 -58 46 0.388064 0.298228
RRV023 con_0020.nii -6 49 1 0.605925 0.236918
RRV023 con_0021.nii 9 3 -6 0.0240906 0.738392
RRV023 con_0021.nii -9 3 -6 -0.657961 0.740907
RRV023 con_0021.nii -30 33 -18 0.359805 0.387314
RRV023 con_0021.nii 46 28 31 -0.6528 0.362324
RRV023 con_0021.nii -44 27 33 0.327199 0.509055
RRV023 con_0021.nii 44 8 34 -0.237466 0.321845
RRV023 con_0021.nii -42 7 36 -0.148694 0.247399
RRV023 con_0021.nii 54 -44 43 -1.13474 0.489005
RRV023 con_0021.nii -53 -50 39 -0.0463786 0.257532
RRV023 con_0021.nii 32 -59 41 0.939733 0.456996
RRV023 con_0021.nii -32 -58 46 0.315641 0.332123
RRV023 con_0021.nii -6 49 1 0.574833 0.334489
RRV023 con_0022.nii 9 3 -6 -0.0884788 0.298568
RRV023 con_0022.nii -9 3 -6 -0.0981913 0.287486
RRV023 con_0022.nii -30 33 -18 0.391004 0.373926
RRV023 con_0022.nii 46 28 31 -0.340847 0.413624
RRV023 con_0022.nii -44 27 33 0.465779 0.236275
RRV023 con_0022.nii 44 8 34 0.109056 0.312565
RRV023 con_0022.nii -42 7 36 0.207492 0.29563
RRV023 con_0022.nii 54 -44 43 -0.911827 0.169811
RRV023 con_0022.nii -53 -50 39 0.284471 0.279057
RRV023 con_0022.nii 32 -59 41 0.324802 0.416455
RRV023 con_0022.nii -32 -58 46 -0.407725 0.277588
RRV023 con_0022.nii -6 49 1 0.166901 0.243433
RRV023 con_0023.nii 9 3 -6 -0.499607 0.470671
RRV023 con_0023.nii -9 3 -6 -0.292904 0.527608
RRV023 con_0023.nii -30 33 -18 -0.0947823 0.583494
RRV023 con_0023.nii 46 28 31 0.252534 0.260536
RRV023 con_0023.nii -44 27 33 -0.567997 0.39953
RRV023 con_0023.nii 44 8 34 -0.271063 0.377676
RRV023 con_0023.nii -42 7 36 -0.860479 0.386555
RRV023 con_0023.nii 54 -44 43 -0.861826 0.244553
RRV023 con_0023.nii -53 -50 39 -0.61784 0.250615
RRV023 con_0023.nii 32 -59 41 0.0911219 0.196115
RRV023 con_0023.nii -32 -58 46 -0.588405 0.195377
RRV023 con_0023.nii -6 49 1 -0.160702 0.479148
RRV023 con_0024.nii 9 3 -6 -0.588086 0.585201
RRV023 con_0024.nii -9 3 -6 -0.391095 0.533378
RRV023 con_0024.nii -30 33 -18 0.296222 0.648817
RRV023 con_0024.nii 46 28 31 -0.0883137 0.568413
RRV023 con_0024.nii -44 27 33 -0.102218 0.406874
RRV023 con_0024.nii 44 8 34 -0.162006 0.616209
RRV023 con_0024.nii -42 7 36 -0.652986 0.618113
RRV023 con_0024.nii 54 -44 43 -1.77365 0.34891
RRV023 con_0024.nii -53 -50 39 -0.333369 0.23243
RRV023 con_0024.nii 32 -59 41 0.415924 0.477715
RRV023 con_0024.nii -32 -58 46 -0.996131 0.408233
RRV023 con_0024.nii -6 49 1 0.00619882 0.343894
RRV023 con_0025.nii 9 3 -6 0.189614 0.516939
RRV023 con_0025.nii -9 3 -6 -0.440907 0.375492
RRV023 con_0025.nii -30 33 -18 -0.163891 0.242712
RRV023 con_0025.nii 46 28 31 0.5202 0.292512
RRV023 con_0025.nii -44 27 33 0.64519 0.278117
RRV023 con_0025.nii 44 8 34 0.0745626 0.404916
RRV023 con_0025.nii -42 7 36 0.19563 0.300438
RRV023 con_0025.nii 54 -44 43 -0.774507 0.294636
RRV023 con_0025.nii -53 -50 39 0.0707237 0.235587
RRV023 con_0025.nii 32 -59 41 -0.231724 0.233359
RRV023 con_0025.nii -32 -58 46 -0.0169901 0.291947
RRV023 con_0025.nii -6 49 1 0.109121 0.475907
RRV023 con_0026.nii 9 3 -6 -0.276055 0.327686
RRV023 con_0026.nii -9 3 -6 -0.105908 0.418833
RRV023 con_0026.nii -30 33 -18 0.156144 0.216068
RRV023 con_0026.nii 46 28 31 1.09869 0.461977
RRV023 con_0026.nii -44 27 33 -0.0544865 0.202019
RRV023 con_0026.nii 44 8 34 0.125828 0.254842
RRV023 con_0026.nii -42 7 36 -0.0251942 0.336334
RRV023 con_0026.nii 54 -44 43 -0.267427 0.285161
RRV023 con_0026.nii -53 -50 39 -0.254468 0.276734
RRV023 con_0026.nii 32 -59 41 0.807485 0.407672
RRV023 con_0026.nii -32 -58 46 0.330668 0.254034
RRV023 con_0026.nii -6 49 1 0.115253 0.352185
RRV023 con_0027.nii 9 3 -6 -0.0864406 0.548015
RRV023 con_0027.nii -9 3 -6 -0.546815 0.320167
RRV023 con_0027.nii -30 33 -18 -0.00774739 0.377572
RRV023 con_0027.nii 46 28 31 1.61889 0.35209
RRV023 con_0027.nii -44 27 33 0.590703 0.387662
RRV023 con_0027.nii 44 8 34 0.20039 0.410998
RRV023 con_0027.nii -42 7 36 0.170436 0.547883
RRV023 con_0027.nii 54 -44 43 -1.04193 0.365111
RRV023 con_0027.nii -53 -50 39 -0.183744 0.464631
RRV023 con_0027.nii 32 -59 41 0.57576 0.4289
RRV023 con_0027.nii -32 -58 46 0.313678 0.19044
RRV023 con_0027.nii -6 49 1 0.224374 0.521429
RRV023 con_0028.nii 9 3 -6 -0.115855 0.265907
RRV023 con_0028.nii -9 3 -6 -0.333807 0.263285
RRV023 con_0028.nii -30 33 -18 0.0823744 0.230518
RRV023 con_0028.nii 46 28 31 -0.393825 0.264379
RRV023 con_0028.nii -44 27 33 0.382591 0.151065
RRV023 con_0028.nii 44 8 34 -0.0986134 0.254979
RRV023 con_0028.nii -42 7 36 0.072816 0.183813
RRV023 con_0028.nii 54 -44 43 -0.977091 0.254997
RRV023 con_0028.nii -53 -50 39 -0.0794213 0.157203
RRV023 con_0028.nii 32 -59 41 0.0349087 0.221033
RRV023 con_0028.nii -32 -58 46 -0.165713 0.158887
RRV023 con_0028.nii -6 49 1 0.0816433 0.229669
RRV023 con_0029.nii 9 3 -6 -0.100957 0.254576
RRV023 con_0029.nii -9 3 -6 -0.19815 0.327421
RRV023 con_0029.nii -30 33 -18 0.133719 0.123617
RRV023 con_0029.nii 46 28 31 0.686418 0.264576
RRV023 con_0029.nii -44 27 33 -0.110696 0.148027
RRV023 con_0029.nii 44 8 34 0.0322525 0.19199
RRV023 con_0029.nii -42 7 36 -0.283231 0.211671
RRV023 con_0029.nii 54 -44 43 -0.339684 0.214402
RRV023 con_0029.nii -53 -50 39 -0.108409 0.139132
RRV023 con_0029.nii 32 -59 41 0.608897 0.271275
RRV023 con_0029.nii -32 -58 46 0.0434423 0.127666
RRV023 con_0029.nii -6 49 1 0.186825 0.271081
RRV023 con_0030.nii 9 3 -6 -0.216812 0.32933
RRV023 con_0030.nii -9 3 -6 -0.531957 0.291355
RRV023 con_0030.nii -30 33 -18 0.216093 0.322577
RRV023 con_0030.nii 46 28 31 0.292593 0.246991
RRV023 con_0030.nii -44 27 33 0.271895 0.185353
RRV023 con_0030.nii 44 8 34 -0.0663609 0.400009
RRV023 con_0030.nii -42 7 36 -0.210415 0.377896
RRV023 con_0030.nii 54 -44 43 -1.31677 0.28519
RRV023 con_0030.nii -53 -50 39 -0.187831 0.238
RRV023 con_0030.nii 32 -59 41 0.643806 0.415901
RRV023 con_0030.nii -32 -58 46 -0.122271 0.175199
RRV023 con_0030.nii -6 49 1 0.268469 0.309956
