RRV092 con_0001.nii 9 3 -6 0.427663 0.31698
RRV092 con_0001.nii -9 3 -6 0.254464 0.205083
RRV092 con_0001.nii -30 33 -18 -0.0111198 0.247196
RRV092 con_0001.nii 46 28 31 0.412603 0.178182
RRV092 con_0001.nii -44 27 33 0.220957 0.231854
RRV092 con_0001.nii 44 8 34 0.170499 0.356128
RRV092 con_0001.nii -42 7 36 0.0460222 0.294193
RRV092 con_0001.nii 54 -44 43 1.31444 0.613884
RRV092 con_0001.nii -53 -50 39 0.427193 0.396153
RRV092 con_0001.nii 32 -59 41 1.4821 0.388673
RRV092 con_0001.nii -32 -58 46 1.39272 0.493225
RRV092 con_0001.nii -6 49 1 0.0280086 0.266437
RRV092 con_0002.nii 9 3 -6 -0.0219214 0.216505
RRV092 con_0002.nii -9 3 -6 -0.046879 0.263154
RRV092 con_0002.nii -30 33 -18 0.368502 0.197351
RRV092 con_0002.nii 46 28 31 1.47639 0.569839
RRV092 con_0002.nii -44 27 33 0.447628 0.335359
RRV092 con_0002.nii 44 8 34 0.577417 0.397937
RRV092 con_0002.nii -42 7 36 0.00873325 0.130867
RRV092 con_0002.nii 54 -44 43 0.865984 0.307689
RRV092 con_0002.nii -53 -50 39 0.462318 0.138115
RRV092 con_0002.nii 32 -59 41 0.895943 0.466086
RRV092 con_0002.nii -32 -58 46 1.28558 0.388357
RRV092 con_0002.nii -6 49 1 -0.200181 0.143048
RRV092 con_0003.nii 9 3 -6 0.405741 0.393623
RRV092 con_0003.nii -9 3 -6 0.207585 0.392829
RRV092 con_0003.nii -30 33 -18 0.357383 0.2948
RRV092 con_0003.nii 46 28 31 1.889 0.607973
RRV092 con_0003.nii -44 27 33 0.668585 0.385869
RRV092 con_0003.nii 44 8 34 0.747915 0.591618
RRV092 con_0003.nii -42 7 36 0.0547554 0.297733
RRV092 con_0003.nii 54 -44 43 2.18042 0.885454
RRV092 con_0003.nii -53 -50 39 0.889511 0.442572
RRV092 con_0003.nii 32 -59 41 2.37805 0.75153
RRV092 con_0003.nii -32 -58 46 2.67829 0.775404
RRV092 con_0003.nii -6 49 1 -0.172173 0.22902
RRV092 con_0004.nii 9 3 -6 0.248174 0.308121
RRV092 con_0004.nii -9 3 -6 0.327142 0.5348
RRV092 con_0004.nii -30 33 -18 0.092404 0.324876
RRV092 con_0004.nii 46 28 31 0.30988 0.26966
RRV092 con_0004.nii -44 27 33 -0.0554278 0.304129
RRV092 con_0004.nii 44 8 34 -0.222503 0.360996
RRV092 con_0004.nii -42 7 36 -0.543136 0.355243
RRV092 con_0004.nii 54 -44 43 0.27209 0.378782
RRV092 con_0004.nii -53 -50 39 -0.00264505 0.251746
RRV092 con_0004.nii 32 -59 41 0.27628 0.390935
RRV092 con_0004.nii -32 -58 46 0.417963 0.352434
RRV092 con_0004.nii -6 49 1 -0.330957 0.204601
RRV092 con_0005.nii 9 3 -6 -0.41041 0.220781
RRV092 con_0005.nii -9 3 -6 -0.30736 0.236155
RRV092 con_0005.nii -30 33 -18 0.0161135 0.343981
RRV092 con_0005.nii 46 28 31 -0.301673 0.233487
RRV092 con_0005.nii -44 27 33 -0.731226 0.353459
RRV092 con_0005.nii 44 8 34 0.282116 0.189177
RRV092 con_0005.nii -42 7 36 -0.416736 0.559517
RRV092 con_0005.nii 54 -44 43 0.192483 0.158067
RRV092 con_0005.nii -53 -50 39 -0.171945 0.236598
RRV092 con_0005.nii 32 -59 41 0.218784 0.384868
RRV092 con_0005.nii -32 -58 46 0.701241 0.461302
RRV092 con_0005.nii -6 49 1 -1.1004 0.213182
RRV092 con_0006.nii 9 3 -6 -0.162236 0.272138
RRV092 con_0006.nii -9 3 -6 0.0197815 0.546101
RRV092 con_0006.nii -30 33 -18 0.108518 0.568955
RRV092 con_0006.nii 46 28 31 0.00820685 0.42241
RRV092 con_0006.nii -44 27 33 -0.786654 0.428341
RRV092 con_0006.nii 44 8 34 0.0596134 0.364914
RRV092 con_0006.nii -42 7 36 -0.959872 0.841221
RRV092 con_0006.nii 54 -44 43 0.464573 0.396962
RRV092 con_0006.nii -53 -50 39 -0.17459 0.461133
RRV092 con_0006.nii 32 -59 41 0.495064 0.724395
RRV092 con_0006.nii -32 -58 46 1.1192 0.760326
RRV092 con_0006.nii -6 49 1 -1.43136 0.338847
RRV092 con_0007.nii 9 3 -6 0.288925 0.260653
RRV092 con_0007.nii -9 3 -6 0.396981 0.424682
RRV092 con_0007.nii -30 33 -18 -0.391774 0.289598
RRV092 con_0007.nii 46 28 31 -0.178328 0.224203
RRV092 con_0007.nii -44 27 33 0.258911 0.315821
RRV092 con_0007.nii 44 8 34 -0.273398 0.29834
RRV092 con_0007.nii -42 7 36 -0.0367303 0.319661
RRV092 con_0007.nii 54 -44 43 0.719117 0.70355
RRV092 con_0007.nii -53 -50 39 -0.100968 0.263381
RRV092 con_0007.nii 32 -59 41 1.04677 0.519844
RRV092 con_0007.nii -32 -58 46 1.16178 0.437002
RRV092 con_0007.nii -6 49 1 -0.127911 0.215889
RRV092 con_0008.nii 9 3 -6 0.132361 0.35233
RRV092 con_0008.nii -9 3 -6 0.439306 0.211397
RRV092 con_0008.nii -30 33 -18 0.502596 0.321409
RRV092 con_0008.nii 46 28 31 0.326028 0.346125
RRV092 con_0008.nii -44 27 33 -0.275335 0.20545
RRV092 con_0008.nii 44 8 34 -0.308418 0.288285
RRV092 con_0008.nii -42 7 36 -0.294162 0.363918
RRV092 con_0008.nii 54 -44 43 0.800377 0.33817
RRV092 con_0008.nii -53 -50 39 0.169167 0.266176
RRV092 con_0008.nii 32 -59 41 0.710932 0.328942
RRV092 con_0008.nii -32 -58 46 1.5762 0.782782
RRV092 con_0008.nii -6 49 1 -0.230413 0.200429
RRV092 con_0009.nii 9 3 -6 0.421286 0.478692
RRV092 con_0009.nii -9 3 -6 0.836287 0.510162
RRV092 con_0009.nii -30 33 -18 0.110822 0.35358
RRV092 con_0009.nii 46 28 31 0.147699 0.29379
RRV092 con_0009.nii -44 27 33 -0.0164238 0.391895
RRV092 con_0009.nii 44 8 34 -0.581816 0.30985
RRV092 con_0009.nii -42 7 36 -0.330893 0.597509
RRV092 con_0009.nii 54 -44 43 1.51949 0.9106
RRV092 con_0009.nii -53 -50 39 0.0681987 0.482597
RRV092 con_0009.nii 32 -59 41 1.7577 0.76276
RRV092 con_0009.nii -32 -58 46 2.73798 1.16835
RRV092 con_0009.nii -6 49 1 -0.358324 0.266067
RRV092 con_0010.nii 9 3 -6 0.194134 0.196453
RRV092 con_0010.nii -9 3 -6 0.155449 0.213563
RRV092 con_0010.nii -30 33 -18 -0.536677 0.324174
RRV092 con_0010.nii 46 28 31 0.29422 0.201075
RRV092 con_0010.nii -44 27 33 0.585824 0.381108
RRV092 con_0010.nii 44 8 34 -0.183058 0.294722
RRV092 con_0010.nii -42 7 36 -0.0593531 0.14095
RRV092 con_0010.nii 54 -44 43 0.419665 0.370971
RRV092 con_0010.nii -53 -50 39 0.000837575 0.119033
RRV092 con_0010.nii 32 -59 41 0.568433 0.264009
RRV092 con_0010.nii -32 -58 46 0.684993 0.322925
RRV092 con_0010.nii -6 49 1 -0.438435 0.120794
RRV092 con_0011.nii 9 3 -6 -0.0384026 0.166692
RRV092 con_0011.nii -9 3 -6 0.0904336 0.142147
RRV092 con_0011.nii -30 33 -18 0.116176 0.132373
RRV092 con_0011.nii 46 28 31 0.0427663 0.266446
RRV092 con_0011.nii -44 27 33 -0.335048 0.128824
RRV092 con_0011.nii 44 8 34 -0.0676356 0.269755
RRV092 con_0011.nii -42 7 36 -0.2946 0.298314
RRV092 con_0011.nii 54 -44 43 0.159048 0.106132
RRV092 con_0011.nii -53 -50 39 0.0234027 0.181668
RRV092 con_0011.nii 32 -59 41 0.260916 0.331625
RRV092 con_0011.nii -32 -58 46 0.931535 0.363296
RRV092 con_0011.nii -6 49 1 -0.34165 0.170142
RRV092 con_0012.nii 9 3 -6 0.155731 0.255244
RRV092 con_0012.nii -9 3 -6 0.245882 0.200521
RRV092 con_0012.nii -30 33 -18 -0.420502 0.345819
RRV092 con_0012.nii 46 28 31 0.336987 0.449324
RRV092 con_0012.nii -44 27 33 0.250776 0.418277
RRV092 con_0012.nii 44 8 34 -0.250694 0.480272
RRV092 con_0012.nii -42 7 36 -0.353953 0.414174
RRV092 con_0012.nii 54 -44 43 0.578712 0.333623
RRV092 con_0012.nii -53 -50 39 0.0242403 0.256122
RRV092 con_0012.nii 32 -59 41 0.829349 0.54262
RRV092 con_0012.nii -32 -58 46 1.61653 0.567097
RRV092 con_0012.nii -6 49 1 -0.780085 0.214313
RRV092 con_0013.nii 9 3 -6 -0.0597778 0.224261
RRV092 con_0013.nii -9 3 -6 0.126447 0.184021
RRV092 con_0013.nii -30 33 -18 -0.493765 0.337524
RRV092 con_0013.nii 46 28 31 0.429817 0.24204
RRV092 con_0013.nii -44 27 33 0.280761 0.122112
RRV092 con_0013.nii 44 8 34 0.120722 0.59733
RRV092 con_0013.nii -42 7 36 -1.03209 0.629403
RRV092 con_0013.nii 54 -44 43 -0.0982035 0.198184
RRV092 con_0013.nii -53 -50 39 -0.326044 0.258281
RRV092 con_0013.nii 32 -59 41 0.528479 0.394588
RRV092 con_0013.nii -32 -58 46 0.772112 0.226969
RRV092 con_0013.nii -6 49 1 -0.801332 0.218102
RRV092 con_0014.nii 9 3 -6 -0.0182492 0.136396
RRV092 con_0014.nii -9 3 -6 -0.00999852 0.139962
RRV092 con_0014.nii -30 33 -18 0.314605 0.205144
RRV092 con_0014.nii 46 28 31 0.349335 0.499493
RRV092 con_0014.nii -44 27 33 -0.314847 0.31851
RRV092 con_0014.nii 44 8 34 -0.155623 0.336536
RRV092 con_0014.nii -42 7 36 -1.29134 0.81681
RRV092 con_0014.nii 54 -44 43 -0.0787962 0.176823
RRV092 con_0014.nii -53 -50 39 0.0203162 0.256184
RRV092 con_0014.nii 32 -59 41 0.177067 0.487743
RRV092 con_0014.nii -32 -58 46 0.938818 0.468341
RRV092 con_0014.nii -6 49 1 -1.231 0.281555
RRV092 con_0015.nii 9 3 -6 -0.078027 0.244734
RRV092 con_0015.nii -9 3 -6 0.116448 0.216283
RRV092 con_0015.nii -30 33 -18 -0.179161 0.3614
RRV092 con_0015.nii 46 28 31 0.779152 0.622287
RRV092 con_0015.nii -44 27 33 -0.0340852 0.281263
RRV092 con_0015.nii 44 8 34 -0.0349002 0.908561
RRV092 con_0015.nii -42 7 36 -2.32343 1.42984
RRV092 con_0015.nii 54 -44 43 -0.177 0.230843
RRV092 con_0015.nii -53 -50 39 -0.305728 0.478172
RRV092 con_0015.nii 32 -59 41 0.705546 0.865473
RRV092 con_0015.nii -32 -58 46 1.71093 0.640402
RRV092 con_0015.nii -6 49 1 -2.03234 0.465608
RRV092 con_0016.nii 9 3 -6 0.321587 0.187095
RRV092 con_0016.nii -9 3 -6 0.326196 0.254823
RRV092 con_0016.nii -30 33 -18 -0.103496 0.254366
RRV092 con_0016.nii 46 28 31 0.181385 0.0982917
RRV092 con_0016.nii -44 27 33 0.14148 0.197375
RRV092 con_0016.nii 44 8 34 -0.108467 0.282601
RRV092 con_0016.nii -42 7 36 -0.177948 0.267406
RRV092 con_0016.nii 54 -44 43 0.768548 0.554264
RRV092 con_0016.nii -53 -50 39 0.10786 0.2862
RRV092 con_0016.nii 32 -59 41 0.93505 0.383974
RRV092 con_0016.nii -32 -58 46 0.99082 0.404409
RRV092 con_0016.nii -6 49 1 -0.14362 0.132553
RRV092 con_0017.nii 9 3 -6 -0.0999901 0.16655
RRV092 con_0017.nii -9 3 -6 0.0283555 0.170848
RRV092 con_0017.nii -30 33 -18 0.295737 0.21477
RRV092 con_0017.nii 46 28 31 0.500249 0.255785
RRV092 con_0017.nii -44 27 33 -0.186311 0.114586
RRV092 con_0017.nii 44 8 34 0.183705 0.217525
RRV092 con_0017.nii -42 7 36 -0.234055 0.274313
RRV092 con_0017.nii 54 -44 43 0.619615 0.210202
RRV092 con_0017.nii -53 -50 39 0.15318 0.182614
RRV092 con_0017.nii 32 -59 41 0.608553 0.320509
RRV092 con_0017.nii -32 -58 46 1.18767 0.508422
RRV092 con_0017.nii -6 49 1 -0.510333 0.14574
RRV092 con_0018.nii 9 3 -6 0.221597 0.220997
RRV092 con_0018.nii -9 3 -6 0.354551 0.308172
RRV092 con_0018.nii -30 33 -18 0.192241 0.306767
RRV092 con_0018.nii 46 28 31 0.681634 0.279876
RRV092 con_0018.nii -44 27 33 -0.044831 0.246579
RRV092 con_0018.nii 44 8 34 0.0752375 0.342246
RRV092 con_0018.nii -42 7 36 -0.412003 0.498651
RRV092 con_0018.nii 54 -44 43 1.38816 0.709754
RRV092 con_0018.nii -53 -50 39 0.26104 0.430552
RRV092 con_0018.nii 32 -59 41 1.5436 0.671319
RRV092 con_0018.nii -32 -58 46 2.17849 0.871926
RRV092 con_0018.nii -6 49 1 -0.653953 0.159429
RRV092 con_0019.nii 9 3 -6 0.233529 0.274088
RRV092 con_0019.nii -9 3 -6 0.0990152 0.286073
RRV092 con_0019.nii -30 33 -18 0.525558 0.29526
RRV092 con_0019.nii 46 28 31 0.118383 0.243903
RRV092 con_0019.nii -44 27 33 -0.364867 0.421543
RRV092 con_0019.nii 44 8 34 0.353557 0.220117
RRV092 con_0019.nii -42 7 36 0.105375 0.235518
RRV092 con_0019.nii 54 -44 43 0.894773 0.291798
RRV092 con_0019.nii -53 -50 39 0.426356 0.309166
RRV092 con_0019.nii 32 -59 41 0.913671 0.288929
RRV092 con_0019.nii -32 -58 46 0.707722 0.344785
RRV092 con_0019.nii -6 49 1 0.466443 0.240962
RRV092 con_0020.nii 9 3 -6 0.0164813 0.281427
RRV092 con_0020.nii -9 3 -6 -0.137313 0.239427
RRV092 con_0020.nii -30 33 -18 0.252326 0.199863
RRV092 con_0020.nii 46 28 31 1.43363 0.384634
RRV092 con_0020.nii -44 27 33 0.782675 0.362679
RRV092 con_0020.nii 44 8 34 0.645052 0.299436
RRV092 con_0020.nii -42 7 36 0.303333 0.36692
RRV092 con_0020.nii 54 -44 43 0.706936 0.323177
RRV092 con_0020.nii -53 -50 39 0.438915 0.193981
RRV092 con_0020.nii 32 -59 41 0.635027 0.375364
RRV092 con_0020.nii -32 -58 46 0.35404 0.216459
RRV092 con_0020.nii -6 49 1 0.141469 0.202577
RRV092 con_0021.nii 9 3 -6 0.25001 0.404053
RRV092 con_0021.nii -9 3 -6 -0.0382973 0.331319
RRV092 con_0021.nii -30 33 -18 0.777884 0.446851
RRV092 con_0021.nii 46 28 31 1.55201 0.325629
RRV092 con_0021.nii -44 27 33 0.417809 0.218546
RRV092 con_0021.nii 44 8 34 0.998609 0.347894
RRV092 con_0021.nii -42 7 36 0.408708 0.376244
RRV092 con_0021.nii 54 -44 43 1.60171 0.587753
RRV092 con_0021.nii -53 -50 39 0.865271 0.39035
RRV092 con_0021.nii 32 -59 41 1.5487 0.618547
RRV092 con_0021.nii -32 -58 46 1.06176 0.353903
RRV092 con_0021.nii -6 49 1 0.607912 0.180065
RRV092 con_0022.nii 9 3 -6 0.0540401 0.376649
RRV092 con_0022.nii -9 3 -6 0.171693 0.631212
RRV092 con_0022.nii -30 33 -18 0.629081 0.236263
RRV092 con_0022.nii 46 28 31 0.0156596 0.184557
RRV092 con_0022.nii -44 27 33 -0.641252 0.391372
RRV092 con_0022.nii 44 8 34 -0.039445 0.249876
RRV092 con_0022.nii -42 7 36 -0.483783 0.269428
RRV092 con_0022.nii 54 -44 43 -0.147575 0.135165
RRV092 con_0022.nii -53 -50 39 -0.00348262 0.180104
RRV092 con_0022.nii 32 -59 41 -0.292152 0.210975
RRV092 con_0022.nii -32 -58 46 -0.26703 0.340322
RRV092 con_0022.nii -6 49 1 0.107477 0.221762
RRV092 con_0023.nii 9 3 -6 -0.372007 0.284743
RRV092 con_0023.nii -9 3 -6 -0.397794 0.202304
RRV092 con_0023.nii -30 33 -18 -0.100062 0.285282
RRV092 con_0023.nii 46 28 31 -0.344439 0.264617
RRV092 con_0023.nii -44 27 33 -0.396179 0.343587
RRV092 con_0023.nii 44 8 34 0.349752 0.396155
RRV092 con_0023.nii -42 7 36 -0.122137 0.314604
RRV092 con_0023.nii 54 -44 43 0.0334355 0.169447
RRV092 con_0023.nii -53 -50 39 -0.195348 0.142085
RRV092 con_0023.nii 32 -59 41 -0.0421318 0.314682
RRV092 con_0023.nii -32 -58 46 -0.230294 0.237113
RRV092 con_0023.nii -6 49 1 -0.758755 0.265492
RRV092 con_0024.nii 9 3 -6 -0.317967 0.43173
RRV092 con_0024.nii -9 3 -6 -0.226101 0.629306
RRV092 con_0024.nii -30 33 -18 0.529019 0.366489
RRV092 con_0024.nii 46 28 31 -0.32878 0.331626
RRV092 con_0024.nii -44 27 33 -1.03743 0.642823
RRV092 con_0024.nii 44 8 34 0.310307 0.401466
RRV092 con_0024.nii -42 7 36 -0.605919 0.48063
RRV092 con_0024.nii 54 -44 43 -0.114139 0.248044
RRV092 con_0024.nii -53 -50 39 -0.198831 0.29711
RRV092 con_0024.nii 32 -59 41 -0.334284 0.319949
RRV092 con_0024.nii -32 -58 46 -0.497324 0.424822
RRV092 con_0024.nii -6 49 1 -0.651277 0.425968
RRV092 con_0025.nii 9 3 -6 0.0947907 0.225388
RRV092 con_0025.nii -9 3 -6 0.241533 0.296706
RRV092 con_0025.nii -30 33 -18 0.144904 0.197146
RRV092 con_0025.nii 46 28 31 -0.472549 0.356256
RRV092 con_0025.nii -44 27 33 -0.326913 0.277626
RRV092 con_0025.nii 44 8 34 -0.0903402 0.307055
RRV092 con_0025.nii -42 7 36 0.0226228 0.253135
RRV092 con_0025.nii 54 -44 43 0.299453 0.389488
RRV092 con_0025.nii -53 -50 39 -0.101805 0.214413
RRV092 con_0025.nii 32 -59 41 0.478334 0.330564
RRV092 con_0025.nii -32 -58 46 0.476789 0.356307
RRV092 con_0025.nii -6 49 1 0.310524 0.231586
RRV092 con_0026.nii 9 3 -6 0.170764 0.259718
RRV092 con_0026.nii -9 3 -6 0.348872 0.135276
RRV092 con_0026.nii -30 33 -18 0.38642 0.255106
RRV092 con_0026.nii 46 28 31 0.283261 0.400148
RRV092 con_0026.nii -44 27 33 0.0597125 0.242198
RRV092 con_0026.nii 44 8 34 -0.240783 0.301882
RRV092 con_0026.nii -42 7 36 0.000437344 0.153298
RRV092 con_0026.nii 54 -44 43 0.641329 0.320047
RRV092 con_0026.nii -53 -50 39 0.145764 0.156993
RRV092 con_0026.nii 32 -59 41 0.450016 0.343282
RRV092 con_0026.nii -32 -58 46 0.64466 0.487689
RRV092 con_0026.nii -6 49 1 0.111237 0.0913119
RRV092 con_0027.nii 9 3 -6 0.265554 0.325225
RRV092 con_0027.nii -9 3 -6 0.590405 0.351651
RRV092 con_0027.nii -30 33 -18 0.531324 0.394546
RRV092 con_0027.nii 46 28 31 -0.189287 0.586832
RRV092 con_0027.nii -44 27 33 -0.2672 0.394284
RRV092 con_0027.nii 44 8 34 -0.331123 0.430384
RRV092 con_0027.nii -42 7 36 0.0230601 0.327367
RRV092 con_0027.nii 54 -44 43 0.940781 0.618989
RRV092 con_0027.nii -53 -50 39 0.0439585 0.330148
RRV092 con_0027.nii 32 -59 41 0.92835 0.569817
RRV092 con_0027.nii -32 -58 46 1.12145 0.784469
RRV092 con_0027.nii -6 49 1 0.421761 0.230933
RRV092 con_0028.nii 9 3 -6 0.127453 0.191004
RRV092 con_0028.nii -9 3 -6 0.170747 0.291365
RRV092 con_0028.nii -30 33 -18 0.433181 0.204494
RRV092 con_0028.nii 46 28 31 -0.112835 0.177689
RRV092 con_0028.nii -44 27 33 -0.444344 0.304862
RRV092 con_0028.nii 44 8 34 0.0745905 0.1813
RRV092 con_0028.nii -42 7 36 -0.118595 0.174856
RRV092 con_0028.nii 54 -44 43 0.348884 0.23197
RRV092 con_0028.nii -53 -50 39 0.107023 0.208202
RRV092 con_0028.nii 32 -59 41 0.366618 0.187472
RRV092 con_0028.nii -32 -58 46 0.305827 0.312964
RRV092 con_0028.nii -6 49 1 0.294815 0.13432
RRV092 con_0029.nii 9 3 -6 -0.0615875 0.17435
RRV092 con_0029.nii -9 3 -6 -0.0620781 0.107099
RRV092 con_0029.nii -30 33 -18 0.179561 0.146303
RRV092 con_0029.nii 46 28 31 0.457483 0.158458
RRV092 con_0029.nii -44 27 33 0.148736 0.150586
RRV092 con_0029.nii 44 8 34 0.25134 0.259767
RRV092 con_0029.nii -42 7 36 0.0605445 0.0821153
RRV092 con_0029.nii 54 -44 43 0.460567 0.211443
RRV092 con_0029.nii -53 -50 39 0.129777 0.110459
RRV092 con_0029.nii 32 -59 41 0.347637 0.253234
RRV092 con_0029.nii -32 -58 46 0.256135 0.216046
RRV092 con_0029.nii -6 49 1 -0.168683 0.160728
RRV092 con_0030.nii 9 3 -6 0.0658657 0.218934
RRV092 con_0030.nii -9 3 -6 0.108669 0.259205
RRV092 con_0030.nii -30 33 -18 0.612742 0.280677
RRV092 con_0030.nii 46 28 31 0.344647 0.23166
RRV092 con_0030.nii -44 27 33 -0.295607 0.322952
RRV092 con_0030.nii 44 8 34 0.325931 0.282637
RRV092 con_0030.nii -42 7 36 -0.0580503 0.155324
RRV092 con_0030.nii 54 -44 43 0.80945 0.420547
RRV092 con_0030.nii -53 -50 39 0.2368 0.296848
RRV092 con_0030.nii 32 -59 41 0.714255 0.404276
RRV092 con_0030.nii -32 -58 46 0.561962 0.468147
RRV092 con_0030.nii -6 49 1 0.126132 0.187436
RRV092 con_0031.nii 9 3 -6 -0.253912 0.193528
RRV092 con_0031.nii -9 3 -6 -0.0290016 0.170667
RRV092 con_0031.nii -30 33 -18 0.042912 0.0987805
RRV092 con_0031.nii 46 28 31 0.135597 0.149197
RRV092 con_0031.nii -44 27 33 -0.305062 0.37593
RRV092 con_0031.nii 44 8 34 0.30378 0.449035
RRV092 con_0031.nii -42 7 36 -0.972738 0.512325
RRV092 con_0031.nii 54 -44 43 -0.517868 0.335797
RRV092 con_0031.nii -53 -50 39 -0.326882 0.178847
RRV092 con_0031.nii 32 -59 41 -0.0399534 0.34423
RRV092 con_0031.nii -32 -58 46 0.0871185 0.208561
RRV092 con_0031.nii -6 49 1 -0.362898 0.245939
RRV092 con_0032.nii 9 3 -6 0.0201534 0.121442
RRV092 con_0032.nii -9 3 -6 -0.100432 0.0819336
RRV092 con_0032.nii -30 33 -18 0.198429 0.120629
RRV092 con_0032.nii 46 28 31 0.306569 0.330018
RRV092 con_0032.nii -44 27 33 0.020201 0.319193
RRV092 con_0032.nii 44 8 34 -0.0879869 0.400276
RRV092 con_0032.nii -42 7 36 -0.996742 0.552073
RRV092 con_0032.nii 54 -44 43 -0.237844 0.112115
RRV092 con_0032.nii -53 -50 39 -0.0030865 0.141709
RRV092 con_0032.nii 32 -59 41 -0.0838489 0.199568
RRV092 con_0032.nii -32 -58 46 0.00728254 0.183711
RRV092 con_0032.nii -6 49 1 -0.889354 0.374178
RRV092 con_0033.nii 9 3 -6 -0.233758 0.287042
RRV092 con_0033.nii -9 3 -6 -0.129434 0.13949
RRV092 con_0033.nii -30 33 -18 0.241341 0.140448
RRV092 con_0033.nii 46 28 31 0.442165 0.275904
RRV092 con_0033.nii -44 27 33 -0.284861 0.507857
RRV092 con_0033.nii 44 8 34 0.215793 0.803519
RRV092 con_0033.nii -42 7 36 -1.96948 1.04976
RRV092 con_0033.nii 54 -44 43 -0.755712 0.39593
RRV092 con_0033.nii -53 -50 39 -0.329968 0.306643
RRV092 con_0033.nii 32 -59 41 -0.123802 0.524794
RRV092 con_0033.nii -32 -58 46 0.0944011 0.268551
RRV092 con_0033.nii -6 49 1 -1.25225 0.57591
