RRV032 con_0001.nii 9 3 -6 0.189947 0.39986
RRV032 con_0001.nii -9 3 -6 0.0173796 0.297086
RRV032 con_0001.nii -30 33 -18 -0.46741 0.213001
RRV032 con_0001.nii 46 28 31 0.100983 0.588256
RRV032 con_0001.nii -44 27 33 -0.218736 0.265461
RRV032 con_0001.nii 44 8 34 1.02511 0.367171
RRV032 con_0001.nii -42 7 36 0.319642 0.299794
RRV032 con_0001.nii 54 -44 43 -0.237571 0.265782
RRV032 con_0001.nii -53 -50 39 0.00306144 0.279602
RRV032 con_0001.nii 32 -59 41 0.430957 0.296006
RRV032 con_0001.nii -32 -58 46 -0.109539 0.316229
RRV032 con_0001.nii -6 49 1 0.228551 0.331043
RRV032 con_0002.nii 9 3 -6 0.371684 0.305239
RRV032 con_0002.nii -9 3 -6 0.0380368 0.240286
RRV032 con_0002.nii -30 33 -18 0.612339 0.225939
RRV032 con_0002.nii 46 28 31 -0.0851593 0.221502
RRV032 con_0002.nii -44 27 33 -0.0609674 0.219546
RRV032 con_0002.nii 44 8 34 0.568491 0.297575
RRV032 con_0002.nii -42 7 36 0.406561 0.340413
RRV032 con_0002.nii 54 -44 43 -0.0797937 0.270194
RRV032 con_0002.nii -53 -50 39 0.134868 0.154087
RRV032 con_0002.nii 32 -59 41 0.327028 0.232537
RRV032 con_0002.nii -32 -58 46 0.242038 0.17169
RRV032 con_0002.nii -6 49 1 0.564809 0.338782
RRV032 con_0003.nii 9 3 -6 0.561631 0.334628
RRV032 con_0003.nii -9 3 -6 0.0554164 0.223635
RRV032 con_0003.nii -30 33 -18 0.144929 0.215821
RRV032 con_0003.nii 46 28 31 0.0158237 0.770114
RRV032 con_0003.nii -44 27 33 -0.279703 0.25955
RRV032 con_0003.nii 44 8 34 1.59361 0.624322
RRV032 con_0003.nii -42 7 36 0.726204 0.414045
RRV032 con_0003.nii 54 -44 43 -0.317365 0.501116
RRV032 con_0003.nii -53 -50 39 0.13793 0.264905
RRV032 con_0003.nii 32 -59 41 0.757985 0.444853
RRV032 con_0003.nii -32 -58 46 0.132499 0.322514
RRV032 con_0003.nii -6 49 1 0.79336 0.550445
RRV032 con_0004.nii 9 3 -6 0.512213 0.581377
RRV032 con_0004.nii -9 3 -6 -0.319048 0.442519
RRV032 con_0004.nii -30 33 -18 -0.587499 0.330653
RRV032 con_0004.nii 46 28 31 0.185896 0.183627
RRV032 con_0004.nii -44 27 33 0.136327 0.158631
RRV032 con_0004.nii 44 8 34 0.550971 0.278666
RRV032 con_0004.nii -42 7 36 0.24217 0.14632
RRV032 con_0004.nii 54 -44 43 0.0648229 0.30494
RRV032 con_0004.nii -53 -50 39 0.473879 0.275389
RRV032 con_0004.nii 32 -59 41 0.451256 0.240584
RRV032 con_0004.nii -32 -58 46 0.207511 0.345973
RRV032 con_0004.nii -6 49 1 -0.422055 0.231009
RRV032 con_0005.nii 9 3 -6 -0.308899 0.301478
RRV032 con_0005.nii -9 3 -6 -0.312221 0.372554
RRV032 con_0005.nii -30 33 -18 -0.0418324 0.302348
RRV032 con_0005.nii 46 28 31 0.00846563 0.249349
RRV032 con_0005.nii -44 27 33 0.114818 0.308925
RRV032 con_0005.nii 44 8 34 -0.33586 0.374617
RRV032 con_0005.nii -42 7 36 0.0806907 0.281607
RRV032 con_0005.nii 54 -44 43 0.185164 0.17188
RRV032 con_0005.nii -53 -50 39 -0.136338 0.296245
RRV032 con_0005.nii 32 -59 41 0.579629 0.199215
RRV032 con_0005.nii -32 -58 46 0.00426596 0.461335
RRV032 con_0005.nii -6 49 1 -0.946131 0.257196
RRV032 con_0006.nii 9 3 -6 0.203315 0.745248
RRV032 con_0006.nii -9 3 -6 -0.631269 0.584803
RRV032 con_0006.nii -30 33 -18 -0.629331 0.489432
RRV032 con_0006.nii 46 28 31 0.194362 0.309134
RRV032 con_0006.nii -44 27 33 0.251144 0.342163
RRV032 con_0006.nii 44 8 34 0.215111 0.54248
RRV032 con_0006.nii -42 7 36 0.322861 0.414612
RRV032 con_0006.nii 54 -44 43 0.249987 0.392777
RRV032 con_0006.nii -53 -50 39 0.337541 0.25948
RRV032 con_0006.nii 32 -59 41 1.03088 0.374206
RRV032 con_0006.nii -32 -58 46 0.211777 0.737673
RRV032 con_0006.nii -6 49 1 -1.36819 0.309082
RRV032 con_0007.nii 9 3 -6 0.382606 0.284777
RRV032 con_0007.nii -9 3 -6 -0.213702 0.336118
RRV032 con_0007.nii -30 33 -18 -0.14652 0.556081
RRV032 con_0007.nii 46 28 31 -0.688002 0.643141
RRV032 con_0007.nii -44 27 33 -0.161596 0.141123
RRV032 con_0007.nii 44 8 34 1.04602 0.612862
RRV032 con_0007.nii -42 7 36 0.246755 0.21602
RRV032 con_0007.nii 54 -44 43 0.0468557 0.449148
RRV032 con_0007.nii -53 -50 39 0.501003 0.208755
RRV032 con_0007.nii 32 -59 41 0.0621548 0.382861
RRV032 con_0007.nii -32 -58 46 0.770313 0.340285
RRV032 con_0007.nii -6 49 1 -1.15853 0.737997
RRV032 con_0008.nii 9 3 -6 0.115357 0.285227
RRV032 con_0008.nii -9 3 -6 -0.433459 0.419367
RRV032 con_0008.nii -30 33 -18 -0.411004 0.315857
RRV032 con_0008.nii 46 28 31 -0.40384 0.151184
RRV032 con_0008.nii -44 27 33 -0.0584843 0.204121
RRV032 con_0008.nii 44 8 34 -0.397641 0.374303
RRV032 con_0008.nii -42 7 36 -0.417676 0.361351
RRV032 con_0008.nii 54 -44 43 -0.341413 0.183719
RRV032 con_0008.nii -53 -50 39 0.249791 0.185145
RRV032 con_0008.nii 32 -59 41 -0.206507 0.229736
RRV032 con_0008.nii -32 -58 46 -0.314271 0.444786
RRV032 con_0008.nii -6 49 1 0.135616 0.165224
RRV032 con_0009.nii 9 3 -6 0.497963 0.358751
RRV032 con_0009.nii -9 3 -6 -0.647161 0.560156
RRV032 con_0009.nii -30 33 -18 -0.557524 0.486472
RRV032 con_0009.nii 46 28 31 -1.09184 0.629438
RRV032 con_0009.nii -44 27 33 -0.22008 0.243765
RRV032 con_0009.nii 44 8 34 0.648378 0.694161
RRV032 con_0009.nii -42 7 36 -0.170921 0.37489
RRV032 con_0009.nii 54 -44 43 -0.294557 0.535891
RRV032 con_0009.nii -53 -50 39 0.750795 0.280691
RRV032 con_0009.nii 32 -59 41 -0.144352 0.439905
RRV032 con_0009.nii -32 -58 46 0.456042 0.701191
RRV032 con_0009.nii -6 49 1 -1.02291 0.815591
RRV032 con_0010.nii 9 3 -6 0.207702 0.131947
RRV032 con_0010.nii -9 3 -6 -0.0206906 0.238193
RRV032 con_0010.nii -30 33 -18 -0.0169248 0.179771
RRV032 con_0010.nii 46 28 31 0.188242 0.102824
RRV032 con_0010.nii -44 27 33 0.124799 0.0929919
RRV032 con_0010.nii 44 8 34 0.54147 0.346021
RRV032 con_0010.nii -42 7 36 0.406923 0.134529
RRV032 con_0010.nii 54 -44 43 0.00847159 0.10865
RRV032 con_0010.nii -53 -50 39 0.137674 0.123235
RRV032 con_0010.nii 32 -59 41 0.057719 0.154396
RRV032 con_0010.nii -32 -58 46 0.363208 0.187897
RRV032 con_0010.nii -6 49 1 -0.290154 0.154084
RRV032 con_0011.nii 9 3 -6 -0.06764 0.247659
RRV032 con_0011.nii -9 3 -6 0.147317 0.176246
RRV032 con_0011.nii -30 33 -18 -0.0165768 0.170731
RRV032 con_0011.nii 46 28 31 -0.0574077 0.14053
RRV032 con_0011.nii -44 27 33 -0.133472 0.341554
RRV032 con_0011.nii 44 8 34 0.283115 0.266091
RRV032 con_0011.nii -42 7 36 0.146742 0.229795
RRV032 con_0011.nii 54 -44 43 -0.083088 0.24959
RRV032 con_0011.nii -53 -50 39 0.152114 0.151853
RRV032 con_0011.nii 32 -59 41 0.115355 0.0869727
RRV032 con_0011.nii -32 -58 46 0.170598 0.202421
RRV032 con_0011.nii -6 49 1 -0.164692 0.182408
RRV032 con_0012.nii 9 3 -6 0.140062 0.22964
RRV032 con_0012.nii -9 3 -6 0.126626 0.316547
RRV032 con_0012.nii -30 33 -18 -0.0335016 0.31541
RRV032 con_0012.nii 46 28 31 0.130834 0.157085
RRV032 con_0012.nii -44 27 33 -0.00867348 0.375224
RRV032 con_0012.nii 44 8 34 0.824586 0.544806
RRV032 con_0012.nii -42 7 36 0.553664 0.29239
RRV032 con_0012.nii 54 -44 43 -0.0746164 0.255353
RRV032 con_0012.nii -53 -50 39 0.289788 0.138384
RRV032 con_0012.nii 32 -59 41 0.173074 0.193849
RRV032 con_0012.nii -32 -58 46 0.533806 0.331685
RRV032 con_0012.nii -6 49 1 -0.454846 0.219026
RRV032 con_0013.nii 9 3 -6 0.340635 0.335274
RRV032 con_0013.nii -9 3 -6 0.0852779 0.20753
RRV032 con_0013.nii -30 33 -18 -0.427825 0.232217
RRV032 con_0013.nii 46 28 31 -0.0718444 0.232724
RRV032 con_0013.nii -44 27 33 0.0301354 0.154106
RRV032 con_0013.nii 44 8 34 0.813743 0.372359
RRV032 con_0013.nii -42 7 36 0.573035 0.190327
RRV032 con_0013.nii 54 -44 43 -0.224258 0.270184
RRV032 con_0013.nii -53 -50 39 -0.171337 0.157198
RRV032 con_0013.nii 32 -59 41 0.262081 0.374297
RRV032 con_0013.nii -32 -58 46 0.329065 0.291534
RRV032 con_0013.nii -6 49 1 -0.676166 0.263687
RRV032 con_0014.nii 9 3 -6 0.0491313 0.164973
RRV032 con_0014.nii -9 3 -6 -0.150511 0.276761
RRV032 con_0014.nii -30 33 -18 -0.167357 0.219795
RRV032 con_0014.nii 46 28 31 0.106013 0.167564
RRV032 con_0014.nii -44 27 33 0.0546013 0.187505
RRV032 con_0014.nii 44 8 34 0.192329 0.193892
RRV032 con_0014.nii -42 7 36 0.374275 0.217256
RRV032 con_0014.nii 54 -44 43 0.15354 0.19157
RRV032 con_0014.nii -53 -50 39 0.0821501 0.219451
RRV032 con_0014.nii 32 -59 41 0.287804 0.144669
RRV032 con_0014.nii -32 -58 46 -0.367004 0.586356
RRV032 con_0014.nii -6 49 1 -0.60235 0.193624
RRV032 con_0015.nii 9 3 -6 0.389767 0.405793
RRV032 con_0015.nii -9 3 -6 -0.0652331 0.388766
RRV032 con_0015.nii -30 33 -18 -0.595182 0.372499
RRV032 con_0015.nii 46 28 31 0.0341683 0.363499
RRV032 con_0015.nii -44 27 33 0.0847367 0.185398
RRV032 con_0015.nii 44 8 34 1.00607 0.405379
RRV032 con_0015.nii -42 7 36 0.94731 0.286336
RRV032 con_0015.nii 54 -44 43 -0.0707188 0.407721
RRV032 con_0015.nii -53 -50 39 -0.0891868 0.238442
RRV032 con_0015.nii 32 -59 41 0.549885 0.479633
RRV032 con_0015.nii -32 -58 46 -0.0379389 0.544356
RRV032 con_0015.nii -6 49 1 -1.27852 0.234776
RRV032 con_0016.nii 9 3 -6 0.361589 0.286452
RRV032 con_0016.nii -9 3 -6 -0.17179 0.237518
RRV032 con_0016.nii -30 33 -18 -0.400476 0.26309
RRV032 con_0016.nii 46 28 31 -0.133708 0.410901
RRV032 con_0016.nii -44 27 33 -0.0813349 0.151666
RRV032 con_0016.nii 44 8 34 0.874035 0.307361
RRV032 con_0016.nii -42 7 36 0.269523 0.139405
RRV032 con_0016.nii 54 -44 43 -0.0419642 0.294891
RRV032 con_0016.nii -53 -50 39 0.325981 0.183554
RRV032 con_0016.nii 32 -59 41 0.314789 0.161447
RRV032 con_0016.nii -32 -58 46 0.289428 0.131378
RRV032 con_0016.nii -6 49 1 -0.450678 0.324462
RRV032 con_0017.nii 9 3 -6 0.059381 0.220916
RRV032 con_0017.nii -9 3 -6 -0.235881 0.239447
RRV032 con_0017.nii -30 33 -18 0.0531676 0.195402
RRV032 con_0017.nii 46 28 31 -0.160178 0.0860841
RRV032 con_0017.nii -44 27 33 -0.00154469 0.167054
RRV032 con_0017.nii 44 8 34 -0.0550035 0.165058
RRV032 con_0017.nii -42 7 36 0.023192 0.163631
RRV032 con_0017.nii 54 -44 43 -0.0786811 0.175031
RRV032 con_0017.nii -53 -50 39 0.0827741 0.127375
RRV032 con_0017.nii 32 -59 41 0.233383 0.128092
RRV032 con_0017.nii -32 -58 46 -0.0226557 0.086356
RRV032 con_0017.nii -6 49 1 -0.0819021 0.19315
RRV032 con_0018.nii 9 3 -6 0.42097 0.339234
RRV032 con_0018.nii -9 3 -6 -0.407671 0.374562
RRV032 con_0018.nii -30 33 -18 -0.347308 0.336646
RRV032 con_0018.nii 46 28 31 -0.293886 0.426365
RRV032 con_0018.nii -44 27 33 -0.0828796 0.182575
RRV032 con_0018.nii 44 8 34 0.819031 0.284868
RRV032 con_0018.nii -42 7 36 0.292715 0.097274
RRV032 con_0018.nii 54 -44 43 -0.120645 0.411585
RRV032 con_0018.nii -53 -50 39 0.408755 0.172161
RRV032 con_0018.nii 32 -59 41 0.548173 0.206919
RRV032 con_0018.nii -32 -58 46 0.266773 0.189661
RRV032 con_0018.nii -6 49 1 -0.53258 0.413243
RRV032 con_0019.nii 9 3 -6 -0.0177551 0.369739
RRV032 con_0019.nii -9 3 -6 0.0380702 0.294378
RRV032 con_0019.nii -30 33 -18 -0.450485 0.28176
RRV032 con_0019.nii 46 28 31 -0.0872585 0.52029
RRV032 con_0019.nii -44 27 33 -0.343535 0.290273
RRV032 con_0019.nii 44 8 34 0.483644 0.434586
RRV032 con_0019.nii -42 7 36 -0.0872803 0.27402
RRV032 con_0019.nii 54 -44 43 -0.246043 0.187651
RRV032 con_0019.nii -53 -50 39 -0.134613 0.194761
RRV032 con_0019.nii 32 -59 41 0.373238 0.305212
RRV032 con_0019.nii -32 -58 46 -0.472747 0.382106
RRV032 con_0019.nii -6 49 1 0.518705 0.285241
RRV032 con_0020.nii 9 3 -6 0.439324 0.227176
RRV032 con_0020.nii -9 3 -6 -0.10928 0.223924
RRV032 con_0020.nii -30 33 -18 0.628916 0.311764
RRV032 con_0020.nii 46 28 31 -0.0277516 0.21947
RRV032 con_0020.nii -44 27 33 0.0725048 0.33326
RRV032 con_0020.nii 44 8 34 0.285375 0.42771
RRV032 con_0020.nii -42 7 36 0.25982 0.331758
RRV032 con_0020.nii 54 -44 43 0.0032943 0.330983
RRV032 con_0020.nii -53 -50 39 -0.0172453 0.235067
RRV032 con_0020.nii 32 -59 41 0.211673 0.220215
RRV032 con_0020.nii -32 -58 46 0.0714401 0.305244
RRV032 con_0020.nii -6 49 1 0.729501 0.363293
RRV032 con_0021.nii 9 3 -6 0.421569 0.397836
RRV032 con_0021.nii -9 3 -6 -0.0712097 0.381186
RRV032 con_0021.nii -30 33 -18 0.178431 0.427563
RRV032 con_0021.nii 46 28 31 -0.11501 0.723781
RRV032 con_0021.nii -44 27 33 -0.27103 0.543444
RRV032 con_0021.nii 44 8 34 0.769019 0.797521
RRV032 con_0021.nii -42 7 36 0.172539 0.502965
RRV032 con_0021.nii 54 -44 43 -0.242748 0.463733
RRV032 con_0021.nii -53 -50 39 -0.151858 0.274101
RRV032 con_0021.nii 32 -59 41 0.584912 0.461761
RRV032 con_0021.nii -32 -58 46 -0.401307 0.48099
RRV032 con_0021.nii -6 49 1 1.24821 0.551619
RRV032 con_0022.nii 9 3 -6 0.304512 0.551444
RRV032 con_0022.nii -9 3 -6 -0.298358 0.432358
RRV032 con_0022.nii -30 33 -18 -0.570574 0.298979
RRV032 con_0022.nii 46 28 31 -0.00234538 0.164204
RRV032 con_0022.nii -44 27 33 0.0115281 0.171435
RRV032 con_0022.nii 44 8 34 0.00950053 0.247805
RRV032 con_0022.nii -42 7 36 -0.164753 0.144151
RRV032 con_0022.nii 54 -44 43 0.0563513 0.249618
RRV032 con_0022.nii -53 -50 39 0.336205 0.27504
RRV032 con_0022.nii 32 -59 41 0.393537 0.20015
RRV032 con_0022.nii -32 -58 46 -0.155697 0.276016
RRV032 con_0022.nii -6 49 1 -0.131902 0.25147
RRV032 con_0023.nii 9 3 -6 -0.241259 0.384182
RRV032 con_0023.nii -9 3 -6 -0.459537 0.30893
RRV032 con_0023.nii -30 33 -18 -0.0252556 0.316486
RRV032 con_0023.nii 46 28 31 0.0658733 0.181344
RRV032 con_0023.nii -44 27 33 0.24829 0.195898
RRV032 con_0023.nii 44 8 34 -0.618976 0.403442
RRV032 con_0023.nii -42 7 36 -0.0660508 0.252086
RRV032 con_0023.nii 54 -44 43 0.268252 0.287659
RRV032 con_0023.nii -53 -50 39 -0.288452 0.323955
RRV032 con_0023.nii 32 -59 41 0.464274 0.205055
RRV032 con_0023.nii -32 -58 46 -0.166332 0.393679
RRV032 con_0023.nii -6 49 1 -0.781439 0.366075
RRV032 con_0024.nii 9 3 -6 0.063253 0.861524
RRV032 con_0024.nii -9 3 -6 -0.757895 0.530827
RRV032 con_0024.nii -30 33 -18 -0.595829 0.486236
RRV032 con_0024.nii 46 28 31 0.063528 0.299641
RRV032 con_0024.nii -44 27 33 0.259818 0.32257
RRV032 con_0024.nii 44 8 34 -0.609475 0.585757
RRV032 con_0024.nii -42 7 36 -0.230803 0.331441
RRV032 con_0024.nii 54 -44 43 0.324603 0.521132
RRV032 con_0024.nii -53 -50 39 0.0477535 0.233776
RRV032 con_0024.nii 32 -59 41 0.857811 0.309727
RRV032 con_0024.nii -32 -58 46 -0.322029 0.576509
RRV032 con_0024.nii -6 49 1 -0.91334 0.28608
RRV032 con_0025.nii 9 3 -6 0.174904 0.265833
RRV032 con_0025.nii -9 3 -6 -0.193011 0.330607
RRV032 con_0025.nii -30 33 -18 -0.129595 0.445425
RRV032 con_0025.nii 46 28 31 -0.876244 0.566755
RRV032 con_0025.nii -44 27 33 -0.286394 0.143332
RRV032 con_0025.nii 44 8 34 0.504548 0.671019
RRV032 con_0025.nii -42 7 36 -0.160167 0.24542
RRV032 con_0025.nii 54 -44 43 0.0383841 0.355066
RRV032 con_0025.nii -53 -50 39 0.363329 0.163102
RRV032 con_0025.nii 32 -59 41 0.00443581 0.316198
RRV032 con_0025.nii -32 -58 46 0.407105 0.365271
RRV032 con_0025.nii -6 49 1 -0.868377 0.614147
RRV032 con_0026.nii 9 3 -6 0.182997 0.287086
RRV032 con_0026.nii -9 3 -6 -0.580776 0.480414
RRV032 con_0026.nii -30 33 -18 -0.394427 0.387538
RRV032 con_0026.nii 46 28 31 -0.346433 0.239394
RRV032 con_0026.nii -44 27 33 0.0749879 0.446262
RRV032 con_0026.nii 44 8 34 -0.680756 0.510875
RRV032 con_0026.nii -42 7 36 -0.564417 0.48844
RRV032 con_0026.nii 54 -44 43 -0.258325 0.265246
RRV032 con_0026.nii -53 -50 39 0.0976775 0.257706
RRV032 con_0026.nii 32 -59 41 -0.321862 0.252897
RRV032 con_0026.nii -32 -58 46 -0.484869 0.499848
RRV032 con_0026.nii -6 49 1 0.300308 0.246808
RRV032 con_0027.nii 9 3 -6 0.357902 0.27574
RRV032 con_0027.nii -9 3 -6 -0.773787 0.465934
RRV032 con_0027.nii -30 33 -18 -0.524022 0.485474
RRV032 con_0027.nii 46 28 31 -1.22268 0.607633
RRV032 con_0027.nii -44 27 33 -0.211406 0.528146
RRV032 con_0027.nii 44 8 34 -0.176208 0.996267
RRV032 con_0027.nii -42 7 36 -0.724585 0.613752
RRV032 con_0027.nii 54 -44 43 -0.219941 0.536194
RRV032 con_0027.nii -53 -50 39 0.461007 0.28422
RRV032 con_0027.nii 32 -59 41 -0.317426 0.418658
RRV032 con_0027.nii -32 -58 46 -0.0777638 0.827313
RRV032 con_0027.nii -6 49 1 -0.568069 0.775077
RRV032 con_0028.nii 9 3 -6 0.153887 0.244025
RRV032 con_0028.nii -9 3 -6 -0.151099 0.227362
RRV032 con_0028.nii -30 33 -18 -0.383551 0.192269
RRV032 con_0028.nii 46 28 31 -0.321949 0.332667
RRV032 con_0028.nii -44 27 33 -0.206134 0.170929
RRV032 con_0028.nii 44 8 34 0.332564 0.363265
RRV032 con_0028.nii -42 7 36 -0.1374 0.137171
RRV032 con_0028.nii 54 -44 43 -0.0504358 0.199261
RRV032 con_0028.nii -53 -50 39 0.188307 0.12064
RRV032 con_0028.nii 32 -59 41 0.25707 0.0802253
RRV032 con_0028.nii -32 -58 46 -0.0737796 0.154813
RRV032 con_0028.nii -6 49 1 -0.160524 0.208173
RRV032 con_0029.nii 9 3 -6 0.127021 0.232824
RRV032 con_0029.nii -9 3 -6 -0.383198 0.242197
RRV032 con_0029.nii -30 33 -18 0.0697445 0.270717
RRV032 con_0029.nii 46 28 31 -0.10277 0.0939845
RRV032 con_0029.nii -44 27 33 0.131927 0.286943
RRV032 con_0029.nii 44 8 34 -0.338119 0.32631
RRV032 con_0029.nii -42 7 36 -0.12355 0.235763
RRV032 con_0029.nii 54 -44 43 0.00440696 0.269728
RRV032 con_0029.nii -53 -50 39 -0.0693398 0.207771
RRV032 con_0029.nii 32 -59 41 0.118029 0.138061
RRV032 con_0029.nii -32 -58 46 -0.193254 0.163539
RRV032 con_0029.nii -6 49 1 0.0827902 0.277252
RRV032 con_0030.nii 9 3 -6 0.280908 0.418607
RRV032 con_0030.nii -9 3 -6 -0.534297 0.346064
RRV032 con_0030.nii -30 33 -18 -0.313807 0.39671
RRV032 con_0030.nii 46 28 31 -0.42472 0.384444
RRV032 con_0030.nii -44 27 33 -0.0742061 0.422082
RRV032 con_0030.nii 44 8 34 -0.00555457 0.59139
RRV032 con_0030.nii -42 7 36 -0.26095 0.307694
RRV032 con_0030.nii 54 -44 43 -0.0460288 0.443384
RRV032 con_0030.nii -53 -50 39 0.118968 0.166523
RRV032 con_0030.nii 32 -59 41 0.375099 0.164756
RRV032 con_0030.nii -32 -58 46 -0.267033 0.26847
RRV032 con_0030.nii -6 49 1 -0.0777342 0.380993
RRV032 con_0031.nii 9 3 -6 0.132933 0.292499
RRV032 con_0031.nii -9 3 -6 0.105968 0.217824
RRV032 con_0031.nii -30 33 -18 -0.4109 0.117137
RRV032 con_0031.nii 46 28 31 -0.260086 0.161792
RRV032 con_0031.nii -44 27 33 -0.0946633 0.164736
RRV032 con_0031.nii 44 8 34 0.272272 0.302727
RRV032 con_0031.nii -42 7 36 0.166113 0.134423
RRV032 con_0031.nii 54 -44 43 -0.23273 0.187168
RRV032 con_0031.nii -53 -50 39 -0.309011 0.17515
RRV032 con_0031.nii 32 -59 41 0.204362 0.241069
RRV032 con_0031.nii -32 -58 46 -0.0341426 0.212818
RRV032 con_0031.nii -6 49 1 -0.386013 0.191683
RRV032 con_0032.nii 9 3 -6 0.116771 0.269843
RRV032 con_0032.nii -9 3 -6 -0.297828 0.276128
RRV032 con_0032.nii -30 33 -18 -0.150781 0.183795
RRV032 con_0032.nii 46 28 31 0.16342 0.246605
RRV032 con_0032.nii -44 27 33 0.188073 0.204279
RRV032 con_0032.nii 44 8 34 -0.0907858 0.238814
RRV032 con_0032.nii -42 7 36 0.227534 0.185354
RRV032 con_0032.nii 54 -44 43 0.236628 0.219248
RRV032 con_0032.nii -53 -50 39 -0.0699637 0.132359
RRV032 con_0032.nii 32 -59 41 0.172449 0.160184
RRV032 con_0032.nii -32 -58 46 -0.537602 0.490442
RRV032 con_0032.nii -6 49 1 -0.437657 0.145464
RRV032 con_0033.nii 9 3 -6 0.249705 0.515122
RRV032 con_0033.nii -9 3 -6 -0.191859 0.263061
RRV032 con_0033.nii -30 33 -18 -0.561681 0.206041
RRV032 con_0033.nii 46 28 31 -0.0966655 0.342285
RRV032 con_0033.nii -44 27 33 0.0934102 0.301678
RRV032 con_0033.nii 44 8 34 0.181486 0.368853
RRV032 con_0033.nii -42 7 36 0.393646 0.241187
RRV032 con_0033.nii 54 -44 43 0.00389764 0.347913
RRV032 con_0033.nii -53 -50 39 -0.378975 0.216419
RRV032 con_0033.nii 32 -59 41 0.376812 0.34057
RRV032 con_0033.nii -32 -58 46 -0.571745 0.340863
RRV032 con_0033.nii -6 49 1 -0.82367 0.164905
