RRV099 con_0001.nii 9 3 -6 0.35499 0.440498
RRV099 con_0001.nii -9 3 -6 0.481513 0.616632
RRV099 con_0001.nii -30 33 -18 0.384626 0.485861
RRV099 con_0001.nii 46 28 31 0.787315 0.260478
RRV099 con_0001.nii -44 27 33 1.26848 0.287784
RRV099 con_0001.nii 44 8 34 0.747878 0.545802
RRV099 con_0001.nii -42 7 36 0.94056 0.32241
RRV099 con_0001.nii 54 -44 43 0.21933 0.220546
RRV099 con_0001.nii -53 -50 39 0.430003 0.297619
RRV099 con_0001.nii 32 -59 41 0.729636 0.346983
RRV099 con_0001.nii -32 -58 46 0.0720988 0.27669
RRV099 con_0001.nii -6 49 1 -0.279483 0.60336
RRV099 con_0002.nii 9 3 -6 -0.0361663 0.552224
RRV099 con_0002.nii -9 3 -6 -0.272348 0.1344
RRV099 con_0002.nii -30 33 -18 0.210156 0.295686
RRV099 con_0002.nii 46 28 31 -0.317136 0.19488
RRV099 con_0002.nii -44 27 33 0.085943 0.200008
RRV099 con_0002.nii 44 8 34 -0.435909 0.437577
RRV099 con_0002.nii -42 7 36 -0.000457225 0.375136
RRV099 con_0002.nii 54 -44 43 -0.112682 0.151952
RRV099 con_0002.nii -53 -50 39 -0.00358581 0.171184
RRV099 con_0002.nii 32 -59 41 -0.154811 0.729536
RRV099 con_0002.nii -32 -58 46 -0.573448 0.463226
RRV099 con_0002.nii -6 49 1 -0.281339 0.479072
RRV099 con_0003.nii 9 3 -6 0.318824 0.742938
RRV099 con_0003.nii -9 3 -6 0.209165 0.587922
RRV099 con_0003.nii -30 33 -18 0.594782 0.494139
RRV099 con_0003.nii 46 28 31 0.470179 0.371538
RRV099 con_0003.nii -44 27 33 1.35443 0.327159
RRV099 con_0003.nii 44 8 34 0.311969 0.511089
RRV099 con_0003.nii -42 7 36 0.940103 0.640963
RRV099 con_0003.nii 54 -44 43 0.106648 0.301079
RRV099 con_0003.nii -53 -50 39 0.426417 0.387389
RRV099 con_0003.nii 32 -59 41 0.574825 0.935253
RRV099 con_0003.nii -32 -58 46 -0.501349 0.621997
RRV099 con_0003.nii -6 49 1 -0.560822 1.00352
RRV099 con_0004.nii 9 3 -6 -0.00675953 0.351501
RRV099 con_0004.nii -9 3 -6 -0.0567539 0.350112
RRV099 con_0004.nii -30 33 -18 -0.105069 0.237177
RRV099 con_0004.nii 46 28 31 0.763914 0.305508
RRV099 con_0004.nii -44 27 33 0.949065 0.349007
RRV099 con_0004.nii 44 8 34 0.73317 0.500785
RRV099 con_0004.nii -42 7 36 0.773889 0.290749
RRV099 con_0004.nii 54 -44 43 -0.0143736 0.266687
RRV099 con_0004.nii -53 -50 39 0.42559 0.448762
RRV099 con_0004.nii 32 -59 41 0.355492 0.412589
RRV099 con_0004.nii -32 -58 46 -0.225956 0.446406
RRV099 con_0004.nii -6 49 1 -0.755375 0.677148
RRV099 con_0005.nii 9 3 -6 -0.00959183 0.342526
RRV099 con_0005.nii -9 3 -6 -0.221865 0.346686
RRV099 con_0005.nii -30 33 -18 -0.000977182 0.428987
RRV099 con_0005.nii 46 28 31 0.156375 0.271499
RRV099 con_0005.nii -44 27 33 0.648677 0.45943
RRV099 con_0005.nii 44 8 34 -0.204515 0.450991
RRV099 con_0005.nii -42 7 36 0.0632213 0.681705
RRV099 con_0005.nii 54 -44 43 -1.81704 0.820616
RRV099 con_0005.nii -53 -50 39 -0.172616 0.352725
RRV099 con_0005.nii 32 -59 41 0.111571 0.963182
RRV099 con_0005.nii -32 -58 46 0.227121 0.259991
RRV099 con_0005.nii -6 49 1 -1.26759 0.410212
RRV099 con_0006.nii 9 3 -6 -0.0163514 0.469101
RRV099 con_0006.nii -9 3 -6 -0.278619 0.371726
RRV099 con_0006.nii -30 33 -18 -0.106046 0.553361
RRV099 con_0006.nii 46 28 31 0.92029 0.500837
RRV099 con_0006.nii -44 27 33 1.59774 0.516689
RRV099 con_0006.nii 44 8 34 0.528655 0.703235
RRV099 con_0006.nii -42 7 36 0.837111 0.831192
RRV099 con_0006.nii 54 -44 43 -1.83142 1.02673
RRV099 con_0006.nii -53 -50 39 0.252974 0.518878
RRV099 con_0006.nii 32 -59 41 0.467063 1.26247
RRV099 con_0006.nii -32 -58 46 0.0011648 0.513299
RRV099 con_0006.nii -6 49 1 -2.02296 1.00635
RRV099 con_0007.nii 9 3 -6 -0.079309 0.258919
RRV099 con_0007.nii -9 3 -6 -0.260347 0.339903
RRV099 con_0007.nii -30 33 -18 0.153976 0.398926
RRV099 con_0007.nii 46 28 31 0.472597 0.307285
RRV099 con_0007.nii -44 27 33 1.13646 0.277466
RRV099 con_0007.nii 44 8 34 0.516494 0.703045
RRV099 con_0007.nii -42 7 36 0.83179 0.643406
RRV099 con_0007.nii 54 -44 43 -0.308513 0.304522
RRV099 con_0007.nii -53 -50 39 -0.19551 0.321056
RRV099 con_0007.nii 32 -59 41 0.587457 0.347785
RRV099 con_0007.nii -32 -58 46 0.325379 0.289898
RRV099 con_0007.nii -6 49 1 -0.665251 0.637796
RRV099 con_0008.nii 9 3 -6 0.0380361 0.377267
RRV099 con_0008.nii -9 3 -6 0.351972 0.301838
RRV099 con_0008.nii -30 33 -18 0.311598 0.309564
RRV099 con_0008.nii 46 28 31 0.227323 0.284979
RRV099 con_0008.nii -44 27 33 -0.417721 0.299407
RRV099 con_0008.nii 44 8 34 -0.621517 0.779075
RRV099 con_0008.nii -42 7 36 -0.205522 0.225494
RRV099 con_0008.nii 54 -44 43 -0.713985 0.353762
RRV099 con_0008.nii -53 -50 39 -0.257587 0.252679
RRV099 con_0008.nii 32 -59 41 -0.102148 0.731371
RRV099 con_0008.nii -32 -58 46 -0.502143 0.270058
RRV099 con_0008.nii -6 49 1 -0.348144 0.258574
RRV099 con_0009.nii 9 3 -6 -0.041273 0.563367
RRV099 con_0009.nii -9 3 -6 0.0916242 0.424781
RRV099 con_0009.nii -30 33 -18 0.465574 0.641014
RRV099 con_0009.nii 46 28 31 0.69992 0.531151
RRV099 con_0009.nii -44 27 33 0.71874 0.299998
RRV099 con_0009.nii 44 8 34 -0.105022 0.740516
RRV099 con_0009.nii -42 7 36 0.626268 0.718274
RRV099 con_0009.nii 54 -44 43 -1.0225 0.630359
RRV099 con_0009.nii -53 -50 39 -0.453096 0.498307
RRV099 con_0009.nii 32 -59 41 0.485309 0.953302
RRV099 con_0009.nii -32 -58 46 -0.176763 0.48003
RRV099 con_0009.nii -6 49 1 -1.01339 0.714063
RRV099 con_0010.nii 9 3 -6 0.338513 0.342023
RRV099 con_0010.nii -9 3 -6 0.355242 0.412395
RRV099 con_0010.nii -30 33 -18 -0.285215 0.359685
RRV099 con_0010.nii 46 28 31 0.179248 0.172764
RRV099 con_0010.nii -44 27 33 0.0569861 0.197327
RRV099 con_0010.nii 44 8 34 0.188977 0.365327
RRV099 con_0010.nii -42 7 36 0.42479 0.131566
RRV099 con_0010.nii 54 -44 43 0.439949 0.204577
RRV099 con_0010.nii -53 -50 39 0.223677 0.200362
RRV099 con_0010.nii 32 -59 41 0.399345 0.328844
RRV099 con_0010.nii -32 -58 46 -0.388792 0.216534
RRV099 con_0010.nii -6 49 1 -0.0547892 0.383374
RRV099 con_0011.nii 9 3 -6 -0.10589 0.1749
RRV099 con_0011.nii -9 3 -6 -0.225758 0.182445
RRV099 con_0011.nii -30 33 -18 0.101586 0.14623
RRV099 con_0011.nii 46 28 31 -0.0133107 0.161563
RRV099 con_0011.nii -44 27 33 0.201195 0.190138
RRV099 con_0011.nii 44 8 34 -0.0745129 0.358491
RRV099 con_0011.nii -42 7 36 0.206966 0.327581
RRV099 con_0011.nii 54 -44 43 -0.8042 0.241235
RRV099 con_0011.nii -53 -50 39 -0.14414 0.120325
RRV099 con_0011.nii 32 -59 41 -0.146724 0.562224
RRV099 con_0011.nii -32 -58 46 -0.326805 0.190325
RRV099 con_0011.nii -6 49 1 -0.545911 0.342918
RRV099 con_0012.nii 9 3 -6 0.232623 0.322944
RRV099 con_0012.nii -9 3 -6 0.129484 0.373806
RRV099 con_0012.nii -30 33 -18 -0.183628 0.318245
RRV099 con_0012.nii 46 28 31 0.165938 0.208923
RRV099 con_0012.nii -44 27 33 0.258181 0.273984
RRV099 con_0012.nii 44 8 34 0.114464 0.672022
RRV099 con_0012.nii -42 7 36 0.631757 0.414956
RRV099 con_0012.nii 54 -44 43 -0.364251 0.244858
RRV099 con_0012.nii -53 -50 39 0.0795365 0.204987
RRV099 con_0012.nii 32 -59 41 0.252621 0.821695
RRV099 con_0012.nii -32 -58 46 -0.715597 0.372398
RRV099 con_0012.nii -6 49 1 -0.6007 0.696376
RRV099 con_0013.nii 9 3 -6 -0.0879562 0.285487
RRV099 con_0013.nii -9 3 -6 -0.010819 0.229374
RRV099 con_0013.nii -30 33 -18 0.0430829 0.531037
RRV099 con_0013.nii 46 28 31 0.513244 0.261587
RRV099 con_0013.nii -44 27 33 0.474824 0.216836
RRV099 con_0013.nii 44 8 34 1.02683 0.73234
RRV099 con_0013.nii -42 7 36 0.554293 0.542548
RRV099 con_0013.nii 54 -44 43 0.114173 0.136349
RRV099 con_0013.nii -53 -50 39 0.0158689 0.18696
RRV099 con_0013.nii 32 -59 41 0.484901 0.338582
RRV099 con_0013.nii -32 -58 46 -0.379065 0.305431
RRV099 con_0013.nii -6 49 1 -0.710048 0.551151
RRV099 con_0014.nii 9 3 -6 -0.0323826 0.174553
RRV099 con_0014.nii -9 3 -6 0.0683048 0.253741
RRV099 con_0014.nii -30 33 -18 0.157139 0.194005
RRV099 con_0014.nii 46 28 31 0.147913 0.202689
RRV099 con_0014.nii -44 27 33 0.204959 0.292503
RRV099 con_0014.nii 44 8 34 0.0388283 0.356231
RRV099 con_0014.nii -42 7 36 0.0414583 0.412199
RRV099 con_0014.nii 54 -44 43 -0.783988 0.309109
RRV099 con_0014.nii -53 -50 39 -0.341975 0.173006
RRV099 con_0014.nii 32 -59 41 -0.199628 0.48029
RRV099 con_0014.nii -32 -58 46 -0.745869 0.322218
RRV099 con_0014.nii -6 49 1 -0.730918 0.234847
RRV099 con_0015.nii 9 3 -6 -0.120339 0.341005
RRV099 con_0015.nii -9 3 -6 0.0574858 0.327566
RRV099 con_0015.nii -30 33 -18 0.200222 0.614809
RRV099 con_0015.nii 46 28 31 0.661156 0.425736
RRV099 con_0015.nii -44 27 33 0.679783 0.479405
RRV099 con_0015.nii 44 8 34 1.06566 0.795934
RRV099 con_0015.nii -42 7 36 0.595751 0.927305
RRV099 con_0015.nii 54 -44 43 -0.669815 0.413612
RRV099 con_0015.nii -53 -50 39 -0.326106 0.245414
RRV099 con_0015.nii 32 -59 41 0.285274 0.72973
RRV099 con_0015.nii -32 -58 46 -1.12493 0.582537
RRV099 con_0015.nii -6 49 1 -1.44097 0.743413
RRV099 con_0016.nii 9 3 -6 0.0896405 0.329616
RRV099 con_0016.nii -9 3 -6 0.054804 0.339844
RRV099 con_0016.nii -30 33 -18 0.144511 0.308319
RRV099 con_0016.nii 46 28 31 0.674609 0.266884
RRV099 con_0016.nii -44 27 33 1.118 0.276954
RRV099 con_0016.nii 44 8 34 0.665848 0.549342
RRV099 con_0016.nii -42 7 36 0.848746 0.387776
RRV099 con_0016.nii 54 -44 43 -0.0345189 0.230732
RRV099 con_0016.nii -53 -50 39 0.220028 0.293737
RRV099 con_0016.nii 32 -59 41 0.557528 0.359154
RRV099 con_0016.nii -32 -58 46 0.057174 0.284249
RRV099 con_0016.nii -6 49 1 -0.566703 0.622582
RRV099 con_0017.nii 9 3 -6 -0.00257402 0.330247
RRV099 con_0017.nii -9 3 -6 -0.0474138 0.203875
RRV099 con_0017.nii -30 33 -18 0.173592 0.271108
RRV099 con_0017.nii 46 28 31 0.0221873 0.194427
RRV099 con_0017.nii -44 27 33 0.105633 0.21253
RRV099 con_0017.nii 44 8 34 -0.420647 0.53907
RRV099 con_0017.nii -42 7 36 -0.0475859 0.374569
RRV099 con_0017.nii 54 -44 43 -0.881237 0.357552
RRV099 con_0017.nii -53 -50 39 -0.144596 0.185787
RRV099 con_0017.nii 32 -59 41 -0.0484626 0.784912
RRV099 con_0017.nii -32 -58 46 -0.282823 0.225387
RRV099 con_0017.nii -6 49 1 -0.632357 0.254167
RRV099 con_0018.nii 9 3 -6 0.0870665 0.512011
RRV099 con_0018.nii -9 3 -6 0.00739024 0.374685
RRV099 con_0018.nii -30 33 -18 0.318103 0.480258
RRV099 con_0018.nii 46 28 31 0.696796 0.421159
RRV099 con_0018.nii -44 27 33 1.22364 0.280523
RRV099 con_0018.nii 44 8 34 0.2452 0.611171
RRV099 con_0018.nii -42 7 36 0.801161 0.69021
RRV099 con_0018.nii 54 -44 43 -0.915756 0.565465
RRV099 con_0018.nii -53 -50 39 0.0754317 0.372554
RRV099 con_0018.nii 32 -59 41 0.509066 1.03153
RRV099 con_0018.nii -32 -58 46 -0.225649 0.488949
RRV099 con_0018.nii -6 49 1 -1.19906 0.833431
RRV099 con_0019.nii 9 3 -6 0.0164774 0.18128
RRV099 con_0019.nii -9 3 -6 0.126272 0.380141
RRV099 con_0019.nii -30 33 -18 0.669841 0.277163
RRV099 con_0019.nii 46 28 31 0.608066 0.207412
RRV099 con_0019.nii -44 27 33 1.2115 0.230499
RRV099 con_0019.nii 44 8 34 0.558901 0.666781
RRV099 con_0019.nii -42 7 36 0.51577 0.272058
RRV099 con_0019.nii 54 -44 43 -0.220619 0.265813
RRV099 con_0019.nii -53 -50 39 0.206327 0.265904
RRV099 con_0019.nii 32 -59 41 0.330291 0.319073
RRV099 con_0019.nii -32 -58 46 0.46089 0.197938
RRV099 con_0019.nii -6 49 1 -0.224694 0.273531
RRV099 con_0020.nii 9 3 -6 0.0697237 0.603866
RRV099 con_0020.nii -9 3 -6 -0.0465907 0.249998
RRV099 con_0020.nii -30 33 -18 0.10857 0.235298
RRV099 con_0020.nii 46 28 31 -0.303825 0.212203
RRV099 con_0020.nii -44 27 33 -0.115252 0.227682
RRV099 con_0020.nii 44 8 34 -0.361396 0.169571
RRV099 con_0020.nii -42 7 36 -0.207424 0.166415
RRV099 con_0020.nii 54 -44 43 0.691518 0.317512
RRV099 con_0020.nii -53 -50 39 0.140554 0.134546
RRV099 con_0020.nii 32 -59 41 -0.00808686 0.216023
RRV099 con_0020.nii -32 -58 46 -0.246643 0.335566
RRV099 con_0020.nii -6 49 1 0.264572 0.239988
RRV099 con_0021.nii 9 3 -6 0.0862011 0.644169
RRV099 con_0021.nii -9 3 -6 0.0796809 0.443592
RRV099 con_0021.nii -30 33 -18 0.77841 0.42273
RRV099 con_0021.nii 46 28 31 0.304241 0.334263
RRV099 con_0021.nii -44 27 33 1.09624 0.243108
RRV099 con_0021.nii 44 8 34 0.197505 0.582499
RRV099 con_0021.nii -42 7 36 0.308346 0.32356
RRV099 con_0021.nii 54 -44 43 0.470899 0.254361
RRV099 con_0021.nii -53 -50 39 0.346881 0.333965
RRV099 con_0021.nii 32 -59 41 0.322204 0.277397
RRV099 con_0021.nii -32 -58 46 0.214248 0.339109
RRV099 con_0021.nii -6 49 1 0.0398784 0.412069
RRV099 con_0022.nii 9 3 -6 -0.345272 0.160447
RRV099 con_0022.nii -9 3 -6 -0.411996 0.394644
RRV099 con_0022.nii -30 33 -18 0.180145 0.418155
RRV099 con_0022.nii 46 28 31 0.584666 0.322951
RRV099 con_0022.nii -44 27 33 0.892079 0.24984
RRV099 con_0022.nii 44 8 34 0.544193 0.491753
RRV099 con_0022.nii -42 7 36 0.349099 0.288035
RRV099 con_0022.nii 54 -44 43 -0.454323 0.309891
RRV099 con_0022.nii -53 -50 39 0.201914 0.353572
RRV099 con_0022.nii 32 -59 41 -0.0438533 0.333965
RRV099 con_0022.nii -32 -58 46 0.162836 0.316981
RRV099 con_0022.nii -6 49 1 -0.700585 0.352699
RRV099 con_0023.nii 9 3 -6 0.0962982 0.237799
RRV099 con_0023.nii -9 3 -6 0.00389288 0.343327
RRV099 con_0023.nii -30 33 -18 -0.102563 0.366955
RRV099 con_0023.nii 46 28 31 0.169686 0.13287
RRV099 con_0023.nii -44 27 33 0.447482 0.391598
RRV099 con_0023.nii 44 8 34 -0.130003 0.13331
RRV099 con_0023.nii -42 7 36 -0.143745 0.428438
RRV099 con_0023.nii 54 -44 43 -1.01284 0.593846
RRV099 con_0023.nii -53 -50 39 -0.0284761 0.30839
RRV099 con_0023.nii 32 -59 41 0.258295 0.415524
RRV099 con_0023.nii -32 -58 46 0.553926 0.282761
RRV099 con_0023.nii -6 49 1 -0.721677 0.370554
RRV099 con_0024.nii 9 3 -6 -0.248974 0.332185
RRV099 con_0024.nii -9 3 -6 -0.408103 0.474535
RRV099 con_0024.nii -30 33 -18 0.0775821 0.568998
RRV099 con_0024.nii 46 28 31 0.754352 0.411039
RRV099 con_0024.nii -44 27 33 1.33956 0.424107
RRV099 con_0024.nii 44 8 34 0.414191 0.468896
RRV099 con_0024.nii -42 7 36 0.205354 0.491969
RRV099 con_0024.nii 54 -44 43 -1.46717 0.875399
RRV099 con_0024.nii -53 -50 39 0.173437 0.472447
RRV099 con_0024.nii 32 -59 41 0.214441 0.551033
RRV099 con_0024.nii -32 -58 46 0.716762 0.31116
RRV099 con_0024.nii -6 49 1 -1.42226 0.582134
RRV099 con_0025.nii 9 3 -6 -0.417822 0.251234
RRV099 con_0025.nii -9 3 -6 -0.615589 0.337072
RRV099 con_0025.nii -30 33 -18 0.439191 0.307733
RRV099 con_0025.nii 46 28 31 0.293348 0.309037
RRV099 con_0025.nii -44 27 33 1.07948 0.272707
RRV099 con_0025.nii 44 8 34 0.327517 0.850814
RRV099 con_0025.nii -42 7 36 0.407 0.617965
RRV099 con_0025.nii 54 -44 43 -0.748463 0.426155
RRV099 con_0025.nii -53 -50 39 -0.419186 0.389457
RRV099 con_0025.nii 32 -59 41 0.188112 0.281154
RRV099 con_0025.nii -32 -58 46 0.714171 0.265067
RRV099 con_0025.nii -6 49 1 -0.610462 0.336228
RRV099 con_0026.nii 9 3 -6 0.143926 0.391138
RRV099 con_0026.nii -9 3 -6 0.577729 0.415832
RRV099 con_0026.nii -30 33 -18 0.210012 0.302496
RRV099 con_0026.nii 46 28 31 0.240634 0.271921
RRV099 con_0026.nii -44 27 33 -0.618915 0.401543
RRV099 con_0026.nii 44 8 34 -0.547004 0.484742
RRV099 con_0026.nii -42 7 36 -0.412488 0.285822
RRV099 con_0026.nii 54 -44 43 0.090215 0.292995
RRV099 con_0026.nii -53 -50 39 -0.113447 0.18743
RRV099 con_0026.nii 32 -59 41 0.0445763 0.358955
RRV099 con_0026.nii -32 -58 46 -0.175337 0.239369
RRV099 con_0026.nii -6 49 1 0.197767 0.407981
RRV099 con_0027.nii 9 3 -6 -0.273896 0.463422
RRV099 con_0027.nii -9 3 -6 -0.03786 0.376595
RRV099 con_0027.nii -30 33 -18 0.649202 0.436639
RRV099 con_0027.nii 46 28 31 0.533982 0.45835
RRV099 con_0027.nii -44 27 33 0.46056 0.377106
RRV099 con_0027.nii 44 8 34 -0.219487 0.54975
RRV099 con_0027.nii -42 7 36 -0.00548852 0.453271
RRV099 con_0027.nii 54 -44 43 -0.658248 0.591303
RRV099 con_0027.nii -53 -50 39 -0.532633 0.5043
RRV099 con_0027.nii 32 -59 41 0.232688 0.263981
RRV099 con_0027.nii -32 -58 46 0.538834 0.374493
RRV099 con_0027.nii -6 49 1 -0.412694 0.3668
RRV099 con_0028.nii 9 3 -6 -0.248872 0.144954
RRV099 con_0028.nii -9 3 -6 -0.300438 0.217565
RRV099 con_0028.nii -30 33 -18 0.429726 0.245016
RRV099 con_0028.nii 46 28 31 0.49536 0.258775
RRV099 con_0028.nii -44 27 33 1.06102 0.2148
RRV099 con_0028.nii 44 8 34 0.476871 0.651325
RRV099 con_0028.nii -42 7 36 0.423956 0.359405
RRV099 con_0028.nii 54 -44 43 -0.474468 0.313853
RRV099 con_0028.nii -53 -50 39 -0.00364873 0.266582
RRV099 con_0028.nii 32 -59 41 0.158183 0.298766
RRV099 con_0028.nii -32 -58 46 0.445966 0.175531
RRV099 con_0028.nii -6 49 1 -0.511914 0.286201
RRV099 con_0029.nii 9 3 -6 0.103316 0.335049
RRV099 con_0029.nii -9 3 -6 0.178344 0.287879
RRV099 con_0029.nii -30 33 -18 0.0720059 0.211922
RRV099 con_0029.nii 46 28 31 0.0354981 0.137995
RRV099 con_0029.nii -44 27 33 -0.0955615 0.23181
RRV099 con_0029.nii 44 8 34 -0.346134 0.224695
RRV099 con_0029.nii -42 7 36 -0.254552 0.138513
RRV099 con_0029.nii 54 -44 43 -0.0770371 0.183661
RRV099 con_0029.nii -53 -50 39 -0.000456125 0.106961
RRV099 con_0029.nii 32 -59 41 0.0982614 0.259221
RRV099 con_0029.nii -32 -58 46 0.043982 0.125364
RRV099 con_0029.nii -6 49 1 -0.0864458 0.173696
RRV099 con_0030.nii 9 3 -6 -0.145556 0.381721
RRV099 con_0030.nii -9 3 -6 -0.122094 0.326944
RRV099 con_0030.nii -30 33 -18 0.501732 0.375844
RRV099 con_0030.nii 46 28 31 0.530858 0.342488
RRV099 con_0030.nii -44 27 33 0.965455 0.226022
RRV099 con_0030.nii 44 8 34 0.130736 0.475348
RRV099 con_0030.nii -42 7 36 0.169404 0.348195
RRV099 con_0030.nii 54 -44 43 -0.551505 0.446373
RRV099 con_0030.nii -53 -50 39 -0.00410485 0.335575
RRV099 con_0030.nii 32 -59 41 0.256444 0.297277
RRV099 con_0030.nii -32 -58 46 0.489948 0.25066
RRV099 con_0030.nii -6 49 1 -0.59836 0.256483
