RRV062 con_0001.nii 9 3 -6 0.374255 0.1778
RRV062 con_0001.nii -9 3 -6 0.0991713 0.249689
RRV062 con_0001.nii -30 33 -18 0.537404 0.265823
RRV062 con_0001.nii 46 28 31 0.519264 0.417045
RRV062 con_0001.nii -44 27 33 -0.0740933 0.25828
RRV062 con_0001.nii 44 8 34 0.499944 0.41339
RRV062 con_0001.nii -42 7 36 0.595157 0.336022
RRV062 con_0001.nii 54 -44 43 0.0216398 0.483062
RRV062 con_0001.nii -53 -50 39 0.179884 0.342648
RRV062 con_0001.nii 32 -59 41 1.34346 0.393114
RRV062 con_0001.nii -32 -58 46 0.512017 0.440802
RRV062 con_0001.nii -6 49 1 -0.853722 0.27027
RRV062 con_0002.nii 9 3 -6 0.177793 0.24057
RRV062 con_0002.nii -9 3 -6 -0.238636 0.268736
RRV062 con_0002.nii -30 33 -18 0.559882 0.336259
RRV062 con_0002.nii 46 28 31 0.84772 0.549351
RRV062 con_0002.nii -44 27 33 -0.267291 0.441656
RRV062 con_0002.nii 44 8 34 0.738806 0.729463
RRV062 con_0002.nii -42 7 36 0.255517 0.387076
RRV062 con_0002.nii 54 -44 43 0.997772 0.547346
RRV062 con_0002.nii -53 -50 39 0.216696 0.369409
RRV062 con_0002.nii 32 -59 41 1.49084 0.616013
RRV062 con_0002.nii -32 -58 46 0.924776 0.683787
RRV062 con_0002.nii -6 49 1 -1.3573 0.645434
RRV062 con_0003.nii 9 3 -6 0.552047 0.278302
RRV062 con_0003.nii -9 3 -6 -0.139465 0.281081
RRV062 con_0003.nii -30 33 -18 1.09729 0.486404
RRV062 con_0003.nii 46 28 31 1.36698 0.937694
RRV062 con_0003.nii -44 27 33 -0.341385 0.563977
RRV062 con_0003.nii 44 8 34 1.23875 1.06552
RRV062 con_0003.nii -42 7 36 0.850673 0.577133
RRV062 con_0003.nii 54 -44 43 1.01941 0.977045
RRV062 con_0003.nii -53 -50 39 0.39658 0.621482
RRV062 con_0003.nii 32 -59 41 2.8343 0.80912
RRV062 con_0003.nii -32 -58 46 1.43679 1.07928
RRV062 con_0003.nii -6 49 1 -2.21102 0.797382
RRV062 con_0004.nii 9 3 -6 0.202318 0.230551
RRV062 con_0004.nii -9 3 -6 0.127013 0.291974
RRV062 con_0004.nii -30 33 -18 0.518447 0.406804
RRV062 con_0004.nii 46 28 31 0.33236 0.440449
RRV062 con_0004.nii -44 27 33 0.0757632 0.328582
RRV062 con_0004.nii 44 8 34 0.649039 0.46325
RRV062 con_0004.nii -42 7 36 0.254234 0.446522
RRV062 con_0004.nii 54 -44 43 0.060828 0.385655
RRV062 con_0004.nii -53 -50 39 -0.282331 0.290225
RRV062 con_0004.nii 32 -59 41 1.54863 0.427847
RRV062 con_0004.nii -32 -58 46 0.337848 0.501287
RRV062 con_0004.nii -6 49 1 -1.26507 0.398668
RRV062 con_0005.nii 9 3 -6 0.37452 0.468814
RRV062 con_0005.nii -9 3 -6 0.365688 0.29124
RRV062 con_0005.nii -30 33 -18 -0.116419 0.615349
RRV062 con_0005.nii 46 28 31 0.282616 0.474414
RRV062 con_0005.nii -44 27 33 -0.770207 0.54539
RRV062 con_0005.nii 44 8 34 0.846013 0.529211
RRV062 con_0005.nii -42 7 36 0.416705 0.290811
RRV062 con_0005.nii 54 -44 43 -0.691925 0.268203
RRV062 con_0005.nii -53 -50 39 -0.130113 0.340711
RRV062 con_0005.nii 32 -59 41 0.508294 0.351839
RRV062 con_0005.nii -32 -58 46 -0.0292321 0.447753
RRV062 con_0005.nii -6 49 1 -1.23491 0.526833
RRV062 con_0006.nii 9 3 -6 0.576838 0.344215
RRV062 con_0006.nii -9 3 -6 0.492701 0.301706
RRV062 con_0006.nii -30 33 -18 0.402029 0.619614
RRV062 con_0006.nii 46 28 31 0.614977 0.886621
RRV062 con_0006.nii -44 27 33 -0.694444 0.707099
RRV062 con_0006.nii 44 8 34 1.49505 0.734966
RRV062 con_0006.nii -42 7 36 0.670938 0.513318
RRV062 con_0006.nii 54 -44 43 -0.631097 0.534689
RRV062 con_0006.nii -53 -50 39 -0.412444 0.591378
RRV062 con_0006.nii 32 -59 41 2.05692 0.672945
RRV062 con_0006.nii -32 -58 46 0.308616 0.85446
RRV062 con_0006.nii -6 49 1 -2.49999 0.80366
RRV062 con_0007.nii 9 3 -6 0.0816574 0.316009
RRV062 con_0007.nii -9 3 -6 0.0995744 0.375661
RRV062 con_0007.nii -30 33 -18 -0.212663 0.454936
RRV062 con_0007.nii 46 28 31 0.218405 0.468813
RRV062 con_0007.nii -44 27 33 -0.220253 0.179232
RRV062 con_0007.nii 44 8 34 0.637381 0.425666
RRV062 con_0007.nii -42 7 36 0.581184 0.285351
RRV062 con_0007.nii 54 -44 43 -0.652121 0.395053
RRV062 con_0007.nii -53 -50 39 -0.311287 0.194594
RRV062 con_0007.nii 32 -59 41 1.09684 0.416952
RRV062 con_0007.nii -32 -58 46 -0.21338 0.429133
RRV062 con_0007.nii -6 49 1 -0.487906 0.35353
RRV062 con_0008.nii 9 3 -6 0.439061 0.336777
RRV062 con_0008.nii -9 3 -6 0.723514 0.257571
RRV062 con_0008.nii -30 33 -18 0.431358 0.393959
RRV062 con_0008.nii 46 28 31 0.999765 0.535987
RRV062 con_0008.nii -44 27 33 0.410098 0.385469
RRV062 con_0008.nii 44 8 34 1.51909 0.808112
RRV062 con_0008.nii -42 7 36 0.823165 0.367406
RRV062 con_0008.nii 54 -44 43 1.00398 0.272151
RRV062 con_0008.nii -53 -50 39 0.498191 0.4341
RRV062 con_0008.nii 32 -59 41 1.63538 0.440469
RRV062 con_0008.nii -32 -58 46 1.05646 1.05772
RRV062 con_0008.nii -6 49 1 -0.989216 0.285436
RRV062 con_0009.nii 9 3 -6 0.520718 0.546491
RRV062 con_0009.nii -9 3 -6 0.823088 0.542423
RRV062 con_0009.nii -30 33 -18 0.218694 0.801755
RRV062 con_0009.nii 46 28 31 1.21817 0.951656
RRV062 con_0009.nii -44 27 33 0.189845 0.527311
RRV062 con_0009.nii 44 8 34 2.15647 1.11076
RRV062 con_0009.nii -42 7 36 1.40435 0.62453
RRV062 con_0009.nii 54 -44 43 0.351856 0.430107
RRV062 con_0009.nii -53 -50 39 0.186904 0.545733
RRV062 con_0009.nii 32 -59 41 2.73222 0.623713
RRV062 con_0009.nii -32 -58 46 0.843077 1.35147
RRV062 con_0009.nii -6 49 1 -1.47712 0.318935
RRV062 con_0010.nii 9 3 -6 -0.0201826 0.248502
RRV062 con_0010.nii -9 3 -6 -0.188161 0.133221
RRV062 con_0010.nii -30 33 -18 -0.0153374 0.231057
RRV062 con_0010.nii 46 28 31 0.0859752 0.249338
RRV062 con_0010.nii -44 27 33 0.0644201 0.16753
RRV062 con_0010.nii 44 8 34 0.30124 0.327799
RRV062 con_0010.nii -42 7 36 -0.186655 0.190055
RRV062 con_0010.nii 54 -44 43 0.15239 0.272568
RRV062 con_0010.nii -53 -50 39 -0.218967 0.233362
RRV062 con_0010.nii 32 -59 41 0.943841 0.212151
RRV062 con_0010.nii -32 -58 46 0.193359 0.344272
RRV062 con_0010.nii -6 49 1 -0.525485 0.25931
RRV062 con_0011.nii 9 3 -6 -0.0278722 0.276929
RRV062 con_0011.nii -9 3 -6 0.0525793 0.199713
RRV062 con_0011.nii -30 33 -18 -0.041723 0.271466
RRV062 con_0011.nii 46 28 31 0.194296 0.392678
RRV062 con_0011.nii -44 27 33 0.23576 0.11147
RRV062 con_0011.nii 44 8 34 0.673397 0.40457
RRV062 con_0011.nii -42 7 36 0.30672 0.207018
RRV062 con_0011.nii 54 -44 43 0.121696 0.40426
RRV062 con_0011.nii -53 -50 39 -0.0377037 0.178304
RRV062 con_0011.nii 32 -59 41 0.632974 0.451569
RRV062 con_0011.nii -32 -58 46 0.310937 0.452644
RRV062 con_0011.nii -6 49 1 -1.32327 0.506604
RRV062 con_0012.nii 9 3 -6 -0.0480548 0.477785
RRV062 con_0012.nii -9 3 -6 -0.135582 0.267871
RRV062 con_0012.nii -30 33 -18 -0.0570604 0.46078
RRV062 con_0012.nii 46 28 31 0.280271 0.600428
RRV062 con_0012.nii -44 27 33 0.30018 0.246271
RRV062 con_0012.nii 44 8 34 0.974637 0.64489
RRV062 con_0012.nii -42 7 36 0.120066 0.280644
RRV062 con_0012.nii 54 -44 43 0.274086 0.611895
RRV062 con_0012.nii -53 -50 39 -0.256671 0.363304
RRV062 con_0012.nii 32 -59 41 1.57682 0.509904
RRV062 con_0012.nii -32 -58 46 0.504297 0.773574
RRV062 con_0012.nii -6 49 1 -1.84875 0.551268
RRV062 con_0013.nii 9 3 -6 0.169921 0.257473
RRV062 con_0013.nii -9 3 -6 0.0331137 0.242245
RRV062 con_0013.nii -30 33 -18 0.162073 0.187283
RRV062 con_0013.nii 46 28 31 0.226285 0.415579
RRV062 con_0013.nii -44 27 33 0.149409 0.174975
RRV062 con_0013.nii 44 8 34 1.18768 0.532289
RRV062 con_0013.nii -42 7 36 0.53982 0.370163
RRV062 con_0013.nii 54 -44 43 0.248563 0.487667
RRV062 con_0013.nii -53 -50 39 -0.0489228 0.228889
RRV062 con_0013.nii 32 -59 41 0.937865 0.263869
RRV062 con_0013.nii -32 -58 46 -0.192997 0.361553
RRV062 con_0013.nii -6 49 1 -0.758215 0.250012
RRV062 con_0014.nii 9 3 -6 0.175166 0.183404
RRV062 con_0014.nii -9 3 -6 0.263804 0.180404
RRV062 con_0014.nii -30 33 -18 -0.0774121 0.23034
RRV062 con_0014.nii 46 28 31 0.278201 0.392797
RRV062 con_0014.nii -44 27 33 0.182951 0.172668
RRV062 con_0014.nii 44 8 34 1.06087 0.637849
RRV062 con_0014.nii -42 7 36 0.0444197 0.252942
RRV062 con_0014.nii 54 -44 43 0.230669 0.330152
RRV062 con_0014.nii -53 -50 39 0.0361995 0.149769
RRV062 con_0014.nii 32 -59 41 0.700054 0.193431
RRV062 con_0014.nii -32 -58 46 0.0543392 0.396475
RRV062 con_0014.nii -6 49 1 -0.757036 0.310853
RRV062 con_0015.nii 9 3 -6 0.345088 0.378317
RRV062 con_0015.nii -9 3 -6 0.296918 0.375547
RRV062 con_0015.nii -30 33 -18 0.0846612 0.389513
RRV062 con_0015.nii 46 28 31 0.504487 0.782285
RRV062 con_0015.nii -44 27 33 0.33236 0.281421
RRV062 con_0015.nii 44 8 34 2.24855 1.05128
RRV062 con_0015.nii -42 7 36 0.58424 0.424174
RRV062 con_0015.nii 54 -44 43 0.479232 0.681964
RRV062 con_0015.nii -53 -50 39 -0.0127233 0.339239
RRV062 con_0015.nii 32 -59 41 1.63792 0.331195
RRV062 con_0015.nii -32 -58 46 -0.138658 0.704922
RRV062 con_0015.nii -6 49 1 -1.51525 0.535383
RRV062 con_0016.nii 9 3 -6 0.21941 0.143631
RRV062 con_0016.nii -9 3 -6 0.108586 0.276883
RRV062 con_0016.nii -30 33 -18 0.281062 0.248358
RRV062 con_0016.nii 46 28 31 0.356676 0.421078
RRV062 con_0016.nii -44 27 33 -0.0728609 0.213789
RRV062 con_0016.nii 44 8 34 0.595455 0.357181
RRV062 con_0016.nii -42 7 36 0.476858 0.314598
RRV062 con_0016.nii 54 -44 43 -0.189885 0.4058
RRV062 con_0016.nii -53 -50 39 -0.137911 0.252117
RRV062 con_0016.nii 32 -59 41 1.32964 0.389216
RRV062 con_0016.nii -32 -58 46 0.212161 0.435668
RRV062 con_0016.nii -6 49 1 -0.8689 0.27725
RRV062 con_0017.nii 9 3 -6 0.330458 0.255281
RRV062 con_0017.nii -9 3 -6 0.283522 0.164598
RRV062 con_0017.nii -30 33 -18 0.291607 0.405736
RRV062 con_0017.nii 46 28 31 0.710034 0.512348
RRV062 con_0017.nii -44 27 33 -0.209133 0.371937
RRV062 con_0017.nii 44 8 34 1.03464 0.631251
RRV062 con_0017.nii -42 7 36 0.498462 0.167335
RRV062 con_0017.nii 54 -44 43 0.436608 0.266811
RRV062 con_0017.nii -53 -50 39 0.194925 0.337066
RRV062 con_0017.nii 32 -59 41 1.21151 0.443459
RRV062 con_0017.nii -32 -58 46 0.650667 0.646555
RRV062 con_0017.nii -6 49 1 -1.19381 0.381846
RRV062 con_0018.nii 9 3 -6 0.549868 0.284879
RRV062 con_0018.nii -9 3 -6 0.392108 0.260797
RRV062 con_0018.nii -30 33 -18 0.572669 0.579974
RRV062 con_0018.nii 46 28 31 1.06671 0.911734
RRV062 con_0018.nii -44 27 33 -0.281994 0.520561
RRV062 con_0018.nii 44 8 34 1.63009 0.944881
RRV062 con_0018.nii -42 7 36 0.97532 0.424198
RRV062 con_0018.nii 54 -44 43 0.246724 0.603425
RRV062 con_0018.nii -53 -50 39 0.0570132 0.561804
RRV062 con_0018.nii 32 -59 41 2.54115 0.657942
RRV062 con_0018.nii -32 -58 46 0.862828 1.00987
RRV062 con_0018.nii -6 49 1 -2.06271 0.579674
RRV062 con_0019.nii 9 3 -6 0.394437 0.298625
RRV062 con_0019.nii -9 3 -6 0.287332 0.230497
RRV062 con_0019.nii -30 33 -18 0.552741 0.291779
RRV062 con_0019.nii 46 28 31 0.433289 0.374375
RRV062 con_0019.nii -44 27 33 -0.138513 0.250123
RRV062 con_0019.nii 44 8 34 0.198704 0.443015
RRV062 con_0019.nii -42 7 36 0.781811 0.460759
RRV062 con_0019.nii 54 -44 43 -0.13075 0.38568
RRV062 con_0019.nii -53 -50 39 0.398851 0.29371
RRV062 con_0019.nii 32 -59 41 0.399615 0.233267
RRV062 con_0019.nii -32 -58 46 0.318657 0.154189
RRV062 con_0019.nii -6 49 1 -0.328237 0.35483
RRV062 con_0020.nii 9 3 -6 0.205665 0.345117
RRV062 con_0020.nii -9 3 -6 -0.291215 0.378514
RRV062 con_0020.nii -30 33 -18 0.601605 0.216275
RRV062 con_0020.nii 46 28 31 0.653424 0.336443
RRV062 con_0020.nii -44 27 33 -0.503052 0.417481
RRV062 con_0020.nii 44 8 34 0.0654093 0.603506
RRV062 con_0020.nii -42 7 36 -0.0512038 0.28842
RRV062 con_0020.nii 54 -44 43 0.876076 0.408688
RRV062 con_0020.nii -53 -50 39 0.2544 0.254818
RRV062 con_0020.nii 32 -59 41 0.85787 0.362805
RRV062 con_0020.nii -32 -58 46 0.613839 0.4251
RRV062 con_0020.nii -6 49 1 -0.0340336 0.395815
RRV062 con_0021.nii 9 3 -6 0.600102 0.546992
RRV062 con_0021.nii -9 3 -6 -0.00388314 0.387072
RRV062 con_0021.nii -30 33 -18 1.15435 0.351399
RRV062 con_0021.nii 46 28 31 1.08671 0.622759
RRV062 con_0021.nii -44 27 33 -0.641565 0.531573
RRV062 con_0021.nii 44 8 34 0.264113 0.9028
RRV062 con_0021.nii -42 7 36 0.730608 0.629268
RRV062 con_0021.nii 54 -44 43 0.745326 0.620214
RRV062 con_0021.nii -53 -50 39 0.653251 0.452939
RRV062 con_0021.nii 32 -59 41 1.25748 0.443078
RRV062 con_0021.nii -32 -58 46 0.932496 0.551651
RRV062 con_0021.nii -6 49 1 -0.36227 0.414131
RRV062 con_0022.nii 9 3 -6 0.2225 0.355912
RRV062 con_0022.nii -9 3 -6 0.315174 0.254724
RRV062 con_0022.nii -30 33 -18 0.533785 0.333307
RRV062 con_0022.nii 46 28 31 0.246385 0.400106
RRV062 con_0022.nii -44 27 33 0.0113432 0.314034
RRV062 con_0022.nii 44 8 34 0.347798 0.43524
RRV062 con_0022.nii -42 7 36 0.440888 0.59704
RRV062 con_0022.nii 54 -44 43 -0.0915616 0.34435
RRV062 con_0022.nii -53 -50 39 -0.0633638 0.159459
RRV062 con_0022.nii 32 -59 41 0.604786 0.292782
RRV062 con_0022.nii -32 -58 46 0.144488 0.253129
RRV062 con_0022.nii -6 49 1 -0.739589 0.541899
RRV062 con_0023.nii 9 3 -6 0.402393 0.383693
RRV062 con_0023.nii -9 3 -6 0.313109 0.35452
RRV062 con_0023.nii -30 33 -18 -0.0746957 0.434068
RRV062 con_0023.nii 46 28 31 0.0883204 0.259029
RRV062 con_0023.nii -44 27 33 -1.00597 0.555769
RRV062 con_0023.nii 44 8 34 0.172616 0.613487
RRV062 con_0023.nii -42 7 36 0.109984 0.329215
RRV062 con_0023.nii 54 -44 43 -0.813622 0.295418
RRV062 con_0023.nii -53 -50 39 -0.0924093 0.329838
RRV062 con_0023.nii 32 -59 41 -0.124679 0.335228
RRV062 con_0023.nii -32 -58 46 -0.340169 0.537994
RRV062 con_0023.nii -6 49 1 0.0883506 0.285307
RRV062 con_0024.nii 9 3 -6 0.624893 0.479003
RRV062 con_0024.nii -9 3 -6 0.628283 0.339441
RRV062 con_0024.nii -30 33 -18 0.459089 0.255513
RRV062 con_0024.nii 46 28 31 0.334705 0.565949
RRV062 con_0024.nii -44 27 33 -0.994624 0.721227
RRV062 con_0024.nii 44 8 34 0.520415 0.718948
RRV062 con_0024.nii -42 7 36 0.550873 0.67468
RRV062 con_0024.nii 54 -44 43 -0.905183 0.402462
RRV062 con_0024.nii -53 -50 39 -0.155773 0.430378
RRV062 con_0024.nii 32 -59 41 0.480106 0.581162
RRV062 con_0024.nii -32 -58 46 -0.195681 0.676825
RRV062 con_0024.nii -6 49 1 -0.651238 0.541242
RRV062 con_0025.nii 9 3 -6 0.10184 0.21047
RRV062 con_0025.nii -9 3 -6 0.287735 0.345612
RRV062 con_0025.nii -30 33 -18 -0.197326 0.376276
RRV062 con_0025.nii 46 28 31 0.13243 0.298588
RRV062 con_0025.nii -44 27 33 -0.284673 0.15633
RRV062 con_0025.nii 44 8 34 0.336141 0.446429
RRV062 con_0025.nii -42 7 36 0.767839 0.370009
RRV062 con_0025.nii 54 -44 43 -0.804511 0.317956
RRV062 con_0025.nii -53 -50 39 -0.0923199 0.132203
RRV062 con_0025.nii 32 -59 41 0.152997 0.316387
RRV062 con_0025.nii -32 -58 46 -0.40674 0.222947
RRV062 con_0025.nii -6 49 1 0.0375787 0.32625
RRV062 con_0026.nii 9 3 -6 0.466933 0.249098
RRV062 con_0026.nii -9 3 -6 0.670935 0.171007
RRV062 con_0026.nii -30 33 -18 0.473081 0.198821
RRV062 con_0026.nii 46 28 31 0.805469 0.310684
RRV062 con_0026.nii -44 27 33 0.174338 0.413161
RRV062 con_0026.nii 44 8 34 0.845696 0.525558
RRV062 con_0026.nii -42 7 36 0.516444 0.420961
RRV062 con_0026.nii 54 -44 43 0.882281 0.376957
RRV062 con_0026.nii -53 -50 39 0.535894 0.421062
RRV062 con_0026.nii 32 -59 41 1.00241 0.31002
RRV062 con_0026.nii -32 -58 46 0.74552 0.690505
RRV062 con_0026.nii -6 49 1 0.334049 0.562942
RRV062 con_0027.nii 9 3 -6 0.568773 0.264595
RRV062 con_0027.nii -9 3 -6 0.95867 0.402805
RRV062 con_0027.nii -30 33 -18 0.275755 0.439826
RRV062 con_0027.nii 46 28 31 0.937899 0.513975
RRV062 con_0027.nii -44 27 33 -0.110335 0.532328
RRV062 con_0027.nii 44 8 34 1.18184 0.83868
RRV062 con_0027.nii -42 7 36 1.28428 0.727894
RRV062 con_0027.nii 54 -44 43 0.07777 0.267315
RRV062 con_0027.nii -53 -50 39 0.443574 0.43579
RRV062 con_0027.nii 32 -59 41 1.1554 0.297674
RRV062 con_0027.nii -32 -58 46 0.33878 0.69042
RRV062 con_0027.nii -6 49 1 0.371628 0.441749
RRV062 con_0028.nii 9 3 -6 0.239593 0.214017
RRV062 con_0028.nii -9 3 -6 0.296747 0.244089
RRV062 con_0028.nii -30 33 -18 0.2964 0.163033
RRV062 con_0028.nii 46 28 31 0.270701 0.333472
RRV062 con_0028.nii -44 27 33 -0.137281 0.196585
RRV062 con_0028.nii 44 8 34 0.294214 0.365625
RRV062 con_0028.nii -42 7 36 0.663513 0.450503
RRV062 con_0028.nii 54 -44 43 -0.342274 0.328784
RRV062 con_0028.nii -53 -50 39 0.0810557 0.163661
RRV062 con_0028.nii 32 -59 41 0.385799 0.247158
RRV062 con_0028.nii -32 -58 46 0.0188018 0.160441
RRV062 con_0028.nii -6 49 1 -0.343416 0.364982
RRV062 con_0029.nii 9 3 -6 0.35833 0.210397
RRV062 con_0029.nii -9 3 -6 0.230943 0.228105
RRV062 con_0029.nii -30 33 -18 0.33333 0.201375
RRV062 con_0029.nii 46 28 31 0.515738 0.288779
RRV062 con_0029.nii -44 27 33 -0.444894 0.377618
RRV062 con_0029.nii 44 8 34 0.36124 0.499001
RRV062 con_0029.nii -42 7 36 0.191742 0.166727
RRV062 con_0029.nii 54 -44 43 0.314912 0.234074
RRV062 con_0029.nii -53 -50 39 0.232628 0.289176
RRV062 con_0029.nii 32 -59 41 0.578532 0.278574
RRV062 con_0029.nii -32 -58 46 0.33973 0.371583
RRV062 con_0029.nii -6 49 1 0.129455 0.268812
RRV062 con_0030.nii 9 3 -6 0.597923 0.34036
RRV062 con_0030.nii -9 3 -6 0.52769 0.235999
RRV062 con_0030.nii -30 33 -18 0.62973 0.206562
RRV062 con_0030.nii 46 28 31 0.786439 0.546216
RRV062 con_0030.nii -44 27 33 -0.582175 0.517349
RRV062 con_0030.nii 44 8 34 0.655455 0.775548
RRV062 con_0030.nii -42 7 36 0.855255 0.558038
RRV062 con_0030.nii 54 -44 43 -0.0273624 0.308201
RRV062 con_0030.nii -53 -50 39 0.313684 0.405532
RRV062 con_0030.nii 32 -59 41 0.964331 0.376294
RRV062 con_0030.nii -32 -58 46 0.358532 0.43863
RRV062 con_0030.nii -6 49 1 -0.21396 0.307814
RRV062 con_0031.nii 9 3 -6 0.190104 0.11852
RRV062 con_0031.nii -9 3 -6 0.221275 0.214309
RRV062 con_0031.nii -30 33 -18 0.177411 0.13024
RRV062 con_0031.nii 46 28 31 0.14031 0.230537
RRV062 con_0031.nii -44 27 33 0.084989 0.133866
RRV062 con_0031.nii 44 8 34 0.886443 0.375802
RRV062 con_0031.nii -42 7 36 0.726475 0.436009
RRV062 con_0031.nii 54 -44 43 0.0961732 0.28651
RRV062 con_0031.nii -53 -50 39 0.170044 0.142736
RRV062 con_0031.nii 32 -59 41 -0.00597656 0.112562
RRV062 con_0031.nii -32 -58 46 -0.386356 0.131583
RRV062 con_0031.nii -6 49 1 -0.23273 0.220646
RRV062 con_0032.nii 9 3 -6 0.203038 0.180865
RRV062 con_0032.nii -9 3 -6 0.211225 0.204081
RRV062 con_0032.nii -30 33 -18 -0.0356891 0.270457
RRV062 con_0032.nii 46 28 31 0.0839054 0.0904849
RRV062 con_0032.nii -44 27 33 -0.0528093 0.185853
RRV062 con_0032.nii 44 8 34 0.387473 0.285544
RRV062 con_0032.nii -42 7 36 -0.262301 0.206295
RRV062 con_0032.nii 54 -44 43 0.108973 0.208226
RRV062 con_0032.nii -53 -50 39 0.0739032 0.117641
RRV062 con_0032.nii 32 -59 41 0.0670804 0.35927
RRV062 con_0032.nii -32 -58 46 -0.256598 0.161341
RRV062 con_0032.nii -6 49 1 0.566229 0.388595
RRV062 con_0033.nii 9 3 -6 0.393143 0.184963
RRV062 con_0033.nii -9 3 -6 0.432499 0.27997
RRV062 con_0033.nii -30 33 -18 0.141722 0.287913
RRV062 con_0033.nii 46 28 31 0.224215 0.247506
RRV062 con_0033.nii -44 27 33 0.0321797 0.256344
RRV062 con_0033.nii 44 8 34 1.27392 0.595348
RRV062 con_0033.nii -42 7 36 0.464174 0.512937
RRV062 con_0033.nii 54 -44 43 0.205146 0.227483
RRV062 con_0033.nii -53 -50 39 0.243948 0.202982
RRV062 con_0033.nii 32 -59 41 0.0611039 0.417157
RRV062 con_0033.nii -32 -58 46 -0.642954 0.200347
RRV062 con_0033.nii -6 49 1 0.333499 0.351498
