RRV003 con_0001.nii 9 3 -6 0.151302 0.3605
RRV003 con_0001.nii -9 3 -6 -0.229554 0.243491
RRV003 con_0001.nii -30 33 -18 0.0285857 0.21394
RRV003 con_0001.nii 46 28 31 0.417299 0.184866
RRV003 con_0001.nii -44 27 33 0.785336 0.260558
RRV003 con_0001.nii 44 8 34 0.543566 0.20231
RRV003 con_0001.nii -42 7 36 0.674364 0.667216
RRV003 con_0001.nii 54 -44 43 -0.401403 0.153724
RRV003 con_0001.nii -53 -50 39 -0.081651 0.196387
RRV003 con_0001.nii 32 -59 41 -0.00593193 0.246613
RRV003 con_0001.nii -32 -58 46 0.188432 0.389699
RRV003 con_0001.nii -6 49 1 -0.303899 0.251826
RRV003 con_0002.nii 9 3 -6 0.2805 0.213535
RRV003 con_0002.nii -9 3 -6 -0.0810193 0.296062
RRV003 con_0002.nii -30 33 -18 0.425219 0.210425
RRV003 con_0002.nii 46 28 31 0.504023 0.292587
RRV003 con_0002.nii -44 27 33 0.30183 0.343142
RRV003 con_0002.nii 44 8 34 0.960252 0.416925
RRV003 con_0002.nii -42 7 36 1.55894 0.747536
RRV003 con_0002.nii 54 -44 43 0.159618 0.253779
RRV003 con_0002.nii -53 -50 39 0.279648 0.224282
RRV003 con_0002.nii 32 -59 41 0.975715 0.214475
RRV003 con_0002.nii -32 -58 46 1.03064 0.328728
RRV003 con_0002.nii -6 49 1 0.0294672 0.171646
RRV003 con_0003.nii 9 3 -6 0.431802 0.371538
RRV003 con_0003.nii -9 3 -6 -0.310573 0.4333
RRV003 con_0003.nii -30 33 -18 0.453805 0.342615
RRV003 con_0003.nii 46 28 31 0.921322 0.35801
RRV003 con_0003.nii -44 27 33 1.08717 0.497717
RRV003 con_0003.nii 44 8 34 1.50382 0.50716
RRV003 con_0003.nii -42 7 36 2.2333 1.3403
RRV003 con_0003.nii 54 -44 43 -0.241785 0.250912
RRV003 con_0003.nii -53 -50 39 0.197997 0.27816
RRV003 con_0003.nii 32 -59 41 0.969783 0.417952
RRV003 con_0003.nii -32 -58 46 1.21907 0.661588
RRV003 con_0003.nii -6 49 1 -0.274432 0.240638
RRV003 con_0004.nii 9 3 -6 0.422318 0.276306
RRV003 con_0004.nii -9 3 -6 0.0550045 0.224835
RRV003 con_0004.nii -30 33 -18 0.126597 0.157713
RRV003 con_0004.nii 46 28 31 0.719621 0.261066
RRV003 con_0004.nii -44 27 33 0.251424 0.247435
RRV003 con_0004.nii 44 8 34 1.0484 0.377013
RRV003 con_0004.nii -42 7 36 1.04055 0.672643
RRV003 con_0004.nii 54 -44 43 -0.22524 0.178878
RRV003 con_0004.nii -53 -50 39 -0.0229138 0.168368
RRV003 con_0004.nii 32 -59 41 0.379935 0.321868
RRV003 con_0004.nii -32 -58 46 0.367645 0.368943
RRV003 con_0004.nii -6 49 1 -0.345723 0.214404
RRV003 con_0005.nii 9 3 -6 0.0566697 0.383333
RRV003 con_0005.nii -9 3 -6 0.0438974 0.420867
RRV003 con_0005.nii -30 33 -18 0.270045 0.315862
RRV003 con_0005.nii 46 28 31 1.12602 0.342546
RRV003 con_0005.nii -44 27 33 0.172465 0.520731
RRV003 con_0005.nii 44 8 34 1.14432 0.476038
RRV003 con_0005.nii -42 7 36 0.867003 0.557534
RRV003 con_0005.nii 54 -44 43 0.675723 0.287235
RRV003 con_0005.nii -53 -50 39 0.397565 0.20301
RRV003 con_0005.nii 32 -59 41 0.953382 0.2915
RRV003 con_0005.nii -32 -58 46 0.814031 0.35941
RRV003 con_0005.nii -6 49 1 -0.447774 0.212597
RRV003 con_0006.nii 9 3 -6 0.478988 0.416775
RRV003 con_0006.nii -9 3 -6 0.098902 0.517854
RRV003 con_0006.nii -30 33 -18 0.396642 0.377903
RRV003 con_0006.nii 46 28 31 1.84564 0.564613
RRV003 con_0006.nii -44 27 33 0.423888 0.539689
RRV003 con_0006.nii 44 8 34 2.19272 0.800368
RRV003 con_0006.nii -42 7 36 1.90756 1.1806
RRV003 con_0006.nii 54 -44 43 0.450483 0.353918
RRV003 con_0006.nii -53 -50 39 0.374651 0.224995
RRV003 con_0006.nii 32 -59 41 1.33332 0.49283
RRV003 con_0006.nii -32 -58 46 1.18168 0.61689
RRV003 con_0006.nii -6 49 1 -0.793497 0.378884
RRV003 con_0007.nii 9 3 -6 0.432873 0.290241
RRV003 con_0007.nii -9 3 -6 -0.000751317 0.286996
RRV003 con_0007.nii -30 33 -18 0.154455 0.306636
RRV003 con_0007.nii 46 28 31 0.725119 0.256388
RRV003 con_0007.nii -44 27 33 0.0516226 0.282201
RRV003 con_0007.nii 44 8 34 0.652614 0.354522
RRV003 con_0007.nii -42 7 36 0.818196 0.714538
RRV003 con_0007.nii 54 -44 43 -0.478816 0.205601
RRV003 con_0007.nii -53 -50 39 0.0201299 0.187152
RRV003 con_0007.nii 32 -59 41 0.148016 0.303475
RRV003 con_0007.nii -32 -58 46 0.291474 0.267692
RRV003 con_0007.nii -6 49 1 -0.651213 0.225385
RRV003 con_0008.nii 9 3 -6 0.140019 0.285077
RRV003 con_0008.nii -9 3 -6 -0.106104 0.342732
RRV003 con_0008.nii -30 33 -18 -0.370346 0.235574
RRV003 con_0008.nii 46 28 31 -0.0451257 0.14886
RRV003 con_0008.nii -44 27 33 -0.597037 0.359517
RRV003 con_0008.nii 44 8 34 0.00799629 0.289559
RRV003 con_0008.nii -42 7 36 0.513484 0.36661
RRV003 con_0008.nii 54 -44 43 -0.366224 0.294344
RRV003 con_0008.nii -53 -50 39 -0.260037 0.205059
RRV003 con_0008.nii 32 -59 41 0.448434 0.235027
RRV003 con_0008.nii -32 -58 46 0.216099 0.290489
RRV003 con_0008.nii -6 49 1 -0.599222 0.223203
RRV003 con_0009.nii 9 3 -6 0.572892 0.470798
RRV003 con_0009.nii -9 3 -6 -0.106856 0.435153
RRV003 con_0009.nii -30 33 -18 -0.215891 0.435787
RRV003 con_0009.nii 46 28 31 0.679993 0.354945
RRV003 con_0009.nii -44 27 33 -0.545414 0.529599
RRV003 con_0009.nii 44 8 34 0.66061 0.433296
RRV003 con_0009.nii -42 7 36 1.33168 0.9981
RRV003 con_0009.nii 54 -44 43 -0.84504 0.194532
RRV003 con_0009.nii -53 -50 39 -0.239907 0.275158
RRV003 con_0009.nii 32 -59 41 0.596449 0.454837
RRV003 con_0009.nii -32 -58 46 0.507572 0.49899
RRV003 con_0009.nii -6 49 1 -1.25043 0.305012
RRV003 con_0010.nii 9 3 -6 0.305445 0.176779
RRV003 con_0010.nii -9 3 -6 0.0490258 0.151093
RRV003 con_0010.nii -30 33 -18 -0.0721855 0.25388
RRV003 con_0010.nii 46 28 31 0.16465 0.164243
RRV003 con_0010.nii -44 27 33 0.225185 0.202838
RRV003 con_0010.nii 44 8 34 0.262076 0.128742
RRV003 con_0010.nii -42 7 36 0.752546 0.409313
RRV003 con_0010.nii 54 -44 43 -0.49015 0.136508
RRV003 con_0010.nii -53 -50 39 0.162823 0.0862364
RRV003 con_0010.nii 32 -59 41 0.153335 0.239124
RRV003 con_0010.nii -32 -58 46 0.470015 0.250108
RRV003 con_0010.nii -6 49 1 -0.181639 0.131561
RRV003 con_0011.nii 9 3 -6 0.1882 0.288497
RRV003 con_0011.nii -9 3 -6 0.170838 0.239165
RRV003 con_0011.nii -30 33 -18 0.0133761 0.249392
RRV003 con_0011.nii 46 28 31 -0.247145 0.141687
RRV003 con_0011.nii -44 27 33 -0.2937 0.347318
RRV003 con_0011.nii 44 8 34 -0.130812 0.200972
RRV003 con_0011.nii -42 7 36 0.741359 0.304802
RRV003 con_0011.nii 54 -44 43 -0.36709 0.177292
RRV003 con_0011.nii -53 -50 39 0.0564358 0.223203
RRV003 con_0011.nii 32 -59 41 0.204425 0.25826
RRV003 con_0011.nii -32 -58 46 0.343639 0.149467
RRV003 con_0011.nii -6 49 1 -0.156715 0.130313
RRV003 con_0012.nii 9 3 -6 0.493646 0.407174
RRV003 con_0012.nii -9 3 -6 0.219864 0.280305
RRV003 con_0012.nii -30 33 -18 -0.0588094 0.471661
RRV003 con_0012.nii 46 28 31 -0.0824946 0.242332
RRV003 con_0012.nii -44 27 33 -0.0685149 0.478094
RRV003 con_0012.nii 44 8 34 0.131265 0.277744
RRV003 con_0012.nii -42 7 36 1.4939 0.67667
RRV003 con_0012.nii 54 -44 43 -0.857241 0.244178
RRV003 con_0012.nii -53 -50 39 0.219259 0.242779
RRV003 con_0012.nii 32 -59 41 0.35776 0.478802
RRV003 con_0012.nii -32 -58 46 0.813654 0.251625
RRV003 con_0012.nii -6 49 1 -0.338354 0.217667
RRV003 con_0013.nii 9 3 -6 0.200097 0.13861
RRV003 con_0013.nii -9 3 -6 0.13571 0.169749
RRV003 con_0013.nii -30 33 -18 -0.325135 0.351445
RRV003 con_0013.nii 46 28 31 -0.0534066 0.17872
RRV003 con_0013.nii -44 27 33 -0.146207 0.226945
RRV003 con_0013.nii 44 8 34 0.097739 0.166923
RRV003 con_0013.nii -42 7 36 0.871282 0.516816
RRV003 con_0013.nii 54 -44 43 -0.417071 0.139135
RRV003 con_0013.nii -53 -50 39 0.212306 0.134339
RRV003 con_0013.nii 32 -59 41 -0.0975603 0.296394
RRV003 con_0013.nii -32 -58 46 0.614407 0.330993
RRV003 con_0013.nii -6 49 1 -0.398694 0.123834
RRV003 con_0014.nii 9 3 -6 0.0862207 0.202566
RRV003 con_0014.nii -9 3 -6 0.135197 0.190651
RRV003 con_0014.nii -30 33 -18 0.0545375 0.291271
RRV003 con_0014.nii 46 28 31 0.292758 0.184359
RRV003 con_0014.nii -44 27 33 -0.1632 0.311625
RRV003 con_0014.nii 44 8 34 0.024596 0.15778
RRV003 con_0014.nii -42 7 36 0.69784 0.215252
RRV003 con_0014.nii 54 -44 43 -0.140867 0.139196
RRV003 con_0014.nii -53 -50 39 -0.147963 0.134194
RRV003 con_0014.nii 32 -59 41 0.179432 0.127453
RRV003 con_0014.nii -32 -58 46 0.446794 0.229227
RRV003 con_0014.nii -6 49 1 -0.425008 0.118911
RRV003 con_0015.nii 9 3 -6 0.286318 0.253092
RRV003 con_0015.nii -9 3 -6 0.270907 0.277223
RRV003 con_0015.nii -30 33 -18 -0.270598 0.605117
RRV003 con_0015.nii 46 28 31 0.239351 0.335041
RRV003 con_0015.nii -44 27 33 -0.309407 0.508947
RRV003 con_0015.nii 44 8 34 0.122335 0.299875
RRV003 con_0015.nii -42 7 36 1.56912 0.695698
RRV003 con_0015.nii 54 -44 43 -0.557937 0.129576
RRV003 con_0015.nii -53 -50 39 0.0643431 0.241532
RRV003 con_0015.nii 32 -59 41 0.081872 0.391851
RRV003 con_0015.nii -32 -58 46 1.0612 0.5482
RRV003 con_0015.nii -6 49 1 -0.823701 0.161423
RRV003 con_0016.nii 9 3 -6 0.335498 0.194679
RRV003 con_0016.nii -9 3 -6 -0.0584336 0.158028
RRV003 con_0016.nii -30 33 -18 0.103213 0.187953
RRV003 con_0016.nii 46 28 31 0.620679 0.172681
RRV003 con_0016.nii -44 27 33 0.362794 0.216731
RRV003 con_0016.nii 44 8 34 0.748193 0.26108
RRV003 con_0016.nii -42 7 36 0.844371 0.668148
RRV003 con_0016.nii 54 -44 43 -0.368486 0.15598
RRV003 con_0016.nii -53 -50 39 -0.028145 0.115544
RRV003 con_0016.nii 32 -59 41 0.174006 0.250783
RRV003 con_0016.nii -32 -58 46 0.282517 0.316029
RRV003 con_0016.nii -6 49 1 -0.433612 0.190241
RRV003 con_0017.nii 9 3 -6 0.159063 0.252658
RRV003 con_0017.nii -9 3 -6 -0.0477421 0.278637
RRV003 con_0017.nii -30 33 -18 0.108306 0.19851
RRV003 con_0017.nii 46 28 31 0.528306 0.236715
RRV003 con_0017.nii -44 27 33 -0.0409139 0.373361
RRV003 con_0017.nii 44 8 34 0.704189 0.309608
RRV003 con_0017.nii -42 7 36 0.979808 0.5316
RRV003 con_0017.nii 54 -44 43 0.156372 0.207116
RRV003 con_0017.nii -53 -50 39 0.139059 0.0901387
RRV003 con_0017.nii 32 -59 41 0.79251 0.215472
RRV003 con_0017.nii -32 -58 46 0.686922 0.304692
RRV003 con_0017.nii -6 49 1 -0.339176 0.17453
RRV003 con_0018.nii 9 3 -6 0.494561 0.337109
RRV003 con_0018.nii -9 3 -6 -0.106176 0.319009
RRV003 con_0018.nii -30 33 -18 0.211519 0.311818
RRV003 con_0018.nii 46 28 31 1.14899 0.378578
RRV003 con_0018.nii -44 27 33 0.32188 0.474681
RRV003 con_0018.nii 44 8 34 1.45238 0.518184
RRV003 con_0018.nii -42 7 36 1.82418 1.15576
RRV003 con_0018.nii 54 -44 43 -0.212114 0.155166
RRV003 con_0018.nii -53 -50 39 0.110914 0.166089
RRV003 con_0018.nii 32 -59 41 0.966517 0.420695
RRV003 con_0018.nii -32 -58 46 0.969439 0.572165
RRV003 con_0018.nii -6 49 1 -0.772788 0.275118
RRV003 con_0019.nii 9 3 -6 -0.154143 0.427845
RRV003 con_0019.nii -9 3 -6 -0.27858 0.192866
RRV003 con_0019.nii -30 33 -18 0.100771 0.204116
RRV003 con_0019.nii 46 28 31 0.252648 0.298828
RRV003 con_0019.nii -44 27 33 0.560151 0.206847
RRV003 con_0019.nii 44 8 34 0.281489 0.173014
RRV003 con_0019.nii -42 7 36 -0.0781818 0.346839
RRV003 con_0019.nii 54 -44 43 0.0887475 0.207507
RRV003 con_0019.nii -53 -50 39 -0.244474 0.18551
RRV003 con_0019.nii 32 -59 41 -0.159267 0.168054
RRV003 con_0019.nii -32 -58 46 -0.281584 0.174462
RRV003 con_0019.nii -6 49 1 -0.12226 0.178203
RRV003 con_0020.nii 9 3 -6 0.0922998 0.303129
RRV003 con_0020.nii -9 3 -6 -0.251857 0.220393
RRV003 con_0020.nii -30 33 -18 0.411843 0.261281
RRV003 con_0020.nii 46 28 31 0.751168 0.2323
RRV003 con_0020.nii -44 27 33 0.59553 0.248442
RRV003 con_0020.nii 44 8 34 1.09106 0.364893
RRV003 con_0020.nii -42 7 36 0.817577 0.530593
RRV003 con_0020.nii 54 -44 43 0.526709 0.196045
RRV003 con_0020.nii -53 -50 39 0.223212 0.169544
RRV003 con_0020.nii 32 -59 41 0.77129 0.257262
RRV003 con_0020.nii -32 -58 46 0.686999 0.302812
RRV003 con_0020.nii -6 49 1 0.186183 0.0937684
RRV003 con_0021.nii 9 3 -6 -0.0618432 0.672745
RRV003 con_0021.nii -9 3 -6 -0.530437 0.278888
RRV003 con_0021.nii -30 33 -18 0.512614 0.444001
RRV003 con_0021.nii 46 28 31 1.00382 0.41925
RRV003 con_0021.nii -44 27 33 1.15568 0.427559
RRV003 con_0021.nii 44 8 34 1.37255 0.315595
RRV003 con_0021.nii -42 7 36 0.739395 0.722621
RRV003 con_0021.nii 54 -44 43 0.615456 0.339815
RRV003 con_0021.nii -53 -50 39 -0.021262 0.306607
RRV003 con_0021.nii 32 -59 41 0.612023 0.359541
RRV003 con_0021.nii -32 -58 46 0.405415 0.440666
RRV003 con_0021.nii -6 49 1 0.0639227 0.123337
RRV003 con_0022.nii 9 3 -6 0.116873 0.355123
RRV003 con_0022.nii -9 3 -6 0.0059788 0.142854
RRV003 con_0022.nii -30 33 -18 0.198783 0.140436
RRV003 con_0022.nii 46 28 31 0.55497 0.250847
RRV003 con_0022.nii -44 27 33 0.0262384 0.108405
RRV003 con_0022.nii 44 8 34 0.786323 0.286469
RRV003 con_0022.nii -42 7 36 0.288008 0.307235
RRV003 con_0022.nii 54 -44 43 0.264911 0.148935
RRV003 con_0022.nii -53 -50 39 -0.185737 0.13956
RRV003 con_0022.nii 32 -59 41 0.226601 0.201004
RRV003 con_0022.nii -32 -58 46 -0.10237 0.229071
RRV003 con_0022.nii -6 49 1 -0.164085 0.207967
RRV003 con_0023.nii 9 3 -6 -0.131531 0.34998
RRV003 con_0023.nii -9 3 -6 -0.126941 0.35685
RRV003 con_0023.nii -30 33 -18 0.256669 0.207499
RRV003 con_0023.nii 46 28 31 1.37317 0.294832
RRV003 con_0023.nii -44 27 33 0.466165 0.433264
RRV003 con_0023.nii 44 8 34 1.27513 0.464793
RRV003 con_0023.nii -42 7 36 0.125644 0.352041
RRV003 con_0023.nii 54 -44 43 1.04281 0.254125
RRV003 con_0023.nii -53 -50 39 0.341129 0.375836
RRV003 con_0023.nii 32 -59 41 0.748958 0.438755
RRV003 con_0023.nii -32 -58 46 0.470393 0.356597
RRV003 con_0023.nii -6 49 1 -0.291058 0.170068
RRV003 con_0024.nii 9 3 -6 -0.0146577 0.515937
RRV003 con_0024.nii -9 3 -6 -0.120962 0.398133
RRV003 con_0024.nii -30 33 -18 0.455451 0.276711
RRV003 con_0024.nii 46 28 31 1.92814 0.499564
RRV003 con_0024.nii -44 27 33 0.492403 0.390122
RRV003 con_0024.nii 44 8 34 2.06145 0.663752
RRV003 con_0024.nii -42 7 36 0.413653 0.573048
RRV003 con_0024.nii 54 -44 43 1.30772 0.299212
RRV003 con_0024.nii -53 -50 39 0.155392 0.355828
RRV003 con_0024.nii 32 -59 41 0.975558 0.515179
RRV003 con_0024.nii -32 -58 46 0.368023 0.422666
RRV003 con_0024.nii -6 49 1 -0.455143 0.312271
RRV003 con_0025.nii 9 3 -6 0.127428 0.315987
RRV003 con_0025.nii -9 3 -6 -0.0497771 0.316682
RRV003 con_0025.nii -30 33 -18 0.22664 0.178907
RRV003 con_0025.nii 46 28 31 0.560469 0.225485
RRV003 con_0025.nii -44 27 33 -0.173563 0.186575
RRV003 con_0025.nii 44 8 34 0.390537 0.269096
RRV003 con_0025.nii -42 7 36 0.0656496 0.342959
RRV003 con_0025.nii 54 -44 43 0.0113342 0.165415
RRV003 con_0025.nii -53 -50 39 -0.142693 0.196033
RRV003 con_0025.nii 32 -59 41 -0.00531921 0.233653
RRV003 con_0025.nii -32 -58 46 -0.178542 0.090976
RRV003 con_0025.nii -6 49 1 -0.469574 0.179711
RRV003 con_0026.nii 9 3 -6 -0.0481815 0.272126
RRV003 con_0026.nii -9 3 -6 -0.276942 0.337032
RRV003 con_0026.nii -30 33 -18 -0.383722 0.193245
RRV003 con_0026.nii 46 28 31 0.202019 0.0745062
RRV003 con_0026.nii -44 27 33 -0.303337 0.234594
RRV003 con_0026.nii 44 8 34 0.138808 0.346038
RRV003 con_0026.nii -42 7 36 -0.227874 0.261068
RRV003 con_0026.nii 54 -44 43 0.000866891 0.278608
RRV003 con_0026.nii -53 -50 39 -0.316473 0.152556
RRV003 con_0026.nii 32 -59 41 0.244009 0.217893
RRV003 con_0026.nii -32 -58 46 -0.12754 0.275636
RRV003 con_0026.nii -6 49 1 -0.442507 0.166654
RRV003 con_0027.nii 9 3 -6 0.0792463 0.432087
RRV003 con_0027.nii -9 3 -6 -0.326719 0.563486
RRV003 con_0027.nii -30 33 -18 -0.157081 0.212428
RRV003 con_0027.nii 46 28 31 0.762488 0.229124
RRV003 con_0027.nii -44 27 33 -0.476899 0.330073
RRV003 con_0027.nii 44 8 34 0.529346 0.27787
RRV003 con_0027.nii -42 7 36 -0.162225 0.431998
RRV003 con_0027.nii 54 -44 43 0.012201 0.332385
RRV003 con_0027.nii -53 -50 39 -0.459166 0.204402
RRV003 con_0027.nii 32 -59 41 0.23869 0.351192
RRV003 con_0027.nii -32 -58 46 -0.306082 0.306497
RRV003 con_0027.nii -6 49 1 -0.91208 0.134845
RRV003 con_0028.nii 9 3 -6 0.0300526 0.278188
RRV003 con_0028.nii -9 3 -6 -0.107459 0.116341
RRV003 con_0028.nii -30 33 -18 0.175398 0.107554
RRV003 con_0028.nii 46 28 31 0.456029 0.20368
RRV003 con_0028.nii -44 27 33 0.137609 0.0846819
RRV003 con_0028.nii 44 8 34 0.486117 0.163447
RRV003 con_0028.nii -42 7 36 0.0918253 0.296302
RRV003 con_0028.nii 54 -44 43 0.121664 0.150213
RRV003 con_0028.nii -53 -50 39 -0.190968 0.100714
RRV003 con_0028.nii 32 -59 41 0.0206715 0.135893
RRV003 con_0028.nii -32 -58 46 -0.187498 0.101927
RRV003 con_0028.nii -6 49 1 -0.251973 0.136252
RRV003 con_0029.nii 9 3 -6 -0.0291375 0.262122
RRV003 con_0029.nii -9 3 -6 -0.21858 0.216159
RRV003 con_0029.nii -30 33 -18 0.09493 0.149826
RRV003 con_0029.nii 46 28 31 0.775451 0.172664
RRV003 con_0029.nii -44 27 33 0.252786 0.261094
RRV003 con_0029.nii 44 8 34 0.835001 0.301225
RRV003 con_0029.nii -42 7 36 0.238449 0.325248
RRV003 con_0029.nii 54 -44 43 0.523463 0.158935
RRV003 con_0029.nii -53 -50 39 0.0826228 0.167413
RRV003 con_0029.nii 32 -59 41 0.588086 0.293962
RRV003 con_0029.nii -32 -58 46 0.343284 0.289667
RRV003 con_0029.nii -6 49 1 -0.182461 0.103911
RRV003 con_0030.nii 9 3 -6 0.000915114 0.487515
RRV003 con_0030.nii -9 3 -6 -0.32604 0.266975
RRV003 con_0030.nii -30 33 -18 0.270328 0.231241
RRV003 con_0030.nii 46 28 31 1.23148 0.334092
RRV003 con_0030.nii -44 27 33 0.390395 0.316467
RRV003 con_0030.nii 44 8 34 1.32112 0.33535
RRV003 con_0030.nii -42 7 36 0.330274 0.534821
RRV003 con_0030.nii 54 -44 43 0.645127 0.232131
RRV003 con_0030.nii -53 -50 39 -0.108345 0.217141
RRV003 con_0030.nii 32 -59 41 0.608757 0.376176
RRV003 con_0030.nii -32 -58 46 0.155785 0.356673
RRV003 con_0030.nii -6 49 1 -0.434434 0.145471
RRV003 con_0031.nii 9 3 -6 -0.105348 0.166401
RRV003 con_0031.nii -9 3 -6 0.086684 0.166561
RRV003 con_0031.nii -30 33 -18 -0.25295 0.199016
RRV003 con_0031.nii 46 28 31 -0.218057 0.0844456
RRV003 con_0031.nii -44 27 33 -0.371392 0.159762
RRV003 con_0031.nii 44 8 34 -0.164337 0.145722
RRV003 con_0031.nii -42 7 36 0.118736 0.163904
RRV003 con_0031.nii 54 -44 43 0.0730794 0.0769095
RRV003 con_0031.nii -53 -50 39 0.0494835 0.100534
RRV003 con_0031.nii 32 -59 41 -0.250895 0.10287
RRV003 con_0031.nii -32 -58 46 0.144392 0.108225
RRV003 con_0031.nii -6 49 1 -0.217055 0.135376
RRV003 con_0032.nii 9 3 -6 -0.10198 0.170408
RRV003 con_0032.nii -9 3 -6 -0.0356408 0.156539
RRV003 con_0032.nii -30 33 -18 0.0411614 0.111393
RRV003 con_0032.nii 46 28 31 0.539903 0.144695
RRV003 con_0032.nii -44 27 33 0.1305 0.132495
RRV003 con_0032.nii 44 8 34 0.155408 0.239324
RRV003 con_0032.nii -42 7 36 -0.0435191 0.128104
RRV003 con_0032.nii 54 -44 43 0.226224 0.172591
RRV003 con_0032.nii -53 -50 39 -0.204399 0.19573
RRV003 con_0032.nii 32 -59 41 -0.0249923 0.212889
RRV003 con_0032.nii -32 -58 46 0.103155 0.271362
RRV003 con_0032.nii -6 49 1 -0.268292 0.150567
RRV003 con_0033.nii 9 3 -6 -0.207328 0.300231
RRV003 con_0033.nii -9 3 -6 0.0510432 0.198882
RRV003 con_0033.nii -30 33 -18 -0.211788 0.278121
RRV003 con_0033.nii 46 28 31 0.321846 0.168162
RRV003 con_0033.nii -44 27 33 -0.240892 0.231941
RRV003 con_0033.nii 44 8 34 -0.00892959 0.333376
RRV003 con_0033.nii -42 7 36 0.0752169 0.120262
RRV003 con_0033.nii 54 -44 43 0.299303 0.226253
RRV003 con_0033.nii -53 -50 39 -0.154916 0.221494
RRV003 con_0033.nii 32 -59 41 -0.275888 0.196518
RRV003 con_0033.nii -32 -58 46 0.247547 0.346546
RRV003 con_0033.nii -6 49 1 -0.485347 0.242906
