RRV022 con_0001.nii 9 3 -6 -0.0663956 0.289964
RRV022 con_0001.nii -9 3 -6 0.44544 0.382911
RRV022 con_0001.nii -30 33 -18 0.543304 0.549113
RRV022 con_0001.nii 46 28 31 0.764726 0.450946
RRV022 con_0001.nii -44 27 33 0.503449 0.190151
RRV022 con_0001.nii 44 8 34 0.768622 0.275999
RRV022 con_0001.nii -42 7 36 0.504692 0.533591
RRV022 con_0001.nii 54 -44 43 0.297759 0.0820375
RRV022 con_0001.nii -53 -50 39 0.506517 0.205527
RRV022 con_0001.nii 32 -59 41 0.949715 0.430849
RRV022 con_0001.nii -32 -58 46 1.09934 0.345121
RRV022 con_0001.nii -6 49 1 0.388056 0.213498
RRV022 con_0002.nii 9 3 -6 0.0454987 0.345582
RRV022 con_0002.nii -9 3 -6 -0.113115 0.52185
RRV022 con_0002.nii -30 33 -18 0.203095 0.471045
RRV022 con_0002.nii 46 28 31 0.672958 0.484568
RRV022 con_0002.nii -44 27 33 0.803988 0.410975
RRV022 con_0002.nii 44 8 34 0.630944 0.564302
RRV022 con_0002.nii -42 7 36 0.335091 0.637525
RRV022 con_0002.nii 54 -44 43 -0.75686 0.480195
RRV022 con_0002.nii -53 -50 39 -0.0129322 0.430029
RRV022 con_0002.nii 32 -59 41 0.950409 0.388217
RRV022 con_0002.nii -32 -58 46 1.02223 0.366952
RRV022 con_0002.nii -6 49 1 0.325047 0.306991
RRV022 con_0003.nii 9 3 -6 -0.0208969 0.401701
RRV022 con_0003.nii -9 3 -6 0.332325 0.634936
RRV022 con_0003.nii -30 33 -18 0.746399 0.85609
RRV022 con_0003.nii 46 28 31 1.43768 0.911879
RRV022 con_0003.nii -44 27 33 1.30744 0.531245
RRV022 con_0003.nii 44 8 34 1.39957 0.752869
RRV022 con_0003.nii -42 7 36 0.839783 0.619556
RRV022 con_0003.nii 54 -44 43 -0.459102 0.487756
RRV022 con_0003.nii -53 -50 39 0.493585 0.458391
RRV022 con_0003.nii 32 -59 41 1.90012 0.775126
RRV022 con_0003.nii -32 -58 46 2.12156 0.673199
RRV022 con_0003.nii -6 49 1 0.713103 0.426331
RRV022 con_0004.nii 9 3 -6 -0.0731269 0.32807
RRV022 con_0004.nii -9 3 -6 0.597736 0.348166
RRV022 con_0004.nii -30 33 -18 0.2038 0.269739
RRV022 con_0004.nii 46 28 31 1.02372 0.592568
RRV022 con_0004.nii -44 27 33 0.472445 0.3695
RRV022 con_0004.nii 44 8 34 0.818998 0.432031
RRV022 con_0004.nii -42 7 36 1.02281 0.410471
RRV022 con_0004.nii 54 -44 43 -0.198562 0.172482
RRV022 con_0004.nii -53 -50 39 0.216952 0.2583
RRV022 con_0004.nii 32 -59 41 0.959156 0.480674
RRV022 con_0004.nii -32 -58 46 0.89586 0.553703
RRV022 con_0004.nii -6 49 1 1.03385 0.498676
RRV022 con_0005.nii 9 3 -6 0.295376 0.309349
RRV022 con_0005.nii -9 3 -6 0.290377 0.279836
RRV022 con_0005.nii -30 33 -18 0.776205 0.272922
RRV022 con_0005.nii 46 28 31 0.0129193 0.363757
RRV022 con_0005.nii -44 27 33 0.698139 0.176556
RRV022 con_0005.nii 44 8 34 0.237368 0.503584
RRV022 con_0005.nii -42 7 36 0.527138 0.61782
RRV022 con_0005.nii 54 -44 43 -0.96951 0.323101
RRV022 con_0005.nii -53 -50 39 -0.0378846 0.208905
RRV022 con_0005.nii 32 -59 41 0.639702 0.322672
RRV022 con_0005.nii -32 -58 46 0.668259 0.395245
RRV022 con_0005.nii -6 49 1 0.368384 0.227671
RRV022 con_0006.nii 9 3 -6 0.222249 0.435583
RRV022 con_0006.nii -9 3 -6 0.888113 0.423537
RRV022 con_0006.nii -30 33 -18 0.980004 0.353121
RRV022 con_0006.nii 46 28 31 1.03664 0.837009
RRV022 con_0006.nii -44 27 33 1.17058 0.487294
RRV022 con_0006.nii 44 8 34 1.05637 0.865306
RRV022 con_0006.nii -42 7 36 1.54994 0.739477
RRV022 con_0006.nii 54 -44 43 -1.16807 0.384428
RRV022 con_0006.nii -53 -50 39 0.179068 0.340247
RRV022 con_0006.nii 32 -59 41 1.59886 0.729616
RRV022 con_0006.nii -32 -58 46 1.56412 0.853157
RRV022 con_0006.nii -6 49 1 1.40223 0.667705
RRV022 con_0007.nii 9 3 -6 0.162505 0.198802
RRV022 con_0007.nii -9 3 -6 0.341182 0.363489
RRV022 con_0007.nii -30 33 -18 0.0675637 0.195188
RRV022 con_0007.nii 46 28 31 0.428818 0.501202
RRV022 con_0007.nii -44 27 33 0.00455699 0.271978
RRV022 con_0007.nii 44 8 34 0.392501 0.278707
RRV022 con_0007.nii -42 7 36 0.538969 0.233012
RRV022 con_0007.nii 54 -44 43 -0.431065 0.259358
RRV022 con_0007.nii -53 -50 39 -0.00330001 0.207755
RRV022 con_0007.nii 32 -59 41 0.886493 0.243448
RRV022 con_0007.nii -32 -58 46 0.764032 0.325838
RRV022 con_0007.nii -6 49 1 0.237512 0.34948
RRV022 con_0008.nii 9 3 -6 0.469474 0.293773
RRV022 con_0008.nii -9 3 -6 0.105835 0.159796
RRV022 con_0008.nii -30 33 -18 0.197623 0.234835
RRV022 con_0008.nii 46 28 31 0.215944 0.576478
RRV022 con_0008.nii -44 27 33 0.168273 0.171156
RRV022 con_0008.nii 44 8 34 0.190422 0.476474
RRV022 con_0008.nii -42 7 36 0.192228 0.317573
RRV022 con_0008.nii 54 -44 43 -0.787473 0.440338
RRV022 con_0008.nii -53 -50 39 -0.0838131 0.346701
RRV022 con_0008.nii 32 -59 41 1.0471 0.391644
RRV022 con_0008.nii -32 -58 46 0.819164 0.414566
RRV022 con_0008.nii -6 49 1 -0.189479 0.358482
RRV022 con_0009.nii 9 3 -6 0.631979 0.328769
RRV022 con_0009.nii -9 3 -6 0.447017 0.400446
RRV022 con_0009.nii -30 33 -18 0.265186 0.370255
RRV022 con_0009.nii 46 28 31 0.644762 1.05169
RRV022 con_0009.nii -44 27 33 0.17283 0.338607
RRV022 con_0009.nii 44 8 34 0.582922 0.643196
RRV022 con_0009.nii -42 7 36 0.731197 0.435657
RRV022 con_0009.nii 54 -44 43 -1.21854 0.631756
RRV022 con_0009.nii -53 -50 39 -0.0871131 0.510633
RRV022 con_0009.nii 32 -59 41 1.93359 0.579852
RRV022 con_0009.nii -32 -58 46 1.5832 0.682586
RRV022 con_0009.nii -6 49 1 0.0480324 0.428693
RRV022 con_0010.nii 9 3 -6 -0.15537 0.265907
RRV022 con_0010.nii -9 3 -6 -0.038333 0.295865
RRV022 con_0010.nii -30 33 -18 0.0962204 0.224077
RRV022 con_0010.nii 46 28 31 0.425916 0.505575
RRV022 con_0010.nii -44 27 33 0.196695 0.289575
RRV022 con_0010.nii 44 8 34 0.326706 0.17634
RRV022 con_0010.nii -42 7 36 0.221961 0.199203
RRV022 con_0010.nii 54 -44 43 0.13531 0.191283
RRV022 con_0010.nii -53 -50 39 0.489556 0.246459
RRV022 con_0010.nii 32 -59 41 0.611482 0.277214
RRV022 con_0010.nii -32 -58 46 0.945838 0.215672
RRV022 con_0010.nii -6 49 1 0.361913 0.357518
RRV022 con_0011.nii 9 3 -6 0.00465174 0.168995
RRV022 con_0011.nii -9 3 -6 0.312693 0.317697
RRV022 con_0011.nii -30 33 -18 0.145628 0.251465
RRV022 con_0011.nii 46 28 31 0.200132 0.303435
RRV022 con_0011.nii -44 27 33 0.275526 0.157566
RRV022 con_0011.nii 44 8 34 0.101737 0.325758
RRV022 con_0011.nii -42 7 36 -0.207943 0.240131
RRV022 con_0011.nii 54 -44 43 -0.306939 0.214027
RRV022 con_0011.nii -53 -50 39 0.256904 0.192425
RRV022 con_0011.nii 32 -59 41 0.348969 0.379593
RRV022 con_0011.nii -32 -58 46 0.551577 0.241784
RRV022 con_0011.nii -6 49 1 -0.192463 0.180827
RRV022 con_0012.nii 9 3 -6 -0.150718 0.311254
RRV022 con_0012.nii -9 3 -6 0.274359 0.292087
RRV022 con_0012.nii -30 33 -18 0.241849 0.311163
RRV022 con_0012.nii 46 28 31 0.626049 0.553709
RRV022 con_0012.nii -44 27 33 0.472221 0.341082
RRV022 con_0012.nii 44 8 34 0.428444 0.386434
RRV022 con_0012.nii -42 7 36 0.0140189 0.34575
RRV022 con_0012.nii 54 -44 43 -0.171629 0.337037
RRV022 con_0012.nii -53 -50 39 0.74646 0.261093
RRV022 con_0012.nii 32 -59 41 0.960451 0.564796
RRV022 con_0012.nii -32 -58 46 1.49741 0.38884
RRV022 con_0012.nii -6 49 1 0.16945 0.256507
RRV022 con_0013.nii 9 3 -6 -0.0472114 0.234423
RRV022 con_0013.nii -9 3 -6 0.460463 0.310402
RRV022 con_0013.nii -30 33 -18 0.116132 0.177865
RRV022 con_0013.nii 46 28 31 0.736826 0.462448
RRV022 con_0013.nii -44 27 33 0.354461 0.200891
RRV022 con_0013.nii 44 8 34 0.986604 0.292831
RRV022 con_0013.nii -42 7 36 0.390586 0.275389
RRV022 con_0013.nii 54 -44 43 0.187907 0.170912
RRV022 con_0013.nii -53 -50 39 0.295792 0.200158
RRV022 con_0013.nii 32 -59 41 1.05554 0.365433
RRV022 con_0013.nii -32 -58 46 1.04325 0.313371
RRV022 con_0013.nii -6 49 1 0.301624 0.260765
RRV022 con_0014.nii 9 3 -6 -0.192848 0.261689
RRV022 con_0014.nii -9 3 -6 0.168644 0.22573
RRV022 con_0014.nii -30 33 -18 0.128195 0.177613
RRV022 con_0014.nii 46 28 31 0.40479 0.369887
RRV022 con_0014.nii -44 27 33 0.66523 0.223302
RRV022 con_0014.nii 44 8 34 0.692514 0.479742
RRV022 con_0014.nii -42 7 36 -0.0486767 0.262863
RRV022 con_0014.nii 54 -44 43 -0.113301 0.33412
RRV022 con_0014.nii -53 -50 39 0.218772 0.158154
RRV022 con_0014.nii 32 -59 41 0.515634 0.520319
RRV022 con_0014.nii -32 -58 46 0.903526 0.41301
RRV022 con_0014.nii -6 49 1 0.154074 0.27543
RRV022 con_0015.nii 9 3 -6 -0.240059 0.448453
RRV022 con_0015.nii -9 3 -6 0.629107 0.361997
RRV022 con_0015.nii -30 33 -18 0.244327 0.293642
RRV022 con_0015.nii 46 28 31 1.14162 0.706634
RRV022 con_0015.nii -44 27 33 1.01969 0.264429
RRV022 con_0015.nii 44 8 34 1.67912 0.719434
RRV022 con_0015.nii -42 7 36 0.34191 0.365369
RRV022 con_0015.nii 54 -44 43 0.074606 0.40382
RRV022 con_0015.nii -53 -50 39 0.514564 0.198223
RRV022 con_0015.nii 32 -59 41 1.57118 0.833374
RRV022 con_0015.nii -32 -58 46 1.94678 0.681188
RRV022 con_0015.nii -6 49 1 0.455698 0.454856
RRV022 con_0016.nii 9 3 -6 0.00766069 0.213214
RRV022 con_0016.nii -9 3 -6 0.461453 0.171671
RRV022 con_0016.nii -30 33 -18 0.271556 0.205133
RRV022 con_0016.nii 46 28 31 0.739089 0.492416
RRV022 con_0016.nii -44 27 33 0.326817 0.19442
RRV022 con_0016.nii 44 8 34 0.66004 0.273915
RRV022 con_0016.nii -42 7 36 0.688822 0.31841
RRV022 con_0016.nii 54 -44 43 -0.110622 0.149202
RRV022 con_0016.nii -53 -50 39 0.240057 0.172132
RRV022 con_0016.nii 32 -59 41 0.931788 0.372021
RRV022 con_0016.nii -32 -58 46 0.919743 0.396534
RRV022 con_0016.nii -6 49 1 0.553138 0.272388
RRV022 con_0017.nii 9 3 -6 0.270116 0.168659
RRV022 con_0017.nii -9 3 -6 0.0943655 0.211219
RRV022 con_0017.nii -30 33 -18 0.392307 0.258174
RRV022 con_0017.nii 46 28 31 0.300607 0.446323
RRV022 con_0017.nii -44 27 33 0.5568 0.217414
RRV022 con_0017.nii 44 8 34 0.352911 0.488372
RRV022 con_0017.nii -42 7 36 0.351486 0.472815
RRV022 con_0017.nii 54 -44 43 -0.837948 0.392771
RRV022 con_0017.nii -53 -50 39 -0.0448766 0.24491
RRV022 con_0017.nii 32 -59 41 0.879071 0.325578
RRV022 con_0017.nii -32 -58 46 0.83655 0.344718
RRV022 con_0017.nii -6 49 1 0.167984 0.221293
RRV022 con_0018.nii 9 3 -6 0.277777 0.20474
RRV022 con_0018.nii -9 3 -6 0.555818 0.275608
RRV022 con_0018.nii -30 33 -18 0.663863 0.371099
RRV022 con_0018.nii 46 28 31 1.0397 0.907757
RRV022 con_0018.nii -44 27 33 0.883617 0.378765
RRV022 con_0018.nii 44 8 34 1.01295 0.708445
RRV022 con_0018.nii -42 7 36 1.04031 0.521616
RRV022 con_0018.nii 54 -44 43 -0.94857 0.461755
RRV022 con_0018.nii -53 -50 39 0.19518 0.326085
RRV022 con_0018.nii 32 -59 41 1.81086 0.67383
RRV022 con_0018.nii -32 -58 46 1.75629 0.70388
RRV022 con_0018.nii -6 49 1 0.721122 0.437982
RRV022 con_0019.nii 9 3 -6 0.088974 0.289516
RRV022 con_0019.nii -9 3 -6 0.483773 0.312125
RRV022 con_0019.nii -30 33 -18 0.447083 0.551662
RRV022 con_0019.nii 46 28 31 0.33881 0.270553
RRV022 con_0019.nii -44 27 33 0.306754 0.317678
RRV022 con_0019.nii 44 8 34 0.441915 0.304728
RRV022 con_0019.nii -42 7 36 0.282731 0.378032
RRV022 con_0019.nii 54 -44 43 0.162449 0.148459
RRV022 con_0019.nii -53 -50 39 0.016961 0.163945
RRV022 con_0019.nii 32 -59 41 0.338233 0.306693
RRV022 con_0019.nii -32 -58 46 0.1535 0.213327
RRV022 con_0019.nii -6 49 1 0.0261428 0.40056
RRV022 con_0020.nii 9 3 -6 0.040847 0.40196
RRV022 con_0020.nii -9 3 -6 -0.425807 0.747849
RRV022 con_0020.nii -30 33 -18 0.0574668 0.549834
RRV022 con_0020.nii 46 28 31 0.472826 0.44855
RRV022 con_0020.nii -44 27 33 0.528462 0.332436
RRV022 con_0020.nii 44 8 34 0.529206 0.406166
RRV022 con_0020.nii -42 7 36 0.543034 0.733833
RRV022 con_0020.nii 54 -44 43 -0.449921 0.312205
RRV022 con_0020.nii -53 -50 39 -0.269836 0.486801
RRV022 con_0020.nii 32 -59 41 0.60144 0.297994
RRV022 con_0020.nii -32 -58 46 0.470649 0.269809
RRV022 con_0020.nii -6 49 1 0.51751 0.351858
RRV022 con_0021.nii 9 3 -6 0.129821 0.427607
RRV022 con_0021.nii -9 3 -6 0.0579656 0.642532
RRV022 con_0021.nii -30 33 -18 0.50455 0.692219
RRV022 con_0021.nii 46 28 31 0.811636 0.43647
RRV022 con_0021.nii -44 27 33 0.835216 0.319629
RRV022 con_0021.nii 44 8 34 0.971121 0.542786
RRV022 con_0021.nii -42 7 36 0.825764 0.660393
RRV022 con_0021.nii 54 -44 43 -0.287472 0.322673
RRV022 con_0021.nii -53 -50 39 -0.252875 0.544824
RRV022 con_0021.nii 32 -59 41 0.939673 0.42193
RRV022 con_0021.nii -32 -58 46 0.624149 0.347589
RRV022 con_0021.nii -6 49 1 0.543653 0.534804
RRV022 con_0022.nii 9 3 -6 0.0822427 0.290605
RRV022 con_0022.nii -9 3 -6 0.636069 0.296796
RRV022 con_0022.nii -30 33 -18 0.107579 0.318709
RRV022 con_0022.nii 46 28 31 0.597808 0.342756
RRV022 con_0022.nii -44 27 33 0.275749 0.245057
RRV022 con_0022.nii 44 8 34 0.492292 0.434707
RRV022 con_0022.nii -42 7 36 0.800845 0.338277
RRV022 con_0022.nii 54 -44 43 -0.333871 0.183953
RRV022 con_0022.nii -53 -50 39 -0.272604 0.161131
RRV022 con_0022.nii 32 -59 41 0.347674 0.360119
RRV022 con_0022.nii -32 -58 46 -0.0499775 0.378743
RRV022 con_0022.nii -6 49 1 0.671933 0.562991
RRV022 con_0023.nii 9 3 -6 0.290724 0.205388
RRV022 con_0023.nii -9 3 -6 -0.022316 0.357422
RRV022 con_0023.nii -30 33 -18 0.630576 0.377961
RRV022 con_0023.nii 46 28 31 -0.187213 0.223318
RRV022 con_0023.nii -44 27 33 0.422613 0.220978
RRV022 con_0023.nii 44 8 34 0.135631 0.289768
RRV022 con_0023.nii -42 7 36 0.73508 0.573352
RRV022 con_0023.nii 54 -44 43 -0.662571 0.168231
RRV022 con_0023.nii -53 -50 39 -0.294789 0.185178
RRV022 con_0023.nii 32 -59 41 0.290733 0.270939
RRV022 con_0023.nii -32 -58 46 0.116682 0.287746
RRV022 con_0023.nii -6 49 1 0.560847 0.307762
RRV022 con_0024.nii 9 3 -6 0.372967 0.360016
RRV022 con_0024.nii -9 3 -6 0.613753 0.561458
RRV022 con_0024.nii -30 33 -18 0.738155 0.419404
RRV022 con_0024.nii 46 28 31 0.410595 0.359713
RRV022 con_0024.nii -44 27 33 0.698362 0.302899
RRV022 con_0024.nii 44 8 34 0.627923 0.654802
RRV022 con_0024.nii -42 7 36 1.53592 0.739189
RRV022 con_0024.nii 54 -44 43 -0.996442 0.255287
RRV022 con_0024.nii -53 -50 39 -0.567393 0.251129
RRV022 con_0024.nii 32 -59 41 0.638407 0.42225
RRV022 con_0024.nii -32 -58 46 0.0667044 0.551788
RRV022 con_0024.nii -6 49 1 1.23278 0.59738
RRV022 con_0025.nii 9 3 -6 0.317874 0.259578
RRV022 con_0025.nii -9 3 -6 0.379515 0.615219
RRV022 con_0025.nii -30 33 -18 -0.0286567 0.170199
RRV022 con_0025.nii 46 28 31 0.00290121 0.348949
RRV022 con_0025.nii -44 27 33 -0.192138 0.257719
RRV022 con_0025.nii 44 8 34 0.0657943 0.25016
RRV022 con_0025.nii -42 7 36 0.317008 0.279076
RRV022 con_0025.nii 54 -44 43 -0.566374 0.16707
RRV022 con_0025.nii -53 -50 39 -0.492856 0.288081
RRV022 con_0025.nii 32 -59 41 0.275011 0.289468
RRV022 con_0025.nii -32 -58 46 -0.181806 0.182359
RRV022 con_0025.nii -6 49 1 -0.124402 0.189885
RRV022 con_0026.nii 9 3 -6 0.464822 0.361789
RRV022 con_0026.nii -9 3 -6 -0.206858 0.313798
RRV022 con_0026.nii -30 33 -18 0.0519943 0.310976
RRV022 con_0026.nii 46 28 31 0.0158116 0.523596
RRV022 con_0026.nii -44 27 33 -0.107253 0.191135
RRV022 con_0026.nii 44 8 34 0.0886841 0.236868
RRV022 con_0026.nii -42 7 36 0.40017 0.349822
RRV022 con_0026.nii 54 -44 43 -0.480534 0.28624
RRV022 con_0026.nii -53 -50 39 -0.340717 0.316492
RRV022 con_0026.nii 32 -59 41 0.698132 0.138021
RRV022 con_0026.nii -32 -58 46 0.267587 0.315144
RRV022 con_0026.nii -6 49 1 0.00298423 0.291715
RRV022 con_0027.nii 9 3 -6 0.782696 0.438689
RRV022 con_0027.nii -9 3 -6 0.172657 0.530703
RRV022 con_0027.nii -30 33 -18 0.0233377 0.406518
RRV022 con_0027.nii 46 28 31 0.0187128 0.595606
RRV022 con_0027.nii -44 27 33 -0.299391 0.326433
RRV022 con_0027.nii 44 8 34 0.154478 0.403135
RRV022 con_0027.nii -42 7 36 0.717178 0.466246
RRV022 con_0027.nii 54 -44 43 -1.04691 0.418741
RRV022 con_0027.nii -53 -50 39 -0.833574 0.497783
RRV022 con_0027.nii 32 -59 41 0.973143 0.308996
RRV022 con_0027.nii -32 -58 46 0.0857809 0.451585
RRV022 con_0027.nii -6 49 1 -0.121417 0.366731
RRV022 con_0028.nii 9 3 -6 0.16303 0.216642
RRV022 con_0028.nii -9 3 -6 0.499786 0.290088
RRV022 con_0028.nii -30 33 -18 0.175335 0.222657
RRV022 con_0028.nii 46 28 31 0.313173 0.279388
RRV022 con_0028.nii -44 27 33 0.130122 0.177134
RRV022 con_0028.nii 44 8 34 0.333334 0.276282
RRV022 con_0028.nii -42 7 36 0.466861 0.209663
RRV022 con_0028.nii 54 -44 43 -0.245932 0.124938
RRV022 con_0028.nii -53 -50 39 -0.2495 0.15556
RRV022 con_0028.nii 32 -59 41 0.320306 0.286817
RRV022 con_0028.nii -32 -58 46 -0.0260944 0.232424
RRV022 con_0028.nii -6 49 1 0.191225 0.326422
RRV022 con_0029.nii 9 3 -6 0.265465 0.198796
RRV022 con_0029.nii -9 3 -6 -0.218327 0.425507
RRV022 con_0029.nii -30 33 -18 0.246679 0.360704
RRV022 con_0029.nii 46 28 31 0.100475 0.375669
RRV022 con_0029.nii -44 27 33 0.281274 0.190016
RRV022 con_0029.nii 44 8 34 0.251174 0.271726
RRV022 con_0029.nii -42 7 36 0.559428 0.507047
RRV022 con_0029.nii 54 -44 43 -0.531009 0.217282
RRV022 con_0029.nii -53 -50 39 -0.301781 0.259877
RRV022 con_0029.nii 32 -59 41 0.530102 0.17421
RRV022 con_0029.nii -32 -58 46 0.284972 0.22261
RRV022 con_0029.nii -6 49 1 0.360447 0.242173
RRV022 con_0030.nii 9 3 -6 0.428495 0.239081
RRV022 con_0030.nii -9 3 -6 0.281459 0.406088
RRV022 con_0030.nii -30 33 -18 0.422014 0.282131
RRV022 con_0030.nii 46 28 31 0.413648 0.411727
RRV022 con_0030.nii -44 27 33 0.411396 0.179374
RRV022 con_0030.nii 44 8 34 0.584508 0.469863
RRV022 con_0030.nii -42 7 36 1.02629 0.546407
RRV022 con_0030.nii 54 -44 43 -0.776941 0.257863
RRV022 con_0030.nii -53 -50 39 -0.551281 0.336673
RRV022 con_0030.nii 32 -59 41 0.850408 0.338896
RRV022 con_0030.nii -32 -58 46 0.258878 0.395206
RRV022 con_0030.nii -6 49 1 0.551672 0.424849
