RRV010 con_0001.nii 9 3 -6 -0.200037 0.351544
RRV010 con_0001.nii -9 3 -6 -0.0171643 0.532614
RRV010 con_0001.nii -30 33 -18 0.394812 0.148164
RRV010 con_0001.nii 46 28 31 0.666617 0.871444
RRV010 con_0001.nii -44 27 33 0.396224 0.195135
RRV010 con_0001.nii 44 8 34 2.14114 0.629005
RRV010 con_0001.nii -42 7 36 2.07642 0.950951
RRV010 con_0001.nii 54 -44 43 0.174968 0.284361
RRV010 con_0001.nii -53 -50 39 0.00521906 0.23003
RRV010 con_0001.nii 32 -59 41 0.204319 0.17031
RRV010 con_0001.nii -32 -58 46 1.20961 0.720856
RRV010 con_0001.nii -6 49 1 -0.65462 0.399753
RRV010 con_0002.nii 9 3 -6 0.0412217 0.275728
RRV010 con_0002.nii -9 3 -6 -0.022944 0.260596
RRV010 con_0002.nii -30 33 -18 0.589007 0.17932
RRV010 con_0002.nii 46 28 31 0.44985 0.503814
RRV010 con_0002.nii -44 27 33 -0.237874 0.182457
RRV010 con_0002.nii 44 8 34 1.8913 0.54326
RRV010 con_0002.nii -42 7 36 1.50347 0.8231
RRV010 con_0002.nii 54 -44 43 -0.126044 0.297713
RRV010 con_0002.nii -53 -50 39 -0.27733 0.203633
RRV010 con_0002.nii 32 -59 41 0.494181 0.273394
RRV010 con_0002.nii -32 -58 46 1.24372 0.655883
RRV010 con_0002.nii -6 49 1 -0.785442 0.39375
RRV010 con_0003.nii 9 3 -6 -0.158816 0.452
RRV010 con_0003.nii -9 3 -6 -0.0401083 0.551981
RRV010 con_0003.nii -30 33 -18 0.983819 0.292725
RRV010 con_0003.nii 46 28 31 1.11647 1.35217
RRV010 con_0003.nii -44 27 33 0.158349 0.350111
RRV010 con_0003.nii 44 8 34 4.03245 1.1311
RRV010 con_0003.nii -42 7 36 3.5799 1.75898
RRV010 con_0003.nii 54 -44 43 0.0489242 0.546628
RRV010 con_0003.nii -53 -50 39 -0.272111 0.366841
RRV010 con_0003.nii 32 -59 41 0.6985 0.391058
RRV010 con_0003.nii -32 -58 46 2.45333 1.35811
RRV010 con_0003.nii -6 49 1 -1.44006 0.734453
RRV010 con_0004.nii 9 3 -6 -0.177639 0.22228
RRV010 con_0004.nii -9 3 -6 0.179903 0.323432
RRV010 con_0004.nii -30 33 -18 -0.182493 0.254489
RRV010 con_0004.nii 46 28 31 0.347141 0.698328
RRV010 con_0004.nii -44 27 33 -0.2675 0.136582
RRV010 con_0004.nii 44 8 34 1.57822 0.646891
RRV010 con_0004.nii -42 7 36 1.95924 1.06691
RRV010 con_0004.nii 54 -44 43 0.0796649 0.25368
RRV010 con_0004.nii -53 -50 39 -0.331837 0.172978
RRV010 con_0004.nii 32 -59 41 0.235558 0.427603
RRV010 con_0004.nii -32 -58 46 1.27705 0.598852
RRV010 con_0004.nii -6 49 1 -0.996811 0.288236
RRV010 con_0005.nii 9 3 -6 0.145062 0.216435
RRV010 con_0005.nii -9 3 -6 -0.114503 0.252826
RRV010 con_0005.nii -30 33 -18 0.100821 0.542855
RRV010 con_0005.nii 46 28 31 -0.0497162 0.45223
RRV010 con_0005.nii -44 27 33 -0.499708 0.215335
RRV010 con_0005.nii 44 8 34 1.11908 0.471238
RRV010 con_0005.nii -42 7 36 1.3192 0.675067
RRV010 con_0005.nii 54 -44 43 0.093036 0.238411
RRV010 con_0005.nii -53 -50 39 -0.0622489 0.215329
RRV010 con_0005.nii 32 -59 41 0.263551 0.200081
RRV010 con_0005.nii -32 -58 46 1.13163 0.681484
RRV010 con_0005.nii -6 49 1 -1.02877 0.327011
RRV010 con_0006.nii 9 3 -6 -0.0325771 0.264632
RRV010 con_0006.nii -9 3 -6 0.0654001 0.3838
RRV010 con_0006.nii -30 33 -18 -0.0816713 0.704226
RRV010 con_0006.nii 46 28 31 0.297425 1.06265
RRV010 con_0006.nii -44 27 33 -0.767208 0.214165
RRV010 con_0006.nii 44 8 34 2.6973 1.08802
RRV010 con_0006.nii -42 7 36 3.27844 1.68874
RRV010 con_0006.nii 54 -44 43 0.172701 0.457933
RRV010 con_0006.nii -53 -50 39 -0.394086 0.333972
RRV010 con_0006.nii 32 -59 41 0.499108 0.475496
RRV010 con_0006.nii -32 -58 46 2.40868 1.22959
RRV010 con_0006.nii -6 49 1 -2.02558 0.579112
RRV010 con_0007.nii 9 3 -6 0.403556 0.363535
RRV010 con_0007.nii -9 3 -6 0.218817 0.492865
RRV010 con_0007.nii -30 33 -18 0.60299 0.270565
RRV010 con_0007.nii 46 28 31 0.59513 0.754609
RRV010 con_0007.nii -44 27 33 0.215792 0.286331
RRV010 con_0007.nii 44 8 34 1.55449 0.606292
RRV010 con_0007.nii -42 7 36 1.83065 0.895176
RRV010 con_0007.nii 54 -44 43 0.673371 0.321042
RRV010 con_0007.nii -53 -50 39 0.305847 0.27021
RRV010 con_0007.nii 32 -59 41 0.271759 0.20095
RRV010 con_0007.nii -32 -58 46 0.951124 0.361062
RRV010 con_0007.nii -6 49 1 -0.289117 0.464542
RRV010 con_0008.nii 9 3 -6 -0.0189461 0.315576
RRV010 con_0008.nii -9 3 -6 -0.0783405 0.245675
RRV010 con_0008.nii -30 33 -18 0.2533 0.378387
RRV010 con_0008.nii 46 28 31 0.553509 0.390528
RRV010 con_0008.nii -44 27 33 -0.0537798 0.211032
RRV010 con_0008.nii 44 8 34 2.1061 0.526767
RRV010 con_0008.nii -42 7 36 1.23862 0.819297
RRV010 con_0008.nii 54 -44 43 -0.171921 0.249957
RRV010 con_0008.nii -53 -50 39 -0.253346 0.184543
RRV010 con_0008.nii 32 -59 41 0.746133 0.323192
RRV010 con_0008.nii -32 -58 46 1.18579 0.814551
RRV010 con_0008.nii -6 49 1 -0.957811 0.35865
RRV010 con_0009.nii 9 3 -6 0.38461 0.519268
RRV010 con_0009.nii -9 3 -6 0.140477 0.663752
RRV010 con_0009.nii -30 33 -18 0.85629 0.313493
RRV010 con_0009.nii 46 28 31 1.14864 1.10824
RRV010 con_0009.nii -44 27 33 0.162012 0.47515
RRV010 con_0009.nii 44 8 34 3.66059 1.064
RRV010 con_0009.nii -42 7 36 3.06928 1.68332
RRV010 con_0009.nii 54 -44 43 0.50145 0.504865
RRV010 con_0009.nii -53 -50 39 0.0525009 0.324543
RRV010 con_0009.nii 32 -59 41 1.01789 0.461181
RRV010 con_0009.nii -32 -58 46 2.13692 1.13745
RRV010 con_0009.nii -6 49 1 -1.24693 0.792777
RRV010 con_0010.nii 9 3 -6 0.178355 0.270528
RRV010 con_0010.nii -9 3 -6 0.16445 0.282045
RRV010 con_0010.nii -30 33 -18 0.22402 0.151242
RRV010 con_0010.nii 46 28 31 0.229341 0.294778
RRV010 con_0010.nii -44 27 33 -0.25206 0.124399
RRV010 con_0010.nii 44 8 34 1.17119 0.463798
RRV010 con_0010.nii -42 7 36 1.39847 0.671622
RRV010 con_0010.nii 54 -44 43 -0.38967 0.182439
RRV010 con_0010.nii -53 -50 39 -0.330449 0.154732
RRV010 con_0010.nii 32 -59 41 0.178772 0.139005
RRV010 con_0010.nii -32 -58 46 0.586938 0.394582
RRV010 con_0010.nii -6 49 1 -0.334212 0.246921
RRV010 con_0011.nii 9 3 -6 0.269884 0.338783
RRV010 con_0011.nii -9 3 -6 0.123931 0.114139
RRV010 con_0011.nii -30 33 -18 0.427264 0.331406
RRV010 con_0011.nii 46 28 31 0.0687308 0.153815
RRV010 con_0011.nii -44 27 33 -0.0290956 0.115692
RRV010 con_0011.nii 44 8 34 1.28075 0.357126
RRV010 con_0011.nii -42 7 36 0.745571 0.541409
RRV010 con_0011.nii 54 -44 43 0.239515 0.191867
RRV010 con_0011.nii -53 -50 39 0.0100418 0.196541
RRV010 con_0011.nii 32 -59 41 0.125733 0.263368
RRV010 con_0011.nii -32 -58 46 0.670147 0.411885
RRV010 con_0011.nii -6 49 1 -0.420307 0.234664
RRV010 con_0012.nii 9 3 -6 0.448238 0.566918
RRV010 con_0012.nii -9 3 -6 0.288381 0.304178
RRV010 con_0012.nii -30 33 -18 0.651284 0.352938
RRV010 con_0012.nii 46 28 31 0.298071 0.415696
RRV010 con_0012.nii -44 27 33 -0.281155 0.111799
RRV010 con_0012.nii 44 8 34 2.45194 0.766252
RRV010 con_0012.nii -42 7 36 2.14404 1.17619
RRV010 con_0012.nii 54 -44 43 -0.150154 0.346727
RRV010 con_0012.nii -53 -50 39 -0.320408 0.334737
RRV010 con_0012.nii 32 -59 41 0.304505 0.261864
RRV010 con_0012.nii -32 -58 46 1.25709 0.769805
RRV010 con_0012.nii -6 49 1 -0.754519 0.442392
RRV010 con_0013.nii 9 3 -6 0.143587 0.284985
RRV010 con_0013.nii -9 3 -6 -0.0406262 0.218643
RRV010 con_0013.nii -30 33 -18 0.438379 0.270823
RRV010 con_0013.nii 46 28 31 0.558605 0.464564
RRV010 con_0013.nii -44 27 33 -0.0376379 0.126528
RRV010 con_0013.nii 44 8 34 1.3843 0.525189
RRV010 con_0013.nii -42 7 36 1.68599 0.677349
RRV010 con_0013.nii 54 -44 43 0.199505 0.118476
RRV010 con_0013.nii -53 -50 39 -0.22103 0.162319
RRV010 con_0013.nii 32 -59 41 0.297988 0.130002
RRV010 con_0013.nii -32 -58 46 0.657262 0.316865
RRV010 con_0013.nii -6 49 1 -0.708871 0.3622
RRV010 con_0014.nii 9 3 -6 0.046404 0.242463
RRV010 con_0014.nii -9 3 -6 0.0118844 0.28355
RRV010 con_0014.nii -30 33 -18 0.402632 0.249435
RRV010 con_0014.nii 46 28 31 0.306338 0.352284
RRV010 con_0014.nii -44 27 33 -0.344648 0.0888296
RRV010 con_0014.nii 44 8 34 1.46381 0.667705
RRV010 con_0014.nii -42 7 36 1.29407 0.715542
RRV010 con_0014.nii 54 -44 43 -0.370314 0.211981
RRV010 con_0014.nii -53 -50 39 -0.439387 0.224322
RRV010 con_0014.nii 32 -59 41 0.0121772 0.216319
RRV010 con_0014.nii -32 -58 46 1.03446 0.430182
RRV010 con_0014.nii -6 49 1 -0.729104 0.272888
RRV010 con_0015.nii 9 3 -6 0.189991 0.472754
RRV010 con_0015.nii -9 3 -6 -0.0287418 0.427374
RRV010 con_0015.nii -30 33 -18 0.841011 0.384884
RRV010 con_0015.nii 46 28 31 0.864943 0.766002
RRV010 con_0015.nii -44 27 33 -0.382286 0.200983
RRV010 con_0015.nii 44 8 34 2.84811 1.17192
RRV010 con_0015.nii -42 7 36 2.98006 1.37852
RRV010 con_0015.nii 54 -44 43 -0.170808 0.265178
RRV010 con_0015.nii -53 -50 39 -0.660416 0.35637
RRV010 con_0015.nii 32 -59 41 0.310165 0.235999
RRV010 con_0015.nii -32 -58 46 1.69172 0.71424
RRV010 con_0015.nii -6 49 1 -1.43797 0.598932
RRV010 con_0016.nii 9 3 -6 0.00862662 0.243897
RRV010 con_0016.nii -9 3 -6 0.127185 0.403482
RRV010 con_0016.nii -30 33 -18 0.27177 0.138078
RRV010 con_0016.nii 46 28 31 0.536296 0.750579
RRV010 con_0016.nii -44 27 33 0.114838 0.172382
RRV010 con_0016.nii 44 8 34 1.75795 0.582722
RRV010 con_0016.nii -42 7 36 1.95544 0.940247
RRV010 con_0016.nii 54 -44 43 0.309335 0.257998
RRV010 con_0016.nii -53 -50 39 -0.00692359 0.15706
RRV010 con_0016.nii 32 -59 41 0.237212 0.216322
RRV010 con_0016.nii -32 -58 46 1.14593 0.548592
RRV010 con_0016.nii -6 49 1 -0.646849 0.363593
RRV010 con_0017.nii 9 3 -6 0.0557791 0.168455
RRV010 con_0017.nii -9 3 -6 -0.071929 0.156509
RRV010 con_0017.nii -30 33 -18 0.314376 0.310582
RRV010 con_0017.nii 46 28 31 0.317881 0.406879
RRV010 con_0017.nii -44 27 33 -0.263788 0.168675
RRV010 con_0017.nii 44 8 34 1.7055 0.495939
RRV010 con_0017.nii -42 7 36 1.35377 0.765245
RRV010 con_0017.nii 54 -44 43 -0.0683098 0.23589
RRV010 con_0017.nii -53 -50 39 -0.197642 0.178518
RRV010 con_0017.nii 32 -59 41 0.501288 0.24222
RRV010 con_0017.nii -32 -58 46 1.18705 0.682508
RRV010 con_0017.nii -6 49 1 -0.924006 0.336679
RRV010 con_0018.nii 9 3 -6 0.0644057 0.356737
RRV010 con_0018.nii -9 3 -6 0.0552562 0.455031
RRV010 con_0018.nii -30 33 -18 0.586146 0.336894
RRV010 con_0018.nii 46 28 31 0.854177 1.15081
RRV010 con_0018.nii -44 27 33 -0.148949 0.322
RRV010 con_0018.nii 44 8 34 3.46345 1.05629
RRV010 con_0018.nii -42 7 36 3.3092 1.69251
RRV010 con_0018.nii 54 -44 43 0.241025 0.475419
RRV010 con_0018.nii -53 -50 39 -0.204566 0.299778
RRV010 con_0018.nii 32 -59 41 0.7385 0.373497
RRV010 con_0018.nii -32 -58 46 2.33298 1.2134
RRV010 con_0018.nii -6 49 1 -1.57086 0.686517
RRV010 con_0019.nii 9 3 -6 -0.378392 0.367298
RRV010 con_0019.nii -9 3 -6 -0.181614 0.347113
RRV010 con_0019.nii -30 33 -18 0.170792 0.159455
RRV010 con_0019.nii 46 28 31 0.437276 0.59563
RRV010 con_0019.nii -44 27 33 0.648283 0.245537
RRV010 con_0019.nii 44 8 34 0.969955 0.250684
RRV010 con_0019.nii -42 7 36 0.677958 0.393962
RRV010 con_0019.nii 54 -44 43 0.564638 0.291163
RRV010 con_0019.nii -53 -50 39 0.335669 0.143886
RRV010 con_0019.nii 32 -59 41 0.0255477 0.166259
RRV010 con_0019.nii -32 -58 46 0.622671 0.36246
RRV010 con_0019.nii -6 49 1 -0.320408 0.286819
RRV010 con_0020.nii 9 3 -6 -0.228662 0.184402
RRV010 con_0020.nii -9 3 -6 -0.146875 0.254619
RRV010 con_0020.nii -30 33 -18 0.161743 0.356055
RRV010 con_0020.nii 46 28 31 0.381119 0.424224
RRV010 con_0020.nii -44 27 33 -0.208779 0.160685
RRV010 con_0020.nii 44 8 34 0.610557 0.278461
RRV010 con_0020.nii -42 7 36 0.757903 0.347674
RRV010 con_0020.nii 54 -44 43 -0.365559 0.192836
RRV010 con_0020.nii -53 -50 39 -0.287372 0.198301
RRV010 con_0020.nii 32 -59 41 0.368447 0.202677
RRV010 con_0020.nii -32 -58 46 0.57357 0.313655
RRV010 con_0020.nii -6 49 1 -0.365135 0.26019
RRV010 con_0021.nii 9 3 -6 -0.607054 0.405481
RRV010 con_0021.nii -9 3 -6 -0.32849 0.343446
RRV010 con_0021.nii -30 33 -18 0.332535 0.400815
RRV010 con_0021.nii 46 28 31 0.818395 0.975097
RRV010 con_0021.nii -44 27 33 0.439505 0.305647
RRV010 con_0021.nii 44 8 34 1.58051 0.47253
RRV010 con_0021.nii -42 7 36 1.43586 0.720253
RRV010 con_0021.nii 54 -44 43 0.199079 0.426546
RRV010 con_0021.nii -53 -50 39 0.0482964 0.211541
RRV010 con_0021.nii 32 -59 41 0.393995 0.314357
RRV010 con_0021.nii -32 -58 46 1.19624 0.661228
RRV010 con_0021.nii -6 49 1 -0.685543 0.372332
RRV010 con_0022.nii 9 3 -6 -0.355994 0.294086
RRV010 con_0022.nii -9 3 -6 0.0154527 0.256923
RRV010 con_0022.nii -30 33 -18 -0.406512 0.275058
RRV010 con_0022.nii 46 28 31 0.117801 0.442987
RRV010 con_0022.nii -44 27 33 -0.0154401 0.163151
RRV010 con_0022.nii 44 8 34 0.40703 0.344258
RRV010 con_0022.nii -42 7 36 0.560776 0.465741
RRV010 con_0022.nii 54 -44 43 0.469335 0.184974
RRV010 con_0022.nii -53 -50 39 -0.0013877 0.157998
RRV010 con_0022.nii 32 -59 41 0.0567859 0.360474
RRV010 con_0022.nii -32 -58 46 0.69011 0.243556
RRV010 con_0022.nii -6 49 1 -0.662599 0.152438
RRV010 con_0023.nii 9 3 -6 -0.124822 0.430367
RRV010 con_0023.nii -9 3 -6 -0.238434 0.224846
RRV010 con_0023.nii -30 33 -18 -0.326443 0.352322
RRV010 con_0023.nii 46 28 31 -0.118447 0.368979
RRV010 con_0023.nii -44 27 33 -0.470613 0.180417
RRV010 con_0023.nii 44 8 34 -0.161663 0.330182
RRV010 con_0023.nii -42 7 36 0.573624 0.250753
RRV010 con_0023.nii 54 -44 43 -0.146479 0.148449
RRV010 con_0023.nii -53 -50 39 -0.0722907 0.227334
RRV010 con_0023.nii 32 -59 41 0.137817 0.196154
RRV010 con_0023.nii -32 -58 46 0.461487 0.463529
RRV010 con_0023.nii -6 49 1 -0.608458 0.132236
RRV010 con_0024.nii 9 3 -6 -0.480816 0.601529
RRV010 con_0024.nii -9 3 -6 -0.222981 0.332794
RRV010 con_0024.nii -30 33 -18 -0.732955 0.574934
RRV010 con_0024.nii 46 28 31 -0.000646068 0.724589
RRV010 con_0024.nii -44 27 33 -0.486053 0.174997
RRV010 con_0024.nii 44 8 34 0.245367 0.524968
RRV010 con_0024.nii -42 7 36 1.1344 0.634656
RRV010 con_0024.nii 54 -44 43 0.322855 0.287301
RRV010 con_0024.nii -53 -50 39 -0.0736784 0.335256
RRV010 con_0024.nii 32 -59 41 0.194603 0.488269
RRV010 con_0024.nii -32 -58 46 1.1516 0.621464
RRV010 con_0024.nii -6 49 1 -1.27106 0.212496
RRV010 con_0025.nii 9 3 -6 0.225201 0.365159
RRV010 con_0025.nii -9 3 -6 0.0543672 0.317884
RRV010 con_0025.nii -30 33 -18 0.37897 0.212321
RRV010 con_0025.nii 46 28 31 0.365789 0.495358
RRV010 con_0025.nii -44 27 33 0.467851 0.32259
RRV010 con_0025.nii 44 8 34 0.3833 0.295407
RRV010 con_0025.nii -42 7 36 0.432187 0.368568
RRV010 con_0025.nii 54 -44 43 1.06304 0.329195
RRV010 con_0025.nii -53 -50 39 0.636297 0.295724
RRV010 con_0025.nii 32 -59 41 0.092987 0.26563
RRV010 con_0025.nii -32 -58 46 0.364186 0.131222
RRV010 con_0025.nii -6 49 1 0.0450944 0.28499
RRV010 con_0026.nii 9 3 -6 -0.28883 0.289161
RRV010 con_0026.nii -9 3 -6 -0.202272 0.27412
RRV010 con_0026.nii -30 33 -18 -0.173964 0.185634
RRV010 con_0026.nii 46 28 31 0.484778 0.310916
RRV010 con_0026.nii -44 27 33 -0.0246842 0.158545
RRV010 con_0026.nii 44 8 34 0.825358 0.30259
RRV010 con_0026.nii -42 7 36 0.493054 0.319981
RRV010 con_0026.nii 54 -44 43 -0.411436 0.11905
RRV010 con_0026.nii -53 -50 39 -0.263388 0.140039
RRV010 con_0026.nii 32 -59 41 0.620399 0.185909
RRV010 con_0026.nii -32 -58 46 0.515646 0.481526
RRV010 con_0026.nii -6 49 1 -0.537504 0.207282
RRV010 con_0027.nii 9 3 -6 -0.0636285 0.484007
RRV010 con_0027.nii -9 3 -6 -0.147905 0.456324
RRV010 con_0027.nii -30 33 -18 0.205006 0.28141
RRV010 con_0027.nii 46 28 31 0.850568 0.712375
RRV010 con_0027.nii -44 27 33 0.443167 0.434301
RRV010 con_0027.nii 44 8 34 1.20866 0.554175
RRV010 con_0027.nii -42 7 36 0.925241 0.571118
RRV010 con_0027.nii 54 -44 43 0.651604 0.362019
RRV010 con_0027.nii -53 -50 39 0.372909 0.332057
RRV010 con_0027.nii 32 -59 41 0.713386 0.301994
RRV010 con_0027.nii -32 -58 46 0.879833 0.457123
RRV010 con_0027.nii -6 49 1 -0.492409 0.424866
RRV010 con_0028.nii 9 3 -6 -0.169728 0.275707
RRV010 con_0028.nii -9 3 -6 -0.0372648 0.219651
RRV010 con_0028.nii -30 33 -18 0.0477498 0.120329
RRV010 con_0028.nii 46 28 31 0.306955 0.472578
RRV010 con_0028.nii -44 27 33 0.366898 0.217102
RRV010 con_0028.nii 44 8 34 0.586762 0.187626
RRV010 con_0028.nii -42 7 36 0.556974 0.324664
RRV010 con_0028.nii 54 -44 43 0.699004 0.244108
RRV010 con_0028.nii -53 -50 39 0.323526 0.130734
RRV010 con_0028.nii 32 -59 41 0.0584402 0.19689
RRV010 con_0028.nii -32 -58 46 0.558989 0.184528
RRV010 con_0028.nii -6 49 1 -0.312638 0.20383
RRV010 con_0029.nii 9 3 -6 -0.214105 0.234881
RRV010 con_0029.nii -9 3 -6 -0.19586 0.154732
RRV010 con_0029.nii -30 33 -18 -0.112888 0.186838
RRV010 con_0029.nii 46 28 31 0.24915 0.315478
RRV010 con_0029.nii -44 27 33 -0.234692 0.122019
RRV010 con_0029.nii 44 8 34 0.424751 0.271605
RRV010 con_0029.nii -42 7 36 0.608194 0.281948
RRV010 con_0029.nii 54 -44 43 -0.307825 0.103887
RRV010 con_0029.nii -53 -50 39 -0.207684 0.167662
RRV010 con_0029.nii 32 -59 41 0.375555 0.15373
RRV010 con_0029.nii -32 -58 46 0.516901 0.357986
RRV010 con_0029.nii -6 49 1 -0.503699 0.160835
RRV010 con_0030.nii 9 3 -6 -0.383833 0.446589
RRV010 con_0030.nii -9 3 -6 -0.233125 0.234909
RRV010 con_0030.nii -30 33 -18 -0.0651381 0.277481
RRV010 con_0030.nii 46 28 31 0.556106 0.768253
RRV010 con_0030.nii -44 27 33 0.132206 0.276587
RRV010 con_0030.nii 44 8 34 1.01151 0.431256
RRV010 con_0030.nii -42 7 36 1.16517 0.595016
RRV010 con_0030.nii 54 -44 43 0.391179 0.321568
RRV010 con_0030.nii -53 -50 39 0.115842 0.248711
RRV010 con_0030.nii 32 -59 41 0.433995 0.291671
RRV010 con_0030.nii -32 -58 46 1.07589 0.516147
RRV010 con_0030.nii -6 49 1 -0.816337 0.302725
RRV010 con_0031.nii 9 3 -6 -0.0347677 0.110363
RRV010 con_0031.nii -9 3 -6 -0.205076 0.16356
RRV010 con_0031.nii -30 33 -18 0.21436 0.179826
RRV010 con_0031.nii 46 28 31 0.329264 0.201074
RRV010 con_0031.nii -44 27 33 0.214422 0.0690621
RRV010 con_0031.nii 44 8 34 0.213106 0.245034
RRV010 con_0031.nii -42 7 36 0.287522 0.238859
RRV010 con_0031.nii 54 -44 43 0.589175 0.229348
RRV010 con_0031.nii -53 -50 39 0.10942 0.0923009
RRV010 con_0031.nii 32 -59 41 0.119216 0.161334
RRV010 con_0031.nii -32 -58 46 0.0703239 0.148954
RRV010 con_0031.nii -6 49 1 -0.374659 0.175625
RRV010 con_0032.nii 9 3 -6 -0.22348 0.282138
RRV010 con_0032.nii -9 3 -6 -0.112047 0.269997
RRV010 con_0032.nii -30 33 -18 -0.0246325 0.162139
RRV010 con_0032.nii 46 28 31 0.237608 0.323449
RRV010 con_0032.nii -44 27 33 -0.315552 0.146656
RRV010 con_0032.nii 44 8 34 0.183068 0.598512
RRV010 con_0032.nii -42 7 36 0.548503 0.424453
RRV010 con_0032.nii 54 -44 43 -0.609829 0.103179
RRV010 con_0032.nii -53 -50 39 -0.449429 0.136895
RRV010 con_0032.nii 32 -59 41 -0.113556 0.299374
RRV010 con_0032.nii -32 -58 46 0.36431 0.218666
RRV010 con_0032.nii -6 49 1 -0.308796 0.217945
RRV010 con_0033.nii 9 3 -6 -0.258247 0.290465
RRV010 con_0033.nii -9 3 -6 -0.317123 0.181189
RRV010 con_0033.nii -30 33 -18 0.189727 0.309828
RRV010 con_0033.nii 46 28 31 0.566872 0.426692
RRV010 con_0033.nii -44 27 33 -0.10113 0.139661
RRV010 con_0033.nii 44 8 34 0.396174 0.769105
RRV010 con_0033.nii -42 7 36 0.836025 0.593611
RRV010 con_0033.nii 54 -44 43 -0.0206539 0.232681
RRV010 con_0033.nii -53 -50 39 -0.340009 0.123916
RRV010 con_0033.nii 32 -59 41 0.00565994 0.261777
RRV010 con_0033.nii -32 -58 46 0.434634 0.285407
RRV010 con_0033.nii -6 49 1 -0.683456 0.237915
