RRV089 con_0001.nii 9 3 -6 0.424666 0.433445
RRV089 con_0001.nii -9 3 -6 -0.0386851 0.310661
RRV089 con_0001.nii -30 33 -18 0.470065 0.41777
RRV089 con_0001.nii 46 28 31 0.864521 0.425447
RRV089 con_0001.nii -44 27 33 -0.160489 0.178761
RRV089 con_0001.nii 44 8 34 0.804253 0.754197
RRV089 con_0001.nii -42 7 36 0.786102 0.612584
RRV089 con_0001.nii 54 -44 43 0.512907 0.472038
RRV089 con_0001.nii -53 -50 39 -0.261683 0.34242
RRV089 con_0001.nii 32 -59 41 0.91464 0.359817
RRV089 con_0001.nii -32 -58 46 1.42172 0.608538
RRV089 con_0001.nii -6 49 1 -0.148227 0.303244
RRV089 con_0002.nii 9 3 -6 0.259234 0.484542
RRV089 con_0002.nii -9 3 -6 -0.0751613 1.07564
RRV089 con_0002.nii -30 33 -18 0.374859 0.557103
RRV089 con_0002.nii 46 28 31 -0.366227 0.3313
RRV089 con_0002.nii -44 27 33 0.568771 0.254873
RRV089 con_0002.nii 44 8 34 0.358136 0.884838
RRV089 con_0002.nii -42 7 36 -0.134076 0.528915
RRV089 con_0002.nii 54 -44 43 -0.200096 0.346312
RRV089 con_0002.nii -53 -50 39 0.0837386 0.244781
RRV089 con_0002.nii 32 -59 41 0.279051 0.367105
RRV089 con_0002.nii -32 -58 46 -0.247826 0.437297
RRV089 con_0002.nii -6 49 1 1.20378 0.590439
RRV089 con_0003.nii 9 3 -6 0.6839 0.309338
RRV089 con_0003.nii -9 3 -6 -0.113846 0.87033
RRV089 con_0003.nii -30 33 -18 0.844923 0.796176
RRV089 con_0003.nii 46 28 31 0.498294 0.352413
RRV089 con_0003.nii -44 27 33 0.408282 0.364951
RRV089 con_0003.nii 44 8 34 1.16239 1.61139
RRV089 con_0003.nii -42 7 36 0.652026 1.06372
RRV089 con_0003.nii 54 -44 43 0.31281 0.703076
RRV089 con_0003.nii -53 -50 39 -0.177944 0.417433
RRV089 con_0003.nii 32 -59 41 1.19369 0.493899
RRV089 con_0003.nii -32 -58 46 1.17389 0.484206
RRV089 con_0003.nii -6 49 1 1.05555 0.433852
RRV089 con_0004.nii 9 3 -6 0.517034 0.297675
RRV089 con_0004.nii -9 3 -6 0.473506 0.541784
RRV089 con_0004.nii -30 33 -18 0.569092 0.604904
RRV089 con_0004.nii 46 28 31 1.64618 0.395963
RRV089 con_0004.nii -44 27 33 0.922487 0.436127
RRV089 con_0004.nii 44 8 34 1.15227 0.666196
RRV089 con_0004.nii -42 7 36 1.19359 0.813838
RRV089 con_0004.nii 54 -44 43 1.60768 0.563017
RRV089 con_0004.nii -53 -50 39 0.243472 0.466441
RRV089 con_0004.nii 32 -59 41 1.06353 0.5253
RRV089 con_0004.nii -32 -58 46 1.37852 0.383712
RRV089 con_0004.nii -6 49 1 0.945179 0.382577
RRV089 con_0005.nii 9 3 -6 -0.360249 0.344858
RRV089 con_0005.nii -9 3 -6 -0.395125 0.357756
RRV089 con_0005.nii -30 33 -18 0.514573 0.483231
RRV089 con_0005.nii 46 28 31 0.915396 0.287398
RRV089 con_0005.nii -44 27 33 0.524168 0.472259
RRV089 con_0005.nii 44 8 34 1.13871 1.24501
RRV089 con_0005.nii -42 7 36 1.05791 0.918314
RRV089 con_0005.nii 54 -44 43 0.647893 0.384695
RRV089 con_0005.nii -53 -50 39 0.638521 0.393111
RRV089 con_0005.nii 32 -59 41 0.905619 0.523168
RRV089 con_0005.nii -32 -58 46 0.191883 0.326873
RRV089 con_0005.nii -6 49 1 0.297814 0.340431
RRV089 con_0006.nii 9 3 -6 0.156784 0.343994
RRV089 con_0006.nii -9 3 -6 0.0783805 0.45498
RRV089 con_0006.nii -30 33 -18 1.08367 0.960156
RRV089 con_0006.nii 46 28 31 2.56158 0.645972
RRV089 con_0006.nii -44 27 33 1.44665 0.852283
RRV089 con_0006.nii 44 8 34 2.29098 1.88495
RRV089 con_0006.nii -42 7 36 2.2515 1.7126
RRV089 con_0006.nii 54 -44 43 2.25557 0.808745
RRV089 con_0006.nii -53 -50 39 0.881993 0.694661
RRV089 con_0006.nii 32 -59 41 1.96915 0.756002
RRV089 con_0006.nii -32 -58 46 1.57041 0.551636
RRV089 con_0006.nii -6 49 1 1.24299 0.480738
RRV089 con_0007.nii 9 3 -6 0.260393 0.317074
RRV089 con_0007.nii -9 3 -6 -0.174023 0.257757
RRV089 con_0007.nii -30 33 -18 -0.363384 0.22616
RRV089 con_0007.nii 46 28 31 0.605698 0.333186
RRV089 con_0007.nii -44 27 33 -0.238291 0.170991
RRV089 con_0007.nii 44 8 34 0.19355 0.68908
RRV089 con_0007.nii -42 7 36 -0.137865 0.157585
RRV089 con_0007.nii 54 -44 43 0.653233 0.424656
RRV089 con_0007.nii -53 -50 39 -0.400295 0.231403
RRV089 con_0007.nii 32 -59 41 0.059032 0.169654
RRV089 con_0007.nii -32 -58 46 0.177835 0.315384
RRV089 con_0007.nii -6 49 1 -0.268141 0.171135
RRV089 con_0008.nii 9 3 -6 -0.280838 0.257454
RRV089 con_0008.nii -9 3 -6 -0.457998 0.598668
RRV089 con_0008.nii -30 33 -18 -0.223134 0.251825
RRV089 con_0008.nii 46 28 31 -0.440179 0.381244
RRV089 con_0008.nii -44 27 33 -0.60408 0.536545
RRV089 con_0008.nii 44 8 34 0.243332 1.21604
RRV089 con_0008.nii -42 7 36 -0.248703 0.316563
RRV089 con_0008.nii 54 -44 43 -1.5006 0.424277
RRV089 con_0008.nii -53 -50 39 -0.357681 0.213858
RRV089 con_0008.nii 32 -59 41 0.120104 0.499332
RRV089 con_0008.nii -32 -58 46 -0.511339 0.439123
RRV089 con_0008.nii -6 49 1 0.12598 0.32992
RRV089 con_0009.nii 9 3 -6 -0.0204456 0.367042
RRV089 con_0009.nii -9 3 -6 -0.632021 0.661117
RRV089 con_0009.nii -30 33 -18 -0.586518 0.405126
RRV089 con_0009.nii 46 28 31 0.165519 0.294538
RRV089 con_0009.nii -44 27 33 -0.842371 0.611262
RRV089 con_0009.nii 44 8 34 0.436883 1.89375
RRV089 con_0009.nii -42 7 36 -0.386568 0.352751
RRV089 con_0009.nii 54 -44 43 -0.847363 0.651289
RRV089 con_0009.nii -53 -50 39 -0.757976 0.393681
RRV089 con_0009.nii 32 -59 41 0.179136 0.583743
RRV089 con_0009.nii -32 -58 46 -0.333504 0.575242
RRV089 con_0009.nii -6 49 1 -0.142161 0.345662
RRV089 con_0010.nii 9 3 -6 0.420051 0.259735
RRV089 con_0010.nii -9 3 -6 0.417851 0.28485
RRV089 con_0010.nii -30 33 -18 0.517705 0.41685
RRV089 con_0010.nii 46 28 31 1.20055 0.457173
RRV089 con_0010.nii -44 27 33 0.194594 0.291955
RRV089 con_0010.nii 44 8 34 0.365468 0.641873
RRV089 con_0010.nii -42 7 36 0.782723 0.584126
RRV089 con_0010.nii 54 -44 43 0.651296 0.360302
RRV089 con_0010.nii -53 -50 39 0.129179 0.197712
RRV089 con_0010.nii 32 -59 41 0.873914 0.327841
RRV089 con_0010.nii -32 -58 46 1.28159 0.419544
RRV089 con_0010.nii -6 49 1 0.671841 0.273001
RRV089 con_0011.nii 9 3 -6 0.140567 0.207983
RRV089 con_0011.nii -9 3 -6 -0.129022 0.2219
RRV089 con_0011.nii -30 33 -18 0.0994691 0.154384
RRV089 con_0011.nii 46 28 31 0.463983 0.188454
RRV089 con_0011.nii -44 27 33 0.15052 0.111188
RRV089 con_0011.nii 44 8 34 1.18559 1.03663
RRV089 con_0011.nii -42 7 36 0.947787 0.672312
RRV089 con_0011.nii 54 -44 43 0.13835 0.108396
RRV089 con_0011.nii -53 -50 39 0.145239 0.180613
RRV089 con_0011.nii 32 -59 41 0.603835 0.455923
RRV089 con_0011.nii -32 -58 46 0.269323 0.186562
RRV089 con_0011.nii -6 49 1 -0.0156024 0.290837
RRV089 con_0012.nii 9 3 -6 0.560618 0.395881
RRV089 con_0012.nii -9 3 -6 0.288829 0.345705
RRV089 con_0012.nii -30 33 -18 0.617174 0.485907
RRV089 con_0012.nii 46 28 31 1.66454 0.561439
RRV089 con_0012.nii -44 27 33 0.345114 0.364303
RRV089 con_0012.nii 44 8 34 1.55106 1.6525
RRV089 con_0012.nii -42 7 36 1.73051 1.23506
RRV089 con_0012.nii 54 -44 43 0.789647 0.441185
RRV089 con_0012.nii -53 -50 39 0.274418 0.356405
RRV089 con_0012.nii 32 -59 41 1.47775 0.698829
RRV089 con_0012.nii -32 -58 46 1.55092 0.49007
RRV089 con_0012.nii -6 49 1 0.656239 0.424325
RRV089 con_0013.nii 9 3 -6 0.133955 0.214576
RRV089 con_0013.nii -9 3 -6 -0.212915 0.245714
RRV089 con_0013.nii -30 33 -18 0.0328898 0.302902
RRV089 con_0013.nii 46 28 31 1.22927 0.464627
RRV089 con_0013.nii -44 27 33 -0.341986 0.22108
RRV089 con_0013.nii 44 8 34 0.573498 0.58852
RRV089 con_0013.nii -42 7 36 0.605434 0.49891
RRV089 con_0013.nii 54 -44 43 0.0953182 0.305623
RRV089 con_0013.nii -53 -50 39 -0.437454 0.235743
RRV089 con_0013.nii 32 -59 41 0.67424 0.287305
RRV089 con_0013.nii -32 -58 46 0.238175 0.28601
RRV089 con_0013.nii -6 49 1 -0.649967 0.281821
RRV089 con_0014.nii 9 3 -6 0.131858 0.184885
RRV089 con_0014.nii -9 3 -6 0.174731 0.363811
RRV089 con_0014.nii -30 33 -18 -0.0872421 0.275893
RRV089 con_0014.nii 46 28 31 1.09805 0.319382
RRV089 con_0014.nii -44 27 33 0.11453 0.231943
RRV089 con_0014.nii 44 8 34 1.67747 1.28056
RRV089 con_0014.nii -42 7 36 1.0289 0.80038
RRV089 con_0014.nii 54 -44 43 0.37662 0.312393
RRV089 con_0014.nii -53 -50 39 0.172647 0.192964
RRV089 con_0014.nii 32 -59 41 0.946655 0.339418
RRV089 con_0014.nii -32 -58 46 0.531393 0.271044
RRV089 con_0014.nii -6 49 1 0.324841 0.27025
RRV089 con_0015.nii 9 3 -6 0.265813 0.28476
RRV089 con_0015.nii -9 3 -6 -0.0381842 0.31859
RRV089 con_0015.nii -30 33 -18 -0.0543524 0.473771
RRV089 con_0015.nii 46 28 31 2.32732 0.688413
RRV089 con_0015.nii -44 27 33 -0.227457 0.361543
RRV089 con_0015.nii 44 8 34 2.25096 1.82102
RRV089 con_0015.nii -42 7 36 1.63433 1.27959
RRV089 con_0015.nii 54 -44 43 0.471938 0.549747
RRV089 con_0015.nii -53 -50 39 -0.264808 0.391318
RRV089 con_0015.nii 32 -59 41 1.62089 0.52877
RRV089 con_0015.nii -32 -58 46 0.769569 0.519111
RRV089 con_0015.nii -6 49 1 -0.325125 0.302434
RRV089 con_0016.nii 9 3 -6 0.400697 0.289715
RRV089 con_0016.nii -9 3 -6 0.0869324 0.323588
RRV089 con_0016.nii -30 33 -18 0.225258 0.356511
RRV089 con_0016.nii 46 28 31 1.0388 0.347937
RRV089 con_0016.nii -44 27 33 0.174569 0.193338
RRV089 con_0016.nii 44 8 34 0.716692 0.667354
RRV089 con_0016.nii -42 7 36 0.613941 0.44743
RRV089 con_0016.nii 54 -44 43 0.924606 0.459591
RRV089 con_0016.nii -53 -50 39 -0.139502 0.277972
RRV089 con_0016.nii 32 -59 41 0.679066 0.298379
RRV089 con_0016.nii -32 -58 46 0.992693 0.385727
RRV089 con_0016.nii -6 49 1 0.17627 0.188717
RRV089 con_0017.nii 9 3 -6 -0.127284 0.327842
RRV089 con_0017.nii -9 3 -6 -0.309428 0.634853
RRV089 con_0017.nii -30 33 -18 0.222099 0.385438
RRV089 con_0017.nii 46 28 31 0.03633 0.235111
RRV089 con_0017.nii -44 27 33 0.162953 0.300327
RRV089 con_0017.nii 44 8 34 0.580059 1.07013
RRV089 con_0017.nii -42 7 36 0.225043 0.46946
RRV089 con_0017.nii 54 -44 43 -0.350933 0.233263
RRV089 con_0017.nii -53 -50 39 0.121526 0.252
RRV089 con_0017.nii 32 -59 41 0.434925 0.426755
RRV089 con_0017.nii -32 -58 46 -0.189094 0.244051
RRV089 con_0017.nii -6 49 1 0.542525 0.228124
RRV089 con_0018.nii 9 3 -6 0.273413 0.248007
RRV089 con_0018.nii -9 3 -6 -0.222496 0.488658
RRV089 con_0018.nii -30 33 -18 0.447357 0.620001
RRV089 con_0018.nii 46 28 31 1.07513 0.344681
RRV089 con_0018.nii -44 27 33 0.337522 0.43371
RRV089 con_0018.nii 44 8 34 1.29675 1.72249
RRV089 con_0018.nii -42 7 36 0.838985 0.881233
RRV089 con_0018.nii 54 -44 43 0.573673 0.614421
RRV089 con_0018.nii -53 -50 39 -0.0179758 0.43795
RRV089 con_0018.nii 32 -59 41 1.11399 0.533771
RRV089 con_0018.nii -32 -58 46 0.803599 0.40605
RRV089 con_0018.nii -6 49 1 0.718795 0.220861
RRV089 con_0019.nii 9 3 -6 0.00461522 0.299741
RRV089 con_0019.nii -9 3 -6 -0.456536 0.227371
RRV089 con_0019.nii -30 33 -18 -0.0476404 0.185478
RRV089 con_0019.nii 46 28 31 -0.336034 0.128198
RRV089 con_0019.nii -44 27 33 -0.355083 0.179155
RRV089 con_0019.nii 44 8 34 0.438785 0.20963
RRV089 con_0019.nii -42 7 36 0.00337917 0.192836
RRV089 con_0019.nii 54 -44 43 -0.13839 0.376819
RRV089 con_0019.nii -53 -50 39 -0.390861 0.243007
RRV089 con_0019.nii 32 -59 41 0.0407256 0.245647
RRV089 con_0019.nii -32 -58 46 0.140125 0.332606
RRV089 con_0019.nii -6 49 1 -0.820068 0.443797
RRV089 con_0020.nii 9 3 -6 0.118668 0.620566
RRV089 con_0020.nii -9 3 -6 0.0538604 0.945415
RRV089 con_0020.nii -30 33 -18 0.27539 0.470159
RRV089 con_0020.nii 46 28 31 -0.83021 0.344747
RRV089 con_0020.nii -44 27 33 0.418251 0.208084
RRV089 con_0020.nii 44 8 34 -0.827452 0.35638
RRV089 con_0020.nii -42 7 36 -1.08186 0.383003
RRV089 con_0020.nii 54 -44 43 -0.338447 0.339871
RRV089 con_0020.nii -53 -50 39 -0.0615009 0.277481
RRV089 con_0020.nii 32 -59 41 -0.324784 0.326531
RRV089 con_0020.nii -32 -58 46 -0.51715 0.451088
RRV089 con_0020.nii -6 49 1 1.21938 0.514409
RRV089 con_0021.nii 9 3 -6 0.123283 0.537544
RRV089 con_0021.nii -9 3 -6 -0.402676 0.882099
RRV089 con_0021.nii -30 33 -18 0.227749 0.524374
RRV089 con_0021.nii 46 28 31 -1.16624 0.368133
RRV089 con_0021.nii -44 27 33 0.0631685 0.246639
RRV089 con_0021.nii 44 8 34 -0.388667 0.26505
RRV089 con_0021.nii -42 7 36 -1.07848 0.479695
RRV089 con_0021.nii 54 -44 43 -0.476836 0.631669
RRV089 con_0021.nii -53 -50 39 -0.452362 0.324368
RRV089 con_0021.nii 32 -59 41 -0.284058 0.509655
RRV089 con_0021.nii -32 -58 46 -0.377024 0.226528
RRV089 con_0021.nii -6 49 1 0.399315 0.347371
RRV089 con_0022.nii 9 3 -6 0.0969828 0.251352
RRV089 con_0022.nii -9 3 -6 0.0556549 0.397868
RRV089 con_0022.nii -30 33 -18 0.0513866 0.269931
RRV089 con_0022.nii 46 28 31 0.445627 0.15536
RRV089 con_0022.nii -44 27 33 0.727893 0.2689
RRV089 con_0022.nii 44 8 34 0.786804 0.203673
RRV089 con_0022.nii -42 7 36 0.410863 0.315353
RRV089 con_0022.nii 54 -44 43 0.956381 0.286348
RRV089 con_0022.nii -53 -50 39 0.114294 0.300276
RRV089 con_0022.nii 32 -59 41 0.189612 0.298763
RRV089 con_0022.nii -32 -58 46 0.0969318 0.382764
RRV089 con_0022.nii -6 49 1 0.273338 0.210402
RRV089 con_0023.nii 9 3 -6 -0.500816 0.466149
RRV089 con_0023.nii -9 3 -6 -0.266104 0.302823
RRV089 con_0023.nii -30 33 -18 0.415104 0.41978
RRV089 con_0023.nii 46 28 31 0.451412 0.182841
RRV089 con_0023.nii -44 27 33 0.373648 0.478448
RRV089 con_0023.nii 44 8 34 -0.0468815 0.396871
RRV089 con_0023.nii -42 7 36 0.110122 0.284168
RRV089 con_0023.nii 54 -44 43 0.509543 0.336602
RRV089 con_0023.nii -53 -50 39 0.493281 0.383413
RRV089 con_0023.nii 32 -59 41 0.301784 0.177799
RRV089 con_0023.nii -32 -58 46 -0.07744 0.199879
RRV089 con_0023.nii -6 49 1 0.313416 0.147687
RRV089 con_0024.nii 9 3 -6 -0.403833 0.557274
RRV089 con_0024.nii -9 3 -6 -0.210449 0.425081
RRV089 con_0024.nii -30 33 -18 0.466491 0.625691
RRV089 con_0024.nii 46 28 31 0.897039 0.229039
RRV089 con_0024.nii -44 27 33 1.10154 0.685465
RRV089 con_0024.nii 44 8 34 0.739922 0.467174
RRV089 con_0024.nii -42 7 36 0.520986 0.533717
RRV089 con_0024.nii 54 -44 43 1.46592 0.436339
RRV089 con_0024.nii -53 -50 39 0.607575 0.492542
RRV089 con_0024.nii 32 -59 41 0.491396 0.28107
RRV089 con_0024.nii -32 -58 46 0.0194918 0.464585
RRV089 con_0024.nii -6 49 1 0.586754 0.227547
RRV089 con_0025.nii 9 3 -6 -0.159658 0.277271
RRV089 con_0025.nii -9 3 -6 -0.591874 0.245731
RRV089 con_0025.nii -30 33 -18 -0.881089 0.412955
RRV089 con_0025.nii 46 28 31 -0.594857 0.357143
RRV089 con_0025.nii -44 27 33 -0.432885 0.312345
RRV089 con_0025.nii 44 8 34 -0.171917 0.39727
RRV089 con_0025.nii -42 7 36 -0.920588 0.653857
RRV089 con_0025.nii 54 -44 43 0.00193606 0.324361
RRV089 con_0025.nii -53 -50 39 -0.529473 0.252814
RRV089 con_0025.nii 32 -59 41 -0.814882 0.291842
RRV089 con_0025.nii -32 -58 46 -1.10376 0.299494
RRV089 con_0025.nii -6 49 1 -0.939982 0.351935
RRV089 con_0026.nii 9 3 -6 -0.421405 0.334515
RRV089 con_0026.nii -9 3 -6 -0.328976 0.510525
RRV089 con_0026.nii -30 33 -18 -0.322603 0.222059
RRV089 con_0026.nii 46 28 31 -0.904162 0.331261
RRV089 con_0026.nii -44 27 33 -0.7546 0.57792
RRV089 con_0026.nii 44 8 34 -0.942256 0.558555
RRV089 con_0026.nii -42 7 36 -1.19649 0.774472
RRV089 con_0026.nii 54 -44 43 -1.63895 0.461728
RRV089 con_0026.nii -53 -50 39 -0.502921 0.241179
RRV089 con_0026.nii 32 -59 41 -0.483731 0.253033
RRV089 con_0026.nii -32 -58 46 -0.780662 0.437524
RRV089 con_0026.nii -6 49 1 0.141582 0.522403
RRV089 con_0027.nii 9 3 -6 -0.581063 0.461534
RRV089 con_0027.nii -9 3 -6 -0.92085 0.569559
RRV089 con_0027.nii -30 33 -18 -1.20369 0.55405
RRV089 con_0027.nii 46 28 31 -1.49902 0.562157
RRV089 con_0027.nii -44 27 33 -1.18749 0.722078
RRV089 con_0027.nii 44 8 34 -1.11417 0.900938
RRV089 con_0027.nii -42 7 36 -2.11708 1.40751
RRV089 con_0027.nii 54 -44 43 -1.63701 0.722612
RRV089 con_0027.nii -53 -50 39 -1.03239 0.450371
RRV089 con_0027.nii 32 -59 41 -1.29861 0.386467
RRV089 con_0027.nii -32 -58 46 -1.88442 0.684807
RRV089 con_0027.nii -6 49 1 -0.7984 0.677822
RRV089 con_0028.nii 9 3 -6 -0.0193533 0.186802
RRV089 con_0028.nii -9 3 -6 -0.330918 0.206582
RRV089 con_0028.nii -30 33 -18 -0.292447 0.150009
RRV089 con_0028.nii 46 28 31 -0.161755 0.16583
RRV089 con_0028.nii -44 27 33 -0.0200251 0.144569
RRV089 con_0028.nii 44 8 34 0.351224 0.174998
RRV089 con_0028.nii -42 7 36 -0.168782 0.184678
RRV089 con_0028.nii 54 -44 43 0.273309 0.284446
RRV089 con_0028.nii -53 -50 39 -0.26868 0.137321
RRV089 con_0028.nii 32 -59 41 -0.194848 0.150192
RRV089 con_0028.nii -32 -58 46 -0.2889 0.242327
RRV089 con_0028.nii -6 49 1 -0.495571 0.26097
RRV089 con_0029.nii 9 3 -6 -0.267851 0.453412
RRV089 con_0029.nii -9 3 -6 -0.180406 0.520212
RRV089 con_0029.nii -30 33 -18 0.12263 0.308204
RRV089 con_0029.nii 46 28 31 -0.427653 0.173342
RRV089 con_0029.nii -44 27 33 0.0124331 0.316714
RRV089 con_0029.nii 44 8 34 -0.60553 0.270994
RRV089 con_0029.nii -42 7 36 -0.722743 0.297301
RRV089 con_0029.nii 54 -44 43 -0.489283 0.228989
RRV089 con_0029.nii -53 -50 39 -0.0237133 0.26614
RRV089 con_0029.nii 32 -59 41 -0.16891 0.173988
RRV089 con_0029.nii -32 -58 46 -0.458417 0.202187
RRV089 con_0029.nii -6 49 1 0.558127 0.217637
RRV089 con_0030.nii 9 3 -6 -0.287205 0.464867
RRV089 con_0030.nii -9 3 -6 -0.511325 0.446465
RRV089 con_0030.nii -30 33 -18 -0.169817 0.368198
RRV089 con_0030.nii 46 28 31 -0.589408 0.278202
RRV089 con_0030.nii -44 27 33 -0.00759198 0.357392
RRV089 con_0030.nii 44 8 34 -0.254306 0.297338
RRV089 con_0030.nii -42 7 36 -0.891525 0.460741
RRV089 con_0030.nii 54 -44 43 -0.215974 0.473126
RRV089 con_0030.nii -53 -50 39 -0.292394 0.323655
RRV089 con_0030.nii 32 -59 41 -0.363758 0.249404
RRV089 con_0030.nii -32 -58 46 -0.747318 0.346932
RRV089 con_0030.nii -6 49 1 0.0625563 0.282493
RRV089 con_0031.nii 9 3 -6 -0.286096 0.114819
RRV089 con_0031.nii -9 3 -6 -0.630766 0.191983
RRV089 con_0031.nii -30 33 -18 -0.484815 0.18711
RRV089 con_0031.nii 46 28 31 0.0287144 0.242699
RRV089 con_0031.nii -44 27 33 -0.536581 0.310596
RRV089 con_0031.nii 44 8 34 0.20803 0.198922
RRV089 con_0031.nii -42 7 36 -0.177289 0.212839
RRV089 con_0031.nii 54 -44 43 -0.555978 0.379424
RRV089 con_0031.nii -53 -50 39 -0.566633 0.159419
RRV089 con_0031.nii 32 -59 41 -0.199674 0.337216
RRV089 con_0031.nii -32 -58 46 -1.04342 0.293802
RRV089 con_0031.nii -6 49 1 -1.32181 0.390127
RRV089 con_0032.nii 9 3 -6 -0.00870871 0.188306
RRV089 con_0032.nii -9 3 -6 0.303753 0.266312
RRV089 con_0032.nii -30 33 -18 -0.186711 0.174644
RRV089 con_0032.nii 46 28 31 0.634071 0.205718
RRV089 con_0032.nii -44 27 33 -0.0359898 0.193874
RRV089 con_0032.nii 44 8 34 0.491878 0.401809
RRV089 con_0032.nii -42 7 36 0.0811127 0.186999
RRV089 con_0032.nii 54 -44 43 0.238269 0.259828
RRV089 con_0032.nii -53 -50 39 0.0274072 0.08778
RRV089 con_0032.nii 32 -59 41 0.34282 0.195263
RRV089 con_0032.nii -32 -58 46 0.26207 0.210932
RRV089 con_0032.nii -6 49 1 0.340444 0.160724
RRV089 con_0033.nii 9 3 -6 -0.294805 0.255896
RRV089 con_0033.nii -9 3 -6 -0.327013 0.303068
RRV089 con_0033.nii -30 33 -18 -0.671526 0.306606
RRV089 con_0033.nii 46 28 31 0.662786 0.421115
RRV089 con_0033.nii -44 27 33 -0.572571 0.247416
RRV089 con_0033.nii 44 8 34 0.699908 0.43379
RRV089 con_0033.nii -42 7 36 -0.0961762 0.284821
RRV089 con_0033.nii 54 -44 43 -0.317709 0.441625
RRV089 con_0033.nii -53 -50 39 -0.539226 0.208177
RRV089 con_0033.nii 32 -59 41 0.143146 0.404964
RRV089 con_0033.nii -32 -58 46 -0.781348 0.329832
RRV089 con_0033.nii -6 49 1 -0.981364 0.404
