RRV072 con_0001.nii 9 3 -6 -0.120915 0.628226
RRV072 con_0001.nii -9 3 -6 0.0401676 0.63023
RRV072 con_0001.nii -30 33 -18 0.666971 0.590986
RRV072 con_0001.nii 46 28 31 1.41202 0.359461
RRV072 con_0001.nii -44 27 33 1.44339 0.365359
RRV072 con_0001.nii 44 8 34 1.67914 1.27949
RRV072 con_0001.nii -42 7 36 1.25988 0.38283
RRV072 con_0001.nii 54 -44 43 0.739025 0.242488
RRV072 con_0001.nii -53 -50 39 0.549605 0.26463
RRV072 con_0001.nii 32 -59 41 0.996367 0.526856
RRV072 con_0001.nii -32 -58 46 1.29439 0.518198
RRV072 con_0001.nii -6 49 1 -0.175912 0.259618
RRV072 con_0002.nii 9 3 -6 0.0888951 0.335123
RRV072 con_0002.nii -9 3 -6 -0.290586 0.431829
RRV072 con_0002.nii -30 33 -18 0.45721 0.308746
RRV072 con_0002.nii 46 28 31 -0.442751 0.462209
RRV072 con_0002.nii -44 27 33 -0.549614 0.557577
RRV072 con_0002.nii 44 8 34 0.171271 0.301871
RRV072 con_0002.nii -42 7 36 0.129927 0.359623
RRV072 con_0002.nii 54 -44 43 -2.63107 0.705387
RRV072 con_0002.nii -53 -50 39 -0.556679 0.341293
RRV072 con_0002.nii 32 -59 41 -0.561767 0.925205
RRV072 con_0002.nii -32 -58 46 0.000810017 0.438054
RRV072 con_0002.nii -6 49 1 -2.67225 1.05174
RRV072 con_0003.nii 9 3 -6 -0.0320198 0.820323
RRV072 con_0003.nii -9 3 -6 -0.250419 0.567491
RRV072 con_0003.nii -30 33 -18 1.12418 0.769068
RRV072 con_0003.nii 46 28 31 0.969267 0.744428
RRV072 con_0003.nii -44 27 33 0.893778 0.654149
RRV072 con_0003.nii 44 8 34 1.85041 1.54521
RRV072 con_0003.nii -42 7 36 1.38981 0.622294
RRV072 con_0003.nii 54 -44 43 -1.89205 0.684796
RRV072 con_0003.nii -53 -50 39 -0.00707322 0.482249
RRV072 con_0003.nii 32 -59 41 0.4346 1.01136
RRV072 con_0003.nii -32 -58 46 1.2952 0.80103
RRV072 con_0003.nii -6 49 1 -2.84816 1.10788
RRV072 con_0004.nii 9 3 -6 -0.640262 0.369034
RRV072 con_0004.nii -9 3 -6 -0.199524 0.402012
RRV072 con_0004.nii -30 33 -18 0.155046 0.607207
RRV072 con_0004.nii 46 28 31 0.738951 0.265622
RRV072 con_0004.nii -44 27 33 0.977835 0.213168
RRV072 con_0004.nii 44 8 34 1.34758 0.848188
RRV072 con_0004.nii -42 7 36 1.0366 0.391983
RRV072 con_0004.nii 54 -44 43 0.365791 0.225494
RRV072 con_0004.nii -53 -50 39 0.583696 0.290956
RRV072 con_0004.nii 32 -59 41 0.58815 0.447854
RRV072 con_0004.nii -32 -58 46 0.779845 0.302564
RRV072 con_0004.nii -6 49 1 -1.32425 0.730408
RRV072 con_0005.nii 9 3 -6 0.864541 0.379535
RRV072 con_0005.nii -9 3 -6 0.0805629 0.438822
RRV072 con_0005.nii -30 33 -18 0.383072 0.353009
RRV072 con_0005.nii 46 28 31 0.28974 0.153181
RRV072 con_0005.nii -44 27 33 1.32563 0.49108
RRV072 con_0005.nii 44 8 34 0.248982 0.47203
RRV072 con_0005.nii -42 7 36 0.550298 0.394504
RRV072 con_0005.nii 54 -44 43 -0.233597 0.166841
RRV072 con_0005.nii -53 -50 39 -0.20805 0.179461
RRV072 con_0005.nii 32 -59 41 0.757298 0.37961
RRV072 con_0005.nii -32 -58 46 1.14437 0.576911
RRV072 con_0005.nii -6 49 1 -0.570672 0.470547
RRV072 con_0006.nii 9 3 -6 0.224279 0.42086
RRV072 con_0006.nii -9 3 -6 -0.118961 0.582879
RRV072 con_0006.nii -30 33 -18 0.538118 0.874686
RRV072 con_0006.nii 46 28 31 1.02869 0.382333
RRV072 con_0006.nii -44 27 33 2.30346 0.514814
RRV072 con_0006.nii 44 8 34 1.59657 1.27889
RRV072 con_0006.nii -42 7 36 1.58689 0.607439
RRV072 con_0006.nii 54 -44 43 0.132194 0.268796
RRV072 con_0006.nii -53 -50 39 0.375646 0.421456
RRV072 con_0006.nii 32 -59 41 1.34545 0.525503
RRV072 con_0006.nii -32 -58 46 1.92422 0.760581
RRV072 con_0006.nii -6 49 1 -1.89492 0.905601
RRV072 con_0007.nii 9 3 -6 -0.665393 0.658699
RRV072 con_0007.nii -9 3 -6 -0.422925 0.55278
RRV072 con_0007.nii -30 33 -18 -0.0866208 0.692978
RRV072 con_0007.nii 46 28 31 0.858128 0.530032
RRV072 con_0007.nii -44 27 33 0.531747 0.344091
RRV072 con_0007.nii 44 8 34 1.23111 0.964249
RRV072 con_0007.nii -42 7 36 0.702591 0.399611
RRV072 con_0007.nii 54 -44 43 0.726005 0.238721
RRV072 con_0007.nii -53 -50 39 0.577798 0.475899
RRV072 con_0007.nii 32 -59 41 1.02619 0.689906
RRV072 con_0007.nii -32 -58 46 0.845073 0.433337
RRV072 con_0007.nii -6 49 1 -1.89101 0.869465
RRV072 con_0008.nii 9 3 -6 0.396497 0.365708
RRV072 con_0008.nii -9 3 -6 -0.336178 0.504355
RRV072 con_0008.nii -30 33 -18 0.317851 0.233544
RRV072 con_0008.nii 46 28 31 0.0818491 0.533435
RRV072 con_0008.nii -44 27 33 -0.333878 0.395994
RRV072 con_0008.nii 44 8 34 -0.445862 0.465115
RRV072 con_0008.nii -42 7 36 -0.488061 0.33243
RRV072 con_0008.nii 54 -44 43 -1.09418 0.376395
RRV072 con_0008.nii -53 -50 39 0.219186 0.406822
RRV072 con_0008.nii 32 -59 41 -0.284094 0.332007
RRV072 con_0008.nii -32 -58 46 0.0034616 0.351047
RRV072 con_0008.nii -6 49 1 -1.01969 0.636351
RRV072 con_0009.nii 9 3 -6 -0.268896 0.9337
RRV072 con_0009.nii -9 3 -6 -0.759103 0.657665
RRV072 con_0009.nii -30 33 -18 0.23123 0.772319
RRV072 con_0009.nii 46 28 31 0.939977 0.883778
RRV072 con_0009.nii -44 27 33 0.197869 0.673359
RRV072 con_0009.nii 44 8 34 0.785244 1.29475
RRV072 con_0009.nii -42 7 36 0.21453 0.579261
RRV072 con_0009.nii 54 -44 43 -0.368175 0.414873
RRV072 con_0009.nii -53 -50 39 0.796984 0.680313
RRV072 con_0009.nii 32 -59 41 0.742093 0.772732
RRV072 con_0009.nii -32 -58 46 0.848535 0.624292
RRV072 con_0009.nii -6 49 1 -2.91069 1.1922
RRV072 con_0010.nii 9 3 -6 0.514582 0.348981
RRV072 con_0010.nii -9 3 -6 0.317048 0.321471
RRV072 con_0010.nii -30 33 -18 0.163449 0.405744
RRV072 con_0010.nii 46 28 31 0.556188 0.307877
RRV072 con_0010.nii -44 27 33 -0.091021 0.170313
RRV072 con_0010.nii 44 8 34 0.853131 0.733154
RRV072 con_0010.nii -42 7 36 0.149401 0.167212
RRV072 con_0010.nii 54 -44 43 0.816832 0.24873
RRV072 con_0010.nii -53 -50 39 0.260912 0.26772
RRV072 con_0010.nii 32 -59 41 0.162812 0.295717
RRV072 con_0010.nii -32 -58 46 0.218235 0.248273
RRV072 con_0010.nii -6 49 1 -0.900148 0.473775
RRV072 con_0011.nii 9 3 -6 -0.053622 0.208793
RRV072 con_0011.nii -9 3 -6 -0.299677 0.160723
RRV072 con_0011.nii -30 33 -18 -0.207459 0.403486
RRV072 con_0011.nii 46 28 31 -0.128032 0.255671
RRV072 con_0011.nii -44 27 33 -0.603299 0.249758
RRV072 con_0011.nii 44 8 34 -1.02112 0.204041
RRV072 con_0011.nii -42 7 36 -0.900984 0.293813
RRV072 con_0011.nii 54 -44 43 -0.64622 0.279489
RRV072 con_0011.nii -53 -50 39 -0.530679 0.205116
RRV072 con_0011.nii 32 -59 41 -0.159084 0.268523
RRV072 con_0011.nii -32 -58 46 -0.413617 0.333722
RRV072 con_0011.nii -6 49 1 -1.3719 0.626301
RRV072 con_0012.nii 9 3 -6 0.46096 0.422343
RRV072 con_0012.nii -9 3 -6 0.0173705 0.320596
RRV072 con_0012.nii -30 33 -18 -0.0440102 0.66078
RRV072 con_0012.nii 46 28 31 0.428155 0.416107
RRV072 con_0012.nii -44 27 33 -0.69432 0.326362
RRV072 con_0012.nii 44 8 34 -0.167993 0.686188
RRV072 con_0012.nii -42 7 36 -0.751583 0.269929
RRV072 con_0012.nii 54 -44 43 0.170612 0.444743
RRV072 con_0012.nii -53 -50 39 -0.269767 0.407464
RRV072 con_0012.nii 32 -59 41 0.0037283 0.236134
RRV072 con_0012.nii -32 -58 46 -0.195382 0.410322
RRV072 con_0012.nii -6 49 1 -2.27204 1.03863
RRV072 con_0013.nii 9 3 -6 -0.239773 0.463771
RRV072 con_0013.nii -9 3 -6 -0.166275 0.531413
RRV072 con_0013.nii -30 33 -18 0.35192 0.304939
RRV072 con_0013.nii 46 28 31 1.11866 0.434414
RRV072 con_0013.nii -44 27 33 0.276375 0.225468
RRV072 con_0013.nii 44 8 34 1.17803 0.871667
RRV072 con_0013.nii -42 7 36 0.297519 0.293832
RRV072 con_0013.nii 54 -44 43 1.46045 0.324798
RRV072 con_0013.nii -53 -50 39 0.452925 0.42735
RRV072 con_0013.nii 32 -59 41 1.00164 0.40717
RRV072 con_0013.nii -32 -58 46 0.542986 0.413289
RRV072 con_0013.nii -6 49 1 -1.09884 0.354915
RRV072 con_0014.nii 9 3 -6 0.197557 0.143407
RRV072 con_0014.nii -9 3 -6 0.140311 0.187364
RRV072 con_0014.nii -30 33 -18 0.326351 0.224244
RRV072 con_0014.nii 46 28 31 -0.180997 0.191723
RRV072 con_0014.nii -44 27 33 -0.0442193 0.206002
RRV072 con_0014.nii 44 8 34 -0.50263 0.269196
RRV072 con_0014.nii -42 7 36 -0.515165 0.201498
RRV072 con_0014.nii 54 -44 43 -1.13012 0.412597
RRV072 con_0014.nii -53 -50 39 -0.628104 0.203811
RRV072 con_0014.nii 32 -59 41 -0.0784165 0.268009
RRV072 con_0014.nii -32 -58 46 -0.115456 0.397873
RRV072 con_0014.nii -6 49 1 -1.25274 0.444188
RRV072 con_0015.nii 9 3 -6 -0.0422162 0.4656
RRV072 con_0015.nii -9 3 -6 -0.0259641 0.485384
RRV072 con_0015.nii -30 33 -18 0.678271 0.48863
RRV072 con_0015.nii 46 28 31 0.937663 0.515014
RRV072 con_0015.nii -44 27 33 0.232155 0.305251
RRV072 con_0015.nii 44 8 34 0.675404 0.933817
RRV072 con_0015.nii -42 7 36 -0.217646 0.278529
RRV072 con_0015.nii 54 -44 43 0.33033 0.405769
RRV072 con_0015.nii -53 -50 39 -0.175179 0.425843
RRV072 con_0015.nii 32 -59 41 0.923223 0.494527
RRV072 con_0015.nii -32 -58 46 0.42753 0.739007
RRV072 con_0015.nii -6 49 1 -2.35158 0.699985
RRV072 con_0016.nii 9 3 -6 -0.475523 0.485446
RRV072 con_0016.nii -9 3 -6 -0.194094 0.388274
RRV072 con_0016.nii -30 33 -18 0.245132 0.513003
RRV072 con_0016.nii 46 28 31 1.00303 0.358678
RRV072 con_0016.nii -44 27 33 0.984325 0.21212
RRV072 con_0016.nii 44 8 34 1.41928 1.0161
RRV072 con_0016.nii -42 7 36 0.99969 0.356955
RRV072 con_0016.nii 54 -44 43 0.610273 0.190143
RRV072 con_0016.nii -53 -50 39 0.570367 0.304815
RRV072 con_0016.nii 32 -59 41 0.870235 0.520827
RRV072 con_0016.nii -32 -58 46 0.973103 0.371473
RRV072 con_0016.nii -6 49 1 -1.13039 0.522752
RRV072 con_0017.nii 9 3 -6 0.449978 0.242222
RRV072 con_0017.nii -9 3 -6 -0.182067 0.33287
RRV072 con_0017.nii -30 33 -18 0.386044 0.226171
RRV072 con_0017.nii 46 28 31 -0.0237207 0.243577
RRV072 con_0017.nii -44 27 33 0.147379 0.285396
RRV072 con_0017.nii 44 8 34 -0.00853635 0.372091
RRV072 con_0017.nii -42 7 36 0.0640546 0.326384
RRV072 con_0017.nii 54 -44 43 -1.31962 0.35226
RRV072 con_0017.nii -53 -50 39 -0.181848 0.26043
RRV072 con_0017.nii 32 -59 41 -0.0295209 0.439077
RRV072 con_0017.nii -32 -58 46 0.382882 0.380256
RRV072 con_0017.nii -6 49 1 -1.42087 0.608022
RRV072 con_0018.nii 9 3 -6 -0.0255457 0.637722
RRV072 con_0018.nii -9 3 -6 -0.376161 0.517254
RRV072 con_0018.nii -30 33 -18 0.631176 0.624348
RRV072 con_0018.nii 46 28 31 0.979311 0.568565
RRV072 con_0018.nii -44 27 33 1.1317 0.420327
RRV072 con_0018.nii 44 8 34 1.41074 1.35402
RRV072 con_0018.nii -42 7 36 1.06374 0.555876
RRV072 con_0018.nii 54 -44 43 -0.709343 0.318622
RRV072 con_0018.nii -53 -50 39 0.388519 0.479327
RRV072 con_0018.nii 32 -59 41 0.840714 0.666885
RRV072 con_0018.nii -32 -58 46 1.35599 0.614798
RRV072 con_0018.nii -6 49 1 -2.55126 0.880635
RRV072 con_0019.nii 9 3 -6 -0.635497 0.520815
RRV072 con_0019.nii -9 3 -6 -0.27688 0.404427
RRV072 con_0019.nii -30 33 -18 0.503522 0.329901
RRV072 con_0019.nii 46 28 31 0.85583 0.224863
RRV072 con_0019.nii -44 27 33 1.53441 0.347586
RRV072 con_0019.nii 44 8 34 0.826012 0.637981
RRV072 con_0019.nii -42 7 36 1.11048 0.265187
RRV072 con_0019.nii 54 -44 43 -0.0778068 0.245232
RRV072 con_0019.nii -53 -50 39 0.288693 0.209648
RRV072 con_0019.nii 32 -59 41 0.833555 0.333776
RRV072 con_0019.nii -32 -58 46 1.07616 0.480915
RRV072 con_0019.nii -6 49 1 0.724236 0.469161
RRV072 con_0020.nii 9 3 -6 0.142517 0.459232
RRV072 con_0020.nii -9 3 -6 0.00909102 0.410327
RRV072 con_0020.nii -30 33 -18 0.664669 0.555338
RRV072 con_0020.nii 46 28 31 -0.314718 0.551521
RRV072 con_0020.nii -44 27 33 0.0536857 0.558755
RRV072 con_0020.nii 44 8 34 1.19239 0.465725
RRV072 con_0020.nii -42 7 36 1.03091 0.481059
RRV072 con_0020.nii 54 -44 43 -1.98485 0.561066
RRV072 con_0020.nii -53 -50 39 -0.0259993 0.197854
RRV072 con_0020.nii 32 -59 41 -0.402683 0.842474
RRV072 con_0020.nii -32 -58 46 0.414427 0.357188
RRV072 con_0020.nii -6 49 1 -1.30035 0.540654
RRV072 con_0021.nii 9 3 -6 -0.49298 0.891688
RRV072 con_0021.nii -9 3 -6 -0.267789 0.482471
RRV072 con_0021.nii -30 33 -18 1.16819 0.662145
RRV072 con_0021.nii 46 28 31 0.541112 0.578904
RRV072 con_0021.nii -44 27 33 1.5881 0.67614
RRV072 con_0021.nii 44 8 34 2.01841 1.06924
RRV072 con_0021.nii -42 7 36 2.14139 0.668856
RRV072 con_0021.nii 54 -44 43 -2.06266 0.641746
RRV072 con_0021.nii -53 -50 39 0.262694 0.260557
RRV072 con_0021.nii 32 -59 41 0.430872 0.908724
RRV072 con_0021.nii -32 -58 46 1.49058 0.673252
RRV072 con_0021.nii -6 49 1 -0.576115 0.359453
RRV072 con_0022.nii 9 3 -6 -1.15484 0.457615
RRV072 con_0022.nii -9 3 -6 -0.516572 0.565006
RRV072 con_0022.nii -30 33 -18 -0.00840219 0.601063
RRV072 con_0022.nii 46 28 31 0.182763 0.303074
RRV072 con_0022.nii -44 27 33 1.06886 0.144536
RRV072 con_0022.nii 44 8 34 0.494453 0.468792
RRV072 con_0022.nii -42 7 36 0.887194 0.291491
RRV072 con_0022.nii 54 -44 43 -0.451041 0.281274
RRV072 con_0022.nii -53 -50 39 0.322784 0.228126
RRV072 con_0022.nii 32 -59 41 0.425338 0.411647
RRV072 con_0022.nii -32 -58 46 0.56161 0.193567
RRV072 con_0022.nii -6 49 1 -0.424098 0.661349
RRV072 con_0023.nii 9 3 -6 0.918163 0.404906
RRV072 con_0023.nii -9 3 -6 0.38024 0.3897
RRV072 con_0023.nii -30 33 -18 0.590531 0.297843
RRV072 con_0023.nii 46 28 31 0.417772 0.265878
RRV072 con_0023.nii -44 27 33 1.92893 0.519263
RRV072 con_0023.nii 44 8 34 1.27011 0.615162
RRV072 con_0023.nii -42 7 36 1.45128 0.48021
RRV072 con_0023.nii 54 -44 43 0.412623 0.309308
RRV072 con_0023.nii -53 -50 39 0.322629 0.219076
RRV072 con_0023.nii 32 -59 41 0.916382 0.393166
RRV072 con_0023.nii -32 -58 46 1.55799 0.332525
RRV072 con_0023.nii -6 49 1 0.801224 0.609779
RRV072 con_0024.nii 9 3 -6 -0.236681 0.361943
RRV072 con_0024.nii -9 3 -6 -0.136331 0.592818
RRV072 con_0024.nii -30 33 -18 0.582128 0.617576
RRV072 con_0024.nii 46 28 31 0.600536 0.415502
RRV072 con_0024.nii -44 27 33 2.99778 0.55286
RRV072 con_0024.nii 44 8 34 1.76456 0.918493
RRV072 con_0024.nii -42 7 36 2.33848 0.650112
RRV072 con_0024.nii 54 -44 43 -0.0384175 0.532949
RRV072 con_0024.nii -53 -50 39 0.645413 0.336265
RRV072 con_0024.nii 32 -59 41 1.34172 0.473581
RRV072 con_0024.nii -32 -58 46 2.1196 0.473288
RRV072 con_0024.nii -6 49 1 0.377126 0.898927
RRV072 con_0025.nii 9 3 -6 -1.17997 0.50792
RRV072 con_0025.nii -9 3 -6 -0.739973 0.431419
RRV072 con_0025.nii -30 33 -18 -0.250069 0.504966
RRV072 con_0025.nii 46 28 31 0.30194 0.299023
RRV072 con_0025.nii -44 27 33 0.622768 0.34243
RRV072 con_0025.nii 44 8 34 0.377974 0.536821
RRV072 con_0025.nii -42 7 36 0.553189 0.353275
RRV072 con_0025.nii 54 -44 43 -0.0908272 0.233518
RRV072 con_0025.nii -53 -50 39 0.316886 0.323798
RRV072 con_0025.nii 32 -59 41 0.863375 0.496484
RRV072 con_0025.nii -32 -58 46 0.626839 0.360893
RRV072 con_0025.nii -6 49 1 -0.990857 0.925433
RRV072 con_0026.nii 9 3 -6 0.450119 0.47986
RRV072 con_0026.nii -9 3 -6 -0.0365007 0.434874
RRV072 con_0026.nii -30 33 -18 0.52531 0.44869
RRV072 con_0026.nii 46 28 31 0.209881 0.451467
RRV072 con_0026.nii -44 27 33 0.269421 0.359081
RRV072 con_0026.nii 44 8 34 0.575262 0.532469
RRV072 con_0026.nii -42 7 36 0.412923 0.308493
RRV072 con_0026.nii 54 -44 43 -0.447959 0.190645
RRV072 con_0026.nii -53 -50 39 0.749865 0.25566
RRV072 con_0026.nii 32 -59 41 -0.12501 0.235896
RRV072 con_0026.nii -32 -58 46 0.417079 0.254048
RRV072 con_0026.nii -6 49 1 0.352208 0.252786
RRV072 con_0027.nii 9 3 -6 -0.729856 0.868252
RRV072 con_0027.nii -9 3 -6 -0.776473 0.621287
RRV072 con_0027.nii -30 33 -18 0.275241 0.710671
RRV072 con_0027.nii 46 28 31 0.511822 0.624604
RRV072 con_0027.nii -44 27 33 0.892189 0.575178
RRV072 con_0027.nii 44 8 34 0.953236 0.928694
RRV072 con_0027.nii -42 7 36 0.966112 0.606201
RRV072 con_0027.nii 54 -44 43 -0.538786 0.325528
RRV072 con_0027.nii -53 -50 39 1.06675 0.406103
RRV072 con_0027.nii 32 -59 41 0.738365 0.678342
RRV072 con_0027.nii -32 -58 46 1.04392 0.44856
RRV072 con_0027.nii -6 49 1 -0.63865 1.00661
RRV072 con_0028.nii 9 3 -6 -0.990105 0.400366
RRV072 con_0028.nii -9 3 -6 -0.511141 0.292585
RRV072 con_0028.nii -30 33 -18 0.0816835 0.324775
RRV072 con_0028.nii 46 28 31 0.446845 0.213761
RRV072 con_0028.nii -44 27 33 1.07535 0.179465
RRV072 con_0028.nii 44 8 34 0.566146 0.491945
RRV072 con_0028.nii -42 7 36 0.850289 0.259773
RRV072 con_0028.nii 54 -44 43 -0.206558 0.212613
RRV072 con_0028.nii -53 -50 39 0.309454 0.181118
RRV072 con_0028.nii 32 -59 41 0.707423 0.359174
RRV072 con_0028.nii -32 -58 46 0.754868 0.297272
RRV072 con_0028.nii -6 49 1 -0.23024 0.570633
RRV072 con_0029.nii 9 3 -6 0.5036 0.361029
RRV072 con_0029.nii -9 3 -6 0.11761 0.263529
RRV072 con_0029.nii -30 33 -18 0.593503 0.39892
RRV072 con_0029.nii 46 28 31 0.104312 0.279895
RRV072 con_0029.nii -44 27 33 0.750678 0.286514
RRV072 con_0029.nii 44 8 34 1.01259 0.504623
RRV072 con_0029.nii -42 7 36 0.965039 0.400539
RRV072 con_0029.nii 54 -44 43 -0.673397 0.225087
RRV072 con_0029.nii -53 -50 39 0.348832 0.118014
RRV072 con_0029.nii 32 -59 41 0.129563 0.359638
RRV072 con_0029.nii -32 -58 46 0.796499 0.171783
RRV072 con_0029.nii -6 49 1 -0.0489729 0.186727
RRV072 con_0030.nii 9 3 -6 -0.486506 0.626682
RRV072 con_0030.nii -9 3 -6 -0.393531 0.475586
RRV072 con_0030.nii -30 33 -18 0.675187 0.424775
RRV072 con_0030.nii 46 28 31 0.551156 0.358833
RRV072 con_0030.nii -44 27 33 1.82602 0.398881
RRV072 con_0030.nii 44 8 34 1.57873 0.93983
RRV072 con_0030.nii -42 7 36 1.81533 0.597972
RRV072 con_0030.nii 54 -44 43 -0.879955 0.361978
RRV072 con_0030.nii -53 -50 39 0.658286 0.232473
RRV072 con_0030.nii 32 -59 41 0.836986 0.562225
RRV072 con_0030.nii -32 -58 46 1.55137 0.366302
RRV072 con_0030.nii -6 49 1 -0.279213 0.519048
