RRV070 con_0001.nii 9 3 -6 0.464146 0.211683
RRV070 con_0001.nii -9 3 -6 0.239058 0.302285
RRV070 con_0001.nii -30 33 -18 0.799183 0.273777
RRV070 con_0001.nii 46 28 31 0.953026 0.801739
RRV070 con_0001.nii -44 27 33 1.2558 0.460855
RRV070 con_0001.nii 44 8 34 0.831451 0.469568
RRV070 con_0001.nii -42 7 36 1.19995 0.830815
RRV070 con_0001.nii 54 -44 43 0.67914 0.308121
RRV070 con_0001.nii -53 -50 39 0.581893 0.446048
RRV070 con_0001.nii 32 -59 41 1.26672 0.461504
RRV070 con_0001.nii -32 -58 46 1.07915 0.563219
RRV070 con_0001.nii -6 49 1 -0.218589 0.190791
RRV070 con_0002.nii 9 3 -6 0.192399 0.267314
RRV070 con_0002.nii -9 3 -6 -0.0402872 0.307675
RRV070 con_0002.nii -30 33 -18 -0.113659 0.242444
RRV070 con_0002.nii 46 28 31 0.633525 0.36602
RRV070 con_0002.nii -44 27 33 -0.0398775 0.222123
RRV070 con_0002.nii 44 8 34 -0.676567 0.516284
RRV070 con_0002.nii -42 7 36 -0.578864 0.46694
RRV070 con_0002.nii 54 -44 43 -0.216597 0.366723
RRV070 con_0002.nii -53 -50 39 -0.262553 0.478446
RRV070 con_0002.nii 32 -59 41 0.604778 0.207567
RRV070 con_0002.nii -32 -58 46 -0.615559 0.481496
RRV070 con_0002.nii -6 49 1 -0.0989593 0.195997
RRV070 con_0003.nii 9 3 -6 0.656544 0.291475
RRV070 con_0003.nii -9 3 -6 0.198771 0.446826
RRV070 con_0003.nii -30 33 -18 0.685524 0.337604
RRV070 con_0003.nii 46 28 31 1.58655 1.12201
RRV070 con_0003.nii -44 27 33 1.21592 0.423879
RRV070 con_0003.nii 44 8 34 0.154884 0.647226
RRV070 con_0003.nii -42 7 36 0.621082 0.832503
RRV070 con_0003.nii 54 -44 43 0.462544 0.54868
RRV070 con_0003.nii -53 -50 39 0.31934 0.725366
RRV070 con_0003.nii 32 -59 41 1.87149 0.579009
RRV070 con_0003.nii -32 -58 46 0.463587 0.831155
RRV070 con_0003.nii -6 49 1 -0.317549 0.200572
RRV070 con_0004.nii 9 3 -6 0.43712 0.247595
RRV070 con_0004.nii -9 3 -6 0.959563 0.24508
RRV070 con_0004.nii -30 33 -18 0.701786 0.218727
RRV070 con_0004.nii 46 28 31 0.850493 0.663527
RRV070 con_0004.nii -44 27 33 1.03791 0.340917
RRV070 con_0004.nii 44 8 34 0.813563 0.489557
RRV070 con_0004.nii -42 7 36 1.1661 0.766942
RRV070 con_0004.nii 54 -44 43 1.06582 0.296666
RRV070 con_0004.nii -53 -50 39 0.712485 0.345605
RRV070 con_0004.nii 32 -59 41 0.877828 0.417254
RRV070 con_0004.nii -32 -58 46 0.926858 0.505426
RRV070 con_0004.nii -6 49 1 -0.114879 0.213991
RRV070 con_0005.nii 9 3 -6 0.0764071 0.438321
RRV070 con_0005.nii -9 3 -6 0.0567188 0.303965
RRV070 con_0005.nii -30 33 -18 -0.154399 0.199386
RRV070 con_0005.nii 46 28 31 0.812043 0.589698
RRV070 con_0005.nii -44 27 33 0.11825 0.355679
RRV070 con_0005.nii 44 8 34 0.155483 0.402825
RRV070 con_0005.nii -42 7 36 -0.0728033 0.343382
RRV070 con_0005.nii 54 -44 43 0.0667024 0.293448
RRV070 con_0005.nii -53 -50 39 -0.279463 0.269452
RRV070 con_0005.nii 32 -59 41 0.196544 0.287581
RRV070 con_0005.nii -32 -58 46 -0.404402 0.375587
RRV070 con_0005.nii -6 49 1 -0.677464 0.399315
RRV070 con_0006.nii 9 3 -6 0.513527 0.462006
RRV070 con_0006.nii -9 3 -6 1.01628 0.491518
RRV070 con_0006.nii -30 33 -18 0.547386 0.322715
RRV070 con_0006.nii 46 28 31 1.66254 1.22647
RRV070 con_0006.nii -44 27 33 1.15616 0.620334
RRV070 con_0006.nii 44 8 34 0.969047 0.794166
RRV070 con_0006.nii -42 7 36 1.0933 0.799536
RRV070 con_0006.nii 54 -44 43 1.13252 0.510883
RRV070 con_0006.nii -53 -50 39 0.433022 0.522017
RRV070 con_0006.nii 32 -59 41 1.07437 0.628211
RRV070 con_0006.nii -32 -58 46 0.522456 0.71704
RRV070 con_0006.nii -6 49 1 -0.792343 0.434197
RRV070 con_0007.nii 9 3 -6 -0.45322 0.300204
RRV070 con_0007.nii -9 3 -6 -0.0742469 0.233075
RRV070 con_0007.nii -30 33 -18 0.131243 0.218327
RRV070 con_0007.nii 46 28 31 0.413753 0.528306
RRV070 con_0007.nii -44 27 33 0.210678 0.121642
RRV070 con_0007.nii 44 8 34 -0.1008 0.285263
RRV070 con_0007.nii -42 7 36 0.384855 0.414364
RRV070 con_0007.nii 54 -44 43 0.655412 0.389514
RRV070 con_0007.nii -53 -50 39 0.335296 0.255787
RRV070 con_0007.nii 32 -59 41 0.720712 0.442973
RRV070 con_0007.nii -32 -58 46 0.70639 0.369779
RRV070 con_0007.nii -6 49 1 -0.373649 0.12664
RRV070 con_0008.nii 9 3 -6 -0.244843 0.372904
RRV070 con_0008.nii -9 3 -6 -0.0770887 0.233232
RRV070 con_0008.nii -30 33 -18 -0.0175131 0.628781
RRV070 con_0008.nii 46 28 31 0.765408 0.597284
RRV070 con_0008.nii -44 27 33 0.0132363 0.222425
RRV070 con_0008.nii 44 8 34 -0.53136 0.32635
RRV070 con_0008.nii -42 7 36 -0.167493 0.430415
RRV070 con_0008.nii 54 -44 43 -0.26293 0.445065
RRV070 con_0008.nii -53 -50 39 -0.0519119 0.430679
RRV070 con_0008.nii 32 -59 41 -0.0550819 0.316661
RRV070 con_0008.nii -32 -58 46 -0.410425 0.405898
RRV070 con_0008.nii -6 49 1 -0.876757 0.300492
RRV070 con_0009.nii 9 3 -6 -0.698063 0.526807
RRV070 con_0009.nii -9 3 -6 -0.151336 0.362435
RRV070 con_0009.nii -30 33 -18 0.11373 0.684891
RRV070 con_0009.nii 46 28 31 1.17916 1.10131
RRV070 con_0009.nii -44 27 33 0.223914 0.292804
RRV070 con_0009.nii 44 8 34 -0.632161 0.553306
RRV070 con_0009.nii -42 7 36 0.217362 0.544692
RRV070 con_0009.nii 54 -44 43 0.392482 0.784881
RRV070 con_0009.nii -53 -50 39 0.283384 0.649902
RRV070 con_0009.nii 32 -59 41 0.66563 0.71145
RRV070 con_0009.nii -32 -58 46 0.295965 0.663241
RRV070 con_0009.nii -6 49 1 -1.25041 0.357731
RRV070 con_0010.nii 9 3 -6 -0.237914 0.332317
RRV070 con_0010.nii -9 3 -6 -0.0130166 0.288125
RRV070 con_0010.nii -30 33 -18 0.290006 0.17388
RRV070 con_0010.nii 46 28 31 0.0226021 0.43533
RRV070 con_0010.nii -44 27 33 0.276687 0.270864
RRV070 con_0010.nii 44 8 34 -0.0134514 0.327697
RRV070 con_0010.nii -42 7 36 0.746433 0.443093
RRV070 con_0010.nii 54 -44 43 0.333003 0.220497
RRV070 con_0010.nii -53 -50 39 0.321104 0.102526
RRV070 con_0010.nii 32 -59 41 0.236003 0.27313
RRV070 con_0010.nii -32 -58 46 0.451501 0.402926
RRV070 con_0010.nii -6 49 1 -0.0220845 0.108096
RRV070 con_0011.nii 9 3 -6 0.339451 0.232487
RRV070 con_0011.nii -9 3 -6 0.333563 0.292948
RRV070 con_0011.nii -30 33 -18 0.0849745 0.27638
RRV070 con_0011.nii 46 28 31 1.0258 0.530175
RRV070 con_0011.nii -44 27 33 0.239869 0.247947
RRV070 con_0011.nii 44 8 34 0.220949 0.307519
RRV070 con_0011.nii -42 7 36 0.171589 0.256769
RRV070 con_0011.nii 54 -44 43 0.39575 0.200996
RRV070 con_0011.nii -53 -50 39 -0.032683 0.151567
RRV070 con_0011.nii 32 -59 41 0.397756 0.253666
RRV070 con_0011.nii -32 -58 46 0.206302 0.324779
RRV070 con_0011.nii -6 49 1 -0.426536 0.202845
RRV070 con_0012.nii 9 3 -6 0.101538 0.326586
RRV070 con_0012.nii -9 3 -6 0.320547 0.184124
RRV070 con_0012.nii -30 33 -18 0.37498 0.290189
RRV070 con_0012.nii 46 28 31 1.04841 0.938564
RRV070 con_0012.nii -44 27 33 0.516556 0.456581
RRV070 con_0012.nii 44 8 34 0.207498 0.577752
RRV070 con_0012.nii -42 7 36 0.918022 0.580378
RRV070 con_0012.nii 54 -44 43 0.728753 0.374302
RRV070 con_0012.nii -53 -50 39 0.288421 0.12865
RRV070 con_0012.nii 32 -59 41 0.633759 0.453225
RRV070 con_0012.nii -32 -58 46 0.657802 0.693529
RRV070 con_0012.nii -6 49 1 -0.44862 0.182557
RRV070 con_0013.nii 9 3 -6 0.166758 0.255063
RRV070 con_0013.nii -9 3 -6 0.212481 0.150031
RRV070 con_0013.nii -30 33 -18 0.58245 0.253653
RRV070 con_0013.nii 46 28 31 0.728996 0.611095
RRV070 con_0013.nii -44 27 33 0.59698 0.355921
RRV070 con_0013.nii 44 8 34 0.226512 0.410616
RRV070 con_0013.nii -42 7 36 0.972177 0.511995
RRV070 con_0013.nii 54 -44 43 0.450597 0.21145
RRV070 con_0013.nii -53 -50 39 0.652349 0.478393
RRV070 con_0013.nii 32 -59 41 0.561594 0.42568
RRV070 con_0013.nii -32 -58 46 0.973616 0.384768
RRV070 con_0013.nii -6 49 1 0.0892123 0.184635
RRV070 con_0014.nii 9 3 -6 -0.313294 0.158729
RRV070 con_0014.nii -9 3 -6 0.18474 0.251527
RRV070 con_0014.nii -30 33 -18 0.0351735 0.471016
RRV070 con_0014.nii 46 28 31 1.10244 0.524775
RRV070 con_0014.nii -44 27 33 0.147891 0.387277
RRV070 con_0014.nii 44 8 34 -0.217934 0.41012
RRV070 con_0014.nii -42 7 36 0.12239 0.322997
RRV070 con_0014.nii 54 -44 43 0.147816 0.189562
RRV070 con_0014.nii -53 -50 39 -0.134802 0.089831
RRV070 con_0014.nii 32 -59 41 0.274962 0.346469
RRV070 con_0014.nii -32 -58 46 -0.0143626 0.340613
RRV070 con_0014.nii -6 49 1 -0.872806 0.258132
RRV070 con_0015.nii 9 3 -6 -0.146536 0.188175
RRV070 con_0015.nii -9 3 -6 0.397221 0.356735
RRV070 con_0015.nii -30 33 -18 0.617624 0.649433
RRV070 con_0015.nii 46 28 31 1.83143 1.11649
RRV070 con_0015.nii -44 27 33 0.744871 0.698468
RRV070 con_0015.nii 44 8 34 0.00857821 0.7571
RRV070 con_0015.nii -42 7 36 1.09457 0.463023
RRV070 con_0015.nii 54 -44 43 0.598413 0.337181
RRV070 con_0015.nii -53 -50 39 0.517547 0.449711
RRV070 con_0015.nii 32 -59 41 0.836556 0.738013
RRV070 con_0015.nii -32 -58 46 0.959254 0.646183
RRV070 con_0015.nii -6 49 1 -0.783593 0.385995
RRV070 con_0016.nii 9 3 -6 0.149349 0.186046
RRV070 con_0016.nii -9 3 -6 0.374792 0.184502
RRV070 con_0016.nii -30 33 -18 0.54407 0.214144
RRV070 con_0016.nii 46 28 31 0.739091 0.652128
RRV070 con_0016.nii -44 27 33 0.834794 0.278236
RRV070 con_0016.nii 44 8 34 0.514738 0.370569
RRV070 con_0016.nii -42 7 36 0.916967 0.613775
RRV070 con_0016.nii 54 -44 43 0.800124 0.277929
RRV070 con_0016.nii -53 -50 39 0.543225 0.207194
RRV070 con_0016.nii 32 -59 41 0.955085 0.415768
RRV070 con_0016.nii -32 -58 46 0.904131 0.432357
RRV070 con_0016.nii -6 49 1 -0.235706 0.14126
RRV070 con_0017.nii 9 3 -6 0.00798762 0.268541
RRV070 con_0017.nii -9 3 -6 -0.020219 0.172276
RRV070 con_0017.nii -30 33 -18 -0.0951905 0.267399
RRV070 con_0017.nii 46 28 31 0.736992 0.48177
RRV070 con_0017.nii -44 27 33 0.0305364 0.223695
RRV070 con_0017.nii 44 8 34 -0.350815 0.280924
RRV070 con_0017.nii -42 7 36 -0.273053 0.383908
RRV070 con_0017.nii 54 -44 43 -0.137608 0.282079
RRV070 con_0017.nii -53 -50 39 -0.197976 0.291246
RRV070 con_0017.nii 32 -59 41 0.248747 0.19548
RRV070 con_0017.nii -32 -58 46 -0.476795 0.392739
RRV070 con_0017.nii -6 49 1 -0.55106 0.209777
RRV070 con_0018.nii 9 3 -6 0.157336 0.325209
RRV070 con_0018.nii -9 3 -6 0.354573 0.296091
RRV070 con_0018.nii -30 33 -18 0.44888 0.385075
RRV070 con_0018.nii 46 28 31 1.47608 1.12006
RRV070 con_0018.nii -44 27 33 0.86533 0.41293
RRV070 con_0018.nii 44 8 34 0.163923 0.571676
RRV070 con_0018.nii -42 7 36 0.643914 0.639284
RRV070 con_0018.nii 54 -44 43 0.662516 0.532975
RRV070 con_0018.nii -53 -50 39 0.345249 0.347402
RRV070 con_0018.nii 32 -59 41 1.20383 0.579801
RRV070 con_0018.nii -32 -58 46 0.427336 0.69426
RRV070 con_0018.nii -6 49 1 -0.786766 0.247329
RRV070 con_0019.nii 9 3 -6 0.702059 0.314502
RRV070 con_0019.nii -9 3 -6 0.252075 0.318374
RRV070 con_0019.nii -30 33 -18 0.509177 0.299125
RRV070 con_0019.nii 46 28 31 0.930423 0.458353
RRV070 con_0019.nii -44 27 33 0.97911 0.398082
RRV070 con_0019.nii 44 8 34 0.844902 0.374938
RRV070 con_0019.nii -42 7 36 0.453513 0.435193
RRV070 con_0019.nii 54 -44 43 0.346138 0.234231
RRV070 con_0019.nii -53 -50 39 0.260789 0.390771
RRV070 con_0019.nii 32 -59 41 1.03071 0.273513
RRV070 con_0019.nii -32 -58 46 0.627646 0.372983
RRV070 con_0019.nii -6 49 1 -0.196505 0.175831
RRV070 con_0020.nii 9 3 -6 -0.147053 0.226068
RRV070 con_0020.nii -9 3 -6 -0.37385 0.400016
RRV070 con_0020.nii -30 33 -18 -0.198634 0.425335
RRV070 con_0020.nii 46 28 31 -0.392279 0.409272
RRV070 con_0020.nii -44 27 33 -0.279746 0.30729
RRV070 con_0020.nii 44 8 34 -0.897516 0.683892
RRV070 con_0020.nii -42 7 36 -0.750453 0.477356
RRV070 con_0020.nii 54 -44 43 -0.612346 0.342061
RRV070 con_0020.nii -53 -50 39 -0.22987 0.557982
RRV070 con_0020.nii 32 -59 41 0.207022 0.224342
RRV070 con_0020.nii -32 -58 46 -0.821861 0.3563
RRV070 con_0020.nii -6 49 1 0.327576 0.264575
RRV070 con_0021.nii 9 3 -6 0.555007 0.313781
RRV070 con_0021.nii -9 3 -6 -0.121776 0.336272
RRV070 con_0021.nii -30 33 -18 0.310543 0.428226
RRV070 con_0021.nii 46 28 31 0.538144 0.579368
RRV070 con_0021.nii -44 27 33 0.699364 0.329016
RRV070 con_0021.nii 44 8 34 -0.0526142 0.80827
RRV070 con_0021.nii -42 7 36 -0.29694 0.440838
RRV070 con_0021.nii 54 -44 43 -0.266209 0.337138
RRV070 con_0021.nii -53 -50 39 0.0309189 0.814037
RRV070 con_0021.nii 32 -59 41 1.23774 0.350262
RRV070 con_0021.nii -32 -58 46 -0.194215 0.504274
RRV070 con_0021.nii -6 49 1 0.131072 0.265373
RRV070 con_0022.nii 9 3 -6 0.675034 0.291476
RRV070 con_0022.nii -9 3 -6 0.97258 0.474381
RRV070 con_0022.nii -30 33 -18 0.41178 0.255458
RRV070 con_0022.nii 46 28 31 0.827891 0.290325
RRV070 con_0022.nii -44 27 33 0.76122 0.177944
RRV070 con_0022.nii 44 8 34 0.827015 0.36184
RRV070 con_0022.nii -42 7 36 0.419669 0.406505
RRV070 con_0022.nii 54 -44 43 0.732818 0.241518
RRV070 con_0022.nii -53 -50 39 0.391381 0.280497
RRV070 con_0022.nii 32 -59 41 0.641825 0.274096
RRV070 con_0022.nii -32 -58 46 0.475358 0.288757
RRV070 con_0022.nii -6 49 1 -0.0927943 0.200006
RRV070 con_0023.nii 9 3 -6 -0.263044 0.347177
RRV070 con_0023.nii -9 3 -6 -0.276845 0.29186
RRV070 con_0023.nii -30 33 -18 -0.239374 0.177669
RRV070 con_0023.nii 46 28 31 -0.213761 0.163581
RRV070 con_0023.nii -44 27 33 -0.121618 0.201842
RRV070 con_0023.nii 44 8 34 -0.065466 0.205662
RRV070 con_0023.nii -42 7 36 -0.244393 0.22804
RRV070 con_0023.nii 54 -44 43 -0.329047 0.202774
RRV070 con_0023.nii -53 -50 39 -0.24678 0.387499
RRV070 con_0023.nii 32 -59 41 -0.201211 0.136143
RRV070 con_0023.nii -32 -58 46 -0.610704 0.21826
RRV070 con_0023.nii -6 49 1 -0.250929 0.327521
RRV070 con_0024.nii 9 3 -6 0.411989 0.5042
RRV070 con_0024.nii -9 3 -6 0.695735 0.502961
RRV070 con_0024.nii -30 33 -18 0.172406 0.215055
RRV070 con_0024.nii 46 28 31 0.61413 0.382694
RRV070 con_0024.nii -44 27 33 0.639601 0.275552
RRV070 con_0024.nii 44 8 34 0.761549 0.384259
RRV070 con_0024.nii -42 7 36 0.175276 0.323583
RRV070 con_0024.nii 54 -44 43 0.403771 0.374136
RRV070 con_0024.nii -53 -50 39 0.1446 0.598437
RRV070 con_0024.nii 32 -59 41 0.440614 0.349062
RRV070 con_0024.nii -32 -58 46 -0.135346 0.280721
RRV070 con_0024.nii -6 49 1 -0.343723 0.42445
RRV070 con_0025.nii 9 3 -6 -0.215306 0.33198
RRV070 con_0025.nii -9 3 -6 -0.0612303 0.457641
RRV070 con_0025.nii -30 33 -18 -0.158763 0.208862
RRV070 con_0025.nii 46 28 31 0.391151 0.114742
RRV070 con_0025.nii -44 27 33 -0.0660094 0.211946
RRV070 con_0025.nii 44 8 34 -0.087349 0.314913
RRV070 con_0025.nii -42 7 36 -0.361578 0.305901
RRV070 con_0025.nii 54 -44 43 0.32241 0.28967
RRV070 con_0025.nii -53 -50 39 0.0141912 0.320599
RRV070 con_0025.nii 32 -59 41 0.484709 0.237622
RRV070 con_0025.nii -32 -58 46 0.254889 0.481491
RRV070 con_0025.nii -6 49 1 -0.351564 0.126479
RRV070 con_0026.nii 9 3 -6 -0.584294 0.383218
RRV070 con_0026.nii -9 3 -6 -0.410652 0.298567
RRV070 con_0026.nii -30 33 -18 -0.102488 0.39921
RRV070 con_0026.nii 46 28 31 -0.260397 0.112282
RRV070 con_0026.nii -44 27 33 -0.226633 0.116862
RRV070 con_0026.nii 44 8 34 -0.75231 0.230634
RRV070 con_0026.nii -42 7 36 -0.339082 0.341989
RRV070 con_0026.nii 54 -44 43 -0.65868 0.415394
RRV070 con_0026.nii -53 -50 39 -0.0192289 0.338926
RRV070 con_0026.nii 32 -59 41 -0.452838 0.371225
RRV070 con_0026.nii -32 -58 46 -0.616727 0.263383
RRV070 con_0026.nii -6 49 1 -0.450221 0.336053
RRV070 con_0027.nii 9 3 -6 -0.799601 0.57448
RRV070 con_0027.nii -9 3 -6 -0.471882 0.413626
RRV070 con_0027.nii -30 33 -18 -0.261251 0.543818
RRV070 con_0027.nii 46 28 31 0.130754 0.200621
RRV070 con_0027.nii -44 27 33 -0.292642 0.315433
RRV070 con_0027.nii 44 8 34 -0.839659 0.527517
RRV070 con_0027.nii -42 7 36 -0.70066 0.557908
RRV070 con_0027.nii 54 -44 43 -0.33627 0.59865
RRV070 con_0027.nii -53 -50 39 -0.00503764 0.604421
RRV070 con_0027.nii 32 -59 41 0.031871 0.501794
RRV070 con_0027.nii -32 -58 46 -0.361837 0.624765
RRV070 con_0027.nii -6 49 1 -0.801786 0.326462
RRV070 con_0028.nii 9 3 -6 0.387262 0.259284
RRV070 con_0028.nii -9 3 -6 0.387808 0.379558
RRV070 con_0028.nii -30 33 -18 0.254064 0.234854
RRV070 con_0028.nii 46 28 31 0.716489 0.271536
RRV070 con_0028.nii -44 27 33 0.558107 0.203218
RRV070 con_0028.nii 44 8 34 0.528189 0.283494
RRV070 con_0028.nii -42 7 36 0.170535 0.206738
RRV070 con_0028.nii 54 -44 43 0.467122 0.17717
RRV070 con_0028.nii -53 -50 39 0.22212 0.162402
RRV070 con_0028.nii 32 -59 41 0.719083 0.217315
RRV070 con_0028.nii -32 -58 46 0.452631 0.319228
RRV070 con_0028.nii -6 49 1 -0.213621 0.127211
RRV070 con_0029.nii 9 3 -6 -0.331464 0.20992
RRV070 con_0029.nii -9 3 -6 -0.353782 0.246252
RRV070 con_0029.nii -30 33 -18 -0.180165 0.175549
RRV070 con_0029.nii 46 28 31 -0.288813 0.146873
RRV070 con_0029.nii -44 27 33 -0.209332 0.156656
RRV070 con_0029.nii 44 8 34 -0.571764 0.297002
RRV070 con_0029.nii -42 7 36 -0.444643 0.325465
RRV070 con_0029.nii 54 -44 43 -0.533358 0.224129
RRV070 con_0029.nii -53 -50 39 -0.165293 0.338547
RRV070 con_0029.nii 32 -59 41 -0.149009 0.178184
RRV070 con_0029.nii -32 -58 46 -0.683097 0.237369
RRV070 con_0029.nii -6 49 1 -0.124524 0.211391
RRV070 con_0030.nii 9 3 -6 0.0557985 0.375967
RRV070 con_0030.nii -9 3 -6 0.0340259 0.275405
RRV070 con_0030.nii -30 33 -18 0.0738995 0.307145
RRV070 con_0030.nii 46 28 31 0.427676 0.321428
RRV070 con_0030.nii -44 27 33 0.348774 0.21984
RRV070 con_0030.nii 44 8 34 -0.0435746 0.484397
RRV070 con_0030.nii -42 7 36 -0.274108 0.262899
RRV070 con_0030.nii 54 -44 43 -0.0662362 0.308826
RRV070 con_0030.nii -53 -50 39 0.0568272 0.419182
RRV070 con_0030.nii 32 -59 41 0.570074 0.299318
RRV070 con_0030.nii -32 -58 46 -0.230466 0.418157
RRV070 con_0030.nii -6 49 1 -0.338146 0.247619
RRV070 con_0031.nii 9 3 -6 0.404672 0.261236
RRV070 con_0031.nii -9 3 -6 0.225498 0.420211
RRV070 con_0031.nii -30 33 -18 0.292445 0.275074
RRV070 con_0031.nii 46 28 31 0.706394 0.265414
RRV070 con_0031.nii -44 27 33 0.320293 0.294857
RRV070 con_0031.nii 44 8 34 0.239963 0.201614
RRV070 con_0031.nii -42 7 36 0.225744 0.208046
RRV070 con_0031.nii 54 -44 43 0.117595 0.123389
RRV070 con_0031.nii -53 -50 39 0.331245 0.421695
RRV070 con_0031.nii 32 -59 41 0.325591 0.220289
RRV070 con_0031.nii -32 -58 46 0.522116 0.181864
RRV070 con_0031.nii -6 49 1 0.111297 0.177591
RRV070 con_0032.nii 9 3 -6 -0.652745 0.179053
RRV070 con_0032.nii -9 3 -6 -0.148824 0.232267
RRV070 con_0032.nii -30 33 -18 -0.049801 0.2442
RRV070 con_0032.nii 46 28 31 0.0766319 0.0858547
RRV070 con_0032.nii -44 27 33 -0.0919777 0.181683
RRV070 con_0032.nii 44 8 34 -0.438883 0.176586
RRV070 con_0032.nii -42 7 36 -0.0491999 0.243472
RRV070 con_0032.nii 54 -44 43 -0.247934 0.12352
RRV070 con_0032.nii -53 -50 39 -0.102119 0.127463
RRV070 con_0032.nii 32 -59 41 -0.122794 0.205636
RRV070 con_0032.nii -32 -58 46 -0.220664 0.316632
RRV070 con_0032.nii -6 49 1 -0.44627 0.281023
RRV070 con_0033.nii 9 3 -6 -0.248074 0.291577
RRV070 con_0033.nii -9 3 -6 0.076674 0.38869
RRV070 con_0033.nii -30 33 -18 0.242644 0.451103
RRV070 con_0033.nii 46 28 31 0.783025 0.305218
RRV070 con_0033.nii -44 27 33 0.228315 0.356606
RRV070 con_0033.nii 44 8 34 -0.19892 0.317988
RRV070 con_0033.nii -42 7 36 0.176544 0.266956
RRV070 con_0033.nii 54 -44 43 -0.130339 0.204454
RRV070 con_0033.nii -53 -50 39 0.229126 0.523821
RRV070 con_0033.nii 32 -59 41 0.202797 0.33792
RRV070 con_0033.nii -32 -58 46 0.301452 0.446203
RRV070 con_0033.nii -6 49 1 -0.334973 0.377339
