RRV021 con_0001.nii 9 3 -6 0.226879 0.404629
RRV021 con_0001.nii -9 3 -6 0.160875 0.264526
RRV021 con_0001.nii -30 33 -18 0.188376 0.199625
RRV021 con_0001.nii 46 28 31 0.425116 0.400878
RRV021 con_0001.nii -44 27 33 1.52542 0.563596
RRV021 con_0001.nii 44 8 34 1.39306 0.750365
RRV021 con_0001.nii -42 7 36 0.540074 0.298875
RRV021 con_0001.nii 54 -44 43 0.20357 0.181679
RRV021 con_0001.nii -53 -50 39 0.244965 0.307685
RRV021 con_0001.nii 32 -59 41 -0.0908708 0.717698
RRV021 con_0001.nii -32 -58 46 0.439708 0.245279
RRV021 con_0001.nii -6 49 1 -0.294464 0.281546
RRV021 con_0002.nii 9 3 -6 0.195651 0.365636
RRV021 con_0002.nii -9 3 -6 0.204359 0.404329
RRV021 con_0002.nii -30 33 -18 0.0233428 0.505503
RRV021 con_0002.nii 46 28 31 0.397427 0.346423
RRV021 con_0002.nii -44 27 33 0.909657 0.430731
RRV021 con_0002.nii 44 8 34 0.59546 0.45308
RRV021 con_0002.nii -42 7 36 -0.000912022 0.283361
RRV021 con_0002.nii 54 -44 43 -0.217002 0.254232
RRV021 con_0002.nii -53 -50 39 -0.29462 0.452308
RRV021 con_0002.nii 32 -59 41 0.302916 0.612806
RRV021 con_0002.nii -32 -58 46 0.244927 0.337233
RRV021 con_0002.nii -6 49 1 -0.690433 0.332131
RRV021 con_0003.nii 9 3 -6 0.42253 0.647202
RRV021 con_0003.nii -9 3 -6 0.365234 0.563358
RRV021 con_0003.nii -30 33 -18 0.211719 0.599508
RRV021 con_0003.nii 46 28 31 0.822543 0.693459
RRV021 con_0003.nii -44 27 33 2.43507 0.952765
RRV021 con_0003.nii 44 8 34 1.98852 1.10234
RRV021 con_0003.nii -42 7 36 0.539162 0.552281
RRV021 con_0003.nii 54 -44 43 -0.0134316 0.334458
RRV021 con_0003.nii -53 -50 39 -0.0496544 0.738846
RRV021 con_0003.nii 32 -59 41 0.212045 1.28369
RRV021 con_0003.nii -32 -58 46 0.684635 0.531322
RRV021 con_0003.nii -6 49 1 -0.984897 0.549314
RRV021 con_0004.nii 9 3 -6 -0.219975 0.476215
RRV021 con_0004.nii -9 3 -6 0.502412 0.318591
RRV021 con_0004.nii -30 33 -18 0.218266 0.232472
RRV021 con_0004.nii 46 28 31 0.727683 0.376683
RRV021 con_0004.nii -44 27 33 1.01931 0.572094
RRV021 con_0004.nii 44 8 34 1.92086 0.815566
RRV021 con_0004.nii -42 7 36 0.625226 0.444149
RRV021 con_0004.nii 54 -44 43 0.274699 0.224814
RRV021 con_0004.nii -53 -50 39 0.440395 0.376497
RRV021 con_0004.nii 32 -59 41 0.341034 0.742553
RRV021 con_0004.nii -32 -58 46 0.365498 0.306744
RRV021 con_0004.nii -6 49 1 -0.527959 0.409194
RRV021 con_0005.nii 9 3 -6 -0.0305092 0.292902
RRV021 con_0005.nii -9 3 -6 0.445976 0.256163
RRV021 con_0005.nii -30 33 -18 -0.174541 0.317087
RRV021 con_0005.nii 46 28 31 0.0251654 0.26632
RRV021 con_0005.nii -44 27 33 0.512134 0.399314
RRV021 con_0005.nii 44 8 34 0.740468 0.330063
RRV021 con_0005.nii -42 7 36 0.0610231 0.485132
RRV021 con_0005.nii 54 -44 43 -0.256469 0.157502
RRV021 con_0005.nii -53 -50 39 -0.105501 0.352903
RRV021 con_0005.nii 32 -59 41 0.378415 0.455276
RRV021 con_0005.nii -32 -58 46 0.171285 0.350189
RRV021 con_0005.nii -6 49 1 -1.13243 0.554408
RRV021 con_0006.nii 9 3 -6 -0.250484 0.379433
RRV021 con_0006.nii -9 3 -6 0.948388 0.440338
RRV021 con_0006.nii -30 33 -18 0.0437246 0.497835
RRV021 con_0006.nii 46 28 31 0.752848 0.591727
RRV021 con_0006.nii -44 27 33 1.53144 0.916492
RRV021 con_0006.nii 44 8 34 2.66133 1.10822
RRV021 con_0006.nii -42 7 36 0.686249 0.838246
RRV021 con_0006.nii 54 -44 43 0.0182299 0.244968
RRV021 con_0006.nii -53 -50 39 0.334893 0.704375
RRV021 con_0006.nii 32 -59 41 0.719449 1.16742
RRV021 con_0006.nii -32 -58 46 0.536783 0.471259
RRV021 con_0006.nii -6 49 1 -1.66039 0.932734
RRV021 con_0007.nii 9 3 -6 -0.148799 0.238137
RRV021 con_0007.nii -9 3 -6 0.195878 0.294469
RRV021 con_0007.nii -30 33 -18 0.167012 0.282817
RRV021 con_0007.nii 46 28 31 0.0627514 0.444186
RRV021 con_0007.nii -44 27 33 1.10917 0.586755
RRV021 con_0007.nii 44 8 34 1.42264 0.64915
RRV021 con_0007.nii -42 7 36 0.157921 0.359862
RRV021 con_0007.nii 54 -44 43 -0.141491 0.232561
RRV021 con_0007.nii -53 -50 39 -0.0529424 0.43582
RRV021 con_0007.nii 32 -59 41 0.138995 0.65391
RRV021 con_0007.nii -32 -58 46 0.214558 0.25791
RRV021 con_0007.nii -6 49 1 -0.819479 0.223241
RRV021 con_0008.nii 9 3 -6 -0.509916 0.411713
RRV021 con_0008.nii -9 3 -6 0.0981837 0.577617
RRV021 con_0008.nii -30 33 -18 -0.280305 0.241204
RRV021 con_0008.nii 46 28 31 -0.189446 0.283315
RRV021 con_0008.nii -44 27 33 -0.624838 0.347751
RRV021 con_0008.nii 44 8 34 0.0751755 0.277942
RRV021 con_0008.nii -42 7 36 0.00208187 0.383432
RRV021 con_0008.nii 54 -44 43 -0.0568579 0.173721
RRV021 con_0008.nii -53 -50 39 -0.307329 0.475603
RRV021 con_0008.nii 32 -59 41 -0.00281601 0.49039
RRV021 con_0008.nii -32 -58 46 0.0557005 0.368596
RRV021 con_0008.nii -6 49 1 -1.0314 0.406327
RRV021 con_0009.nii 9 3 -6 -0.658715 0.49009
RRV021 con_0009.nii -9 3 -6 0.294062 0.573695
RRV021 con_0009.nii -30 33 -18 -0.113293 0.462301
RRV021 con_0009.nii 46 28 31 -0.126695 0.606279
RRV021 con_0009.nii -44 27 33 0.484336 0.776372
RRV021 con_0009.nii 44 8 34 1.49782 0.71175
RRV021 con_0009.nii -42 7 36 0.160003 0.66117
RRV021 con_0009.nii 54 -44 43 -0.198349 0.270866
RRV021 con_0009.nii -53 -50 39 -0.360271 0.731114
RRV021 con_0009.nii 32 -59 41 0.136179 1.09234
RRV021 con_0009.nii -32 -58 46 0.270258 0.546536
RRV021 con_0009.nii -6 49 1 -1.85088 0.612066
RRV021 con_0010.nii 9 3 -6 -0.194238 0.247257
RRV021 con_0010.nii -9 3 -6 -0.00396788 0.252263
RRV021 con_0010.nii -30 33 -18 0.149905 0.234998
RRV021 con_0010.nii 46 28 31 0.227778 0.229178
RRV021 con_0010.nii -44 27 33 0.495277 0.325434
RRV021 con_0010.nii 44 8 34 0.894513 0.492848
RRV021 con_0010.nii -42 7 36 0.289258 0.20849
RRV021 con_0010.nii 54 -44 43 -0.00796067 0.129961
RRV021 con_0010.nii -53 -50 39 0.0211319 0.203502
RRV021 con_0010.nii 32 -59 41 -0.0258986 0.555218
RRV021 con_0010.nii -32 -58 46 0.0433579 0.230394
RRV021 con_0010.nii -6 49 1 -0.26721 0.262734
RRV021 con_0011.nii 9 3 -6 0.0420119 0.212507
RRV021 con_0011.nii -9 3 -6 0.194215 0.252048
RRV021 con_0011.nii -30 33 -18 0.00878314 0.111292
RRV021 con_0011.nii 46 28 31 0.0250667 0.152627
RRV021 con_0011.nii -44 27 33 -0.0244047 0.363332
RRV021 con_0011.nii 44 8 34 0.110505 0.136371
RRV021 con_0011.nii -42 7 36 0.0442254 0.312122
RRV021 con_0011.nii 54 -44 43 0.109872 0.17422
RRV021 con_0011.nii -53 -50 39 0.0546593 0.194583
RRV021 con_0011.nii 32 -59 41 0.0282596 0.20497
RRV021 con_0011.nii -32 -58 46 0.13096 0.202098
RRV021 con_0011.nii -6 49 1 -0.171642 0.0844502
RRV021 con_0012.nii 9 3 -6 -0.152226 0.416242
RRV021 con_0012.nii -9 3 -6 0.190247 0.461713
RRV021 con_0012.nii -30 33 -18 0.158688 0.285783
RRV021 con_0012.nii 46 28 31 0.252845 0.275507
RRV021 con_0012.nii -44 27 33 0.470872 0.620425
RRV021 con_0012.nii 44 8 34 1.00502 0.608688
RRV021 con_0012.nii -42 7 36 0.333484 0.491446
RRV021 con_0012.nii 54 -44 43 0.101912 0.210322
RRV021 con_0012.nii -53 -50 39 0.0757912 0.368979
RRV021 con_0012.nii 32 -59 41 0.00236099 0.736096
RRV021 con_0012.nii -32 -58 46 0.174318 0.386063
RRV021 con_0012.nii -6 49 1 -0.438852 0.291667
RRV021 con_0013.nii 9 3 -6 0.0786586 0.287997
RRV021 con_0013.nii -9 3 -6 0.176991 0.28834
RRV021 con_0013.nii -30 33 -18 0.310296 0.31722
RRV021 con_0013.nii 46 28 31 0.269502 0.491367
RRV021 con_0013.nii -44 27 33 0.696838 0.529042
RRV021 con_0013.nii 44 8 34 2.08565 0.927423
RRV021 con_0013.nii -42 7 36 1.03557 0.407544
RRV021 con_0013.nii 54 -44 43 0.249085 0.200047
RRV021 con_0013.nii -53 -50 39 0.0250042 0.41424
RRV021 con_0013.nii 32 -59 41 -0.119008 0.681062
RRV021 con_0013.nii -32 -58 46 -0.0176456 0.302609
RRV021 con_0013.nii -6 49 1 -0.544188 0.33537
RRV021 con_0014.nii 9 3 -6 -0.106084 0.238287
RRV021 con_0014.nii -9 3 -6 0.221848 0.231882
RRV021 con_0014.nii -30 33 -18 -0.0419612 0.347124
RRV021 con_0014.nii 46 28 31 0.0140983 0.369086
RRV021 con_0014.nii -44 27 33 0.466702 0.403529
RRV021 con_0014.nii 44 8 34 1.00016 0.488503
RRV021 con_0014.nii -42 7 36 0.458221 0.387536
RRV021 con_0014.nii 54 -44 43 -0.188109 0.117224
RRV021 con_0014.nii -53 -50 39 0.0683988 0.185345
RRV021 con_0014.nii 32 -59 41 -0.0103365 0.337519
RRV021 con_0014.nii -32 -58 46 0.158751 0.360792
RRV021 con_0014.nii -6 49 1 -0.421362 0.254882
RRV021 con_0015.nii 9 3 -6 -0.0274252 0.391361
RRV021 con_0015.nii -9 3 -6 0.398839 0.475158
RRV021 con_0015.nii -30 33 -18 0.268335 0.633219
RRV021 con_0015.nii 46 28 31 0.2836 0.844668
RRV021 con_0015.nii -44 27 33 1.16354 0.876722
RRV021 con_0015.nii 44 8 34 3.08581 1.39873
RRV021 con_0015.nii -42 7 36 1.4938 0.779625
RRV021 con_0015.nii 54 -44 43 0.0609758 0.266494
RRV021 con_0015.nii -53 -50 39 0.0934031 0.569812
RRV021 con_0015.nii 32 -59 41 -0.129344 1.00718
RRV021 con_0015.nii -32 -58 46 0.141106 0.564256
RRV021 con_0015.nii -6 49 1 -0.965551 0.581593
RRV021 con_0016.nii 9 3 -6 -0.0472984 0.298675
RRV021 con_0016.nii -9 3 -6 0.286388 0.251316
RRV021 con_0016.nii -30 33 -18 0.191218 0.214779
RRV021 con_0016.nii 46 28 31 0.405183 0.398547
RRV021 con_0016.nii -44 27 33 1.21797 0.551288
RRV021 con_0016.nii 44 8 34 1.57886 0.730671
RRV021 con_0016.nii -42 7 36 0.441074 0.326513
RRV021 con_0016.nii 54 -44 43 0.11226 0.184719
RRV021 con_0016.nii -53 -50 39 0.210806 0.355271
RRV021 con_0016.nii 32 -59 41 0.129719 0.696783
RRV021 con_0016.nii -32 -58 46 0.339921 0.201948
RRV021 con_0016.nii -6 49 1 -0.547301 0.262953
RRV021 con_0017.nii 9 3 -6 -0.114925 0.232986
RRV021 con_0017.nii -9 3 -6 0.249506 0.324781
RRV021 con_0017.nii -30 33 -18 -0.143835 0.329268
RRV021 con_0017.nii 46 28 31 0.0777153 0.246286
RRV021 con_0017.nii -44 27 33 0.265651 0.355061
RRV021 con_0017.nii 44 8 34 0.470368 0.246628
RRV021 con_0017.nii -42 7 36 0.020731 0.343025
RRV021 con_0017.nii 54 -44 43 -0.176776 0.120714
RRV021 con_0017.nii -53 -50 39 -0.235817 0.344318
RRV021 con_0017.nii 32 -59 41 0.226172 0.469919
RRV021 con_0017.nii -32 -58 46 0.157304 0.31059
RRV021 con_0017.nii -6 49 1 -0.951422 0.413219
RRV021 con_0018.nii 9 3 -6 -0.162223 0.332251
RRV021 con_0018.nii -9 3 -6 0.535895 0.405186
RRV021 con_0018.nii -30 33 -18 0.0473837 0.501285
RRV021 con_0018.nii 46 28 31 0.482899 0.593356
RRV021 con_0018.nii -44 27 33 1.48362 0.851863
RRV021 con_0018.nii 44 8 34 2.04922 0.932785
RRV021 con_0018.nii -42 7 36 0.461805 0.626628
RRV021 con_0018.nii 54 -44 43 -0.0645168 0.238694
RRV021 con_0018.nii -53 -50 39 -0.0250107 0.667472
RRV021 con_0018.nii 32 -59 41 0.355891 1.14996
RRV021 con_0018.nii -32 -58 46 0.497225 0.41788
RRV021 con_0018.nii -6 49 1 -1.49872 0.661549
RRV021 con_0019.nii 9 3 -6 0.421117 0.247397
RRV021 con_0019.nii -9 3 -6 0.164843 0.244165
RRV021 con_0019.nii -30 33 -18 0.038471 0.117045
RRV021 con_0019.nii 46 28 31 0.197338 0.229982
RRV021 con_0019.nii -44 27 33 1.03014 0.406242
RRV021 con_0019.nii 44 8 34 0.498549 0.27816
RRV021 con_0019.nii -42 7 36 0.250816 0.177873
RRV021 con_0019.nii 54 -44 43 0.211531 0.144332
RRV021 con_0019.nii -53 -50 39 0.223833 0.258911
RRV021 con_0019.nii 32 -59 41 -0.0649722 0.214282
RRV021 con_0019.nii -32 -58 46 0.39635 0.237492
RRV021 con_0019.nii -6 49 1 -0.0272547 0.198905
RRV021 con_0020.nii 9 3 -6 0.153639 0.388272
RRV021 con_0020.nii -9 3 -6 0.0101444 0.402923
RRV021 con_0020.nii -30 33 -18 0.0145597 0.441012
RRV021 con_0020.nii 46 28 31 0.37236 0.39776
RRV021 con_0020.nii -44 27 33 0.934062 0.215184
RRV021 con_0020.nii 44 8 34 0.484955 0.373358
RRV021 con_0020.nii -42 7 36 -0.0451374 0.278706
RRV021 con_0020.nii 54 -44 43 -0.326874 0.301478
RRV021 con_0020.nii -53 -50 39 -0.349279 0.372344
RRV021 con_0020.nii 32 -59 41 0.274657 0.486682
RRV021 con_0020.nii -32 -58 46 0.113967 0.200099
RRV021 con_0020.nii -6 49 1 -0.518791 0.318916
RRV021 con_0021.nii 9 3 -6 0.574756 0.456044
RRV021 con_0021.nii -9 3 -6 0.174987 0.515684
RRV021 con_0021.nii -30 33 -18 0.0530306 0.511445
RRV021 con_0021.nii 46 28 31 0.569698 0.534766
RRV021 con_0021.nii -44 27 33 1.9642 0.453046
RRV021 con_0021.nii 44 8 34 0.983504 0.55896
RRV021 con_0021.nii -42 7 36 0.205678 0.375964
RRV021 con_0021.nii 54 -44 43 -0.115343 0.285903
RRV021 con_0021.nii -53 -50 39 -0.125446 0.592197
RRV021 con_0021.nii 32 -59 41 0.209684 0.575452
RRV021 con_0021.nii -32 -58 46 0.510317 0.356225
RRV021 con_0021.nii -6 49 1 -0.546045 0.328157
RRV021 con_0022.nii 9 3 -6 -0.0257366 0.382395
RRV021 con_0022.nii -9 3 -6 0.50638 0.442916
RRV021 con_0022.nii -30 33 -18 0.0683604 0.206396
RRV021 con_0022.nii 46 28 31 0.499905 0.227674
RRV021 con_0022.nii -44 27 33 0.524031 0.372745
RRV021 con_0022.nii 44 8 34 1.02635 0.355414
RRV021 con_0022.nii -42 7 36 0.335968 0.278896
RRV021 con_0022.nii 54 -44 43 0.28266 0.182256
RRV021 con_0022.nii -53 -50 39 0.419263 0.248404
RRV021 con_0022.nii 32 -59 41 0.366932 0.269099
RRV021 con_0022.nii -32 -58 46 0.32214 0.373131
RRV021 con_0022.nii -6 49 1 -0.26075 0.248352
RRV021 con_0023.nii 9 3 -6 -0.0725211 0.26067
RRV021 con_0023.nii -9 3 -6 0.251761 0.173823
RRV021 con_0023.nii -30 33 -18 -0.183324 0.229151
RRV021 con_0023.nii 46 28 31 9.86639e-05 0.232967
RRV021 con_0023.nii -44 27 33 0.536539 0.185559
RRV021 con_0023.nii 44 8 34 0.629962 0.258588
RRV021 con_0023.nii -42 7 36 0.0167977 0.349405
RRV021 con_0023.nii 54 -44 43 -0.366342 0.256891
RRV021 con_0023.nii -53 -50 39 -0.160161 0.359763
RRV021 con_0023.nii 32 -59 41 0.350156 0.347369
RRV021 con_0023.nii -32 -58 46 0.0403253 0.203749
RRV021 con_0023.nii -6 49 1 -0.960791 0.523821
RRV021 con_0024.nii 9 3 -6 -0.0982576 0.362271
RRV021 con_0024.nii -9 3 -6 0.758141 0.538129
RRV021 con_0024.nii -30 33 -18 -0.114964 0.367183
RRV021 con_0024.nii 46 28 31 0.500003 0.398468
RRV021 con_0024.nii -44 27 33 1.06057 0.481527
RRV021 con_0024.nii 44 8 34 1.65631 0.586254
RRV021 con_0024.nii -42 7 36 0.352765 0.41484
RRV021 con_0024.nii 54 -44 43 -0.0836817 0.252495
RRV021 con_0024.nii -53 -50 39 0.259102 0.559078
RRV021 con_0024.nii 32 -59 41 0.717088 0.556575
RRV021 con_0024.nii -32 -58 46 0.362465 0.411037
RRV021 con_0024.nii -6 49 1 -1.22154 0.69686
RRV021 con_0025.nii 9 3 -6 0.0454391 0.33218
RRV021 con_0025.nii -9 3 -6 0.199846 0.363064
RRV021 con_0025.nii -30 33 -18 0.0171071 0.288962
RRV021 con_0025.nii 46 28 31 -0.165027 0.268696
RRV021 con_0025.nii -44 27 33 0.613897 0.340821
RRV021 con_0025.nii 44 8 34 0.528129 0.205148
RRV021 con_0025.nii -42 7 36 -0.131337 0.231743
RRV021 con_0025.nii 54 -44 43 -0.13353 0.150681
RRV021 con_0025.nii -53 -50 39 -0.0740743 0.353228
RRV021 con_0025.nii 32 -59 41 0.164893 0.143085
RRV021 con_0025.nii -32 -58 46 0.1712 0.16311
RRV021 con_0025.nii -6 49 1 -0.552269 0.11171
RRV021 con_0026.nii 9 3 -6 -0.551928 0.410757
RRV021 con_0026.nii -9 3 -6 -0.0960313 0.442142
RRV021 con_0026.nii -30 33 -18 -0.289088 0.167923
RRV021 con_0026.nii 46 28 31 -0.214513 0.286039
RRV021 con_0026.nii -44 27 33 -0.600433 0.256596
RRV021 con_0026.nii 44 8 34 -0.0353296 0.310903
RRV021 con_0026.nii -42 7 36 -0.0421435 0.46707
RRV021 con_0026.nii 54 -44 43 -0.16673 0.157105
RRV021 con_0026.nii -53 -50 39 -0.361988 0.31277
RRV021 con_0026.nii 32 -59 41 -0.0310756 0.352072
RRV021 con_0026.nii -32 -58 46 -0.0752592 0.282559
RRV021 con_0026.nii -6 49 1 -0.859758 0.395613
RRV021 con_0027.nii 9 3 -6 -0.506489 0.629368
RRV021 con_0027.nii -9 3 -6 0.103815 0.310341
RRV021 con_0027.nii -30 33 -18 -0.271981 0.412845
RRV021 con_0027.nii 46 28 31 -0.37954 0.419546
RRV021 con_0027.nii -44 27 33 0.0134641 0.229996
RRV021 con_0027.nii 44 8 34 0.4928 0.372489
RRV021 con_0027.nii -42 7 36 -0.173481 0.585382
RRV021 con_0027.nii 54 -44 43 -0.30026 0.136293
RRV021 con_0027.nii -53 -50 39 -0.436062 0.418881
RRV021 con_0027.nii 32 -59 41 0.133818 0.410516
RRV021 con_0027.nii -32 -58 46 0.0959406 0.327082
RRV021 con_0027.nii -6 49 1 -1.41203 0.362825
RRV021 con_0028.nii 9 3 -6 0.14694 0.214616
RRV021 con_0028.nii -9 3 -6 0.290356 0.326036
RRV021 con_0028.nii -30 33 -18 0.0413128 0.186467
RRV021 con_0028.nii 46 28 31 0.177405 0.226238
RRV021 con_0028.nii -44 27 33 0.72269 0.33797
RRV021 con_0028.nii 44 8 34 0.684343 0.256794
RRV021 con_0028.nii -42 7 36 0.151815 0.149292
RRV021 con_0028.nii 54 -44 43 0.12022 0.117593
RRV021 con_0028.nii -53 -50 39 0.189674 0.261918
RRV021 con_0028.nii 32 -59 41 0.155618 0.183714
RRV021 con_0028.nii -32 -58 46 0.296563 0.203151
RRV021 con_0028.nii -6 49 1 -0.280091 0.0905708
RRV021 con_0029.nii 9 3 -6 -0.156937 0.231864
RRV021 con_0029.nii -9 3 -6 0.0552913 0.217375
RRV021 con_0029.nii -30 33 -18 -0.152618 0.249129
RRV021 con_0029.nii 46 28 31 0.0526485 0.261453
RRV021 con_0029.nii -44 27 33 0.290056 0.140086
RRV021 con_0029.nii 44 8 34 0.359862 0.176942
RRV021 con_0029.nii -42 7 36 -0.0234944 0.320545
RRV021 con_0029.nii 54 -44 43 -0.286649 0.18767
RRV021 con_0029.nii -53 -50 39 -0.290476 0.235399
RRV021 con_0029.nii 32 -59 41 0.197912 0.326936
RRV021 con_0029.nii -32 -58 46 0.0263444 0.161834
RRV021 con_0029.nii -6 49 1 -0.77978 0.392461
RRV021 con_0030.nii 9 3 -6 -0.00999674 0.296346
RRV021 con_0030.nii -9 3 -6 0.345648 0.318305
RRV021 con_0030.nii -30 33 -18 -0.111305 0.408138
RRV021 con_0030.nii 46 28 31 0.230054 0.399326
RRV021 con_0030.nii -44 27 33 1.01275 0.324837
RRV021 con_0030.nii 44 8 34 1.04421 0.389552
RRV021 con_0030.nii -42 7 36 0.128321 0.360223
RRV021 con_0030.nii 54 -44 43 -0.166428 0.172969
RRV021 con_0030.nii -53 -50 39 -0.100802 0.446735
RRV021 con_0030.nii 32 -59 41 0.35353 0.436938
RRV021 con_0030.nii -32 -58 46 0.322908 0.202987
RRV021 con_0030.nii -6 49 1 -1.05987 0.404771
