RRV159 con_0001.nii 9 3 -6 0.16443 0.375095
RRV159 con_0001.nii -9 3 -6 0.605732 0.520952
RRV159 con_0001.nii -30 33 -18 -0.178591 0.572714
RRV159 con_0001.nii 46 28 31 1.07164 0.606705
RRV159 con_0001.nii -44 27 33 0.274219 0.40453
RRV159 con_0001.nii 44 8 34 1.89407 0.577937
RRV159 con_0001.nii -42 7 36 0.696089 0.382894
RRV159 con_0001.nii 54 -44 43 0.286082 0.311209
RRV159 con_0001.nii -53 -50 39 -0.0247806 0.42182
RRV159 con_0001.nii 32 -59 41 1.00382 0.283886
RRV159 con_0001.nii -32 -58 46 1.91048 0.35935
RRV159 con_0001.nii -6 49 1 1.12798 0.77012
RRV159 con_0002.nii 9 3 -6 0.263428 0.49311
RRV159 con_0002.nii -9 3 -6 0.0627287 0.478252
RRV159 con_0002.nii -30 33 -18 -0.606512 0.434481
RRV159 con_0002.nii 46 28 31 -0.404401 0.496301
RRV159 con_0002.nii -44 27 33 -0.455401 0.505293
RRV159 con_0002.nii 44 8 34 -0.441119 0.323784
RRV159 con_0002.nii -42 7 36 -0.716997 0.352431
RRV159 con_0002.nii 54 -44 43 -0.984592 0.440251
RRV159 con_0002.nii -53 -50 39 -0.709507 0.277939
RRV159 con_0002.nii 32 -59 41 -0.0934542 0.352027
RRV159 con_0002.nii -32 -58 46 0.597453 0.334381
RRV159 con_0002.nii -6 49 1 -1.732 0.657205
RRV159 con_0003.nii 9 3 -6 0.427859 0.608064
RRV159 con_0003.nii -9 3 -6 0.66846 0.497499
RRV159 con_0003.nii -30 33 -18 -0.785103 0.905904
RRV159 con_0003.nii 46 28 31 0.66724 0.880895
RRV159 con_0003.nii -44 27 33 -0.181182 0.789526
RRV159 con_0003.nii 44 8 34 1.45295 0.647882
RRV159 con_0003.nii -42 7 36 -0.0209072 0.633031
RRV159 con_0003.nii 54 -44 43 -0.698509 0.643025
RRV159 con_0003.nii -53 -50 39 -0.734288 0.589955
RRV159 con_0003.nii 32 -59 41 0.910369 0.476751
RRV159 con_0003.nii -32 -58 46 2.50794 0.660529
RRV159 con_0003.nii -6 49 1 -0.604018 0.71811
RRV159 con_0004.nii 9 3 -6 -0.0763191 0.280381
RRV159 con_0004.nii -9 3 -6 0.116025 0.164003
RRV159 con_0004.nii -30 33 -18 -0.439836 0.339961
RRV159 con_0004.nii 46 28 31 0.375557 0.401399
RRV159 con_0004.nii -44 27 33 -0.0327774 0.340462
RRV159 con_0004.nii 44 8 34 1.62211 0.621459
RRV159 con_0004.nii -42 7 36 0.616801 0.558158
RRV159 con_0004.nii 54 -44 43 -0.355286 0.446521
RRV159 con_0004.nii -53 -50 39 -0.398064 0.326944
RRV159 con_0004.nii 32 -59 41 1.07454 0.192541
RRV159 con_0004.nii -32 -58 46 1.00007 0.268786
RRV159 con_0004.nii -6 49 1 -0.28887 0.759931
RRV159 con_0005.nii 9 3 -6 0.633331 0.32926
RRV159 con_0005.nii -9 3 -6 -0.204219 0.344064
RRV159 con_0005.nii -30 33 -18 0.684223 0.516728
RRV159 con_0005.nii 46 28 31 1.05035 0.203361
RRV159 con_0005.nii -44 27 33 1.36514 0.266561
RRV159 con_0005.nii 44 8 34 0.747016 0.218059
RRV159 con_0005.nii -42 7 36 0.51178 0.329111
RRV159 con_0005.nii 54 -44 43 0.768819 0.208269
RRV159 con_0005.nii -53 -50 39 0.166846 0.212908
RRV159 con_0005.nii 32 -59 41 1.30057 0.409321
RRV159 con_0005.nii -32 -58 46 1.43335 0.322603
RRV159 con_0005.nii -6 49 1 0.845027 0.410214
RRV159 con_0006.nii 9 3 -6 0.557012 0.546184
RRV159 con_0006.nii -9 3 -6 -0.0881937 0.42547
RRV159 con_0006.nii -30 33 -18 0.244387 0.661158
RRV159 con_0006.nii 46 28 31 1.4259 0.444246
RRV159 con_0006.nii -44 27 33 1.33237 0.28846
RRV159 con_0006.nii 44 8 34 2.36913 0.771251
RRV159 con_0006.nii -42 7 36 1.12858 0.860909
RRV159 con_0006.nii 54 -44 43 0.413534 0.452933
RRV159 con_0006.nii -53 -50 39 -0.231218 0.447427
RRV159 con_0006.nii 32 -59 41 2.37511 0.537588
RRV159 con_0006.nii -32 -58 46 2.43342 0.523504
RRV159 con_0006.nii -6 49 1 0.556157 0.855856
RRV159 con_0007.nii 9 3 -6 0.0269316 0.416413
RRV159 con_0007.nii -9 3 -6 0.126972 0.469902
RRV159 con_0007.nii -30 33 -18 -1.08574 0.82238
RRV159 con_0007.nii 46 28 31 1.02702 0.58412
RRV159 con_0007.nii -44 27 33 -0.186454 0.501241
RRV159 con_0007.nii 44 8 34 1.84079 0.639763
RRV159 con_0007.nii -42 7 36 0.861473 0.390151
RRV159 con_0007.nii 54 -44 43 0.965939 0.361218
RRV159 con_0007.nii -53 -50 39 0.139899 0.224744
RRV159 con_0007.nii 32 -59 41 0.96188 0.511673
RRV159 con_0007.nii -32 -58 46 1.63549 0.455557
RRV159 con_0007.nii -6 49 1 -1.04008 1.15617
RRV159 con_0008.nii 9 3 -6 0.645633 0.381817
RRV159 con_0008.nii -9 3 -6 0.482787 0.283381
RRV159 con_0008.nii -30 33 -18 -0.823094 0.418136
RRV159 con_0008.nii 46 28 31 0.410119 0.203149
RRV159 con_0008.nii -44 27 33 -0.257398 0.249071
RRV159 con_0008.nii 44 8 34 -0.249407 0.173555
RRV159 con_0008.nii -42 7 36 -1.00227 0.307723
RRV159 con_0008.nii 54 -44 43 -0.229533 0.187109
RRV159 con_0008.nii -53 -50 39 -0.439916 0.312284
RRV159 con_0008.nii 32 -59 41 0.331399 0.354356
RRV159 con_0008.nii -32 -58 46 -0.153381 0.156322
RRV159 con_0008.nii -6 49 1 -0.383247 0.363725
RRV159 con_0009.nii 9 3 -6 0.672565 0.576851
RRV159 con_0009.nii -9 3 -6 0.609759 0.682985
RRV159 con_0009.nii -30 33 -18 -1.90883 1.14171
RRV159 con_0009.nii 46 28 31 1.43714 0.606551
RRV159 con_0009.nii -44 27 33 -0.443853 0.721964
RRV159 con_0009.nii 44 8 34 1.59138 0.664264
RRV159 con_0009.nii -42 7 36 -0.140798 0.552721
RRV159 con_0009.nii 54 -44 43 0.736406 0.350422
RRV159 con_0009.nii -53 -50 39 -0.300017 0.443104
RRV159 con_0009.nii 32 -59 41 1.29328 0.73204
RRV159 con_0009.nii -32 -58 46 1.48211 0.365854
RRV159 con_0009.nii -6 49 1 -1.42333 1.44845
RRV159 con_0010.nii 9 3 -6 0.00475449 0.236813
RRV159 con_0010.nii -9 3 -6 0.151697 0.22794
RRV159 con_0010.nii -30 33 -18 -0.628414 0.32366
RRV159 con_0010.nii 46 28 31 -0.00384795 0.322504
RRV159 con_0010.nii -44 27 33 -0.333719 0.237403
RRV159 con_0010.nii 44 8 34 0.619818 0.477091
RRV159 con_0010.nii -42 7 36 0.00624198 0.359941
RRV159 con_0010.nii 54 -44 43 -0.272048 0.235661
RRV159 con_0010.nii -53 -50 39 -0.492155 0.294856
RRV159 con_0010.nii 32 -59 41 0.398005 0.196341
RRV159 con_0010.nii -32 -58 46 0.303032 0.268553
RRV159 con_0010.nii -6 49 1 -0.887107 0.71408
RRV159 con_0011.nii 9 3 -6 0.225888 0.487924
RRV159 con_0011.nii -9 3 -6 0.192315 0.486403
RRV159 con_0011.nii -30 33 -18 -0.409005 0.253901
RRV159 con_0011.nii 46 28 31 0.442258 0.237587
RRV159 con_0011.nii -44 27 33 0.548511 0.277898
RRV159 con_0011.nii 44 8 34 0.295593 0.158609
RRV159 con_0011.nii -42 7 36 0.162501 0.194678
RRV159 con_0011.nii 54 -44 43 0.356761 0.162248
RRV159 con_0011.nii -53 -50 39 0.162339 0.0954065
RRV159 con_0011.nii 32 -59 41 0.530967 0.25434
RRV159 con_0011.nii -32 -58 46 0.589483 0.296088
RRV159 con_0011.nii -6 49 1 0.0169884 0.19286
RRV159 con_0012.nii 9 3 -6 0.230643 0.641175
RRV159 con_0012.nii -9 3 -6 0.344013 0.519835
RRV159 con_0012.nii -30 33 -18 -1.03742 0.523073
RRV159 con_0012.nii 46 28 31 0.43841 0.297956
RRV159 con_0012.nii -44 27 33 0.214793 0.413713
RRV159 con_0012.nii 44 8 34 0.915411 0.460156
RRV159 con_0012.nii -42 7 36 0.168743 0.339203
RRV159 con_0012.nii 54 -44 43 0.0847127 0.333757
RRV159 con_0012.nii -53 -50 39 -0.329816 0.307057
RRV159 con_0012.nii 32 -59 41 0.928973 0.403391
RRV159 con_0012.nii -32 -58 46 0.892515 0.27557
RRV159 con_0012.nii -6 49 1 -0.870119 0.749834
RRV159 con_0013.nii 9 3 -6 -0.00240419 0.323548
RRV159 con_0013.nii -9 3 -6 0.0402079 0.237701
RRV159 con_0013.nii -30 33 -18 -0.733948 0.402978
RRV159 con_0013.nii 46 28 31 -0.371449 0.335825
RRV159 con_0013.nii -44 27 33 -0.552999 0.361898
RRV159 con_0013.nii 44 8 34 0.276537 0.445747
RRV159 con_0013.nii -42 7 36 -0.0615157 0.415532
RRV159 con_0013.nii 54 -44 43 -0.674918 0.391116
RRV159 con_0013.nii -53 -50 39 -0.716374 0.360907
RRV159 con_0013.nii 32 -59 41 -0.098699 0.203967
RRV159 con_0013.nii -32 -58 46 0.193855 0.2748
RRV159 con_0013.nii -6 49 1 -0.760219 0.571747
RRV159 con_0014.nii 9 3 -6 0.288325 0.387176
RRV159 con_0014.nii -9 3 -6 0.0663498 0.19962
RRV159 con_0014.nii -30 33 -18 -0.516069 0.304424
RRV159 con_0014.nii 46 28 31 -0.23794 0.401864
RRV159 con_0014.nii -44 27 33 -0.55705 0.344046
RRV159 con_0014.nii 44 8 34 -0.123886 0.261698
RRV159 con_0014.nii -42 7 36 -1.17443 0.318939
RRV159 con_0014.nii 54 -44 43 -0.848313 0.365078
RRV159 con_0014.nii -53 -50 39 -0.786535 0.449084
RRV159 con_0014.nii 32 -59 41 -0.0525423 0.275472
RRV159 con_0014.nii -32 -58 46 -0.0441911 0.17421
RRV159 con_0014.nii -6 49 1 -0.586796 0.145017
RRV159 con_0015.nii 9 3 -6 0.285921 0.61402
RRV159 con_0015.nii -9 3 -6 0.106558 0.358894
RRV159 con_0015.nii -30 33 -18 -1.25002 0.655723
RRV159 con_0015.nii 46 28 31 -0.609389 0.706034
RRV159 con_0015.nii -44 27 33 -1.11005 0.665748
RRV159 con_0015.nii 44 8 34 0.152651 0.485667
RRV159 con_0015.nii -42 7 36 -1.23594 0.665348
RRV159 con_0015.nii 54 -44 43 -1.52323 0.730535
RRV159 con_0015.nii -53 -50 39 -1.50291 0.765823
RRV159 con_0015.nii 32 -59 41 -0.151241 0.394096
RRV159 con_0015.nii -32 -58 46 0.149664 0.357394
RRV159 con_0015.nii -6 49 1 -1.34701 0.580767
RRV159 con_0016.nii 9 3 -6 0.0383477 0.282867
RRV159 con_0016.nii -9 3 -6 0.282909 0.293602
RRV159 con_0016.nii -30 33 -18 -0.568054 0.525016
RRV159 con_0016.nii 46 28 31 0.824738 0.424573
RRV159 con_0016.nii -44 27 33 0.0183291 0.370337
RRV159 con_0016.nii 44 8 34 1.78566 0.583056
RRV159 con_0016.nii -42 7 36 0.724788 0.428687
RRV159 con_0016.nii 54 -44 43 0.298912 0.164285
RRV159 con_0016.nii -53 -50 39 -0.0943152 0.260299
RRV159 con_0016.nii 32 -59 41 1.01342 0.298121
RRV159 con_0016.nii -32 -58 46 1.51535 0.285283
RRV159 con_0016.nii -6 49 1 -0.0669889 0.773348
RRV159 con_0017.nii 9 3 -6 0.514131 0.277718
RRV159 con_0017.nii -9 3 -6 0.113766 0.227613
RRV159 con_0017.nii -30 33 -18 -0.248461 0.335564
RRV159 con_0017.nii 46 28 31 0.352022 0.172943
RRV159 con_0017.nii -44 27 33 0.217448 0.229409
RRV159 con_0017.nii 44 8 34 0.0188302 0.152495
RRV159 con_0017.nii -42 7 36 -0.402496 0.275085
RRV159 con_0017.nii 54 -44 43 -0.148435 0.168652
RRV159 con_0017.nii -53 -50 39 -0.327526 0.238947
RRV159 con_0017.nii 32 -59 41 0.512837 0.278197
RRV159 con_0017.nii -32 -58 46 0.625809 0.195152
RRV159 con_0017.nii -6 49 1 -0.423407 0.265773
RRV159 con_0018.nii 9 3 -6 0.552479 0.444378
RRV159 con_0018.nii -9 3 -6 0.396675 0.429888
RRV159 con_0018.nii -30 33 -18 -0.816515 0.794988
RRV159 con_0018.nii 46 28 31 1.17676 0.504468
RRV159 con_0018.nii -44 27 33 0.235777 0.569299
RRV159 con_0018.nii 44 8 34 1.80449 0.622694
RRV159 con_0018.nii -42 7 36 0.322292 0.640462
RRV159 con_0018.nii 54 -44 43 0.150477 0.255827
RRV159 con_0018.nii -53 -50 39 -0.421841 0.472453
RRV159 con_0018.nii 32 -59 41 1.52625 0.493225
RRV159 con_0018.nii -32 -58 46 2.14116 0.432358
RRV159 con_0018.nii -6 49 1 -0.490396 0.930229
RRV159 con_0019.nii 9 3 -6 0.159676 0.390016
RRV159 con_0019.nii -9 3 -6 0.454034 0.442825
RRV159 con_0019.nii -30 33 -18 0.449823 0.408039
RRV159 con_0019.nii 46 28 31 1.07549 0.550135
RRV159 con_0019.nii -44 27 33 0.607938 0.356481
RRV159 con_0019.nii 44 8 34 1.27425 0.546717
RRV159 con_0019.nii -42 7 36 0.689847 0.253054
RRV159 con_0019.nii 54 -44 43 0.55813 0.274853
RRV159 con_0019.nii -53 -50 39 0.467374 0.370267
RRV159 con_0019.nii 32 -59 41 0.605818 0.31912
RRV159 con_0019.nii -32 -58 46 1.60745 0.519394
RRV159 con_0019.nii -6 49 1 2.01509 0.824425
RRV159 con_0020.nii 9 3 -6 0.0375402 0.562611
RRV159 con_0020.nii -9 3 -6 -0.129587 0.461469
RRV159 con_0020.nii -30 33 -18 -0.197507 0.274336
RRV159 con_0020.nii 46 28 31 -0.846659 0.469724
RRV159 con_0020.nii -44 27 33 -1.00391 0.44406
RRV159 con_0020.nii 44 8 34 -0.736712 0.279532
RRV159 con_0020.nii -42 7 36 -0.879498 0.477456
RRV159 con_0020.nii 54 -44 43 -1.34135 0.367922
RRV159 con_0020.nii -53 -50 39 -0.871846 0.302226
RRV159 con_0020.nii 32 -59 41 -0.624421 0.300218
RRV159 con_0020.nii -32 -58 46 0.0079705 0.256691
RRV159 con_0020.nii -6 49 1 -1.74899 0.624015
RRV159 con_0021.nii 9 3 -6 0.197216 0.562121
RRV159 con_0021.nii -9 3 -6 0.324448 0.542866
RRV159 con_0021.nii -30 33 -18 0.252315 0.580281
RRV159 con_0021.nii 46 28 31 0.22883 0.657834
RRV159 con_0021.nii -44 27 33 -0.395975 0.42602
RRV159 con_0021.nii 44 8 34 0.537542 0.719532
RRV159 con_0021.nii -42 7 36 -0.18965 0.393167
RRV159 con_0021.nii 54 -44 43 -0.783222 0.460832
RRV159 con_0021.nii -53 -50 39 -0.404472 0.381684
RRV159 con_0021.nii 32 -59 41 -0.0186035 0.429194
RRV159 con_0021.nii -32 -58 46 1.61542 0.613552
RRV159 con_0021.nii -6 49 1 0.266101 0.354829
RRV159 con_0022.nii 9 3 -6 -0.0810736 0.275798
RRV159 con_0022.nii -9 3 -6 -0.0356724 0.230436
RRV159 con_0022.nii -30 33 -18 0.188578 0.116665
RRV159 con_0022.nii 46 28 31 0.379405 0.290112
RRV159 con_0022.nii -44 27 33 0.300941 0.203
RRV159 con_0022.nii 44 8 34 1.00229 0.327728
RRV159 con_0022.nii -42 7 36 0.610559 0.343963
RRV159 con_0022.nii 54 -44 43 -0.0832377 0.29013
RRV159 con_0022.nii -53 -50 39 0.0940909 0.117619
RRV159 con_0022.nii 32 -59 41 0.676539 0.211389
RRV159 con_0022.nii -32 -58 46 0.697036 0.372588
RRV159 con_0022.nii -6 49 1 0.598237 0.238344
RRV159 con_0023.nii 9 3 -6 0.407443 0.709389
RRV159 con_0023.nii -9 3 -6 -0.396534 0.710891
RRV159 con_0023.nii -30 33 -18 1.09323 0.595058
RRV159 con_0023.nii 46 28 31 0.608088 0.320179
RRV159 con_0023.nii -44 27 33 0.816632 0.311222
RRV159 con_0023.nii 44 8 34 0.451423 0.249381
RRV159 con_0023.nii -42 7 36 0.349279 0.426506
RRV159 con_0023.nii 54 -44 43 0.412059 0.308737
RRV159 con_0023.nii -53 -50 39 0.00450717 0.18038
RRV159 con_0023.nii 32 -59 41 0.7696 0.270754
RRV159 con_0023.nii -32 -58 46 0.843871 0.27229
RRV159 con_0023.nii -6 49 1 0.828039 0.466418
RRV159 con_0024.nii 9 3 -6 0.326369 0.940893
RRV159 con_0024.nii -9 3 -6 -0.432206 0.696194
RRV159 con_0024.nii -30 33 -18 1.2818 0.642657
RRV159 con_0024.nii 46 28 31 0.987494 0.25833
RRV159 con_0024.nii -44 27 33 1.11757 0.237215
RRV159 con_0024.nii 44 8 34 1.45372 0.53677
RRV159 con_0024.nii -42 7 36 0.959838 0.65915
RRV159 con_0024.nii 54 -44 43 0.328821 0.449725
RRV159 con_0024.nii -53 -50 39 0.0985981 0.19109
RRV159 con_0024.nii 32 -59 41 1.44614 0.323006
RRV159 con_0024.nii -32 -58 46 1.54091 0.442672
RRV159 con_0024.nii -6 49 1 1.42628 0.670299
RRV159 con_0025.nii 9 3 -6 0.0221771 0.408838
RRV159 con_0025.nii -9 3 -6 -0.0247255 0.455642
RRV159 con_0025.nii -30 33 -18 -0.457322 0.587965
RRV159 con_0025.nii 46 28 31 1.03086 0.45818
RRV159 con_0025.nii -44 27 33 0.147265 0.386742
RRV159 con_0025.nii 44 8 34 1.22097 0.416247
RRV159 con_0025.nii -42 7 36 0.855231 0.298569
RRV159 con_0025.nii 54 -44 43 1.23799 0.566199
RRV159 con_0025.nii -53 -50 39 0.632054 0.302027
RRV159 con_0025.nii 32 -59 41 0.563875 0.467212
RRV159 con_0025.nii -32 -58 46 1.33246 0.388768
RRV159 con_0025.nii -6 49 1 -0.152974 0.487372
RRV159 con_0026.nii 9 3 -6 0.419745 0.341964
RRV159 con_0026.nii -9 3 -6 0.290471 0.634142
RRV159 con_0026.nii -30 33 -18 -0.414089 0.287637
RRV159 con_0026.nii 46 28 31 -0.0321392 0.267219
RRV159 con_0026.nii -44 27 33 -0.80591 0.209768
RRV159 con_0026.nii 44 8 34 -0.545 0.258333
RRV159 con_0026.nii -42 7 36 -1.16477 0.428494
RRV159 con_0026.nii 54 -44 43 -0.586293 0.164209
RRV159 con_0026.nii -53 -50 39 -0.602255 0.324374
RRV159 con_0026.nii 32 -59 41 -0.199568 0.279723
RRV159 con_0026.nii -32 -58 46 -0.742864 0.276791
RRV159 con_0026.nii -6 49 1 -0.400235 0.40889
RRV159 con_0027.nii 9 3 -6 0.441922 0.417312
RRV159 con_0027.nii -9 3 -6 0.265746 0.901622
RRV159 con_0027.nii -30 33 -18 -0.871411 0.698217
RRV159 con_0027.nii 46 28 31 0.998725 0.574611
RRV159 con_0027.nii -44 27 33 -0.658645 0.419581
RRV159 con_0027.nii 44 8 34 0.675969 0.424686
RRV159 con_0027.nii -42 7 36 -0.309541 0.323215
RRV159 con_0027.nii 54 -44 43 0.651694 0.5771
RRV159 con_0027.nii -53 -50 39 0.0297991 0.238167
RRV159 con_0027.nii 32 -59 41 0.364306 0.606526
RRV159 con_0027.nii -32 -58 46 0.589593 0.295291
RRV159 con_0027.nii -6 49 1 -0.553209 0.813879
RRV159 con_0028.nii 9 3 -6 0.0335932 0.284404
RRV159 con_0028.nii -9 3 -6 0.131212 0.255808
RRV159 con_0028.nii -30 33 -18 0.0603593 0.278597
RRV159 con_0028.nii 46 28 31 0.828586 0.298397
RRV159 con_0028.nii -44 27 33 0.352048 0.257233
RRV159 con_0028.nii 44 8 34 1.16584 0.395773
RRV159 con_0028.nii -42 7 36 0.718546 0.26611
RRV159 con_0028.nii 54 -44 43 0.57096 0.211785
RRV159 con_0028.nii -53 -50 39 0.39784 0.191559
RRV159 con_0028.nii 32 -59 41 0.61541 0.289807
RRV159 con_0028.nii -32 -58 46 1.21231 0.36285
RRV159 con_0028.nii -6 49 1 0.820118 0.294904
RRV159 con_0029.nii 9 3 -6 0.288243 0.472839
RRV159 con_0029.nii -9 3 -6 -0.0785497 0.531811
RRV159 con_0029.nii -30 33 -18 0.160544 0.270358
RRV159 con_0029.nii 46 28 31 -0.0902366 0.227559
RRV159 con_0029.nii -44 27 33 -0.331063 0.189318
RRV159 con_0029.nii 44 8 34 -0.276763 0.177315
RRV159 con_0029.nii -42 7 36 -0.564997 0.405495
RRV159 con_0029.nii 54 -44 43 -0.505196 0.153593
RRV159 con_0029.nii -53 -50 39 -0.489865 0.24514
RRV159 con_0029.nii 32 -59 41 -0.0181298 0.137635
RRV159 con_0029.nii -32 -58 46 0.0363258 0.17376
RRV159 con_0029.nii -6 49 1 -0.440396 0.290717
RRV159 con_0030.nii 9 3 -6 0.321836 0.567747
RRV159 con_0030.nii -9 3 -6 0.0526625 0.645942
RRV159 con_0030.nii -30 33 -18 0.220903 0.436643
RRV159 con_0030.nii 46 28 31 0.73835 0.289763
RRV159 con_0030.nii -44 27 33 0.0209846 0.229726
RRV159 con_0030.nii 44 8 34 0.889076 0.480842
RRV159 con_0030.nii -42 7 36 0.153549 0.398626
RRV159 con_0030.nii 54 -44 43 0.0657641 0.25986
RRV159 con_0030.nii -53 -50 39 -0.0920249 0.233793
RRV159 con_0030.nii 32 -59 41 0.597281 0.333693
RRV159 con_0030.nii -32 -58 46 1.24864 0.354117
RRV159 con_0030.nii -6 49 1 0.379723 0.403072
RRV159 con_0031.nii 9 3 -6 -0.00715868 0.16983
RRV159 con_0031.nii -9 3 -6 -0.111489 0.193132
RRV159 con_0031.nii -30 33 -18 -0.105535 0.172206
RRV159 con_0031.nii 46 28 31 -0.367601 0.270081
RRV159 con_0031.nii -44 27 33 -0.219281 0.154815
RRV159 con_0031.nii 44 8 34 -0.34328 0.182978
RRV159 con_0031.nii -42 7 36 -0.0677577 0.137561
RRV159 con_0031.nii 54 -44 43 -0.40287 0.213664
RRV159 con_0031.nii -53 -50 39 -0.224219 0.147323
RRV159 con_0031.nii 32 -59 41 -0.496704 0.173628
RRV159 con_0031.nii -32 -58 46 -0.109177 0.132162
RRV159 con_0031.nii -6 49 1 0.126888 0.177387
RRV159 con_0032.nii 9 3 -6 0.0624367 0.326457
RRV159 con_0032.nii -9 3 -6 -0.125966 0.452267
RRV159 con_0032.nii -30 33 -18 -0.107064 0.127376
RRV159 con_0032.nii 46 28 31 -0.680198 0.347865
RRV159 con_0032.nii -44 27 33 -1.10556 0.381284
RRV159 con_0032.nii 44 8 34 -0.419479 0.174033
RRV159 con_0032.nii -42 7 36 -1.33693 0.397201
RRV159 con_0032.nii 54 -44 43 -1.20507 0.293449
RRV159 con_0032.nii -53 -50 39 -0.948874 0.487862
RRV159 con_0032.nii 32 -59 41 -0.583509 0.211525
RRV159 con_0032.nii -32 -58 46 -0.633674 0.29302
RRV159 con_0032.nii -6 49 1 -0.603784 0.136172
RRV159 con_0033.nii 9 3 -6 0.0552781 0.311561
RRV159 con_0033.nii -9 3 -6 -0.237455 0.527092
RRV159 con_0033.nii -30 33 -18 -0.212599 0.233398
RRV159 con_0033.nii 46 28 31 -1.0478 0.500798
RRV159 con_0033.nii -44 27 33 -1.32484 0.496265
RRV159 con_0033.nii 44 8 34 -0.76276 0.299663
RRV159 con_0033.nii -42 7 36 -1.40469 0.493587
RRV159 con_0033.nii 54 -44 43 -1.60794 0.451433
RRV159 con_0033.nii -53 -50 39 -1.17309 0.559272
RRV159 con_0033.nii 32 -59 41 -1.08021 0.346617
RRV159 con_0033.nii -32 -58 46 -0.742851 0.28482
RRV159 con_0033.nii -6 49 1 -0.476896 0.235466
