RRV121 con_0001.nii 9 3 -6 0.12688 0.66849
RRV121 con_0001.nii -9 3 -6 -0.463607 0.568014
RRV121 con_0001.nii -30 33 -18 0.967731 0.488289
RRV121 con_0001.nii 46 28 31 -0.63212 0.321634
RRV121 con_0001.nii -44 27 33 -0.320888 0.485331
RRV121 con_0001.nii 44 8 34 -0.400005 0.458464
RRV121 con_0001.nii -42 7 36 0.258149 0.259617
RRV121 con_0001.nii 54 -44 43 0.383679 0.224737
RRV121 con_0001.nii -53 -50 39 -0.0089701 0.166521
RRV121 con_0001.nii 32 -59 41 0.560951 0.32659
RRV121 con_0001.nii -32 -58 46 0.422377 0.268464
RRV121 con_0001.nii -6 49 1 -0.252196 0.370476
RRV121 con_0002.nii 9 3 -6 0.316272 0.272224
RRV121 con_0002.nii -9 3 -6 0.333971 0.509209
RRV121 con_0002.nii -30 33 -18 -1.59261 1.12992
RRV121 con_0002.nii 46 28 31 -1.55159 0.490118
RRV121 con_0002.nii -44 27 33 -0.226869 0.415234
RRV121 con_0002.nii 44 8 34 -0.793338 0.634664
RRV121 con_0002.nii -42 7 36 -0.37565 0.287003
RRV121 con_0002.nii 54 -44 43 -0.172483 0.111811
RRV121 con_0002.nii -53 -50 39 -0.330993 0.241409
RRV121 con_0002.nii 32 -59 41 -0.400448 0.225026
RRV121 con_0002.nii -32 -58 46 -0.942349 0.356337
RRV121 con_0002.nii -6 49 1 0.276342 0.300742
RRV121 con_0003.nii 9 3 -6 0.443152 0.888273
RRV121 con_0003.nii -9 3 -6 -0.129636 0.870975
RRV121 con_0003.nii -30 33 -18 -0.624875 1.10563
RRV121 con_0003.nii 46 28 31 -2.18371 0.692681
RRV121 con_0003.nii -44 27 33 -0.547757 0.756885
RRV121 con_0003.nii 44 8 34 -1.19334 1.04664
RRV121 con_0003.nii -42 7 36 -0.117501 0.362012
RRV121 con_0003.nii 54 -44 43 0.211196 0.272196
RRV121 con_0003.nii -53 -50 39 -0.339963 0.312353
RRV121 con_0003.nii 32 -59 41 0.160503 0.434074
RRV121 con_0003.nii -32 -58 46 -0.519972 0.543732
RRV121 con_0003.nii -6 49 1 0.0241457 0.478202
RRV121 con_0004.nii 9 3 -6 0.164231 0.291166
RRV121 con_0004.nii -9 3 -6 0.241021 0.27981
RRV121 con_0004.nii -30 33 -18 0.279259 0.336568
RRV121 con_0004.nii 46 28 31 0.543458 0.803914
RRV121 con_0004.nii -44 27 33 0.377915 0.181442
RRV121 con_0004.nii 44 8 34 0.50474 0.310088
RRV121 con_0004.nii -42 7 36 -0.195616 0.134991
RRV121 con_0004.nii 54 -44 43 0.169865 0.19466
RRV121 con_0004.nii -53 -50 39 -0.338744 0.206395
RRV121 con_0004.nii 32 -59 41 0.232731 0.326292
RRV121 con_0004.nii -32 -58 46 0.459969 0.519832
RRV121 con_0004.nii -6 49 1 0.55221 0.315599
RRV121 con_0005.nii 9 3 -6 -0.272613 0.530865
RRV121 con_0005.nii -9 3 -6 0.6708 0.542997
RRV121 con_0005.nii -30 33 -18 -1.32411 0.537635
RRV121 con_0005.nii 46 28 31 -1.00756 0.505912
RRV121 con_0005.nii -44 27 33 -0.621214 0.300739
RRV121 con_0005.nii 44 8 34 -0.204096 0.345571
RRV121 con_0005.nii -42 7 36 -1.15006 0.680944
RRV121 con_0005.nii 54 -44 43 0.117879 0.32125
RRV121 con_0005.nii -53 -50 39 -0.542208 0.429008
RRV121 con_0005.nii 32 -59 41 -0.207823 0.222365
RRV121 con_0005.nii -32 -58 46 -0.690718 0.289769
RRV121 con_0005.nii -6 49 1 -1.51944 0.68548
RRV121 con_0006.nii 9 3 -6 -0.108381 0.630053
RRV121 con_0006.nii -9 3 -6 0.91182 0.675349
RRV121 con_0006.nii -30 33 -18 -1.04485 0.458035
RRV121 con_0006.nii 46 28 31 -0.464098 0.742683
RRV121 con_0006.nii -44 27 33 -0.243298 0.424459
RRV121 con_0006.nii 44 8 34 0.300644 0.455379
RRV121 con_0006.nii -42 7 36 -1.34568 0.767679
RRV121 con_0006.nii 54 -44 43 0.287744 0.379554
RRV121 con_0006.nii -53 -50 39 -0.880953 0.427273
RRV121 con_0006.nii 32 -59 41 0.0249087 0.341303
RRV121 con_0006.nii -32 -58 46 -0.230748 0.356353
RRV121 con_0006.nii -6 49 1 -0.967229 0.840037
RRV121 con_0007.nii 9 3 -6 0.0988671 0.366309
RRV121 con_0007.nii -9 3 -6 0.45419 0.560411
RRV121 con_0007.nii -30 33 -18 0.670222 0.402957
RRV121 con_0007.nii 46 28 31 0.182977 0.885147
RRV121 con_0007.nii -44 27 33 -0.548974 0.459826
RRV121 con_0007.nii 44 8 34 0.224213 0.554315
RRV121 con_0007.nii -42 7 36 -0.0617565 0.392763
RRV121 con_0007.nii 54 -44 43 0.0820369 0.366319
RRV121 con_0007.nii -53 -50 39 -0.434237 0.204982
RRV121 con_0007.nii 32 -59 41 -0.417663 0.216519
RRV121 con_0007.nii -32 -58 46 -0.358834 0.253789
RRV121 con_0007.nii -6 49 1 0.0912151 0.347384
RRV121 con_0008.nii 9 3 -6 -0.483724 0.68027
RRV121 con_0008.nii -9 3 -6 -1.03099 0.569814
RRV121 con_0008.nii -30 33 -18 0.100173 0.83357
RRV121 con_0008.nii 46 28 31 -1.03883 0.962983
RRV121 con_0008.nii -44 27 33 -0.134771 0.552801
RRV121 con_0008.nii 44 8 34 -0.911344 1.11329
RRV121 con_0008.nii -42 7 36 -1.63603 0.670875
RRV121 con_0008.nii 54 -44 43 0.911039 0.452171
RRV121 con_0008.nii -53 -50 39 0.0197328 0.29301
RRV121 con_0008.nii 32 -59 41 0.0520454 0.204951
RRV121 con_0008.nii -32 -58 46 -0.263692 0.234288
RRV121 con_0008.nii -6 49 1 -1.10842 0.305246
RRV121 con_0009.nii 9 3 -6 -0.384857 0.850326
RRV121 con_0009.nii -9 3 -6 -0.576803 1.0054
RRV121 con_0009.nii -30 33 -18 0.770395 0.756604
RRV121 con_0009.nii 46 28 31 -0.855855 1.76803
RRV121 con_0009.nii -44 27 33 -0.683745 0.685452
RRV121 con_0009.nii 44 8 34 -0.687131 1.58197
RRV121 con_0009.nii -42 7 36 -1.69779 0.678686
RRV121 con_0009.nii 54 -44 43 0.993076 0.769442
RRV121 con_0009.nii -53 -50 39 -0.414504 0.426036
RRV121 con_0009.nii 32 -59 41 -0.365618 0.327917
RRV121 con_0009.nii -32 -58 46 -0.622526 0.217354
RRV121 con_0009.nii -6 49 1 -1.01721 0.422808
RRV121 con_0010.nii 9 3 -6 0.284333 0.231194
RRV121 con_0010.nii -9 3 -6 0.542423 0.186653
RRV121 con_0010.nii -30 33 -18 0.681003 0.22288
RRV121 con_0010.nii 46 28 31 0.467685 0.300451
RRV121 con_0010.nii -44 27 33 -0.306659 0.265243
RRV121 con_0010.nii 44 8 34 0.647683 0.179453
RRV121 con_0010.nii -42 7 36 0.341827 0.217745
RRV121 con_0010.nii 54 -44 43 0.346711 0.176134
RRV121 con_0010.nii -53 -50 39 -0.180405 0.17573
RRV121 con_0010.nii 32 -59 41 0.404028 0.282414
RRV121 con_0010.nii -32 -58 46 0.394903 0.388844
RRV121 con_0010.nii -6 49 1 -0.303557 0.345529
RRV121 con_0011.nii 9 3 -6 0.0787905 0.409953
RRV121 con_0011.nii -9 3 -6 0.0316231 0.445131
RRV121 con_0011.nii -30 33 -18 -0.873447 0.410078
RRV121 con_0011.nii 46 28 31 -0.948632 0.329614
RRV121 con_0011.nii -44 27 33 -0.621118 0.3879
RRV121 con_0011.nii 44 8 34 -0.159858 0.239295
RRV121 con_0011.nii -42 7 36 0.0260505 0.210683
RRV121 con_0011.nii 54 -44 43 -0.0946503 0.308248
RRV121 con_0011.nii -53 -50 39 -0.171716 0.196729
RRV121 con_0011.nii 32 -59 41 -0.237017 0.292199
RRV121 con_0011.nii -32 -58 46 -0.414754 0.231573
RRV121 con_0011.nii -6 49 1 -0.376189 0.206013
RRV121 con_0012.nii 9 3 -6 0.363124 0.246807
RRV121 con_0012.nii -9 3 -6 0.574046 0.544005
RRV121 con_0012.nii -30 33 -18 -0.192445 0.374413
RRV121 con_0012.nii 46 28 31 -0.480947 0.258283
RRV121 con_0012.nii -44 27 33 -0.927777 0.292997
RRV121 con_0012.nii 44 8 34 0.487825 0.24264
RRV121 con_0012.nii -42 7 36 0.367877 0.296852
RRV121 con_0012.nii 54 -44 43 0.25206 0.287276
RRV121 con_0012.nii -53 -50 39 -0.352121 0.27163
RRV121 con_0012.nii 32 -59 41 0.167011 0.22203
RRV121 con_0012.nii -32 -58 46 -0.0198516 0.542717
RRV121 con_0012.nii -6 49 1 -0.679746 0.48841
RRV121 con_0013.nii 9 3 -6 0.124345 0.196494
RRV121 con_0013.nii -9 3 -6 -0.118848 0.234868
RRV121 con_0013.nii -30 33 -18 0.684854 0.220528
RRV121 con_0013.nii 46 28 31 0.234662 0.375178
RRV121 con_0013.nii -44 27 33 -0.568474 0.363311
RRV121 con_0013.nii 44 8 34 0.88062 0.314247
RRV121 con_0013.nii -42 7 36 0.608603 0.584861
RRV121 con_0013.nii 54 -44 43 -0.173015 0.178824
RRV121 con_0013.nii -53 -50 39 -0.405144 0.105929
RRV121 con_0013.nii 32 -59 41 0.275923 0.188347
RRV121 con_0013.nii -32 -58 46 0.140652 0.398352
RRV121 con_0013.nii -6 49 1 -0.0898148 0.218926
RRV121 con_0014.nii 9 3 -6 -0.090644 0.223754
RRV121 con_0014.nii -9 3 -6 -0.164407 0.328649
RRV121 con_0014.nii -30 33 -18 -0.775519 0.372704
RRV121 con_0014.nii 46 28 31 -0.678833 0.352216
RRV121 con_0014.nii -44 27 33 -0.50271 0.284105
RRV121 con_0014.nii 44 8 34 -0.336234 0.366673
RRV121 con_0014.nii -42 7 36 -0.314207 0.149415
RRV121 con_0014.nii 54 -44 43 0.335301 0.338154
RRV121 con_0014.nii -53 -50 39 -0.080384 0.206807
RRV121 con_0014.nii 32 -59 41 -0.254948 0.164916
RRV121 con_0014.nii -32 -58 46 -0.494835 0.219829
RRV121 con_0014.nii -6 49 1 -0.600914 0.247118
RRV121 con_0015.nii 9 3 -6 0.033701 0.218795
RRV121 con_0015.nii -9 3 -6 -0.283255 0.366895
RRV121 con_0015.nii -30 33 -18 -0.0906656 0.260806
RRV121 con_0015.nii 46 28 31 -0.444171 0.188265
RRV121 con_0015.nii -44 27 33 -1.07118 0.523184
RRV121 con_0015.nii 44 8 34 0.544387 0.247567
RRV121 con_0015.nii -42 7 36 0.294396 0.516096
RRV121 con_0015.nii 54 -44 43 0.162286 0.352204
RRV121 con_0015.nii -53 -50 39 -0.485528 0.213048
RRV121 con_0015.nii 32 -59 41 0.0209745 0.131743
RRV121 con_0015.nii -32 -58 46 -0.354183 0.348674
RRV121 con_0015.nii -6 49 1 -0.690728 0.358226
RRV121 con_0016.nii 9 3 -6 0.129993 0.260496
RRV121 con_0016.nii -9 3 -6 0.0772011 0.270132
RRV121 con_0016.nii -30 33 -18 0.639071 0.314319
RRV121 con_0016.nii 46 28 31 0.0314386 0.548118
RRV121 con_0016.nii -44 27 33 -0.163982 0.19866
RRV121 con_0016.nii 44 8 34 0.109649 0.29077
RRV121 con_0016.nii -42 7 36 0.000258666 0.157264
RRV121 con_0016.nii 54 -44 43 0.21186 0.17914
RRV121 con_0016.nii -53 -50 39 -0.26065 0.0873095
RRV121 con_0016.nii 32 -59 41 0.12534 0.135015
RRV121 con_0016.nii -32 -58 46 0.174504 0.25393
RRV121 con_0016.nii -6 49 1 0.13041 0.140004
RRV121 con_0017.nii 9 3 -6 -0.146688 0.34
RRV121 con_0017.nii -9 3 -6 -0.00874055 0.233308
RRV121 con_0017.nii -30 33 -18 -0.938848 0.276093
RRV121 con_0017.nii 46 28 31 -1.19933 0.371001
RRV121 con_0017.nii -44 27 33 -0.327618 0.320153
RRV121 con_0017.nii 44 8 34 -0.636259 0.54428
RRV121 con_0017.nii -42 7 36 -1.05391 0.464612
RRV121 con_0017.nii 54 -44 43 0.285478 0.238456
RRV121 con_0017.nii -53 -50 39 -0.28449 0.277962
RRV121 con_0017.nii 32 -59 41 -0.185408 0.20208
RRV121 con_0017.nii -32 -58 46 -0.632253 0.260983
RRV121 con_0017.nii -6 49 1 -0.783841 0.231442
RRV121 con_0018.nii 9 3 -6 -0.0166955 0.278104
RRV121 con_0018.nii -9 3 -6 0.0684606 0.371624
RRV121 con_0018.nii -30 33 -18 -0.299777 0.339852
RRV121 con_0018.nii 46 28 31 -1.16789 0.720898
RRV121 con_0018.nii -44 27 33 -0.4916 0.472369
RRV121 con_0018.nii 44 8 34 -0.52661 0.804673
RRV121 con_0018.nii -42 7 36 -1.05365 0.514664
RRV121 con_0018.nii 54 -44 43 0.497339 0.386144
RRV121 con_0018.nii -53 -50 39 -0.54514 0.324097
RRV121 con_0018.nii 32 -59 41 -0.0600686 0.224529
RRV121 con_0018.nii -32 -58 46 -0.457749 0.245993
RRV121 con_0018.nii -6 49 1 -0.653431 0.222964
RRV121 con_0019.nii 9 3 -6 -0.157453 0.600734
RRV121 con_0019.nii -9 3 -6 -1.00603 0.708644
RRV121 con_0019.nii -30 33 -18 0.286728 0.521101
RRV121 con_0019.nii 46 28 31 -1.0998 0.399642
RRV121 con_0019.nii -44 27 33 -0.0142293 0.6028
RRV121 con_0019.nii 44 8 34 -1.04769 0.533261
RRV121 con_0019.nii -42 7 36 -0.0836783 0.330993
RRV121 con_0019.nii 54 -44 43 0.0369682 0.311664
RRV121 con_0019.nii -53 -50 39 0.171435 0.214521
RRV121 con_0019.nii 32 -59 41 0.156923 0.343232
RRV121 con_0019.nii -32 -58 46 0.0274743 0.390922
RRV121 con_0019.nii -6 49 1 0.0513611 0.585958
RRV121 con_0020.nii 9 3 -6 0.237481 0.518162
RRV121 con_0020.nii -9 3 -6 0.302348 0.837043
RRV121 con_0020.nii -30 33 -18 -0.719158 0.858322
RRV121 con_0020.nii 46 28 31 -0.602961 0.278459
RRV121 con_0020.nii -44 27 33 0.394249 0.237418
RRV121 con_0020.nii 44 8 34 -0.63348 0.423704
RRV121 con_0020.nii -42 7 36 -0.4017 0.333519
RRV121 con_0020.nii 54 -44 43 -0.0778329 0.321997
RRV121 con_0020.nii -53 -50 39 -0.159277 0.142038
RRV121 con_0020.nii 32 -59 41 -0.163431 0.245335
RRV121 con_0020.nii -32 -58 46 -0.527595 0.315627
RRV121 con_0020.nii -6 49 1 0.652531 0.328354
RRV121 con_0021.nii 9 3 -6 0.0800282 1.02851
RRV121 con_0021.nii -9 3 -6 -0.703682 1.31587
RRV121 con_0021.nii -30 33 -18 -0.43243 0.925518
RRV121 con_0021.nii 46 28 31 -1.70277 0.64347
RRV121 con_0021.nii -44 27 33 0.38002 0.582327
RRV121 con_0021.nii 44 8 34 -1.68117 0.909353
RRV121 con_0021.nii -42 7 36 -0.485379 0.365635
RRV121 con_0021.nii 54 -44 43 -0.0408647 0.240698
RRV121 con_0021.nii -53 -50 39 0.0121577 0.29045
RRV121 con_0021.nii 32 -59 41 -0.00650823 0.501283
RRV121 con_0021.nii -32 -58 46 -0.50012 0.670044
RRV121 con_0021.nii -6 49 1 0.703892 0.766893
RRV121 con_0022.nii 9 3 -6 -0.120101 0.235021
RRV121 con_0022.nii -9 3 -6 -0.301402 0.268428
RRV121 con_0022.nii -30 33 -18 -0.401744 0.294395
RRV121 con_0022.nii 46 28 31 0.0757735 0.631035
RRV121 con_0022.nii -44 27 33 0.684574 0.409003
RRV121 con_0022.nii 44 8 34 -0.142943 0.334931
RRV121 con_0022.nii -42 7 36 -0.537443 0.303284
RRV121 con_0022.nii 54 -44 43 -0.176846 0.189054
RRV121 con_0022.nii -53 -50 39 -0.15834 0.240829
RRV121 con_0022.nii 32 -59 41 -0.171297 0.331035
RRV121 con_0022.nii -32 -58 46 0.0650663 0.360106
RRV121 con_0022.nii -6 49 1 0.855767 0.385799
RRV121 con_0023.nii 9 3 -6 -0.351403 0.421479
RRV121 con_0023.nii -9 3 -6 0.639177 0.27423
RRV121 con_0023.nii -30 33 -18 -0.450663 0.601249
RRV121 con_0023.nii 46 28 31 -0.0589249 0.250425
RRV121 con_0023.nii -44 27 33 -9.55272e-05 0.258218
RRV121 con_0023.nii 44 8 34 -0.0442381 0.443541
RRV121 con_0023.nii -42 7 36 -1.17611 0.638316
RRV121 con_0023.nii 54 -44 43 0.212529 0.371555
RRV121 con_0023.nii -53 -50 39 -0.370492 0.397391
RRV121 con_0023.nii 32 -59 41 0.0291943 0.225251
RRV121 con_0023.nii -32 -58 46 -0.275963 0.298406
RRV121 con_0023.nii -6 49 1 -1.14325 0.590259
RRV121 con_0024.nii 9 3 -6 -0.471505 0.548827
RRV121 con_0024.nii -9 3 -6 0.337775 0.371273
RRV121 con_0024.nii -30 33 -18 -0.852407 0.58907
RRV121 con_0024.nii 46 28 31 0.0168486 0.698525
RRV121 con_0024.nii -44 27 33 0.684478 0.428118
RRV121 con_0024.nii 44 8 34 -0.187181 0.571068
RRV121 con_0024.nii -42 7 36 -1.71355 0.883108
RRV121 con_0024.nii 54 -44 43 0.0356833 0.376501
RRV121 con_0024.nii -53 -50 39 -0.528832 0.327108
RRV121 con_0024.nii 32 -59 41 -0.142103 0.375503
RRV121 con_0024.nii -32 -58 46 -0.210897 0.401785
RRV121 con_0024.nii -6 49 1 -0.287483 0.531097
RRV121 con_0025.nii 9 3 -6 -0.185466 0.451505
RRV121 con_0025.nii -9 3 -6 -0.0882329 0.596483
RRV121 con_0025.nii -30 33 -18 -0.0107809 0.302898
RRV121 con_0025.nii 46 28 31 -0.284708 0.692502
RRV121 con_0025.nii -44 27 33 -0.242315 0.576348
RRV121 con_0025.nii 44 8 34 -0.42347 0.559303
RRV121 con_0025.nii -42 7 36 -0.403583 0.295674
RRV121 con_0025.nii 54 -44 43 -0.264674 0.387559
RRV121 con_0025.nii -53 -50 39 -0.253832 0.234708
RRV121 con_0025.nii 32 -59 41 -0.821691 0.384394
RRV121 con_0025.nii -32 -58 46 -0.753737 0.228778
RRV121 con_0025.nii -6 49 1 0.394773 0.49273
RRV121 con_0026.nii 9 3 -6 -0.562515 0.409307
RRV121 con_0026.nii -9 3 -6 -1.06262 0.696336
RRV121 con_0026.nii -30 33 -18 0.97362 1.11119
RRV121 con_0026.nii 46 28 31 -0.0902009 1.09249
RRV121 con_0026.nii -44 27 33 0.486347 0.544197
RRV121 con_0026.nii 44 8 34 -0.751486 0.94559
RRV121 con_0026.nii -42 7 36 -1.66208 0.628966
RRV121 con_0026.nii 54 -44 43 1.00569 0.522542
RRV121 con_0026.nii -53 -50 39 0.191449 0.252929
RRV121 con_0026.nii 32 -59 41 0.289062 0.236192
RRV121 con_0026.nii -32 -58 46 0.151062 0.33165
RRV121 con_0026.nii -6 49 1 -0.732236 0.367584
RRV121 con_0027.nii 9 3 -6 -0.747981 0.758445
RRV121 con_0027.nii -9 3 -6 -1.15085 1.11356
RRV121 con_0027.nii -30 33 -18 0.962839 1.03953
RRV121 con_0027.nii 46 28 31 -0.374908 1.75367
RRV121 con_0027.nii -44 27 33 0.244032 0.781898
RRV121 con_0027.nii 44 8 34 -1.17496 1.40015
RRV121 con_0027.nii -42 7 36 -2.06566 0.706813
RRV121 con_0027.nii 54 -44 43 0.741016 0.716028
RRV121 con_0027.nii -53 -50 39 -0.0623829 0.312308
RRV121 con_0027.nii 32 -59 41 -0.532629 0.425928
RRV121 con_0027.nii -32 -58 46 -0.602674 0.469807
RRV121 con_0027.nii -6 49 1 -0.337463 0.711783
RRV121 con_0028.nii 9 3 -6 -0.15434 0.229279
RRV121 con_0028.nii -9 3 -6 -0.465222 0.380325
RRV121 con_0028.nii -30 33 -18 -0.0419323 0.278252
RRV121 con_0028.nii 46 28 31 -0.436246 0.36768
RRV121 con_0028.nii -44 27 33 0.142676 0.408786
RRV121 con_0028.nii 44 8 34 -0.538034 0.341271
RRV121 con_0028.nii -42 7 36 -0.341568 0.202707
RRV121 con_0028.nii 54 -44 43 -0.13485 0.228592
RRV121 con_0028.nii -53 -50 39 -0.0802458 0.152347
RRV121 con_0028.nii 32 -59 41 -0.278688 0.237929
RRV121 con_0028.nii -32 -58 46 -0.220399 0.201304
RRV121 con_0028.nii -6 49 1 0.433967 0.381332
RRV121 con_0029.nii 9 3 -6 -0.225479 0.217393
RRV121 con_0029.nii -9 3 -6 -0.0403637 0.426301
RRV121 con_0029.nii -30 33 -18 -0.0654001 0.316775
RRV121 con_0029.nii 46 28 31 -0.250696 0.328238
RRV121 con_0029.nii -44 27 33 0.2935 0.229663
RRV121 con_0029.nii 44 8 34 -0.476401 0.364002
RRV121 con_0029.nii -42 7 36 -1.07996 0.43426
RRV121 con_0029.nii 54 -44 43 0.380129 0.348907
RRV121 con_0029.nii -53 -50 39 -0.112773 0.22036
RRV121 con_0029.nii 32 -59 41 0.0516083 0.221461
RRV121 con_0029.nii -32 -58 46 -0.217498 0.281166
RRV121 con_0029.nii -6 49 1 -0.407652 0.181229
RRV121 con_0030.nii 9 3 -6 -0.379819 0.29284
RRV121 con_0030.nii -9 3 -6 -0.505585 0.657816
RRV121 con_0030.nii -30 33 -18 -0.107332 0.456815
RRV121 con_0030.nii 46 28 31 -0.686942 0.678017
RRV121 con_0030.nii -44 27 33 0.436177 0.439798
RRV121 con_0030.nii 44 8 34 -1.01444 0.645631
RRV121 con_0030.nii -42 7 36 -1.42153 0.585033
RRV121 con_0030.nii 54 -44 43 0.245278 0.341327
RRV121 con_0030.nii -53 -50 39 -0.193019 0.217854
RRV121 con_0030.nii 32 -59 41 -0.22708 0.322751
RRV121 con_0030.nii -32 -58 46 -0.437897 0.425352
RRV121 con_0030.nii -6 49 1 0.0263152 0.37097
RRV121 con_0031.nii 9 3 -6 -0.159988 0.231331
RRV121 con_0031.nii -9 3 -6 -0.661271 0.333107
RRV121 con_0031.nii -30 33 -18 0.00385102 0.167365
RRV121 con_0031.nii 46 28 31 -0.233023 0.26698
RRV121 con_0031.nii -44 27 33 -0.261816 0.556889
RRV121 con_0031.nii 44 8 34 0.232937 0.345906
RRV121 con_0031.nii -42 7 36 0.266776 0.412794
RRV121 con_0031.nii 54 -44 43 -0.519726 0.127958
RRV121 con_0031.nii -53 -50 39 -0.224739 0.156638
RRV121 con_0031.nii 32 -59 41 -0.128106 0.217004
RRV121 con_0031.nii -32 -58 46 -0.254251 0.114541
RRV121 con_0031.nii -6 49 1 0.213743 0.346279
RRV121 con_0032.nii 9 3 -6 -0.169435 0.307175
RRV121 con_0032.nii -9 3 -6 -0.196031 0.229475
RRV121 con_0032.nii -30 33 -18 0.097928 0.416412
RRV121 con_0032.nii 46 28 31 0.269799 0.236139
RRV121 con_0032.nii -44 27 33 0.118408 0.227853
RRV121 con_0032.nii 44 8 34 -0.176376 0.21733
RRV121 con_0032.nii -42 7 36 -0.340257 0.245378
RRV121 con_0032.nii 54 -44 43 0.429951 0.25336
RRV121 con_0032.nii -53 -50 39 0.0913325 0.173951
RRV121 con_0032.nii 32 -59 41 -0.0179313 0.22832
RRV121 con_0032.nii -32 -58 46 -0.0800808 0.274239
RRV121 con_0032.nii -6 49 1 -0.224725 0.293976
RRV121 con_0033.nii 9 3 -6 -0.329423 0.259111
RRV121 con_0033.nii -9 3 -6 -0.857301 0.464415
RRV121 con_0033.nii -30 33 -18 0.101779 0.473172
RRV121 con_0033.nii 46 28 31 0.0367759 0.36095
RRV121 con_0033.nii -44 27 33 -0.143408 0.419859
RRV121 con_0033.nii 44 8 34 0.0565619 0.23491
RRV121 con_0033.nii -42 7 36 -0.0734814 0.355588
RRV121 con_0033.nii 54 -44 43 -0.0897748 0.212591
RRV121 con_0033.nii -53 -50 39 -0.133407 0.232129
RRV121 con_0033.nii 32 -59 41 -0.146037 0.296038
RRV121 con_0033.nii -32 -58 46 -0.334331 0.283153
RRV121 con_0033.nii -6 49 1 -0.0109823 0.536022
