RRV167 con_0001.nii 9 3 -6 0.552581 0.317378
RRV167 con_0001.nii -9 3 -6 0.524525 0.602473
RRV167 con_0001.nii -30 33 -18 0.289804 0.261048
RRV167 con_0001.nii 46 28 31 0.725809 0.332379
RRV167 con_0001.nii -44 27 33 0.480943 0.331667
RRV167 con_0001.nii 44 8 34 1.05754 0.531467
RRV167 con_0001.nii -42 7 36 0.645268 0.398383
RRV167 con_0001.nii 54 -44 43 -0.037207 0.14936
RRV167 con_0001.nii -53 -50 39 0.229395 0.420749
RRV167 con_0001.nii 32 -59 41 1.10345 0.493037
RRV167 con_0001.nii -32 -58 46 1.50276 0.407515
RRV167 con_0001.nii -6 49 1 -0.305825 0.33705
RRV167 con_0002.nii 9 3 -6 -0.303085 0.936501
RRV167 con_0002.nii -9 3 -6 0.910654 0.342933
RRV167 con_0002.nii -30 33 -18 0.652615 0.277066
RRV167 con_0002.nii 46 28 31 0.0846671 0.241645
RRV167 con_0002.nii -44 27 33 0.475892 0.343963
RRV167 con_0002.nii 44 8 34 0.0639537 0.411472
RRV167 con_0002.nii -42 7 36 0.369755 0.378222
RRV167 con_0002.nii 54 -44 43 0.443976 0.253857
RRV167 con_0002.nii -53 -50 39 0.675094 0.300296
RRV167 con_0002.nii 32 -59 41 1.29464 0.384489
RRV167 con_0002.nii -32 -58 46 1.37122 0.485689
RRV167 con_0002.nii -6 49 1 0.236704 0.162232
RRV167 con_0003.nii 9 3 -6 0.249495 1.09058
RRV167 con_0003.nii -9 3 -6 1.43518 0.635058
RRV167 con_0003.nii -30 33 -18 0.942419 0.373439
RRV167 con_0003.nii 46 28 31 0.810476 0.433149
RRV167 con_0003.nii -44 27 33 0.956835 0.585013
RRV167 con_0003.nii 44 8 34 1.12149 0.808784
RRV167 con_0003.nii -42 7 36 1.01502 0.471268
RRV167 con_0003.nii 54 -44 43 0.406769 0.351926
RRV167 con_0003.nii -53 -50 39 0.904489 0.657645
RRV167 con_0003.nii 32 -59 41 2.39809 0.773401
RRV167 con_0003.nii -32 -58 46 2.87398 0.843714
RRV167 con_0003.nii -6 49 1 -0.0691202 0.345674
RRV167 con_0004.nii 9 3 -6 0.441296 0.9562
RRV167 con_0004.nii -9 3 -6 0.128227 0.469501
RRV167 con_0004.nii -30 33 -18 0.227406 0.295423
RRV167 con_0004.nii 46 28 31 0.470946 0.195816
RRV167 con_0004.nii -44 27 33 0.354978 0.261506
RRV167 con_0004.nii 44 8 34 1.44927 0.550864
RRV167 con_0004.nii -42 7 36 1.25116 0.494413
RRV167 con_0004.nii 54 -44 43 -0.943632 0.581108
RRV167 con_0004.nii -53 -50 39 -0.696009 0.640975
RRV167 con_0004.nii 32 -59 41 0.975272 0.452731
RRV167 con_0004.nii -32 -58 46 0.404557 0.39313
RRV167 con_0004.nii -6 49 1 -1.12935 0.720983
RRV167 con_0005.nii 9 3 -6 -1.44866 0.850503
RRV167 con_0005.nii -9 3 -6 -0.0616284 0.338309
RRV167 con_0005.nii -30 33 -18 0.142554 0.278277
RRV167 con_0005.nii 46 28 31 -0.103287 0.36412
RRV167 con_0005.nii -44 27 33 0.0484553 0.290827
RRV167 con_0005.nii 44 8 34 0.0620124 0.269666
RRV167 con_0005.nii -42 7 36 -0.360932 0.340858
RRV167 con_0005.nii 54 -44 43 -0.206333 0.31918
RRV167 con_0005.nii -53 -50 39 -0.441095 0.240417
RRV167 con_0005.nii 32 -59 41 0.159603 0.279064
RRV167 con_0005.nii -32 -58 46 0.155611 0.313455
RRV167 con_0005.nii -6 49 1 -0.76863 0.266732
RRV167 con_0006.nii 9 3 -6 -1.00736 1.59601
RRV167 con_0006.nii -9 3 -6 0.0665983 0.470073
RRV167 con_0006.nii -30 33 -18 0.36996 0.485088
RRV167 con_0006.nii 46 28 31 0.367659 0.395995
RRV167 con_0006.nii -44 27 33 0.403433 0.474902
RRV167 con_0006.nii 44 8 34 1.51129 0.684424
RRV167 con_0006.nii -42 7 36 0.890223 0.466735
RRV167 con_0006.nii 54 -44 43 -1.14997 0.567707
RRV167 con_0006.nii -53 -50 39 -1.1371 0.814531
RRV167 con_0006.nii 32 -59 41 1.13488 0.687692
RRV167 con_0006.nii -32 -58 46 0.560167 0.569246
RRV167 con_0006.nii -6 49 1 -1.89798 0.901494
RRV167 con_0007.nii 9 3 -6 -0.821194 0.525782
RRV167 con_0007.nii -9 3 -6 0.456951 0.443147
RRV167 con_0007.nii -30 33 -18 0.932172 0.390034
RRV167 con_0007.nii 46 28 31 0.0368813 0.192996
RRV167 con_0007.nii -44 27 33 0.215522 0.165527
RRV167 con_0007.nii 44 8 34 1.73417 0.602489
RRV167 con_0007.nii -42 7 36 0.318694 0.517973
RRV167 con_0007.nii 54 -44 43 -0.833083 0.400702
RRV167 con_0007.nii -53 -50 39 -0.531307 0.34626
RRV167 con_0007.nii 32 -59 41 0.831055 0.457235
RRV167 con_0007.nii -32 -58 46 0.84681 0.498254
RRV167 con_0007.nii -6 49 1 -0.854554 0.531251
RRV167 con_0008.nii 9 3 -6 -0.748831 0.817881
RRV167 con_0008.nii -9 3 -6 0.0168795 0.648035
RRV167 con_0008.nii -30 33 -18 1.48223 0.558685
RRV167 con_0008.nii 46 28 31 -0.0085189 0.266303
RRV167 con_0008.nii -44 27 33 -0.143839 0.286935
RRV167 con_0008.nii 44 8 34 0.133843 0.562374
RRV167 con_0008.nii -42 7 36 0.147288 0.186322
RRV167 con_0008.nii 54 -44 43 -0.0584092 0.204194
RRV167 con_0008.nii -53 -50 39 0.349333 0.222321
RRV167 con_0008.nii 32 -59 41 0.465122 0.426069
RRV167 con_0008.nii -32 -58 46 1.06256 0.378544
RRV167 con_0008.nii -6 49 1 0.0456189 0.226591
RRV167 con_0009.nii 9 3 -6 -1.57003 1.0528
RRV167 con_0009.nii -9 3 -6 0.473831 0.719298
RRV167 con_0009.nii -30 33 -18 2.4144 0.91017
RRV167 con_0009.nii 46 28 31 0.0283624 0.332745
RRV167 con_0009.nii -44 27 33 0.0716836 0.380398
RRV167 con_0009.nii 44 8 34 1.86801 1.11629
RRV167 con_0009.nii -42 7 36 0.465981 0.554137
RRV167 con_0009.nii 54 -44 43 -0.891492 0.305895
RRV167 con_0009.nii -53 -50 39 -0.181973 0.521105
RRV167 con_0009.nii 32 -59 41 1.29618 0.856825
RRV167 con_0009.nii -32 -58 46 1.90937 0.714091
RRV167 con_0009.nii -6 49 1 -0.808936 0.442329
RRV167 con_0010.nii 9 3 -6 -0.867385 0.386692
RRV167 con_0010.nii -9 3 -6 -0.26251 0.269128
RRV167 con_0010.nii -30 33 -18 0.554473 0.25185
RRV167 con_0010.nii 46 28 31 -0.12786 0.128645
RRV167 con_0010.nii -44 27 33 -0.327973 0.197879
RRV167 con_0010.nii 44 8 34 0.292823 0.402764
RRV167 con_0010.nii -42 7 36 0.181745 0.27195
RRV167 con_0010.nii 54 -44 43 -0.461274 0.196011
RRV167 con_0010.nii -53 -50 39 -0.10876 0.158302
RRV167 con_0010.nii 32 -59 41 0.0570492 0.292947
RRV167 con_0010.nii -32 -58 46 -0.109848 0.236276
RRV167 con_0010.nii -6 49 1 -0.854093 0.348747
RRV167 con_0011.nii 9 3 -6 -8.3082e-05 0.417329
RRV167 con_0011.nii -9 3 -6 0.0242197 0.231102
RRV167 con_0011.nii -30 33 -18 0.562379 0.224069
RRV167 con_0011.nii 46 28 31 -0.21727 0.147653
RRV167 con_0011.nii -44 27 33 0.109639 0.183176
RRV167 con_0011.nii 44 8 34 -0.336838 0.219718
RRV167 con_0011.nii -42 7 36 -0.213111 0.409956
RRV167 con_0011.nii 54 -44 43 0.0178855 0.141027
RRV167 con_0011.nii -53 -50 39 0.117621 0.117158
RRV167 con_0011.nii 32 -59 41 0.333476 0.200516
RRV167 con_0011.nii -32 -58 46 0.146283 0.296656
RRV167 con_0011.nii -6 49 1 -0.158603 0.18984
RRV167 con_0012.nii 9 3 -6 -0.867468 0.484519
RRV167 con_0012.nii -9 3 -6 -0.23829 0.397766
RRV167 con_0012.nii -30 33 -18 1.11685 0.432621
RRV167 con_0012.nii 46 28 31 -0.345131 0.212117
RRV167 con_0012.nii -44 27 33 -0.218334 0.326236
RRV167 con_0012.nii 44 8 34 -0.0440151 0.581444
RRV167 con_0012.nii -42 7 36 -0.0313655 0.642553
RRV167 con_0012.nii 54 -44 43 -0.443388 0.257443
RRV167 con_0012.nii -53 -50 39 0.00886163 0.167164
RRV167 con_0012.nii 32 -59 41 0.390526 0.456849
RRV167 con_0012.nii -32 -58 46 0.0364357 0.483083
RRV167 con_0012.nii -6 49 1 -1.0127 0.277292
RRV167 con_0013.nii 9 3 -6 -0.116977 0.274693
RRV167 con_0013.nii -9 3 -6 0.316334 0.237182
RRV167 con_0013.nii -30 33 -18 0.601675 0.255591
RRV167 con_0013.nii 46 28 31 0.303564 0.399912
RRV167 con_0013.nii -44 27 33 0.23999 0.184035
RRV167 con_0013.nii 44 8 34 1.68634 0.742247
RRV167 con_0013.nii -42 7 36 1.29568 0.32317
RRV167 con_0013.nii 54 -44 43 -0.807128 0.379925
RRV167 con_0013.nii -53 -50 39 -0.396835 0.277806
RRV167 con_0013.nii 32 -59 41 0.590973 0.318792
RRV167 con_0013.nii -32 -58 46 0.41742 0.30767
RRV167 con_0013.nii -6 49 1 -0.605495 0.387491
RRV167 con_0014.nii 9 3 -6 -0.577921 0.676249
RRV167 con_0014.nii -9 3 -6 0.481394 0.325251
RRV167 con_0014.nii -30 33 -18 0.529272 0.313595
RRV167 con_0014.nii 46 28 31 0.157616 0.12941
RRV167 con_0014.nii -44 27 33 0.260622 0.169514
RRV167 con_0014.nii 44 8 34 0.464853 0.527567
RRV167 con_0014.nii -42 7 36 0.382954 0.479856
RRV167 con_0014.nii 54 -44 43 0.380696 0.106629
RRV167 con_0014.nii -53 -50 39 0.205296 0.259601
RRV167 con_0014.nii 32 -59 41 0.816291 0.284152
RRV167 con_0014.nii -32 -58 46 0.749862 0.62303
RRV167 con_0014.nii -6 49 1 -0.0174307 0.082336
RRV167 con_0015.nii 9 3 -6 -0.694898 0.733491
RRV167 con_0015.nii -9 3 -6 0.797728 0.343483
RRV167 con_0015.nii -30 33 -18 1.13095 0.412883
RRV167 con_0015.nii 46 28 31 0.461179 0.467021
RRV167 con_0015.nii -44 27 33 0.500612 0.138947
RRV167 con_0015.nii 44 8 34 2.1512 1.24236
RRV167 con_0015.nii -42 7 36 1.67864 0.50898
RRV167 con_0015.nii 54 -44 43 -0.426432 0.372512
RRV167 con_0015.nii -53 -50 39 -0.191539 0.464128
RRV167 con_0015.nii 32 -59 41 1.40726 0.57982
RRV167 con_0015.nii -32 -58 46 1.16728 0.872788
RRV167 con_0015.nii -6 49 1 -0.622926 0.369756
RRV167 con_0016.nii 9 3 -6 0.0575609 0.313228
RRV167 con_0016.nii -9 3 -6 0.369901 0.410836
RRV167 con_0016.nii -30 33 -18 0.483127 0.264942
RRV167 con_0016.nii 46 28 31 0.411212 0.195516
RRV167 con_0016.nii -44 27 33 0.350481 0.203449
RRV167 con_0016.nii 44 8 34 1.41366 0.534763
RRV167 con_0016.nii -42 7 36 0.738372 0.44566
RRV167 con_0016.nii 54 -44 43 -0.604641 0.344821
RRV167 con_0016.nii -53 -50 39 -0.33264 0.453485
RRV167 con_0016.nii 32 -59 41 0.969925 0.454351
RRV167 con_0016.nii -32 -58 46 0.918044 0.368405
RRV167 con_0016.nii -6 49 1 -0.763244 0.507248
RRV167 con_0017.nii 9 3 -6 -0.833526 0.458693
RRV167 con_0017.nii -9 3 -6 0.288635 0.321662
RRV167 con_0017.nii -30 33 -18 0.759132 0.319137
RRV167 con_0017.nii 46 28 31 -0.00904621 0.212992
RRV167 con_0017.nii -44 27 33 0.126836 0.185588
RRV167 con_0017.nii 44 8 34 0.0866031 0.385404
RRV167 con_0017.nii -42 7 36 0.0520368 0.260985
RRV167 con_0017.nii 54 -44 43 0.0597447 0.144803
RRV167 con_0017.nii -53 -50 39 0.194444 0.225147
RRV167 con_0017.nii 32 -59 41 0.639789 0.297398
RRV167 con_0017.nii -32 -58 46 0.863131 0.352852
RRV167 con_0017.nii -6 49 1 -0.162102 0.0940958
RRV167 con_0018.nii 9 3 -6 -0.775965 0.654454
RRV167 con_0018.nii -9 3 -6 0.658536 0.353336
RRV167 con_0018.nii -30 33 -18 1.24226 0.527686
RRV167 con_0018.nii 46 28 31 0.402166 0.220968
RRV167 con_0018.nii -44 27 33 0.477317 0.340244
RRV167 con_0018.nii 44 8 34 1.50026 0.834707
RRV167 con_0018.nii -42 7 36 0.790409 0.455186
RRV167 con_0018.nii 54 -44 43 -0.544896 0.266771
RRV167 con_0018.nii -53 -50 39 -0.138196 0.639146
RRV167 con_0018.nii 32 -59 41 1.60971 0.728781
RRV167 con_0018.nii -32 -58 46 1.78117 0.623718
RRV167 con_0018.nii -6 49 1 -0.925346 0.507699
RRV167 con_0019.nii 9 3 -6 1.41997 0.642243
RRV167 con_0019.nii -9 3 -6 0.787035 0.624583
RRV167 con_0019.nii -30 33 -18 -0.264669 0.315769
RRV167 con_0019.nii 46 28 31 0.853669 0.352958
RRV167 con_0019.nii -44 27 33 0.808916 0.329059
RRV167 con_0019.nii 44 8 34 0.764718 0.235197
RRV167 con_0019.nii -42 7 36 0.463523 0.50626
RRV167 con_0019.nii 54 -44 43 0.424067 0.194744
RRV167 con_0019.nii -53 -50 39 0.338155 0.297595
RRV167 con_0019.nii 32 -59 41 1.0464 0.452042
RRV167 con_0019.nii -32 -58 46 1.61261 0.438766
RRV167 con_0019.nii -6 49 1 0.548269 0.166032
RRV167 con_0020.nii 9 3 -6 -0.303002 0.662389
RRV167 con_0020.nii -9 3 -6 0.886434 0.329729
RRV167 con_0020.nii -30 33 -18 0.0902361 0.152436
RRV167 con_0020.nii 46 28 31 0.301937 0.223621
RRV167 con_0020.nii -44 27 33 0.366253 0.302968
RRV167 con_0020.nii 44 8 34 0.400792 0.37055
RRV167 con_0020.nii -42 7 36 0.582865 0.299695
RRV167 con_0020.nii 54 -44 43 0.426091 0.320408
RRV167 con_0020.nii -53 -50 39 0.557473 0.259121
RRV167 con_0020.nii 32 -59 41 0.961166 0.339637
RRV167 con_0020.nii -32 -58 46 1.22493 0.351177
RRV167 con_0020.nii -6 49 1 0.395307 0.207708
RRV167 con_0021.nii 9 3 -6 1.11696 1.01401
RRV167 con_0021.nii -9 3 -6 1.67347 0.691343
RRV167 con_0021.nii -30 33 -18 -0.174433 0.317749
RRV167 con_0021.nii 46 28 31 1.15561 0.476122
RRV167 con_0021.nii -44 27 33 1.17517 0.529009
RRV167 con_0021.nii 44 8 34 1.16551 0.446887
RRV167 con_0021.nii -42 7 36 1.04639 0.629512
RRV167 con_0021.nii 54 -44 43 0.850158 0.483578
RRV167 con_0021.nii -53 -50 39 0.895628 0.535996
RRV167 con_0021.nii 32 -59 41 2.00756 0.604249
RRV167 con_0021.nii -32 -58 46 2.83755 0.750817
RRV167 con_0021.nii -6 49 1 0.943576 0.275834
RRV167 con_0022.nii 9 3 -6 1.30868 0.9474
RRV167 con_0022.nii -9 3 -6 0.390737 0.430266
RRV167 con_0022.nii -30 33 -18 -0.327066 0.289046
RRV167 con_0022.nii 46 28 31 0.598807 0.217529
RRV167 con_0022.nii -44 27 33 0.682952 0.294911
RRV167 con_0022.nii 44 8 34 1.15645 0.304377
RRV167 con_0022.nii -42 7 36 1.06941 0.586506
RRV167 con_0022.nii 54 -44 43 -0.482358 0.480268
RRV167 con_0022.nii -53 -50 39 -0.587249 0.519392
RRV167 con_0022.nii 32 -59 41 0.918223 0.367391
RRV167 con_0022.nii -32 -58 46 0.514405 0.368056
RRV167 con_0022.nii -6 49 1 -0.27526 0.423633
RRV167 con_0023.nii 9 3 -6 -1.44858 1.15294
RRV167 con_0023.nii -9 3 -6 -0.0858481 0.338959
RRV167 con_0023.nii -30 33 -18 -0.419825 0.342879
RRV167 con_0023.nii 46 28 31 0.113983 0.277589
RRV167 con_0023.nii -44 27 33 -0.0611836 0.350298
RRV167 con_0023.nii 44 8 34 0.398851 0.207643
RRV167 con_0023.nii -42 7 36 -0.147821 0.356378
RRV167 con_0023.nii 54 -44 43 -0.224219 0.209601
RRV167 con_0023.nii -53 -50 39 -0.558716 0.235745
RRV167 con_0023.nii 32 -59 41 -0.173873 0.176691
RRV167 con_0023.nii -32 -58 46 0.00932702 0.191977
RRV167 con_0023.nii -6 49 1 -0.610027 0.35207
RRV167 con_0024.nii 9 3 -6 -0.139896 1.83413
RRV167 con_0024.nii -9 3 -6 0.304889 0.589245
RRV167 con_0024.nii -30 33 -18 -0.746892 0.561374
RRV167 con_0024.nii 46 28 31 0.71279 0.373847
RRV167 con_0024.nii -44 27 33 0.621768 0.543613
RRV167 con_0024.nii 44 8 34 1.5553 0.278506
RRV167 con_0024.nii -42 7 36 0.921589 0.658289
RRV167 con_0024.nii 54 -44 43 -0.706577 0.433779
RRV167 con_0024.nii -53 -50 39 -1.14597 0.69933
RRV167 con_0024.nii 32 -59 41 0.744349 0.48746
RRV167 con_0024.nii -32 -58 46 0.523732 0.455739
RRV167 con_0024.nii -6 49 1 -0.885287 0.727194
RRV167 con_0025.nii 9 3 -6 0.046191 0.430598
RRV167 con_0025.nii -9 3 -6 0.719461 0.517794
RRV167 con_0025.nii -30 33 -18 0.377699 0.315922
RRV167 con_0025.nii 46 28 31 0.164742 0.19897
RRV167 con_0025.nii -44 27 33 0.543496 0.179036
RRV167 con_0025.nii 44 8 34 1.44134 0.367454
RRV167 con_0025.nii -42 7 36 0.136948 0.58525
RRV167 con_0025.nii 54 -44 43 -0.371809 0.315627
RRV167 con_0025.nii -53 -50 39 -0.422547 0.229821
RRV167 con_0025.nii 32 -59 41 0.774006 0.335882
RRV167 con_0025.nii -32 -58 46 0.956658 0.431431
RRV167 con_0025.nii -6 49 1 -0.000461087 0.249429
RRV167 con_0026.nii 9 3 -6 -0.748748 1.15247
RRV167 con_0026.nii -9 3 -6 -0.00734016 0.651229
RRV167 con_0026.nii -30 33 -18 0.919847 0.414096
RRV167 con_0026.nii 46 28 31 0.208751 0.216426
RRV167 con_0026.nii -44 27 33 -0.253478 0.301079
RRV167 con_0026.nii 44 8 34 0.470682 0.454617
RRV167 con_0026.nii -42 7 36 0.360398 0.371613
RRV167 con_0026.nii 54 -44 43 -0.0762948 0.236034
RRV167 con_0026.nii -53 -50 39 0.231712 0.227349
RRV167 con_0026.nii 32 -59 41 0.131645 0.256659
RRV167 con_0026.nii -32 -58 46 0.91628 0.224609
RRV167 con_0026.nii -6 49 1 0.204222 0.241261
RRV167 con_0027.nii 9 3 -6 -0.702557 1.12404
RRV167 con_0027.nii -9 3 -6 0.712121 0.795355
RRV167 con_0027.nii -30 33 -18 1.29755 0.673419
RRV167 con_0027.nii 46 28 31 0.373493 0.257021
RRV167 con_0027.nii -44 27 33 0.290018 0.347948
RRV167 con_0027.nii 44 8 34 1.91202 0.760783
RRV167 con_0027.nii -42 7 36 0.497347 0.846997
RRV167 con_0027.nii 54 -44 43 -0.448104 0.354628
RRV167 con_0027.nii -53 -50 39 -0.190835 0.42574
RRV167 con_0027.nii 32 -59 41 0.905651 0.544555
RRV167 con_0027.nii -32 -58 46 1.87294 0.598657
RRV167 con_0027.nii -6 49 1 0.203761 0.334902
RRV167 con_0028.nii 9 3 -6 0.924946 0.407553
RRV167 con_0028.nii -9 3 -6 0.632411 0.435858
RRV167 con_0028.nii -30 33 -18 -0.0713453 0.249065
RRV167 con_0028.nii 46 28 31 0.539072 0.216102
RRV167 con_0028.nii -44 27 33 0.678455 0.220373
RRV167 con_0028.nii 44 8 34 1.12084 0.25298
RRV167 con_0028.nii -42 7 36 0.556627 0.537648
RRV167 con_0028.nii 54 -44 43 -0.143367 0.260992
RRV167 con_0028.nii -53 -50 39 -0.22388 0.326762
RRV167 con_0028.nii 32 -59 41 0.912876 0.371629
RRV167 con_0028.nii -32 -58 46 1.02789 0.342736
RRV167 con_0028.nii -6 49 1 0.0908493 0.204534
RRV167 con_0029.nii 9 3 -6 -0.833443 0.697161
RRV167 con_0029.nii -9 3 -6 0.264415 0.319431
RRV167 con_0029.nii -30 33 -18 0.196753 0.224715
RRV167 con_0029.nii 46 28 31 0.208224 0.126631
RRV167 con_0029.nii -44 27 33 0.0171973 0.202693
RRV167 con_0029.nii 44 8 34 0.423442 0.302442
RRV167 con_0029.nii -42 7 36 0.265148 0.297381
RRV167 con_0029.nii 54 -44 43 0.0418591 0.138076
RRV167 con_0029.nii -53 -50 39 0.0768229 0.207426
RRV167 con_0029.nii 32 -59 41 0.306313 0.153341
RRV167 con_0029.nii -32 -58 46 0.716847 0.188591
RRV167 con_0029.nii -6 49 1 -0.00349932 0.185343
RRV167 con_0030.nii 9 3 -6 0.0915032 0.83579
RRV167 con_0030.nii -9 3 -6 0.896826 0.479804
RRV167 con_0030.nii -30 33 -18 0.125407 0.408974
RRV167 con_0030.nii 46 28 31 0.747296 0.20318
RRV167 con_0030.nii -44 27 33 0.695652 0.332294
RRV167 con_0030.nii 44 8 34 1.54428 0.438786
RRV167 con_0030.nii -42 7 36 0.821775 0.688383
RRV167 con_0030.nii 54 -44 43 -0.101507 0.271758
RRV167 con_0030.nii -53 -50 39 -0.147058 0.521415
RRV167 con_0030.nii 32 -59 41 1.21919 0.478687
RRV167 con_0030.nii -32 -58 46 1.74474 0.500355
RRV167 con_0030.nii -6 49 1 0.08735 0.347608
RRV167 con_0031.nii 9 3 -6 0.750408 0.320446
RRV167 con_0031.nii -9 3 -6 0.578844 0.262072
RRV167 con_0031.nii -30 33 -18 0.0472025 0.261126
RRV167 con_0031.nii 46 28 31 0.431424 0.415724
RRV167 con_0031.nii -44 27 33 0.567963 0.191004
RRV167 con_0031.nii 44 8 34 1.39352 0.550651
RRV167 con_0031.nii -42 7 36 1.11394 0.450811
RRV167 con_0031.nii 54 -44 43 -0.345854 0.297973
RRV167 con_0031.nii -53 -50 39 -0.288076 0.182619
RRV167 con_0031.nii 32 -59 41 0.533923 0.18464
RRV167 con_0031.nii -32 -58 46 0.527268 0.304671
RRV167 con_0031.nii -6 49 1 0.248599 0.227399
RRV167 con_0032.nii 9 3 -6 -0.577838 0.490981
RRV167 con_0032.nii -9 3 -6 0.457174 0.338815
RRV167 con_0032.nii -30 33 -18 -0.033107 0.179284
RRV167 con_0032.nii 46 28 31 0.374886 0.211617
RRV167 con_0032.nii -44 27 33 0.150983 0.14571
RRV167 con_0032.nii 44 8 34 0.801691 0.391953
RRV167 con_0032.nii -42 7 36 0.596065 0.364046
RRV167 con_0032.nii 54 -44 43 0.36281 0.130966
RRV167 con_0032.nii -53 -50 39 0.0876748 0.260046
RRV167 con_0032.nii 32 -59 41 0.482814 0.131872
RRV167 con_0032.nii -32 -58 46 0.603579 0.391803
RRV167 con_0032.nii -6 49 1 0.141172 0.155845
RRV167 con_0033.nii 9 3 -6 0.17257 0.566107
RRV167 con_0033.nii -9 3 -6 1.03602 0.43187
RRV167 con_0033.nii -30 33 -18 0.0140955 0.216798
RRV167 con_0033.nii 46 28 31 0.80631 0.569103
RRV167 con_0033.nii -44 27 33 0.718946 0.279014
RRV167 con_0033.nii 44 8 34 2.19521 0.884649
RRV167 con_0033.nii -42 7 36 1.71 0.549519
RRV167 con_0033.nii 54 -44 43 0.0169564 0.321362
RRV167 con_0033.nii -53 -50 39 -0.200401 0.367938
RRV167 con_0033.nii 32 -59 41 1.01674 0.278335
RRV167 con_0033.nii -32 -58 46 1.13085 0.632258
RRV167 con_0033.nii -6 49 1 0.389771 0.21195
