RRV147 con_0001.nii 9 3 -6 0.34453 0.242135
RRV147 con_0001.nii -9 3 -6 0.343717 0.387229
RRV147 con_0001.nii -30 33 -18 0.745103 0.305351
RRV147 con_0001.nii 46 28 31 0.695209 0.292314
RRV147 con_0001.nii -44 27 33 0.453839 0.562067
RRV147 con_0001.nii 44 8 34 -0.255133 0.465236
RRV147 con_0001.nii -42 7 36 1.08499 0.562931
RRV147 con_0001.nii 54 -44 43 0.420441 0.287115
RRV147 con_0001.nii -53 -50 39 0.391553 0.331398
RRV147 con_0001.nii 32 -59 41 0.534755 0.381984
RRV147 con_0001.nii -32 -58 46 0.11059 0.460907
RRV147 con_0001.nii -6 49 1 0.313869 0.164485
RRV147 con_0002.nii 9 3 -6 0.0269824 0.200688
RRV147 con_0002.nii -9 3 -6 0.437346 0.313384
RRV147 con_0002.nii -30 33 -18 0.21566 0.222458
RRV147 con_0002.nii 46 28 31 -0.174467 0.238921
RRV147 con_0002.nii -44 27 33 -0.115672 0.37437
RRV147 con_0002.nii 44 8 34 -0.578596 0.725956
RRV147 con_0002.nii -42 7 36 1.1478 0.688572
RRV147 con_0002.nii 54 -44 43 -0.554708 0.229202
RRV147 con_0002.nii -53 -50 39 -0.309799 0.202776
RRV147 con_0002.nii 32 -59 41 0.610115 0.533841
RRV147 con_0002.nii -32 -58 46 -0.53226 0.334884
RRV147 con_0002.nii -6 49 1 -0.396886 0.17716
RRV147 con_0003.nii 9 3 -6 0.371512 0.309643
RRV147 con_0003.nii -9 3 -6 0.781063 0.479557
RRV147 con_0003.nii -30 33 -18 0.960762 0.410642
RRV147 con_0003.nii 46 28 31 0.520741 0.465604
RRV147 con_0003.nii -44 27 33 0.338167 0.551912
RRV147 con_0003.nii 44 8 34 -0.83373 1.14573
RRV147 con_0003.nii -42 7 36 2.23279 1.20559
RRV147 con_0003.nii 54 -44 43 -0.134267 0.488402
RRV147 con_0003.nii -53 -50 39 0.0817532 0.265453
RRV147 con_0003.nii 32 -59 41 1.14487 0.80487
RRV147 con_0003.nii -32 -58 46 -0.421669 0.597882
RRV147 con_0003.nii -6 49 1 -0.0830171 0.209256
RRV147 con_0004.nii 9 3 -6 0.159971 0.301393
RRV147 con_0004.nii -9 3 -6 0.187315 0.221669
RRV147 con_0004.nii -30 33 -18 -0.0752099 0.373519
RRV147 con_0004.nii 46 28 31 0.503463 0.407617
RRV147 con_0004.nii -44 27 33 -0.104524 0.309111
RRV147 con_0004.nii 44 8 34 0.323908 0.65009
RRV147 con_0004.nii -42 7 36 1.65967 0.673002
RRV147 con_0004.nii 54 -44 43 -0.366297 0.359092
RRV147 con_0004.nii -53 -50 39 -0.260551 0.29858
RRV147 con_0004.nii 32 -59 41 0.872042 0.438738
RRV147 con_0004.nii -32 -58 46 0.100239 0.458009
RRV147 con_0004.nii -6 49 1 0.170794 0.193581
RRV147 con_0005.nii 9 3 -6 0.1743 0.345289
RRV147 con_0005.nii -9 3 -6 0.240953 0.425275
RRV147 con_0005.nii -30 33 -18 0.597891 0.471996
RRV147 con_0005.nii 46 28 31 -0.672845 0.321616
RRV147 con_0005.nii -44 27 33 0.460868 0.407545
RRV147 con_0005.nii 44 8 34 -0.230294 0.354739
RRV147 con_0005.nii -42 7 36 0.965944 1.24042
RRV147 con_0005.nii 54 -44 43 0.120646 0.354016
RRV147 con_0005.nii -53 -50 39 0.209456 0.204228
RRV147 con_0005.nii 32 -59 41 0.327882 0.624056
RRV147 con_0005.nii -32 -58 46 -0.0934255 0.738044
RRV147 con_0005.nii -6 49 1 -0.244847 0.370231
RRV147 con_0006.nii 9 3 -6 0.334272 0.395655
RRV147 con_0006.nii -9 3 -6 0.428268 0.51644
RRV147 con_0006.nii -30 33 -18 0.522681 0.671548
RRV147 con_0006.nii 46 28 31 -0.169382 0.514406
RRV147 con_0006.nii -44 27 33 0.356344 0.616283
RRV147 con_0006.nii 44 8 34 0.0936136 0.961744
RRV147 con_0006.nii -42 7 36 2.62562 1.85945
RRV147 con_0006.nii 54 -44 43 -0.245651 0.599431
RRV147 con_0006.nii -53 -50 39 -0.0510952 0.36302
RRV147 con_0006.nii 32 -59 41 1.19992 0.964101
RRV147 con_0006.nii -32 -58 46 0.00681302 1.10848
RRV147 con_0006.nii -6 49 1 -0.0740531 0.405911
RRV147 con_0007.nii 9 3 -6 0.0706846 0.472772
RRV147 con_0007.nii -9 3 -6 -0.335304 0.239328
RRV147 con_0007.nii -30 33 -18 0.226147 0.385376
RRV147 con_0007.nii 46 28 31 0.224686 0.276762
RRV147 con_0007.nii -44 27 33 -0.135619 0.225497
RRV147 con_0007.nii 44 8 34 -0.205789 0.290766
RRV147 con_0007.nii -42 7 36 0.389282 0.581094
RRV147 con_0007.nii 54 -44 43 -0.216622 0.291313
RRV147 con_0007.nii -53 -50 39 -0.166796 0.221425
RRV147 con_0007.nii 32 -59 41 0.444805 0.282351
RRV147 con_0007.nii -32 -58 46 -0.0970119 0.330227
RRV147 con_0007.nii -6 49 1 -0.1583 0.241068
RRV147 con_0008.nii 9 3 -6 -0.385276 0.265109
RRV147 con_0008.nii -9 3 -6 -0.0595533 0.444306
RRV147 con_0008.nii -30 33 -18 0.259966 0.300422
RRV147 con_0008.nii 46 28 31 0.907753 0.606631
RRV147 con_0008.nii -44 27 33 0.792873 0.542976
RRV147 con_0008.nii 44 8 34 0.0612698 0.500959
RRV147 con_0008.nii -42 7 36 1.41843 1.30649
RRV147 con_0008.nii 54 -44 43 0.877473 0.362704
RRV147 con_0008.nii -53 -50 39 0.551891 0.379041
RRV147 con_0008.nii 32 -59 41 0.924354 0.424302
RRV147 con_0008.nii -32 -58 46 0.288755 0.456141
RRV147 con_0008.nii -6 49 1 -0.00262318 0.242365
RRV147 con_0009.nii 9 3 -6 -0.314592 0.443434
RRV147 con_0009.nii -9 3 -6 -0.394858 0.624319
RRV147 con_0009.nii -30 33 -18 0.486113 0.614427
RRV147 con_0009.nii 46 28 31 1.13244 0.687429
RRV147 con_0009.nii -44 27 33 0.657255 0.693058
RRV147 con_0009.nii 44 8 34 -0.144519 0.74967
RRV147 con_0009.nii -42 7 36 1.80771 1.64957
RRV147 con_0009.nii 54 -44 43 0.660852 0.537388
RRV147 con_0009.nii -53 -50 39 0.385095 0.501376
RRV147 con_0009.nii 32 -59 41 1.36916 0.638554
RRV147 con_0009.nii -32 -58 46 0.191743 0.580739
RRV147 con_0009.nii -6 49 1 -0.160923 0.444109
RRV147 con_0010.nii 9 3 -6 0.0307509 0.190522
RRV147 con_0010.nii -9 3 -6 -0.032869 0.254455
RRV147 con_0010.nii -30 33 -18 0.138625 0.185026
RRV147 con_0010.nii 46 28 31 -0.272525 0.380074
RRV147 con_0010.nii -44 27 33 -0.165517 0.0841724
RRV147 con_0010.nii 44 8 34 -0.395813 0.247532
RRV147 con_0010.nii -42 7 36 0.467053 0.265171
RRV147 con_0010.nii 54 -44 43 0.184322 0.220441
RRV147 con_0010.nii -53 -50 39 -0.0841888 0.182686
RRV147 con_0010.nii 32 -59 41 0.426066 0.246701
RRV147 con_0010.nii -32 -58 46 -0.196139 0.362129
RRV147 con_0010.nii -6 49 1 -0.113352 0.181112
RRV147 con_0011.nii 9 3 -6 -0.143454 0.161069
RRV147 con_0011.nii -9 3 -6 0.138163 0.125295
RRV147 con_0011.nii -30 33 -18 0.22329 0.350686
RRV147 con_0011.nii 46 28 31 -0.218664 0.273638
RRV147 con_0011.nii -44 27 33 0.0746214 0.313613
RRV147 con_0011.nii 44 8 34 -0.129756 0.257772
RRV147 con_0011.nii -42 7 36 0.472089 0.761925
RRV147 con_0011.nii 54 -44 43 0.399956 0.211927
RRV147 con_0011.nii -53 -50 39 0.446677 0.180891
RRV147 con_0011.nii 32 -59 41 0.359634 0.254945
RRV147 con_0011.nii -32 -58 46 -0.34127 0.315303
RRV147 con_0011.nii -6 49 1 -0.497609 0.250209
RRV147 con_0012.nii 9 3 -6 -0.112703 0.33203
RRV147 con_0012.nii -9 3 -6 0.105294 0.324437
RRV147 con_0012.nii -30 33 -18 0.361914 0.469796
RRV147 con_0012.nii 46 28 31 -0.491189 0.608281
RRV147 con_0012.nii -44 27 33 -0.0908958 0.347081
RRV147 con_0012.nii 44 8 34 -0.525569 0.462748
RRV147 con_0012.nii -42 7 36 0.939142 0.972595
RRV147 con_0012.nii 54 -44 43 0.584278 0.368
RRV147 con_0012.nii -53 -50 39 0.362488 0.32103
RRV147 con_0012.nii 32 -59 41 0.7857 0.477533
RRV147 con_0012.nii -32 -58 46 -0.537409 0.66025
RRV147 con_0012.nii -6 49 1 -0.610961 0.356747
RRV147 con_0013.nii 9 3 -6 0.00355474 0.161007
RRV147 con_0013.nii -9 3 -6 -0.000280333 0.19615
RRV147 con_0013.nii -30 33 -18 0.336085 0.369937
RRV147 con_0013.nii 46 28 31 0.248282 0.27148
RRV147 con_0013.nii -44 27 33 -0.0347809 0.259388
RRV147 con_0013.nii 44 8 34 -0.0070237 0.599047
RRV147 con_0013.nii -42 7 36 1.75763 0.56199
RRV147 con_0013.nii 54 -44 43 0.173902 0.222803
RRV147 con_0013.nii -53 -50 39 0.310276 0.261798
RRV147 con_0013.nii 32 -59 41 0.340118 0.300905
RRV147 con_0013.nii -32 -58 46 -0.126355 0.273221
RRV147 con_0013.nii -6 49 1 0.283825 0.172211
RRV147 con_0014.nii 9 3 -6 0.0871396 0.345103
RRV147 con_0014.nii -9 3 -6 0.145713 0.301122
RRV147 con_0014.nii -30 33 -18 0.576055 0.370851
RRV147 con_0014.nii 46 28 31 -0.844403 0.475236
RRV147 con_0014.nii -44 27 33 0.418795 0.334931
RRV147 con_0014.nii 44 8 34 0.282613 0.505706
RRV147 con_0014.nii -42 7 36 1.73763 1.30529
RRV147 con_0014.nii 54 -44 43 -0.0726739 0.254055
RRV147 con_0014.nii -53 -50 39 0.522178 0.387127
RRV147 con_0014.nii 32 -59 41 0.352409 0.24983
RRV147 con_0014.nii -32 -58 46 -0.209815 0.432097
RRV147 con_0014.nii -6 49 1 -0.190979 0.35606
RRV147 con_0015.nii 9 3 -6 0.0906944 0.451425
RRV147 con_0015.nii -9 3 -6 0.145433 0.45853
RRV147 con_0015.nii -30 33 -18 0.91214 0.690969
RRV147 con_0015.nii 46 28 31 -0.596121 0.696806
RRV147 con_0015.nii -44 27 33 0.384014 0.557241
RRV147 con_0015.nii 44 8 34 0.275589 1.05825
RRV147 con_0015.nii -42 7 36 3.49526 1.79155
RRV147 con_0015.nii 54 -44 43 0.101228 0.448074
RRV147 con_0015.nii -53 -50 39 0.832454 0.630862
RRV147 con_0015.nii 32 -59 41 0.692527 0.450291
RRV147 con_0015.nii -32 -58 46 -0.33617 0.640852
RRV147 con_0015.nii -6 49 1 0.0928468 0.444424
RRV147 con_0016.nii 9 3 -6 0.191729 0.254121
RRV147 con_0016.nii -9 3 -6 0.0652424 0.179699
RRV147 con_0016.nii -30 33 -18 0.29868 0.295903
RRV147 con_0016.nii 46 28 31 0.474453 0.275883
RRV147 con_0016.nii -44 27 33 0.0712322 0.291578
RRV147 con_0016.nii 44 8 34 -0.0456715 0.380204
RRV147 con_0016.nii -42 7 36 1.04465 0.543205
RRV147 con_0016.nii 54 -44 43 -0.0541591 0.29925
RRV147 con_0016.nii -53 -50 39 -0.0119315 0.221721
RRV147 con_0016.nii 32 -59 41 0.617201 0.319699
RRV147 con_0016.nii -32 -58 46 0.037939 0.387708
RRV147 con_0016.nii -6 49 1 0.108788 0.150434
RRV147 con_0017.nii 9 3 -6 -0.0613312 0.204563
RRV147 con_0017.nii -9 3 -6 0.206249 0.314301
RRV147 con_0017.nii -30 33 -18 0.357839 0.297921
RRV147 con_0017.nii 46 28 31 0.0201471 0.296077
RRV147 con_0017.nii -44 27 33 0.379356 0.341102
RRV147 con_0017.nii 44 8 34 -0.249207 0.460409
RRV147 con_0017.nii -42 7 36 1.17739 1.06244
RRV147 con_0017.nii 54 -44 43 0.147804 0.259988
RRV147 con_0017.nii -53 -50 39 0.150516 0.145574
RRV147 con_0017.nii 32 -59 41 0.620784 0.471599
RRV147 con_0017.nii -32 -58 46 -0.11231 0.424349
RRV147 con_0017.nii -6 49 1 -0.214785 0.241289
RRV147 con_0018.nii 9 3 -6 0.130397 0.225161
RRV147 con_0018.nii -9 3 -6 0.271491 0.431145
RRV147 con_0018.nii -30 33 -18 0.656519 0.530826
RRV147 con_0018.nii 46 28 31 0.4946 0.500182
RRV147 con_0018.nii -44 27 33 0.450589 0.566015
RRV147 con_0018.nii 44 8 34 -0.294878 0.826111
RRV147 con_0018.nii -42 7 36 2.22204 1.55694
RRV147 con_0018.nii 54 -44 43 0.0936445 0.517437
RRV147 con_0018.nii -53 -50 39 0.138584 0.319351
RRV147 con_0018.nii 32 -59 41 1.23798 0.748889
RRV147 con_0018.nii -32 -58 46 -0.074371 0.717107
RRV147 con_0018.nii -6 49 1 -0.105998 0.319053
RRV147 con_0019.nii 9 3 -6 0.313779 0.256381
RRV147 con_0019.nii -9 3 -6 0.376586 0.312619
RRV147 con_0019.nii -30 33 -18 0.606478 0.284119
RRV147 con_0019.nii 46 28 31 0.967734 0.429624
RRV147 con_0019.nii -44 27 33 0.619357 0.536949
RRV147 con_0019.nii 44 8 34 0.140679 0.288175
RRV147 con_0019.nii -42 7 36 0.617933 0.404771
RRV147 con_0019.nii 54 -44 43 0.236119 0.184484
RRV147 con_0019.nii -53 -50 39 0.475741 0.264322
RRV147 con_0019.nii 32 -59 41 0.108689 0.251363
RRV147 con_0019.nii -32 -58 46 0.306729 0.279715
RRV147 con_0019.nii -6 49 1 0.427221 0.263093
RRV147 con_0020.nii 9 3 -6 0.170436 0.196496
RRV147 con_0020.nii -9 3 -6 0.299184 0.247237
RRV147 con_0020.nii -30 33 -18 -0.00763 0.289801
RRV147 con_0020.nii 46 28 31 0.044197 0.225141
RRV147 con_0020.nii -44 27 33 -0.190294 0.294828
RRV147 con_0020.nii 44 8 34 -0.44884 0.56339
RRV147 con_0020.nii -42 7 36 0.675711 0.14141
RRV147 con_0020.nii 54 -44 43 -0.954664 0.203494
RRV147 con_0020.nii -53 -50 39 -0.756476 0.337049
RRV147 con_0020.nii 32 -59 41 0.250481 0.416242
RRV147 con_0020.nii -32 -58 46 -0.19099 0.322858
RRV147 con_0020.nii -6 49 1 0.100723 0.181583
RRV147 con_0021.nii 9 3 -6 0.484215 0.327871
RRV147 con_0021.nii -9 3 -6 0.675769 0.304163
RRV147 con_0021.nii -30 33 -18 0.598848 0.391901
RRV147 con_0021.nii 46 28 31 1.01193 0.573413
RRV147 con_0021.nii -44 27 33 0.429063 0.470187
RRV147 con_0021.nii 44 8 34 -0.308161 0.80727
RRV147 con_0021.nii -42 7 36 1.29364 0.362731
RRV147 con_0021.nii 54 -44 43 -0.718545 0.254252
RRV147 con_0021.nii -53 -50 39 -0.280735 0.239823
RRV147 con_0021.nii 32 -59 41 0.35917 0.46553
RRV147 con_0021.nii -32 -58 46 0.11574 0.328196
RRV147 con_0021.nii -6 49 1 0.527944 0.380044
RRV147 con_0022.nii 9 3 -6 0.12922 0.38494
RRV147 con_0022.nii -9 3 -6 0.220184 0.240982
RRV147 con_0022.nii -30 33 -18 -0.213835 0.251428
RRV147 con_0022.nii 46 28 31 0.775988 0.442464
RRV147 con_0022.nii -44 27 33 0.0609934 0.273063
RRV147 con_0022.nii 44 8 34 0.71972 0.638558
RRV147 con_0022.nii -42 7 36 1.19262 0.462243
RRV147 con_0022.nii 54 -44 43 -0.550619 0.188253
RRV147 con_0022.nii -53 -50 39 -0.176362 0.221147
RRV147 con_0022.nii 32 -59 41 0.445976 0.339367
RRV147 con_0022.nii -32 -58 46 0.296378 0.31468
RRV147 con_0022.nii -6 49 1 0.284146 0.202585
RRV147 con_0023.nii 9 3 -6 0.317754 0.327949
RRV147 con_0023.nii -9 3 -6 0.10279 0.369872
RRV147 con_0023.nii -30 33 -18 0.374601 0.261554
RRV147 con_0023.nii 46 28 31 -0.454181 0.22963
RRV147 con_0023.nii -44 27 33 0.386247 0.372153
RRV147 con_0023.nii 44 8 34 -0.100538 0.403304
RRV147 con_0023.nii -42 7 36 0.493856 0.489132
RRV147 con_0023.nii 54 -44 43 -0.27931 0.177462
RRV147 con_0023.nii -53 -50 39 -0.237221 0.24868
RRV147 con_0023.nii 32 -59 41 -0.0317522 0.409433
RRV147 con_0023.nii -32 -58 46 0.247844 0.465493
RRV147 con_0023.nii -6 49 1 0.252762 0.262899
RRV147 con_0024.nii 9 3 -6 0.446975 0.496876
RRV147 con_0024.nii -9 3 -6 0.322974 0.465962
RRV147 con_0024.nii -30 33 -18 0.160767 0.400501
RRV147 con_0024.nii 46 28 31 0.321807 0.572851
RRV147 con_0024.nii -44 27 33 0.44724 0.594339
RRV147 con_0024.nii 44 8 34 0.619182 0.950386
RRV147 con_0024.nii -42 7 36 1.68648 0.907678
RRV147 con_0024.nii 54 -44 43 -0.82993 0.310572
RRV147 con_0024.nii -53 -50 39 -0.413583 0.373946
RRV147 con_0024.nii 32 -59 41 0.414223 0.578895
RRV147 con_0024.nii -32 -58 46 0.544222 0.611496
RRV147 con_0024.nii -6 49 1 0.536908 0.365136
RRV147 con_0025.nii 9 3 -6 0.0399336 0.410233
RRV147 con_0025.nii -9 3 -6 -0.302436 0.325472
RRV147 con_0025.nii -30 33 -18 0.0875227 0.247582
RRV147 con_0025.nii 46 28 31 0.497211 0.273712
RRV147 con_0025.nii -44 27 33 0.0298983 0.206914
RRV147 con_0025.nii 44 8 34 0.190023 0.135593
RRV147 con_0025.nii -42 7 36 -0.0777712 0.471163
RRV147 con_0025.nii 54 -44 43 -0.400944 0.162849
RRV147 con_0025.nii -53 -50 39 -0.0826072 0.145186
RRV147 con_0025.nii 32 -59 41 0.0187393 0.254531
RRV147 con_0025.nii -32 -58 46 0.0991271 0.374336
RRV147 con_0025.nii -6 49 1 -0.044948 0.183261
RRV147 con_0026.nii 9 3 -6 -0.241822 0.290566
RRV147 con_0026.nii -9 3 -6 -0.197716 0.444841
RRV147 con_0026.nii -30 33 -18 0.0366759 0.110043
RRV147 con_0026.nii 46 28 31 1.12642 0.669401
RRV147 con_0026.nii -44 27 33 0.718252 0.448935
RRV147 con_0026.nii 44 8 34 0.191026 0.298555
RRV147 con_0026.nii -42 7 36 0.946338 0.642117
RRV147 con_0026.nii 54 -44 43 0.477517 0.251572
RRV147 con_0026.nii -53 -50 39 0.105214 0.256646
RRV147 con_0026.nii 32 -59 41 0.56472 0.255973
RRV147 con_0026.nii -32 -58 46 0.630025 0.267441
RRV147 con_0026.nii -6 49 1 0.494986 0.282417
RRV147 con_0027.nii 9 3 -6 -0.201889 0.35864
RRV147 con_0027.nii -9 3 -6 -0.500152 0.609575
RRV147 con_0027.nii -30 33 -18 0.124199 0.242097
RRV147 con_0027.nii 46 28 31 1.62363 0.878012
RRV147 con_0027.nii -44 27 33 0.74815 0.512768
RRV147 con_0027.nii 44 8 34 0.38105 0.399285
RRV147 con_0027.nii -42 7 36 0.868567 0.722785
RRV147 con_0027.nii 54 -44 43 0.0765736 0.225262
RRV147 con_0027.nii -53 -50 39 0.0226069 0.292292
RRV147 con_0027.nii 32 -59 41 0.58346 0.44047
RRV147 con_0027.nii -32 -58 46 0.729152 0.431479
RRV147 con_0027.nii -6 49 1 0.450038 0.423136
RRV147 con_0028.nii 9 3 -6 0.160978 0.260099
RRV147 con_0028.nii -9 3 -6 0.0981114 0.184616
RRV147 con_0028.nii -30 33 -18 0.160055 0.169943
RRV147 con_0028.nii 46 28 31 0.746978 0.344193
RRV147 con_0028.nii -44 27 33 0.236749 0.257182
RRV147 con_0028.nii 44 8 34 0.350141 0.270337
RRV147 con_0028.nii -42 7 36 0.577594 0.354601
RRV147 con_0028.nii 54 -44 43 -0.238481 0.150996
RRV147 con_0028.nii -53 -50 39 0.0722572 0.114496
RRV147 con_0028.nii 32 -59 41 0.191135 0.209472
RRV147 con_0028.nii -32 -58 46 0.234078 0.281121
RRV147 con_0028.nii -6 49 1 0.22214 0.172329
RRV147 con_0029.nii 9 3 -6 0.0821228 0.20522
RRV147 con_0029.nii -9 3 -6 0.0680858 0.268138
RRV147 con_0029.nii -30 33 -18 0.134549 0.150835
RRV147 con_0029.nii 46 28 31 0.238811 0.30875
RRV147 con_0029.nii -44 27 33 0.304735 0.241485
RRV147 con_0029.nii 44 8 34 -0.119451 0.316921
RRV147 con_0029.nii -42 7 36 0.705301 0.335774
RRV147 con_0029.nii 54 -44 43 -0.252152 0.09926
RRV147 con_0029.nii -53 -50 39 -0.296161 0.161645
RRV147 con_0029.nii 32 -59 41 0.26115 0.270289
RRV147 con_0029.nii -32 -58 46 0.22896 0.150268
RRV147 con_0029.nii -6 49 1 0.282824 0.207614
RRV147 con_0030.nii 9 3 -6 0.2431 0.249029
RRV147 con_0030.nii -9 3 -6 0.166197 0.342743
RRV147 con_0030.nii -30 33 -18 0.294604 0.271295
RRV147 con_0030.nii 46 28 31 0.985789 0.638866
RRV147 con_0030.nii -44 27 33 0.541484 0.459574
RRV147 con_0030.nii 44 8 34 0.23069 0.566298
RRV147 con_0030.nii -42 7 36 1.2829 0.610463
RRV147 con_0030.nii 54 -44 43 -0.490634 0.206903
RRV147 con_0030.nii -53 -50 39 -0.223904 0.212221
RRV147 con_0030.nii 32 -59 41 0.452284 0.384404
RRV147 con_0030.nii -32 -58 46 0.463038 0.309352
RRV147 con_0030.nii -6 49 1 0.504963 0.344674
RRV147 con_0031.nii 9 3 -6 -0.0271962 0.16166
RRV147 con_0031.nii -9 3 -6 0.0325886 0.191468
RRV147 con_0031.nii -30 33 -18 0.19746 0.198356
RRV147 con_0031.nii 46 28 31 0.520807 0.328879
RRV147 con_0031.nii -44 27 33 0.130736 0.207047
RRV147 con_0031.nii 44 8 34 0.388789 0.417405
RRV147 con_0031.nii -42 7 36 1.29058 0.346699
RRV147 con_0031.nii 54 -44 43 -0.0104198 0.161475
RRV147 con_0031.nii -53 -50 39 0.394465 0.190712
RRV147 con_0031.nii 32 -59 41 -0.0859475 0.271786
RRV147 con_0031.nii -32 -58 46 0.0697842 0.256397
RRV147 con_0031.nii -6 49 1 0.397177 0.153799
RRV147 con_0032.nii 9 3 -6 0.230594 0.263069
RRV147 con_0032.nii -9 3 -6 0.00755035 0.238715
RRV147 con_0032.nii -30 33 -18 0.352766 0.207354
RRV147 con_0032.nii 46 28 31 -0.625739 0.310021
RRV147 con_0032.nii -44 27 33 0.344173 0.297803
RRV147 con_0032.nii 44 8 34 0.412369 0.378751
RRV147 con_0032.nii -42 7 36 1.26554 0.66552
RRV147 con_0032.nii 54 -44 43 -0.47263 0.104966
RRV147 con_0032.nii -53 -50 39 0.0755009 0.236274
RRV147 con_0032.nii 32 -59 41 -0.00722501 0.177688
RRV147 con_0032.nii -32 -58 46 0.131455 0.19977
RRV147 con_0032.nii -6 49 1 0.30663 0.321538
RRV147 con_0033.nii 9 3 -6 0.203397 0.26793
RRV147 con_0033.nii -9 3 -6 0.040139 0.338541
RRV147 con_0033.nii -30 33 -18 0.550226 0.344135
RRV147 con_0033.nii 46 28 31 -0.104932 0.401366
RRV147 con_0033.nii -44 27 33 0.47491 0.413197
RRV147 con_0033.nii 44 8 34 0.801158 0.73753
RRV147 con_0033.nii -42 7 36 2.55612 0.906725
RRV147 con_0033.nii 54 -44 43 -0.48305 0.172952
RRV147 con_0033.nii -53 -50 39 0.469966 0.359269
RRV147 con_0033.nii 32 -59 41 -0.0931725 0.387283
RRV147 con_0033.nii -32 -58 46 0.201239 0.33016
RRV147 con_0033.nii -6 49 1 0.703808 0.352575
