RRV131 con_0001.nii 9 3 -6 0.246145 0.613893
RRV131 con_0001.nii -9 3 -6 0.0432169 0.92923
RRV131 con_0001.nii -30 33 -18 1.03267 0.47261
RRV131 con_0001.nii 46 28 31 -0.0226754 0.463155
RRV131 con_0001.nii -44 27 33 -0.412712 0.334894
RRV131 con_0001.nii 44 8 34 0.326992 0.25976
RRV131 con_0001.nii -42 7 36 0.605598 0.564215
RRV131 con_0001.nii 54 -44 43 -0.556046 0.31376
RRV131 con_0001.nii -53 -50 39 -0.496147 0.187244
RRV131 con_0001.nii 32 -59 41 0.164619 0.447807
RRV131 con_0001.nii -32 -58 46 -0.69605 0.518965
RRV131 con_0001.nii -6 49 1 -0.362512 0.329686
RRV131 con_0002.nii 9 3 -6 -0.61626 0.71963
RRV131 con_0002.nii -9 3 -6 -0.521526 0.413727
RRV131 con_0002.nii -30 33 -18 -0.943415 0.5766
RRV131 con_0002.nii 46 28 31 -0.415747 0.397545
RRV131 con_0002.nii -44 27 33 -0.590711 0.547328
RRV131 con_0002.nii 44 8 34 -0.233924 0.306459
RRV131 con_0002.nii -42 7 36 -0.122349 0.228488
RRV131 con_0002.nii 54 -44 43 -0.580712 0.173456
RRV131 con_0002.nii -53 -50 39 -0.363967 0.304288
RRV131 con_0002.nii 32 -59 41 0.308333 0.315786
RRV131 con_0002.nii -32 -58 46 -0.0907499 0.247523
RRV131 con_0002.nii -6 49 1 -1.18163 0.398206
RRV131 con_0003.nii 9 3 -6 -0.370115 0.562654
RRV131 con_0003.nii -9 3 -6 -0.478309 1.13536
RRV131 con_0003.nii -30 33 -18 0.0892581 0.486877
RRV131 con_0003.nii 46 28 31 -0.438422 0.808826
RRV131 con_0003.nii -44 27 33 -1.00342 0.791858
RRV131 con_0003.nii 44 8 34 0.0930675 0.276589
RRV131 con_0003.nii -42 7 36 0.483249 0.666206
RRV131 con_0003.nii 54 -44 43 -1.13676 0.370969
RRV131 con_0003.nii -53 -50 39 -0.860114 0.325396
RRV131 con_0003.nii 32 -59 41 0.472952 0.687788
RRV131 con_0003.nii -32 -58 46 -0.7868 0.69779
RRV131 con_0003.nii -6 49 1 -1.54414 0.54857
RRV131 con_0004.nii 9 3 -6 -0.00940581 0.634532
RRV131 con_0004.nii -9 3 -6 -0.362167 0.458269
RRV131 con_0004.nii -30 33 -18 0.456547 0.398097
RRV131 con_0004.nii 46 28 31 0.836894 0.21377
RRV131 con_0004.nii -44 27 33 0.257266 0.542113
RRV131 con_0004.nii 44 8 34 -0.190072 0.368669
RRV131 con_0004.nii -42 7 36 0.274313 0.444155
RRV131 con_0004.nii 54 -44 43 -0.00177744 0.199972
RRV131 con_0004.nii -53 -50 39 0.017963 0.282412
RRV131 con_0004.nii 32 -59 41 0.338123 0.287296
RRV131 con_0004.nii -32 -58 46 -0.171829 0.563858
RRV131 con_0004.nii -6 49 1 -0.16156 0.360602
RRV131 con_0005.nii 9 3 -6 0.589684 0.815698
RRV131 con_0005.nii -9 3 -6 1.04981 0.588327
RRV131 con_0005.nii -30 33 -18 0.15736 0.553732
RRV131 con_0005.nii 46 28 31 0.938852 0.204826
RRV131 con_0005.nii -44 27 33 1.27945 0.501238
RRV131 con_0005.nii 44 8 34 0.301906 0.230673
RRV131 con_0005.nii -42 7 36 0.975469 0.221386
RRV131 con_0005.nii 54 -44 43 0.411634 0.230825
RRV131 con_0005.nii -53 -50 39 0.232033 0.338557
RRV131 con_0005.nii 32 -59 41 1.26843 0.567744
RRV131 con_0005.nii -32 -58 46 1.25527 0.326732
RRV131 con_0005.nii -6 49 1 0.0599194 0.520986
RRV131 con_0006.nii 9 3 -6 0.580278 1.36617
RRV131 con_0006.nii -9 3 -6 0.687647 0.54808
RRV131 con_0006.nii -30 33 -18 0.613907 0.771239
RRV131 con_0006.nii 46 28 31 1.77575 0.346407
RRV131 con_0006.nii -44 27 33 1.53672 0.824213
RRV131 con_0006.nii 44 8 34 0.111834 0.417893
RRV131 con_0006.nii -42 7 36 1.24978 0.440766
RRV131 con_0006.nii 54 -44 43 0.409857 0.393398
RRV131 con_0006.nii -53 -50 39 0.249996 0.579296
RRV131 con_0006.nii 32 -59 41 1.60655 0.7992
RRV131 con_0006.nii -32 -58 46 1.08344 0.483725
RRV131 con_0006.nii -6 49 1 -0.10164 0.845797
RRV131 con_0007.nii 9 3 -6 -0.184985 0.584617
RRV131 con_0007.nii -9 3 -6 -0.196656 0.387596
RRV131 con_0007.nii -30 33 -18 0.218792 0.353199
RRV131 con_0007.nii 46 28 31 0.217284 0.232228
RRV131 con_0007.nii -44 27 33 -0.199804 0.459967
RRV131 con_0007.nii 44 8 34 0.181586 0.239018
RRV131 con_0007.nii -42 7 36 0.162637 0.367844
RRV131 con_0007.nii 54 -44 43 0.21094 0.240913
RRV131 con_0007.nii -53 -50 39 -0.361719 0.170467
RRV131 con_0007.nii 32 -59 41 0.656492 0.5298
RRV131 con_0007.nii -32 -58 46 1.26373 0.424236
RRV131 con_0007.nii -6 49 1 -1.1999 0.357239
RRV131 con_0008.nii 9 3 -6 0.410931 0.340489
RRV131 con_0008.nii -9 3 -6 0.545764 0.390122
RRV131 con_0008.nii -30 33 -18 -0.411206 0.367738
RRV131 con_0008.nii 46 28 31 0.741703 0.344545
RRV131 con_0008.nii -44 27 33 0.958428 0.553512
RRV131 con_0008.nii 44 8 34 0.400075 0.209042
RRV131 con_0008.nii -42 7 36 0.678498 0.434506
RRV131 con_0008.nii 54 -44 43 0.665445 0.219658
RRV131 con_0008.nii -53 -50 39 0.539335 0.111413
RRV131 con_0008.nii 32 -59 41 1.1592 0.471723
RRV131 con_0008.nii -32 -58 46 1.24204 0.47522
RRV131 con_0008.nii -6 49 1 -0.0794953 0.287664
RRV131 con_0009.nii 9 3 -6 0.225946 0.595955
RRV131 con_0009.nii -9 3 -6 0.349108 0.467316
RRV131 con_0009.nii -30 33 -18 -0.192414 0.546147
RRV131 con_0009.nii 46 28 31 0.958987 0.501345
RRV131 con_0009.nii -44 27 33 0.758623 0.551699
RRV131 con_0009.nii 44 8 34 0.581661 0.402157
RRV131 con_0009.nii -42 7 36 0.841135 0.66653
RRV131 con_0009.nii 54 -44 43 0.876385 0.367574
RRV131 con_0009.nii -53 -50 39 0.177616 0.213568
RRV131 con_0009.nii 32 -59 41 1.8157 0.973446
RRV131 con_0009.nii -32 -58 46 2.50577 0.685839
RRV131 con_0009.nii -6 49 1 -1.2794 0.391122
RRV131 con_0010.nii 9 3 -6 -0.018247 0.151107
RRV131 con_0010.nii -9 3 -6 -0.156565 0.301222
RRV131 con_0010.nii -30 33 -18 -0.178135 0.289419
RRV131 con_0010.nii 46 28 31 0.00271923 0.202524
RRV131 con_0010.nii -44 27 33 -0.328664 0.353868
RRV131 con_0010.nii 44 8 34 -0.671257 0.375296
RRV131 con_0010.nii -42 7 36 -0.0787475 0.301088
RRV131 con_0010.nii 54 -44 43 -0.153322 0.178724
RRV131 con_0010.nii -53 -50 39 -0.363249 0.148836
RRV131 con_0010.nii 32 -59 41 0.188722 0.322285
RRV131 con_0010.nii -32 -58 46 -0.00486661 0.107501
RRV131 con_0010.nii -6 49 1 -0.706195 0.352669
RRV131 con_0011.nii 9 3 -6 0.0355444 0.526398
RRV131 con_0011.nii -9 3 -6 0.230501 0.34845
RRV131 con_0011.nii -30 33 -18 -0.319441 0.272046
RRV131 con_0011.nii 46 28 31 0.84894 0.29929
RRV131 con_0011.nii -44 27 33 0.713922 0.328837
RRV131 con_0011.nii 44 8 34 0.334606 0.359275
RRV131 con_0011.nii -42 7 36 0.407711 0.196424
RRV131 con_0011.nii 54 -44 43 0.305263 0.213215
RRV131 con_0011.nii -53 -50 39 0.320476 0.319832
RRV131 con_0011.nii 32 -59 41 1.02279 0.582738
RRV131 con_0011.nii -32 -58 46 0.91015 0.356267
RRV131 con_0011.nii -6 49 1 -0.342359 0.256406
RRV131 con_0012.nii 9 3 -6 0.0172974 0.609951
RRV131 con_0012.nii -9 3 -6 0.073936 0.556282
RRV131 con_0012.nii -30 33 -18 -0.497576 0.422046
RRV131 con_0012.nii 46 28 31 0.851659 0.418116
RRV131 con_0012.nii -44 27 33 0.385258 0.616604
RRV131 con_0012.nii 44 8 34 -0.336651 0.51761
RRV131 con_0012.nii -42 7 36 0.328964 0.336637
RRV131 con_0012.nii 54 -44 43 0.151941 0.346058
RRV131 con_0012.nii -53 -50 39 -0.0427731 0.442672
RRV131 con_0012.nii 32 -59 41 1.21151 0.892558
RRV131 con_0012.nii -32 -58 46 0.905284 0.34095
RRV131 con_0012.nii -6 49 1 -1.04855 0.44208
RRV131 con_0013.nii 9 3 -6 -0.12659 0.475902
RRV131 con_0013.nii -9 3 -6 0.00854908 0.335895
RRV131 con_0013.nii -30 33 -18 -0.0383128 0.105353
RRV131 con_0013.nii 46 28 31 1.05553 0.161948
RRV131 con_0013.nii -44 27 33 0.833037 0.375507
RRV131 con_0013.nii 44 8 34 0.82771 0.229826
RRV131 con_0013.nii -42 7 36 0.832199 0.367795
RRV131 con_0013.nii 54 -44 43 0.425021 0.159307
RRV131 con_0013.nii -53 -50 39 0.0638676 0.214371
RRV131 con_0013.nii 32 -59 41 0.785896 0.313145
RRV131 con_0013.nii -32 -58 46 0.529048 0.164954
RRV131 con_0013.nii -6 49 1 -0.655129 0.241752
RRV131 con_0014.nii 9 3 -6 -0.0903759 0.240263
RRV131 con_0014.nii -9 3 -6 0.278076 0.350554
RRV131 con_0014.nii -30 33 -18 -0.372668 0.345537
RRV131 con_0014.nii 46 28 31 0.42761 0.385888
RRV131 con_0014.nii -44 27 33 0.916485 0.473557
RRV131 con_0014.nii 44 8 34 2.02955 0.715763
RRV131 con_0014.nii -42 7 36 1.24966 0.473276
RRV131 con_0014.nii 54 -44 43 -0.11224 0.121851
RRV131 con_0014.nii -53 -50 39 0.245144 0.204592
RRV131 con_0014.nii 32 -59 41 1.09735 0.644129
RRV131 con_0014.nii -32 -58 46 0.439389 0.404355
RRV131 con_0014.nii -6 49 1 -0.614433 0.293835
RRV131 con_0015.nii 9 3 -6 -0.216966 0.589328
RRV131 con_0015.nii -9 3 -6 0.286625 0.438931
RRV131 con_0015.nii -30 33 -18 -0.41098 0.340921
RRV131 con_0015.nii 46 28 31 1.48314 0.386603
RRV131 con_0015.nii -44 27 33 1.74952 0.730357
RRV131 con_0015.nii 44 8 34 2.85726 0.856146
RRV131 con_0015.nii -42 7 36 2.08186 0.715995
RRV131 con_0015.nii 54 -44 43 0.312782 0.207238
RRV131 con_0015.nii -53 -50 39 0.309011 0.379748
RRV131 con_0015.nii 32 -59 41 1.88325 0.919885
RRV131 con_0015.nii -32 -58 46 0.968437 0.495204
RRV131 con_0015.nii -6 49 1 -1.26956 0.22346
RRV131 con_0016.nii 9 3 -6 0.0172514 0.27725
RRV131 con_0016.nii -9 3 -6 -0.171869 0.449418
RRV131 con_0016.nii -30 33 -18 0.569337 0.346835
RRV131 con_0016.nii 46 28 31 0.343834 0.183259
RRV131 con_0016.nii -44 27 33 -0.118417 0.388567
RRV131 con_0016.nii 44 8 34 0.106169 0.141847
RRV131 con_0016.nii -42 7 36 0.347516 0.35484
RRV131 con_0016.nii 54 -44 43 -0.115628 0.175142
RRV131 con_0016.nii -53 -50 39 -0.279968 0.135668
RRV131 con_0016.nii 32 -59 41 0.386411 0.367527
RRV131 con_0016.nii -32 -58 46 0.13195 0.434541
RRV131 con_0016.nii -6 49 1 -0.574658 0.268925
RRV131 con_0017.nii 9 3 -6 0.128118 0.526909
RRV131 con_0017.nii -9 3 -6 0.358017 0.300483
RRV131 con_0017.nii -30 33 -18 -0.399087 0.446239
RRV131 con_0017.nii 46 28 31 0.421603 0.15652
RRV131 con_0017.nii -44 27 33 0.549057 0.259299
RRV131 con_0017.nii 44 8 34 0.156019 0.191258
RRV131 con_0017.nii -42 7 36 0.51054 0.238111
RRV131 con_0017.nii 54 -44 43 0.165456 0.167543
RRV131 con_0017.nii -53 -50 39 0.1358 0.206883
RRV131 con_0017.nii 32 -59 41 0.911989 0.389248
RRV131 con_0017.nii -32 -58 46 0.802186 0.267156
RRV131 con_0017.nii -6 49 1 -0.400401 0.349952
RRV131 con_0018.nii 9 3 -6 0.145369 0.673017
RRV131 con_0018.nii -9 3 -6 0.186149 0.383556
RRV131 con_0018.nii -30 33 -18 0.17025 0.5177
RRV131 con_0018.nii 46 28 31 0.765437 0.252561
RRV131 con_0018.nii -44 27 33 0.43064 0.511047
RRV131 con_0018.nii 44 8 34 0.262188 0.278945
RRV131 con_0018.nii -42 7 36 0.858055 0.502269
RRV131 con_0018.nii 54 -44 43 0.0498283 0.284947
RRV131 con_0018.nii -53 -50 39 -0.144167 0.263123
RRV131 con_0018.nii 32 -59 41 1.2984 0.742265
RRV131 con_0018.nii -32 -58 46 0.934136 0.455608
RRV131 con_0018.nii -6 49 1 -0.975059 0.515718
RRV131 con_0019.nii 9 3 -6 0.264392 0.669864
RRV131 con_0019.nii -9 3 -6 0.199782 0.927547
RRV131 con_0019.nii -30 33 -18 1.21081 0.446607
RRV131 con_0019.nii 46 28 31 -0.0253946 0.469436
RRV131 con_0019.nii -44 27 33 -0.0840482 0.317833
RRV131 con_0019.nii 44 8 34 0.998249 0.537882
RRV131 con_0019.nii -42 7 36 0.684345 0.572836
RRV131 con_0019.nii 54 -44 43 -0.402724 0.223598
RRV131 con_0019.nii -53 -50 39 -0.132898 0.206096
RRV131 con_0019.nii 32 -59 41 -0.0241037 0.34353
RRV131 con_0019.nii -32 -58 46 -0.691183 0.460933
RRV131 con_0019.nii -6 49 1 0.343684 0.252552
RRV131 con_0020.nii 9 3 -6 -0.651805 0.318713
RRV131 con_0020.nii -9 3 -6 -0.752027 0.400666
RRV131 con_0020.nii -30 33 -18 -0.623974 0.519643
RRV131 con_0020.nii 46 28 31 -1.26469 0.603563
RRV131 con_0020.nii -44 27 33 -1.30463 0.501199
RRV131 con_0020.nii 44 8 34 -0.56853 0.44802
RRV131 con_0020.nii -42 7 36 -0.53006 0.265343
RRV131 con_0020.nii 54 -44 43 -0.885974 0.301126
RRV131 con_0020.nii -53 -50 39 -0.684442 0.224456
RRV131 con_0020.nii 32 -59 41 -0.71446 0.36534
RRV131 con_0020.nii -32 -58 46 -1.0009 0.400723
RRV131 con_0020.nii -6 49 1 -0.839268 0.373942
RRV131 con_0021.nii 9 3 -6 -0.387413 0.687747
RRV131 con_0021.nii -9 3 -6 -0.552245 1.16804
RRV131 con_0021.nii -30 33 -18 0.586834 0.546802
RRV131 con_0021.nii 46 28 31 -1.29008 1.04163
RRV131 con_0021.nii -44 27 33 -1.38868 0.617931
RRV131 con_0021.nii 44 8 34 0.429718 0.388906
RRV131 con_0021.nii -42 7 36 0.154285 0.660555
RRV131 con_0021.nii 54 -44 43 -1.2887 0.266682
RRV131 con_0021.nii -53 -50 39 -0.817341 0.326389
RRV131 con_0021.nii 32 -59 41 -0.738563 0.522003
RRV131 con_0021.nii -32 -58 46 -1.69208 0.73355
RRV131 con_0021.nii -6 49 1 -0.495585 0.429126
RRV131 con_0022.nii 9 3 -6 0.00884122 0.581531
RRV131 con_0022.nii -9 3 -6 -0.205602 0.33789
RRV131 con_0022.nii -30 33 -18 0.634681 0.379566
RRV131 con_0022.nii 46 28 31 0.834175 0.145869
RRV131 con_0022.nii -44 27 33 0.58593 0.304755
RRV131 con_0022.nii 44 8 34 0.481185 0.194686
RRV131 con_0022.nii -42 7 36 0.353061 0.262538
RRV131 con_0022.nii 54 -44 43 0.151544 0.181533
RRV131 con_0022.nii -53 -50 39 0.381212 0.237882
RRV131 con_0022.nii 32 -59 41 0.149401 0.14313
RRV131 con_0022.nii -32 -58 46 -0.166963 0.491481
RRV131 con_0022.nii -6 49 1 0.544636 0.268023
RRV131 con_0023.nii 9 3 -6 0.554139 0.430717
RRV131 con_0023.nii -9 3 -6 0.819314 0.588944
RRV131 con_0023.nii -30 33 -18 0.476801 0.609962
RRV131 con_0023.nii 46 28 31 0.0899122 0.196724
RRV131 con_0023.nii -44 27 33 0.565532 0.444322
RRV131 con_0023.nii 44 8 34 -0.0327005 0.314056
RRV131 con_0023.nii -42 7 36 0.567758 0.188496
RRV131 con_0023.nii 54 -44 43 0.106372 0.30398
RRV131 con_0023.nii -53 -50 39 -0.0884425 0.350886
RRV131 con_0023.nii 32 -59 41 0.245638 0.429277
RRV131 con_0023.nii -32 -58 46 0.345115 0.336607
RRV131 con_0023.nii -6 49 1 0.402278 0.497261
RRV131 con_0024.nii 9 3 -6 0.56298 0.884932
RRV131 con_0024.nii -9 3 -6 0.613711 0.459964
RRV131 con_0024.nii -30 33 -18 1.11148 0.921847
RRV131 con_0024.nii 46 28 31 0.924087 0.27658
RRV131 con_0024.nii -44 27 33 1.15146 0.631203
RRV131 con_0024.nii 44 8 34 0.448485 0.441645
RRV131 con_0024.nii -42 7 36 0.920818 0.34303
RRV131 con_0024.nii 54 -44 43 0.257916 0.430561
RRV131 con_0024.nii -53 -50 39 0.292769 0.540145
RRV131 con_0024.nii 32 -59 41 0.395039 0.521502
RRV131 con_0024.nii -32 -58 46 0.178153 0.351937
RRV131 con_0024.nii -6 49 1 0.946914 0.605409
RRV131 con_0025.nii 9 3 -6 -0.166738 0.523913
RRV131 con_0025.nii -9 3 -6 -0.0400911 0.41593
RRV131 con_0025.nii -30 33 -18 0.396927 0.218091
RRV131 con_0025.nii 46 28 31 0.214565 0.176479
RRV131 con_0025.nii -44 27 33 0.128859 0.183253
RRV131 con_0025.nii 44 8 34 0.852843 0.389036
RRV131 con_0025.nii -42 7 36 0.241384 0.294621
RRV131 con_0025.nii 54 -44 43 0.364261 0.267601
RRV131 con_0025.nii -53 -50 39 0.00152994 0.202538
RRV131 con_0025.nii 32 -59 41 0.467769 0.288001
RRV131 con_0025.nii -32 -58 46 1.26859 0.386642
RRV131 con_0025.nii -6 49 1 -0.493707 0.357073
RRV131 con_0026.nii 9 3 -6 0.375386 0.482774
RRV131 con_0026.nii -9 3 -6 0.315263 0.346052
RRV131 con_0026.nii -30 33 -18 -0.0917651 0.281624
RRV131 con_0026.nii 46 28 31 -0.107237 0.0997778
RRV131 con_0026.nii -44 27 33 0.244506 0.585076
RRV131 con_0026.nii 44 8 34 0.0654693 0.352812
RRV131 con_0026.nii -42 7 36 0.270787 0.469724
RRV131 con_0026.nii 54 -44 43 0.360183 0.296539
RRV131 con_0026.nii -53 -50 39 0.218859 0.301329
RRV131 con_0026.nii 32 -59 41 0.136412 0.227641
RRV131 con_0026.nii -32 -58 46 0.331893 0.30192
RRV131 con_0026.nii -6 49 1 0.262864 0.212867
RRV131 con_0027.nii 9 3 -6 0.208648 0.336511
RRV131 con_0027.nii -9 3 -6 0.275172 0.606027
RRV131 con_0027.nii -30 33 -18 0.305162 0.380419
RRV131 con_0027.nii 46 28 31 0.107328 0.237752
RRV131 con_0027.nii -44 27 33 0.373366 0.521354
RRV131 con_0027.nii 44 8 34 0.918312 0.530166
RRV131 con_0027.nii -42 7 36 0.512171 0.461341
RRV131 con_0027.nii 54 -44 43 0.724444 0.487904
RRV131 con_0027.nii -53 -50 39 0.220389 0.451606
RRV131 con_0027.nii 32 -59 41 0.604181 0.324187
RRV131 con_0027.nii -32 -58 46 1.60049 0.441068
RRV131 con_0027.nii -6 49 1 -0.230843 0.35366
RRV131 con_0028.nii 9 3 -6 0.0354984 0.238544
RRV131 con_0028.nii -9 3 -6 -0.015304 0.420211
RRV131 con_0028.nii -30 33 -18 0.747472 0.285998
RRV131 con_0028.nii 46 28 31 0.341115 0.140717
RRV131 con_0028.nii -44 27 33 0.210247 0.144703
RRV131 con_0028.nii 44 8 34 0.777426 0.304636
RRV131 con_0028.nii -42 7 36 0.426263 0.265004
RRV131 con_0028.nii 54 -44 43 0.0376939 0.129243
RRV131 con_0028.nii -53 -50 39 0.0832811 0.130928
RRV131 con_0028.nii 32 -59 41 0.197689 0.144814
RRV131 con_0028.nii -32 -58 46 0.136816 0.3664
RRV131 con_0028.nii -6 49 1 0.131538 0.19471
RRV131 con_0029.nii 9 3 -6 0.0925736 0.134041
RRV131 con_0029.nii -9 3 -6 0.127517 0.275993
RRV131 con_0029.nii -30 33 -18 -0.0796461 0.426014
RRV131 con_0029.nii 46 28 31 -0.427337 0.236455
RRV131 con_0029.nii -44 27 33 -0.164865 0.212495
RRV131 con_0029.nii 44 8 34 -0.178587 0.338005
RRV131 con_0029.nii -42 7 36 0.102828 0.262459
RRV131 con_0029.nii 54 -44 43 -0.139807 0.273015
RRV131 con_0029.nii -53 -50 39 -0.184675 0.240192
RRV131 con_0029.nii 32 -59 41 -0.110803 0.244635
RRV131 con_0029.nii -32 -58 46 -0.107964 0.248529
RRV131 con_0029.nii -6 49 1 -0.0580423 0.309337
RRV131 con_0030.nii 9 3 -6 0.128072 0.251682
RRV131 con_0030.nii -9 3 -6 0.112213 0.438438
RRV131 con_0030.nii -30 33 -18 0.667826 0.567867
RRV131 con_0030.nii 46 28 31 -0.0862225 0.357697
RRV131 con_0030.nii -44 27 33 0.0453824 0.273761
RRV131 con_0030.nii 44 8 34 0.598838 0.38641
RRV131 con_0030.nii -42 7 36 0.529092 0.383533
RRV131 con_0030.nii 54 -44 43 -0.102113 0.32179
RRV131 con_0030.nii -53 -50 39 -0.101394 0.328054
RRV131 con_0030.nii 32 -59 41 0.0868856 0.284634
RRV131 con_0030.nii -32 -58 46 0.0288523 0.309815
RRV131 con_0030.nii -6 49 1 0.0734954 0.318519
RRV131 con_0031.nii 9 3 -6 -0.108343 0.424394
RRV131 con_0031.nii -9 3 -6 0.165114 0.152465
RRV131 con_0031.nii -30 33 -18 0.139822 0.243759
RRV131 con_0031.nii 46 28 31 1.05281 0.180131
RRV131 con_0031.nii -44 27 33 1.1617 0.414118
RRV131 con_0031.nii 44 8 34 1.49897 0.495006
RRV131 con_0031.nii -42 7 36 0.910947 0.360117
RRV131 con_0031.nii 54 -44 43 0.578343 0.205567
RRV131 con_0031.nii -53 -50 39 0.427116 0.184324
RRV131 con_0031.nii 32 -59 41 0.597174 0.27877
RRV131 con_0031.nii -32 -58 46 0.533915 0.199495
RRV131 con_0031.nii -6 49 1 0.0510661 0.342988
RRV131 con_0032.nii 9 3 -6 -0.12592 0.491079
RRV131 con_0032.nii -9 3 -6 0.0475754 0.40513
RRV131 con_0032.nii -30 33 -18 -0.0532267 0.314528
RRV131 con_0032.nii 46 28 31 -0.42133 0.60491
RRV131 con_0032.nii -44 27 33 0.202563 0.49237
RRV131 con_0032.nii 44 8 34 1.69494 0.566056
RRV131 con_0032.nii -42 7 36 0.841952 0.395192
RRV131 con_0032.nii 54 -44 43 -0.417502 0.204707
RRV131 con_0032.nii -53 -50 39 -0.0753318 0.355011
RRV131 con_0032.nii 32 -59 41 0.0745622 0.56304
RRV131 con_0032.nii -32 -58 46 -0.470762 0.452558
RRV131 con_0032.nii -6 49 1 -0.272074 0.253833
RRV131 con_0033.nii 9 3 -6 -0.234263 0.551518
RRV131 con_0033.nii -9 3 -6 0.212689 0.43064
RRV131 con_0033.nii -30 33 -18 0.0865953 0.530835
RRV131 con_0033.nii 46 28 31 0.631477 0.658165
RRV131 con_0033.nii -44 27 33 1.36426 0.847509
RRV131 con_0033.nii 44 8 34 3.19391 0.985091
RRV131 con_0033.nii -42 7 36 1.7529 0.734985
RRV131 con_0033.nii 54 -44 43 0.160841 0.320468
RRV131 con_0033.nii -53 -50 39 0.351784 0.46324
RRV131 con_0033.nii 32 -59 41 0.671736 0.788819
RRV131 con_0033.nii -32 -58 46 0.0631533 0.410177
RRV131 con_0033.nii -6 49 1 -0.221008 0.485837
