RRV154 con_0001.nii 9 3 -6 1.00681 0.634948
RRV154 con_0001.nii -9 3 -6 0.214186 0.281744
RRV154 con_0001.nii -30 33 -18 0.168711 0.407309
RRV154 con_0001.nii 46 28 31 0.316821 0.293549
RRV154 con_0001.nii -44 27 33 0.570905 0.210899
RRV154 con_0001.nii 44 8 34 0.942088 0.441351
RRV154 con_0001.nii -42 7 36 0.40794 0.208717
RRV154 con_0001.nii 54 -44 43 0.591974 0.290887
RRV154 con_0001.nii -53 -50 39 0.0724517 0.225332
RRV154 con_0001.nii 32 -59 41 0.359136 0.416737
RRV154 con_0001.nii -32 -58 46 0.325308 0.571744
RRV154 con_0001.nii -6 49 1 1.05887 0.432724
RRV154 con_0002.nii 9 3 -6 -0.0638797 0.399181
RRV154 con_0002.nii -9 3 -6 0.251046 0.402468
RRV154 con_0002.nii -30 33 -18 0.0993515 0.124242
RRV154 con_0002.nii 46 28 31 0.192641 0.227662
RRV154 con_0002.nii -44 27 33 0.330155 0.172685
RRV154 con_0002.nii 44 8 34 0.924074 0.265706
RRV154 con_0002.nii -42 7 36 0.120731 0.138703
RRV154 con_0002.nii 54 -44 43 0.277367 0.191744
RRV154 con_0002.nii -53 -50 39 0.0586804 0.109545
RRV154 con_0002.nii 32 -59 41 0.469766 0.209443
RRV154 con_0002.nii -32 -58 46 0.524671 0.285457
RRV154 con_0002.nii -6 49 1 0.178602 0.30084
RRV154 con_0003.nii 9 3 -6 0.942934 0.487007
RRV154 con_0003.nii -9 3 -6 0.465232 0.515089
RRV154 con_0003.nii -30 33 -18 0.268063 0.386369
RRV154 con_0003.nii 46 28 31 0.509462 0.386984
RRV154 con_0003.nii -44 27 33 0.90106 0.338309
RRV154 con_0003.nii 44 8 34 1.86616 0.65257
RRV154 con_0003.nii -42 7 36 0.528671 0.324193
RRV154 con_0003.nii 54 -44 43 0.86934 0.334395
RRV154 con_0003.nii -53 -50 39 0.131132 0.242017
RRV154 con_0003.nii 32 -59 41 0.828902 0.573968
RRV154 con_0003.nii -32 -58 46 0.849979 0.762878
RRV154 con_0003.nii -6 49 1 1.23747 0.641974
RRV154 con_0004.nii 9 3 -6 0.333734 0.570972
RRV154 con_0004.nii -9 3 -6 -0.256583 0.512783
RRV154 con_0004.nii -30 33 -18 -0.0143812 0.25619
RRV154 con_0004.nii 46 28 31 -0.691971 0.519621
RRV154 con_0004.nii -44 27 33 0.0312968 0.633838
RRV154 con_0004.nii 44 8 34 0.584586 0.282432
RRV154 con_0004.nii -42 7 36 0.292147 0.374685
RRV154 con_0004.nii 54 -44 43 -0.411563 0.462291
RRV154 con_0004.nii -53 -50 39 0.00235847 0.208222
RRV154 con_0004.nii 32 -59 41 0.453714 0.525325
RRV154 con_0004.nii -32 -58 46 0.965283 0.657526
RRV154 con_0004.nii -6 49 1 -0.0875874 0.367983
RRV154 con_0005.nii 9 3 -6 -0.545241 0.836347
RRV154 con_0005.nii -9 3 -6 0.652178 0.624533
RRV154 con_0005.nii -30 33 -18 0.201277 0.231025
RRV154 con_0005.nii 46 28 31 0.830085 0.323986
RRV154 con_0005.nii -44 27 33 1.06197 0.534758
RRV154 con_0005.nii 44 8 34 1.03028 0.419845
RRV154 con_0005.nii -42 7 36 0.384073 0.174349
RRV154 con_0005.nii 54 -44 43 0.243704 0.283273
RRV154 con_0005.nii -53 -50 39 0.119314 0.216085
RRV154 con_0005.nii 32 -59 41 0.437211 0.243257
RRV154 con_0005.nii -32 -58 46 0.594991 0.35931
RRV154 con_0005.nii -6 49 1 0.433898 0.613896
RRV154 con_0006.nii 9 3 -6 -0.211507 0.856018
RRV154 con_0006.nii -9 3 -6 0.395595 0.725142
RRV154 con_0006.nii -30 33 -18 0.186896 0.253712
RRV154 con_0006.nii 46 28 31 0.138114 0.604074
RRV154 con_0006.nii -44 27 33 1.09327 0.686928
RRV154 con_0006.nii 44 8 34 1.61486 0.656883
RRV154 con_0006.nii -42 7 36 0.67622 0.415342
RRV154 con_0006.nii 54 -44 43 -0.167859 0.521694
RRV154 con_0006.nii -53 -50 39 0.121673 0.175849
RRV154 con_0006.nii 32 -59 41 0.890925 0.722685
RRV154 con_0006.nii -32 -58 46 1.56027 0.903842
RRV154 con_0006.nii -6 49 1 0.346311 0.870948
RRV154 con_0007.nii 9 3 -6 0.594343 0.497887
RRV154 con_0007.nii -9 3 -6 -0.0269413 0.454286
RRV154 con_0007.nii -30 33 -18 0.0332263 0.146614
RRV154 con_0007.nii 46 28 31 -0.0171912 0.148954
RRV154 con_0007.nii -44 27 33 0.689926 0.387141
RRV154 con_0007.nii 44 8 34 0.735089 0.38234
RRV154 con_0007.nii -42 7 36 0.680484 0.473317
RRV154 con_0007.nii 54 -44 43 0.936209 0.369035
RRV154 con_0007.nii -53 -50 39 0.447601 0.362082
RRV154 con_0007.nii 32 -59 41 0.763031 0.303541
RRV154 con_0007.nii -32 -58 46 1.26727 0.277789
RRV154 con_0007.nii -6 49 1 0.869256 0.388016
RRV154 con_0008.nii 9 3 -6 -0.446089 0.708907
RRV154 con_0008.nii -9 3 -6 0.173051 0.266175
RRV154 con_0008.nii -30 33 -18 0.422211 0.44426
RRV154 con_0008.nii 46 28 31 -0.0784763 0.195813
RRV154 con_0008.nii -44 27 33 0.911906 0.370182
RRV154 con_0008.nii 44 8 34 0.351572 0.273034
RRV154 con_0008.nii -42 7 36 -0.206528 0.627233
RRV154 con_0008.nii 54 -44 43 0.186748 0.124606
RRV154 con_0008.nii -53 -50 39 0.0929918 0.160044
RRV154 con_0008.nii 32 -59 41 0.0786277 0.212101
RRV154 con_0008.nii -32 -58 46 0.660377 0.351819
RRV154 con_0008.nii -6 49 1 0.570403 0.590016
RRV154 con_0009.nii 9 3 -6 0.148254 0.48638
RRV154 con_0009.nii -9 3 -6 0.14611 0.500735
RRV154 con_0009.nii -30 33 -18 0.455437 0.561884
RRV154 con_0009.nii 46 28 31 -0.0956675 0.250777
RRV154 con_0009.nii -44 27 33 1.60183 0.647921
RRV154 con_0009.nii 44 8 34 1.08666 0.459517
RRV154 con_0009.nii -42 7 36 0.473957 0.515911
RRV154 con_0009.nii 54 -44 43 1.12296 0.436897
RRV154 con_0009.nii -53 -50 39 0.540593 0.448782
RRV154 con_0009.nii 32 -59 41 0.841658 0.476043
RRV154 con_0009.nii -32 -58 46 1.92765 0.496904
RRV154 con_0009.nii -6 49 1 1.43966 0.897612
RRV154 con_0010.nii 9 3 -6 0.146474 0.269578
RRV154 con_0010.nii -9 3 -6 0.0949636 0.155026
RRV154 con_0010.nii -30 33 -18 -0.176389 0.188403
RRV154 con_0010.nii 46 28 31 -0.112899 0.395493
RRV154 con_0010.nii -44 27 33 -0.167227 0.194171
RRV154 con_0010.nii 44 8 34 0.689569 0.278317
RRV154 con_0010.nii -42 7 36 0.270725 0.271808
RRV154 con_0010.nii 54 -44 43 0.306658 0.223095
RRV154 con_0010.nii -53 -50 39 -0.0784951 0.139927
RRV154 con_0010.nii 32 -59 41 0.457668 0.291683
RRV154 con_0010.nii -32 -58 46 0.578747 0.204291
RRV154 con_0010.nii -6 49 1 -0.618488 0.359694
RRV154 con_0011.nii 9 3 -6 0.605549 0.240607
RRV154 con_0011.nii -9 3 -6 0.532095 0.431783
RRV154 con_0011.nii -30 33 -18 0.265523 0.167197
RRV154 con_0011.nii 46 28 31 0.28575 0.3568
RRV154 con_0011.nii -44 27 33 0.404348 0.262307
RRV154 con_0011.nii 44 8 34 0.62044 0.204029
RRV154 con_0011.nii -42 7 36 0.096919 0.274922
RRV154 con_0011.nii 54 -44 43 0.199423 0.293265
RRV154 con_0011.nii -53 -50 39 0.28289 0.233448
RRV154 con_0011.nii 32 -59 41 -0.283521 0.196088
RRV154 con_0011.nii -32 -58 46 1.02982 0.386926
RRV154 con_0011.nii -6 49 1 -0.0899877 0.427522
RRV154 con_0012.nii 9 3 -6 0.752024 0.249115
RRV154 con_0012.nii -9 3 -6 0.627059 0.506863
RRV154 con_0012.nii -30 33 -18 0.0891345 0.293284
RRV154 con_0012.nii 46 28 31 0.172851 0.720855
RRV154 con_0012.nii -44 27 33 0.237121 0.333674
RRV154 con_0012.nii 44 8 34 1.31001 0.454702
RRV154 con_0012.nii -42 7 36 0.367644 0.349314
RRV154 con_0012.nii 54 -44 43 0.506081 0.478988
RRV154 con_0012.nii -53 -50 39 0.204395 0.251417
RRV154 con_0012.nii 32 -59 41 0.174147 0.424951
RRV154 con_0012.nii -32 -58 46 1.60857 0.541887
RRV154 con_0012.nii -6 49 1 -0.708476 0.682781
RRV154 con_0013.nii 9 3 -6 0.225115 0.44892
RRV154 con_0013.nii -9 3 -6 -0.0977338 0.584013
RRV154 con_0013.nii -30 33 -18 -0.199712 0.401655
RRV154 con_0013.nii 46 28 31 0.150038 0.456283
RRV154 con_0013.nii -44 27 33 -0.164683 0.426751
RRV154 con_0013.nii 44 8 34 1.04976 0.442718
RRV154 con_0013.nii -42 7 36 0.0383777 0.286879
RRV154 con_0013.nii 54 -44 43 0.356321 0.366629
RRV154 con_0013.nii -53 -50 39 -0.0784039 0.158077
RRV154 con_0013.nii 32 -59 41 0.392103 0.29569
RRV154 con_0013.nii -32 -58 46 0.773781 0.120148
RRV154 con_0013.nii -6 49 1 -0.424639 0.478783
RRV154 con_0014.nii 9 3 -6 -0.0545532 0.532717
RRV154 con_0014.nii -9 3 -6 0.356401 0.23669
RRV154 con_0014.nii -30 33 -18 0.0692364 0.178721
RRV154 con_0014.nii 46 28 31 -0.0221038 0.714482
RRV154 con_0014.nii -44 27 33 -0.851438 0.522924
RRV154 con_0014.nii 44 8 34 1.0286 0.364036
RRV154 con_0014.nii -42 7 36 -0.278039 0.435942
RRV154 con_0014.nii 54 -44 43 -0.887812 0.202286
RRV154 con_0014.nii -53 -50 39 -0.513719 0.284075
RRV154 con_0014.nii 32 -59 41 -0.142243 0.233499
RRV154 con_0014.nii -32 -58 46 0.355865 0.265396
RRV154 con_0014.nii -6 49 1 -1.09477 0.730607
RRV154 con_0015.nii 9 3 -6 0.170562 0.468272
RRV154 con_0015.nii -9 3 -6 0.258667 0.686546
RRV154 con_0015.nii -30 33 -18 -0.130476 0.526755
RRV154 con_0015.nii 46 28 31 0.127934 1.13477
RRV154 con_0015.nii -44 27 33 -1.01612 0.810035
RRV154 con_0015.nii 44 8 34 2.07836 0.786566
RRV154 con_0015.nii -42 7 36 -0.239662 0.581938
RRV154 con_0015.nii 54 -44 43 -0.531491 0.456793
RRV154 con_0015.nii -53 -50 39 -0.592123 0.378067
RRV154 con_0015.nii 32 -59 41 0.24986 0.509611
RRV154 con_0015.nii -32 -58 46 1.12965 0.333425
RRV154 con_0015.nii -6 49 1 -1.5194 1.09056
RRV154 con_0016.nii 9 3 -6 0.644964 0.504604
RRV154 con_0016.nii -9 3 -6 -0.0231129 0.3128
RRV154 con_0016.nii -30 33 -18 0.0625187 0.200647
RRV154 con_0016.nii 46 28 31 -0.130781 0.19046
RRV154 con_0016.nii -44 27 33 0.430709 0.354554
RRV154 con_0016.nii 44 8 34 0.753921 0.347693
RRV154 con_0016.nii -42 7 36 0.460191 0.320724
RRV154 con_0016.nii 54 -44 43 0.372207 0.331996
RRV154 con_0016.nii -53 -50 39 0.174137 0.178859
RRV154 con_0016.nii 32 -59 41 0.525294 0.389104
RRV154 con_0016.nii -32 -58 46 0.852622 0.462011
RRV154 con_0016.nii -6 49 1 0.613512 0.293522
RRV154 con_0017.nii 9 3 -6 -0.351737 0.626691
RRV154 con_0017.nii -9 3 -6 0.358758 0.389956
RRV154 con_0017.nii -30 33 -18 0.240947 0.175686
RRV154 con_0017.nii 46 28 31 0.31475 0.185457
RRV154 con_0017.nii -44 27 33 0.768011 0.322291
RRV154 con_0017.nii 44 8 34 0.768641 0.242454
RRV154 con_0017.nii -42 7 36 0.0994255 0.243116
RRV154 con_0017.nii 54 -44 43 0.23594 0.164355
RRV154 con_0017.nii -53 -50 39 0.0903288 0.130193
RRV154 con_0017.nii 32 -59 41 0.328535 0.192234
RRV154 con_0017.nii -32 -58 46 0.593346 0.263939
RRV154 con_0017.nii -6 49 1 0.394301 0.418805
RRV154 con_0018.nii 9 3 -6 0.293227 0.472202
RRV154 con_0018.nii -9 3 -6 0.335646 0.472765
RRV154 con_0018.nii -30 33 -18 0.303465 0.305321
RRV154 con_0018.nii 46 28 31 0.183969 0.326234
RRV154 con_0018.nii -44 27 33 1.19872 0.512517
RRV154 con_0018.nii 44 8 34 1.52256 0.557917
RRV154 con_0018.nii -42 7 36 0.559616 0.312914
RRV154 con_0018.nii 54 -44 43 0.608146 0.384095
RRV154 con_0018.nii -53 -50 39 0.264466 0.178623
RRV154 con_0018.nii 32 -59 41 0.853829 0.565274
RRV154 con_0018.nii -32 -58 46 1.44597 0.681398
RRV154 con_0018.nii -6 49 1 1.00781 0.685112
RRV154 con_0019.nii 9 3 -6 0.860339 0.46801
RRV154 con_0019.nii -9 3 -6 0.119222 0.30461
RRV154 con_0019.nii -30 33 -18 0.3451 0.55557
RRV154 con_0019.nii 46 28 31 0.42972 0.444035
RRV154 con_0019.nii -44 27 33 0.738132 0.281029
RRV154 con_0019.nii 44 8 34 0.252519 0.36801
RRV154 con_0019.nii -42 7 36 0.137215 0.20982
RRV154 con_0019.nii 54 -44 43 0.285316 0.197575
RRV154 con_0019.nii -53 -50 39 0.150947 0.248553
RRV154 con_0019.nii 32 -59 41 -0.098532 0.272883
RRV154 con_0019.nii -32 -58 46 -0.253439 0.428336
RRV154 con_0019.nii -6 49 1 1.67735 0.61408
RRV154 con_0020.nii 9 3 -6 -0.669429 0.39393
RRV154 con_0020.nii -9 3 -6 -0.281049 0.168767
RRV154 con_0020.nii -30 33 -18 -0.166172 0.108434
RRV154 con_0020.nii 46 28 31 -0.0931088 0.233259
RRV154 con_0020.nii -44 27 33 -0.0741932 0.161123
RRV154 con_0020.nii 44 8 34 0.303634 0.251278
RRV154 con_0020.nii -42 7 36 0.0238118 0.258591
RRV154 con_0020.nii 54 -44 43 0.0779433 0.305317
RRV154 con_0020.nii -53 -50 39 -0.224209 0.225766
RRV154 con_0020.nii 32 -59 41 0.753287 0.193123
RRV154 con_0020.nii -32 -58 46 -0.505152 0.299793
RRV154 con_0020.nii -6 49 1 0.26859 0.287236
RRV154 con_0021.nii 9 3 -6 0.19091 0.49701
RRV154 con_0021.nii -9 3 -6 -0.161827 0.382636
RRV154 con_0021.nii -30 33 -18 0.178928 0.595471
RRV154 con_0021.nii 46 28 31 0.336611 0.617398
RRV154 con_0021.nii -44 27 33 0.663939 0.271825
RRV154 con_0021.nii 44 8 34 0.556154 0.572154
RRV154 con_0021.nii -42 7 36 0.161027 0.259227
RRV154 con_0021.nii 54 -44 43 0.363259 0.322232
RRV154 con_0021.nii -53 -50 39 -0.0732625 0.306297
RRV154 con_0021.nii 32 -59 41 0.654755 0.250957
RRV154 con_0021.nii -32 -58 46 -0.758591 0.607677
RRV154 con_0021.nii -6 49 1 1.94594 0.677851
RRV154 con_0022.nii 9 3 -6 0.18726 0.401167
RRV154 con_0022.nii -9 3 -6 -0.351547 0.462868
RRV154 con_0022.nii -30 33 -18 0.162007 0.2878
RRV154 con_0022.nii 46 28 31 -0.579072 0.398077
RRV154 con_0022.nii -44 27 33 0.198524 0.486583
RRV154 con_0022.nii 44 8 34 -0.104983 0.274569
RRV154 con_0022.nii -42 7 36 0.0214218 0.317608
RRV154 con_0022.nii 54 -44 43 -0.71822 0.328664
RRV154 con_0022.nii -53 -50 39 0.0808536 0.178641
RRV154 con_0022.nii 32 -59 41 -0.00395433 0.337472
RRV154 con_0022.nii -32 -58 46 0.386536 0.513612
RRV154 con_0022.nii -6 49 1 0.530901 0.22408
RRV154 con_0023.nii 9 3 -6 -1.15079 0.806457
RRV154 con_0023.nii -9 3 -6 0.120083 0.566868
RRV154 con_0023.nii -30 33 -18 -0.064246 0.143983
RRV154 con_0023.nii 46 28 31 0.544336 0.374585
RRV154 con_0023.nii -44 27 33 0.657622 0.301088
RRV154 con_0023.nii 44 8 34 0.409837 0.319599
RRV154 con_0023.nii -42 7 36 0.287154 0.187525
RRV154 con_0023.nii 54 -44 43 0.0442809 0.207186
RRV154 con_0023.nii -53 -50 39 -0.163576 0.244386
RRV154 con_0023.nii 32 -59 41 0.720732 0.205072
RRV154 con_0023.nii -32 -58 46 -0.434833 0.462279
RRV154 con_0023.nii -6 49 1 0.523886 0.260594
RRV154 con_0024.nii 9 3 -6 -0.963531 0.899215
RRV154 con_0024.nii -9 3 -6 -0.231464 0.477505
RRV154 con_0024.nii -30 33 -18 0.0977614 0.289197
RRV154 con_0024.nii 46 28 31 -0.0347365 0.311154
RRV154 con_0024.nii -44 27 33 0.856146 0.465532
RRV154 con_0024.nii 44 8 34 0.304854 0.462716
RRV154 con_0024.nii -42 7 36 0.308576 0.226642
RRV154 con_0024.nii 54 -44 43 -0.673939 0.257219
RRV154 con_0024.nii -53 -50 39 -0.082722 0.223533
RRV154 con_0024.nii 32 -59 41 0.716778 0.410388
RRV154 con_0024.nii -32 -58 46 -0.0482962 0.735952
RRV154 con_0024.nii -6 49 1 1.05479 0.371792
RRV154 con_0025.nii 9 3 -6 0.447869 0.348617
RRV154 con_0025.nii -9 3 -6 -0.121905 0.444542
RRV154 con_0025.nii -30 33 -18 0.209615 0.302652
RRV154 con_0025.nii 46 28 31 0.0957078 0.339092
RRV154 con_0025.nii -44 27 33 0.857153 0.322425
RRV154 con_0025.nii 44 8 34 0.0455201 0.269281
RRV154 con_0025.nii -42 7 36 0.409759 0.310152
RRV154 con_0025.nii 54 -44 43 0.629552 0.191097
RRV154 con_0025.nii -53 -50 39 0.526096 0.243081
RRV154 con_0025.nii 32 -59 41 0.305362 0.163398
RRV154 con_0025.nii -32 -58 46 0.688527 0.243981
RRV154 con_0025.nii -6 49 1 1.48774 0.548493
RRV154 con_0026.nii 9 3 -6 -1.05164 0.755791
RRV154 con_0026.nii -9 3 -6 -0.359044 0.370876
RRV154 con_0026.nii -30 33 -18 0.156688 0.495983
RRV154 con_0026.nii 46 28 31 -0.364226 0.461254
RRV154 con_0026.nii -44 27 33 0.507558 0.297534
RRV154 con_0026.nii 44 8 34 -0.268868 0.373041
RRV154 con_0026.nii -42 7 36 -0.303447 0.572446
RRV154 con_0026.nii 54 -44 43 -0.0126755 0.264035
RRV154 con_0026.nii -53 -50 39 -0.189898 0.281154
RRV154 con_0026.nii 32 -59 41 0.362149 0.147709
RRV154 con_0026.nii -32 -58 46 -0.369447 0.329576
RRV154 con_0026.nii -6 49 1 0.660391 0.589525
RRV154 con_0027.nii 9 3 -6 -0.60377 0.560643
RRV154 con_0027.nii -9 3 -6 -0.480948 0.522169
RRV154 con_0027.nii -30 33 -18 0.366303 0.77785
RRV154 con_0027.nii 46 28 31 -0.268518 0.712873
RRV154 con_0027.nii -44 27 33 1.36471 0.569955
RRV154 con_0027.nii 44 8 34 -0.223347 0.507086
RRV154 con_0027.nii -42 7 36 0.106313 0.577094
RRV154 con_0027.nii 54 -44 43 0.616876 0.239555
RRV154 con_0027.nii -53 -50 39 0.336198 0.465189
RRV154 con_0027.nii 32 -59 41 0.667512 0.227074
RRV154 con_0027.nii -32 -58 46 0.319081 0.435638
RRV154 con_0027.nii -6 49 1 2.14813 1.01925
RRV154 con_0028.nii 9 3 -6 0.498489 0.310009
RRV154 con_0028.nii -9 3 -6 -0.118076 0.288375
RRV154 con_0028.nii -30 33 -18 0.238907 0.341972
RRV154 con_0028.nii 46 28 31 -0.0178816 0.258893
RRV154 con_0028.nii -44 27 33 0.597936 0.258661
RRV154 con_0028.nii 44 8 34 0.0643521 0.274021
RRV154 con_0028.nii -42 7 36 0.189465 0.217336
RRV154 con_0028.nii 54 -44 43 0.065549 0.163018
RRV154 con_0028.nii -53 -50 39 0.252632 0.0885386
RRV154 con_0028.nii 32 -59 41 0.0676253 0.206142
RRV154 con_0028.nii -32 -58 46 0.273875 0.32185
RRV154 con_0028.nii -6 49 1 1.232 0.413682
RRV154 con_0029.nii 9 3 -6 -0.957286 0.630774
RRV154 con_0029.nii -9 3 -6 -0.173336 0.326954
RRV154 con_0029.nii -30 33 -18 -0.0245765 0.187002
RRV154 con_0029.nii 46 28 31 0.0290004 0.324306
RRV154 con_0029.nii -44 27 33 0.363662 0.145984
RRV154 con_0029.nii 44 8 34 0.148201 0.23049
RRV154 con_0029.nii -42 7 36 0.00250645 0.2338
RRV154 con_0029.nii 54 -44 43 0.0365163 0.226833
RRV154 con_0029.nii -53 -50 39 -0.192561 0.228244
RRV154 con_0029.nii 32 -59 41 0.612056 0.146065
RRV154 con_0029.nii -32 -58 46 -0.436477 0.309205
RRV154 con_0029.nii -6 49 1 0.484289 0.263726
RRV154 con_0030.nii 9 3 -6 -0.458797 0.526733
RRV154 con_0030.nii -9 3 -6 -0.291413 0.30316
RRV154 con_0030.nii -30 33 -18 0.214331 0.514318
RRV154 con_0030.nii 46 28 31 0.0111188 0.492585
RRV154 con_0030.nii -44 27 33 0.961599 0.363938
RRV154 con_0030.nii 44 8 34 0.212553 0.470431
RRV154 con_0030.nii -42 7 36 0.191972 0.259212
RRV154 con_0030.nii 54 -44 43 0.102065 0.178049
RRV154 con_0030.nii -53 -50 39 0.0600712 0.234524
RRV154 con_0030.nii 32 -59 41 0.679682 0.233262
RRV154 con_0030.nii -32 -58 46 -0.162602 0.531589
RRV154 con_0030.nii -6 49 1 1.71629 0.596747
RRV154 con_0031.nii 9 3 -6 0.0786407 0.32573
RRV154 con_0031.nii -9 3 -6 -0.192697 0.505489
RRV154 con_0031.nii -30 33 -18 -0.0233235 0.267463
RRV154 con_0031.nii 46 28 31 0.262936 0.204103
RRV154 con_0031.nii -44 27 33 0.00254373 0.273918
RRV154 con_0031.nii 44 8 34 0.36019 0.243226
RRV154 con_0031.nii -42 7 36 -0.232348 0.382857
RRV154 con_0031.nii 54 -44 43 0.0496633 0.215242
RRV154 con_0031.nii -53 -50 39 9.1172e-05 0.165361
RRV154 con_0031.nii 32 -59 41 -0.0655653 0.236663
RRV154 con_0031.nii -32 -58 46 0.195034 0.200346
RRV154 con_0031.nii -6 49 1 0.193849 0.267143
RRV154 con_0032.nii 9 3 -6 -0.660103 0.502662
RRV154 con_0032.nii -9 3 -6 -0.175694 0.304346
RRV154 con_0032.nii -30 33 -18 -0.196287 0.204659
RRV154 con_0032.nii 46 28 31 -0.307853 0.520219
RRV154 con_0032.nii -44 27 33 -1.25579 0.686838
RRV154 con_0032.nii 44 8 34 0.408161 0.252021
RRV154 con_0032.nii -42 7 36 -0.374958 0.340451
RRV154 con_0032.nii 54 -44 43 -1.08724 0.405512
RRV154 con_0032.nii -53 -50 39 -0.796608 0.245173
RRV154 con_0032.nii 32 -59 41 0.141279 0.138573
RRV154 con_0032.nii -32 -58 46 -0.673959 0.270327
RRV154 con_0032.nii -6 49 1 -1.00478 0.766055
RRV154 con_0033.nii 9 3 -6 -0.581462 0.502217
RRV154 con_0033.nii -9 3 -6 -0.368392 0.35493
RRV154 con_0033.nii -30 33 -18 -0.21961 0.421244
RRV154 con_0033.nii 46 28 31 -0.044917 0.537065
RRV154 con_0033.nii -44 27 33 -1.25324 0.882695
RRV154 con_0033.nii 44 8 34 0.768352 0.453811
RRV154 con_0033.nii -42 7 36 -0.607306 0.605011
RRV154 con_0033.nii 54 -44 43 -1.03757 0.460399
RRV154 con_0033.nii -53 -50 39 -0.796517 0.343638
RRV154 con_0033.nii 32 -59 41 0.0757135 0.306182
RRV154 con_0033.nii -32 -58 46 -0.478924 0.353285
RRV154 con_0033.nii -6 49 1 -0.810929 0.713475
