RRV115 con_0001.nii 9 3 -6 0.373495 0.621076
RRV115 con_0001.nii -9 3 -6 0.672803 0.504746
RRV115 con_0001.nii -30 33 -18 1.45473 0.455513
RRV115 con_0001.nii 46 28 31 0.733487 0.204653
RRV115 con_0001.nii -44 27 33 1.16096 0.502295
RRV115 con_0001.nii 44 8 34 1.40636 0.446797
RRV115 con_0001.nii -42 7 36 0.385553 0.482995
RRV115 con_0001.nii 54 -44 43 1.72725 0.348096
RRV115 con_0001.nii -53 -50 39 0.826141 0.357166
RRV115 con_0001.nii 32 -59 41 0.605551 0.510426
RRV115 con_0001.nii -32 -58 46 1.18827 0.315322
RRV115 con_0001.nii -6 49 1 0.278044 0.462702
RRV115 con_0002.nii 9 3 -6 0.731701 0.372703
RRV115 con_0002.nii -9 3 -6 0.702082 0.436391
RRV115 con_0002.nii -30 33 -18 0.310023 0.18823
RRV115 con_0002.nii 46 28 31 0.242213 0.25165
RRV115 con_0002.nii -44 27 33 0.332586 0.216877
RRV115 con_0002.nii 44 8 34 0.873899 0.426709
RRV115 con_0002.nii -42 7 36 0.475426 0.364056
RRV115 con_0002.nii 54 -44 43 0.54071 0.207193
RRV115 con_0002.nii -53 -50 39 0.250975 0.259906
RRV115 con_0002.nii 32 -59 41 0.225989 0.189229
RRV115 con_0002.nii -32 -58 46 0.592711 0.155436
RRV115 con_0002.nii -6 49 1 0.514111 0.502434
RRV115 con_0003.nii 9 3 -6 1.1052 0.860695
RRV115 con_0003.nii -9 3 -6 1.37488 0.557446
RRV115 con_0003.nii -30 33 -18 1.76475 0.604304
RRV115 con_0003.nii 46 28 31 0.975699 0.392094
RRV115 con_0003.nii -44 27 33 1.49355 0.689857
RRV115 con_0003.nii 44 8 34 2.28026 0.786817
RRV115 con_0003.nii -42 7 36 0.860979 0.778984
RRV115 con_0003.nii 54 -44 43 2.26796 0.498708
RRV115 con_0003.nii -53 -50 39 1.07712 0.543147
RRV115 con_0003.nii 32 -59 41 0.83154 0.56599
RRV115 con_0003.nii -32 -58 46 1.78098 0.37311
RRV115 con_0003.nii -6 49 1 0.792156 0.506417
RRV115 con_0004.nii 9 3 -6 0.28088 0.779878
RRV115 con_0004.nii -9 3 -6 -0.197096 0.199869
RRV115 con_0004.nii -30 33 -18 0.368939 0.32693
RRV115 con_0004.nii 46 28 31 -0.135687 0.367451
RRV115 con_0004.nii -44 27 33 0.350262 0.356095
RRV115 con_0004.nii 44 8 34 -1.00422 0.398393
RRV115 con_0004.nii -42 7 36 -0.873021 0.466946
RRV115 con_0004.nii 54 -44 43 0.523916 0.339791
RRV115 con_0004.nii -53 -50 39 0.459718 0.346567
RRV115 con_0004.nii 32 -59 41 -0.0387371 0.382681
RRV115 con_0004.nii -32 -58 46 0.487056 0.296406
RRV115 con_0004.nii -6 49 1 -0.212827 0.509107
RRV115 con_0005.nii 9 3 -6 -0.189955 0.310513
RRV115 con_0005.nii -9 3 -6 0.0575861 0.406331
RRV115 con_0005.nii -30 33 -18 -2.36048 0.586859
RRV115 con_0005.nii 46 28 31 0.110757 0.296348
RRV115 con_0005.nii -44 27 33 -0.0950386 0.408992
RRV115 con_0005.nii 44 8 34 0.28005 0.209978
RRV115 con_0005.nii -42 7 36 0.187001 0.36895
RRV115 con_0005.nii 54 -44 43 -0.143193 0.342577
RRV115 con_0005.nii -53 -50 39 -0.592625 0.263019
RRV115 con_0005.nii 32 -59 41 -0.809345 0.33118
RRV115 con_0005.nii -32 -58 46 -1.06169 0.37336
RRV115 con_0005.nii -6 49 1 -0.548081 0.598352
RRV115 con_0006.nii 9 3 -6 0.090925 0.701497
RRV115 con_0006.nii -9 3 -6 -0.13951 0.516837
RRV115 con_0006.nii -30 33 -18 -1.99154 0.611547
RRV115 con_0006.nii 46 28 31 -0.02493 0.467978
RRV115 con_0006.nii -44 27 33 0.255224 0.325664
RRV115 con_0006.nii 44 8 34 -0.724165 0.548017
RRV115 con_0006.nii -42 7 36 -0.68602 0.318787
RRV115 con_0006.nii 54 -44 43 0.380723 0.357836
RRV115 con_0006.nii -53 -50 39 -0.132907 0.256556
RRV115 con_0006.nii 32 -59 41 -0.848082 0.289231
RRV115 con_0006.nii -32 -58 46 -0.574635 0.379416
RRV115 con_0006.nii -6 49 1 -0.760908 0.666843
RRV115 con_0007.nii 9 3 -6 -0.0918345 0.343275
RRV115 con_0007.nii -9 3 -6 0.150939 0.377655
RRV115 con_0007.nii -30 33 -18 0.890713 0.451396
RRV115 con_0007.nii 46 28 31 -0.102649 0.23464
RRV115 con_0007.nii -44 27 33 -0.115152 0.344044
RRV115 con_0007.nii 44 8 34 -0.564278 0.301964
RRV115 con_0007.nii -42 7 36 0.0187391 0.182326
RRV115 con_0007.nii 54 -44 43 -0.0295443 0.190153
RRV115 con_0007.nii -53 -50 39 -0.0625704 0.417791
RRV115 con_0007.nii 32 -59 41 0.0338137 0.186145
RRV115 con_0007.nii -32 -58 46 0.49075 0.417193
RRV115 con_0007.nii -6 49 1 0.000843525 0.392359
RRV115 con_0008.nii 9 3 -6 -0.161664 0.742759
RRV115 con_0008.nii -9 3 -6 0.424689 0.511462
RRV115 con_0008.nii -30 33 -18 -1.82654 0.531688
RRV115 con_0008.nii 46 28 31 -0.0820465 0.162275
RRV115 con_0008.nii -44 27 33 0.0933157 0.223179
RRV115 con_0008.nii 44 8 34 -0.130348 0.259491
RRV115 con_0008.nii -42 7 36 -0.00783065 0.363749
RRV115 con_0008.nii 54 -44 43 -0.40962 0.270366
RRV115 con_0008.nii -53 -50 39 0.312124 0.124357
RRV115 con_0008.nii 32 -59 41 0.20232 0.228814
RRV115 con_0008.nii -32 -58 46 0.752866 0.403514
RRV115 con_0008.nii -6 49 1 -0.0968521 0.362888
RRV115 con_0009.nii 9 3 -6 -0.253498 0.683722
RRV115 con_0009.nii -9 3 -6 0.575628 0.71979
RRV115 con_0009.nii -30 33 -18 -0.935829 0.567781
RRV115 con_0009.nii 46 28 31 -0.184696 0.323093
RRV115 con_0009.nii -44 27 33 -0.0218359 0.416759
RRV115 con_0009.nii 44 8 34 -0.694625 0.432779
RRV115 con_0009.nii -42 7 36 0.0109084 0.397997
RRV115 con_0009.nii 54 -44 43 -0.439165 0.386819
RRV115 con_0009.nii -53 -50 39 0.249554 0.445958
RRV115 con_0009.nii 32 -59 41 0.236134 0.318666
RRV115 con_0009.nii -32 -58 46 1.24362 0.276628
RRV115 con_0009.nii -6 49 1 -0.0960085 0.44307
RRV115 con_0010.nii 9 3 -6 -0.284808 0.406737
RRV115 con_0010.nii -9 3 -6 -0.0426383 0.287619
RRV115 con_0010.nii -30 33 -18 0.65107 0.197519
RRV115 con_0010.nii 46 28 31 0.604165 0.247306
RRV115 con_0010.nii -44 27 33 0.728446 0.162954
RRV115 con_0010.nii 44 8 34 0.387671 0.208538
RRV115 con_0010.nii -42 7 36 0.0051679 0.201786
RRV115 con_0010.nii 54 -44 43 0.438317 0.198869
RRV115 con_0010.nii -53 -50 39 0.388922 0.168365
RRV115 con_0010.nii 32 -59 41 0.3219 0.223537
RRV115 con_0010.nii -32 -58 46 0.830792 0.150445
RRV115 con_0010.nii -6 49 1 -0.0550667 0.405054
RRV115 con_0011.nii 9 3 -6 0.183198 0.389977
RRV115 con_0011.nii -9 3 -6 0.135739 0.146037
RRV115 con_0011.nii -30 33 -18 -0.585885 0.296988
RRV115 con_0011.nii 46 28 31 0.0619085 0.130449
RRV115 con_0011.nii -44 27 33 -0.187155 0.146615
RRV115 con_0011.nii 44 8 34 0.179175 0.312586
RRV115 con_0011.nii -42 7 36 0.310239 0.303008
RRV115 con_0011.nii 54 -44 43 0.36646 0.25523
RRV115 con_0011.nii -53 -50 39 -0.161979 0.204531
RRV115 con_0011.nii 32 -59 41 -0.0860411 0.233572
RRV115 con_0011.nii -32 -58 46 -0.241382 0.324726
RRV115 con_0011.nii -6 49 1 -0.519614 0.386142
RRV115 con_0012.nii 9 3 -6 -0.10161 0.374472
RRV115 con_0012.nii -9 3 -6 0.0931011 0.351861
RRV115 con_0012.nii -30 33 -18 0.0651851 0.356452
RRV115 con_0012.nii 46 28 31 0.666073 0.228204
RRV115 con_0012.nii -44 27 33 0.541291 0.133368
RRV115 con_0012.nii 44 8 34 0.566846 0.240497
RRV115 con_0012.nii -42 7 36 0.315407 0.336499
RRV115 con_0012.nii 54 -44 43 0.804778 0.244927
RRV115 con_0012.nii -53 -50 39 0.226943 0.174381
RRV115 con_0012.nii 32 -59 41 0.235859 0.346898
RRV115 con_0012.nii -32 -58 46 0.589409 0.368987
RRV115 con_0012.nii -6 49 1 -0.574681 0.556475
RRV115 con_0013.nii 9 3 -6 -0.295059 0.413469
RRV115 con_0013.nii -9 3 -6 -0.45126 0.319829
RRV115 con_0013.nii -30 33 -18 0.174359 0.126748
RRV115 con_0013.nii 46 28 31 0.217615 0.189593
RRV115 con_0013.nii -44 27 33 0.311642 0.132853
RRV115 con_0013.nii 44 8 34 0.0926962 0.173175
RRV115 con_0013.nii -42 7 36 -0.161404 0.116111
RRV115 con_0013.nii 54 -44 43 0.595055 0.241247
RRV115 con_0013.nii -53 -50 39 0.234278 0.212333
RRV115 con_0013.nii 32 -59 41 0.0382335 0.197209
RRV115 con_0013.nii -32 -58 46 0.308455 0.139041
RRV115 con_0013.nii -6 49 1 -0.235523 0.370331
RRV115 con_0014.nii 9 3 -6 -0.0393385 0.40737
RRV115 con_0014.nii -9 3 -6 0.417688 0.198338
RRV115 con_0014.nii -30 33 -18 -0.0870416 0.273656
RRV115 con_0014.nii 46 28 31 0.313435 0.288082
RRV115 con_0014.nii -44 27 33 0.0237477 0.155332
RRV115 con_0014.nii 44 8 34 0.87458 0.227317
RRV115 con_0014.nii -42 7 36 0.547143 0.451463
RRV115 con_0014.nii 54 -44 43 0.348225 0.114783
RRV115 con_0014.nii -53 -50 39 0.0907035 0.171029
RRV115 con_0014.nii 32 -59 41 0.246196 0.276299
RRV115 con_0014.nii -32 -58 46 0.787693 0.242943
RRV115 con_0014.nii -6 49 1 0.169668 0.308971
RRV115 con_0015.nii 9 3 -6 -0.334397 0.600579
RRV115 con_0015.nii -9 3 -6 -0.0335716 0.488115
RRV115 con_0015.nii -30 33 -18 0.0873169 0.212166
RRV115 con_0015.nii 46 28 31 0.531051 0.382217
RRV115 con_0015.nii -44 27 33 0.33539 0.127476
RRV115 con_0015.nii 44 8 34 0.967277 0.365522
RRV115 con_0015.nii -42 7 36 0.385739 0.432908
RRV115 con_0015.nii 54 -44 43 0.943281 0.297323
RRV115 con_0015.nii -53 -50 39 0.324981 0.290991
RRV115 con_0015.nii 32 -59 41 0.28443 0.378046
RRV115 con_0015.nii -32 -58 46 1.09615 0.305232
RRV115 con_0015.nii -6 49 1 -0.0658544 0.633316
RRV115 con_0016.nii 9 3 -6 0.187513 0.443686
RRV115 con_0016.nii -9 3 -6 0.208882 0.226793
RRV115 con_0016.nii -30 33 -18 0.904793 0.310243
RRV115 con_0016.nii 46 28 31 0.16505 0.15362
RRV115 con_0016.nii -44 27 33 0.465357 0.222735
RRV115 con_0016.nii 44 8 34 -0.0540449 0.119065
RRV115 con_0016.nii -42 7 36 -0.156243 0.160688
RRV115 con_0016.nii 54 -44 43 0.740539 0.185644
RRV115 con_0016.nii -53 -50 39 0.407763 0.231772
RRV115 con_0016.nii 32 -59 41 0.200209 0.209964
RRV115 con_0016.nii -32 -58 46 0.722025 0.218712
RRV115 con_0016.nii -6 49 1 0.0220202 0.326198
RRV115 con_0017.nii 9 3 -6 0.126694 0.312044
RRV115 con_0017.nii -9 3 -6 0.394786 0.116282
RRV115 con_0017.nii -30 33 -18 -1.29233 0.318347
RRV115 con_0017.nii 46 28 31 0.0903077 0.116947
RRV115 con_0017.nii -44 27 33 0.110288 0.14297
RRV115 con_0017.nii 44 8 34 0.341201 0.131818
RRV115 con_0017.nii -42 7 36 0.218199 0.214987
RRV115 con_0017.nii 54 -44 43 -0.00403426 0.229412
RRV115 con_0017.nii -53 -50 39 -0.00984188 0.150162
RRV115 con_0017.nii 32 -59 41 -0.127012 0.175276
RRV115 con_0017.nii -32 -58 46 0.0946286 0.23373
RRV115 con_0017.nii -6 49 1 -0.0436071 0.342461
RRV115 con_0018.nii 9 3 -6 0.314208 0.409901
RRV115 con_0018.nii -9 3 -6 0.603668 0.251659
RRV115 con_0018.nii -30 33 -18 -0.387541 0.275978
RRV115 con_0018.nii 46 28 31 0.255358 0.103064
RRV115 con_0018.nii -44 27 33 0.575645 0.189382
RRV115 con_0018.nii 44 8 34 0.287156 0.162111
RRV115 con_0018.nii -42 7 36 0.0619558 0.28766
RRV115 con_0018.nii 54 -44 43 0.736505 0.320859
RRV115 con_0018.nii -53 -50 39 0.397921 0.311798
RRV115 con_0018.nii 32 -59 41 0.0731976 0.267935
RRV115 con_0018.nii -32 -58 46 0.816653 0.230166
RRV115 con_0018.nii -6 49 1 -0.0215869 0.325724
RRV115 con_0019.nii 9 3 -6 0.658303 0.584132
RRV115 con_0019.nii -9 3 -6 0.715441 0.328401
RRV115 con_0019.nii -30 33 -18 0.803656 0.280119
RRV115 con_0019.nii 46 28 31 0.129322 0.113643
RRV115 con_0019.nii -44 27 33 0.432515 0.360129
RRV115 con_0019.nii 44 8 34 1.01869 0.354812
RRV115 con_0019.nii -42 7 36 0.380385 0.358162
RRV115 con_0019.nii 54 -44 43 1.28893 0.29394
RRV115 con_0019.nii -53 -50 39 0.437219 0.300651
RRV115 con_0019.nii 32 -59 41 0.283651 0.366598
RRV115 con_0019.nii -32 -58 46 0.357476 0.210201
RRV115 con_0019.nii -6 49 1 0.333111 0.403393
RRV115 con_0020.nii 9 3 -6 0.548503 0.603103
RRV115 con_0020.nii -9 3 -6 0.566342 0.523286
RRV115 con_0020.nii -30 33 -18 0.895908 0.292311
RRV115 con_0020.nii 46 28 31 0.180304 0.346324
RRV115 con_0020.nii -44 27 33 0.519741 0.331849
RRV115 con_0020.nii 44 8 34 0.694725 0.582237
RRV115 con_0020.nii -42 7 36 0.165186 0.186035
RRV115 con_0020.nii 54 -44 43 0.17425 0.35115
RRV115 con_0020.nii -53 -50 39 0.412954 0.321042
RRV115 con_0020.nii 32 -59 41 0.312031 0.290261
RRV115 con_0020.nii -32 -58 46 0.834093 0.442699
RRV115 con_0020.nii -6 49 1 1.03373 0.430852
RRV115 con_0021.nii 9 3 -6 1.20681 0.921362
RRV115 con_0021.nii -9 3 -6 1.28178 0.623787
RRV115 con_0021.nii -30 33 -18 1.69956 0.453987
RRV115 con_0021.nii 46 28 31 0.309626 0.311241
RRV115 con_0021.nii -44 27 33 0.952256 0.674435
RRV115 con_0021.nii 44 8 34 1.71341 0.851045
RRV115 con_0021.nii -42 7 36 0.545571 0.506446
RRV115 con_0021.nii 54 -44 43 1.46318 0.447912
RRV115 con_0021.nii -53 -50 39 0.850174 0.53764
RRV115 con_0021.nii 32 -59 41 0.595681 0.364492
RRV115 con_0021.nii -32 -58 46 1.19157 0.550955
RRV115 con_0021.nii -6 49 1 1.36684 0.598587
RRV115 con_0022.nii 9 3 -6 0.565687 0.518017
RRV115 con_0022.nii -9 3 -6 -0.154458 0.386579
RRV115 con_0022.nii -30 33 -18 -0.282131 0.324799
RRV115 con_0022.nii 46 28 31 -0.739852 0.49366
RRV115 con_0022.nii -44 27 33 -0.378184 0.274804
RRV115 con_0022.nii 44 8 34 -1.39189 0.540026
RRV115 con_0022.nii -42 7 36 -0.878188 0.555682
RRV115 con_0022.nii 54 -44 43 0.0855984 0.245555
RRV115 con_0022.nii -53 -50 39 0.0707959 0.233613
RRV115 con_0022.nii 32 -59 41 -0.360637 0.360782
RRV115 con_0022.nii -32 -58 46 -0.343736 0.241444
RRV115 con_0022.nii -6 49 1 -0.15776 0.316286
RRV115 con_0023.nii 9 3 -6 -0.373152 0.355773
RRV115 con_0023.nii -9 3 -6 -0.0781534 0.413703
RRV115 con_0023.nii -30 33 -18 -1.7746 0.560858
RRV115 con_0023.nii 46 28 31 0.0488485 0.306817
RRV115 con_0023.nii -44 27 33 0.0921167 0.303728
RRV115 con_0023.nii 44 8 34 0.100876 0.206036
RRV115 con_0023.nii -42 7 36 -0.123239 0.275182
RRV115 con_0023.nii 54 -44 43 -0.509653 0.308956
RRV115 con_0023.nii -53 -50 39 -0.430646 0.130576
RRV115 con_0023.nii 32 -59 41 -0.723303 0.393845
RRV115 con_0023.nii -32 -58 46 -0.820308 0.451302
RRV115 con_0023.nii -6 49 1 -0.0284665 0.411918
RRV115 con_0024.nii 9 3 -6 0.192535 0.761485
RRV115 con_0024.nii -9 3 -6 -0.232611 0.741303
RRV115 con_0024.nii -30 33 -18 -2.05673 0.756312
RRV115 con_0024.nii 46 28 31 -0.691003 0.618299
RRV115 con_0024.nii -44 27 33 -0.286067 0.360108
RRV115 con_0024.nii 44 8 34 -1.29101 0.485562
RRV115 con_0024.nii -42 7 36 -1.00143 0.545963
RRV115 con_0024.nii 54 -44 43 -0.424055 0.447514
RRV115 con_0024.nii -53 -50 39 -0.35985 0.243777
RRV115 con_0024.nii 32 -59 41 -1.08394 0.545227
RRV115 con_0024.nii -32 -58 46 -1.16404 0.520492
RRV115 con_0024.nii -6 49 1 -0.186227 0.382944
RRV115 con_0025.nii 9 3 -6 0.192973 0.266785
RRV115 con_0025.nii -9 3 -6 0.193577 0.3215
RRV115 con_0025.nii -30 33 -18 0.239643 0.354513
RRV115 con_0025.nii 46 28 31 -0.706814 0.277206
RRV115 con_0025.nii -44 27 33 -0.843598 0.446636
RRV115 con_0025.nii 44 8 34 -0.951949 0.374421
RRV115 con_0025.nii -42 7 36 0.0135712 0.246297
RRV115 con_0025.nii 54 -44 43 -0.467862 0.317543
RRV115 con_0025.nii -53 -50 39 -0.451492 0.517578
RRV115 con_0025.nii 32 -59 41 -0.288087 0.267184
RRV115 con_0025.nii -32 -58 46 -0.340041 0.400838
RRV115 con_0025.nii -6 49 1 0.0559103 0.597679
RRV115 con_0026.nii 9 3 -6 -0.344862 0.494788
RRV115 con_0026.nii -9 3 -6 0.28895 0.488533
RRV115 con_0026.nii -30 33 -18 -1.24066 0.645694
RRV115 con_0026.nii 46 28 31 -0.143955 0.257828
RRV115 con_0026.nii -44 27 33 0.280471 0.222425
RRV115 con_0026.nii 44 8 34 -0.309522 0.482942
RRV115 con_0026.nii -42 7 36 -0.31807 0.593335
RRV115 con_0026.nii 54 -44 43 -0.776081 0.349522
RRV115 con_0026.nii -53 -50 39 0.474104 0.235243
RRV115 con_0026.nii 32 -59 41 0.288361 0.153152
RRV115 con_0026.nii -32 -58 46 0.994248 0.615536
RRV115 con_0026.nii -6 49 1 0.422762 0.403879
RRV115 con_0027.nii 9 3 -6 -0.151889 0.631003
RRV115 con_0027.nii -9 3 -6 0.482527 0.538513
RRV115 con_0027.nii -30 33 -18 -1.00101 0.797324
RRV115 con_0027.nii 46 28 31 -0.850769 0.315682
RRV115 con_0027.nii -44 27 33 -0.563127 0.451876
RRV115 con_0027.nii 44 8 34 -1.26147 0.399096
RRV115 con_0027.nii -42 7 36 -0.304499 0.550424
RRV115 con_0027.nii 54 -44 43 -1.24394 0.454255
RRV115 con_0027.nii -53 -50 39 0.0226112 0.383527
RRV115 con_0027.nii 32 -59 41 0.00027483 0.249746
RRV115 con_0027.nii -32 -58 46 0.654207 0.318269
RRV115 con_0027.nii -6 49 1 0.478672 0.734711
RRV115 con_0028.nii 9 3 -6 0.472321 0.230588
RRV115 con_0028.nii -9 3 -6 0.25152 0.160849
RRV115 con_0028.nii -30 33 -18 0.253723 0.163563
RRV115 con_0028.nii 46 28 31 -0.439115 0.23965
RRV115 con_0028.nii -44 27 33 -0.263089 0.136695
RRV115 con_0028.nii 44 8 34 -0.441716 0.224138
RRV115 con_0028.nii -42 7 36 -0.161411 0.173802
RRV115 con_0028.nii 54 -44 43 0.302221 0.161384
RRV115 con_0028.nii -53 -50 39 0.0188409 0.224932
RRV115 con_0028.nii 32 -59 41 -0.121691 0.094111
RRV115 con_0028.nii -32 -58 46 -0.108767 0.122909
RRV115 con_0028.nii -6 49 1 0.0770869 0.322475
RRV115 con_0029.nii 9 3 -6 -0.0565036 0.282973
RRV115 con_0029.nii -9 3 -6 0.259046 0.188921
RRV115 con_0029.nii -30 33 -18 -0.706449 0.390912
RRV115 con_0029.nii 46 28 31 0.0283992 0.219164
RRV115 con_0029.nii -44 27 33 0.297443 0.127868
RRV115 con_0029.nii 44 8 34 0.162026 0.352753
RRV115 con_0029.nii -42 7 36 -0.0920409 0.258241
RRV115 con_0029.nii 54 -44 43 -0.370494 0.29745
RRV115 con_0029.nii -53 -50 39 0.152137 0.174077
RRV115 con_0029.nii 32 -59 41 -0.0409705 0.228868
RRV115 con_0029.nii -32 -58 46 0.336011 0.453155
RRV115 con_0029.nii -6 49 1 0.476007 0.206651
RRV115 con_0030.nii 9 3 -6 0.415817 0.458483
RRV115 con_0030.nii -9 3 -6 0.510567 0.327958
RRV115 con_0030.nii -30 33 -18 -0.452726 0.439992
RRV115 con_0030.nii 46 28 31 -0.410716 0.210994
RRV115 con_0030.nii -44 27 33 0.0343539 0.216549
RRV115 con_0030.nii 44 8 34 -0.27969 0.17461
RRV115 con_0030.nii -42 7 36 -0.253452 0.282213
RRV115 con_0030.nii 54 -44 43 -0.068273 0.36042
RRV115 con_0030.nii -53 -50 39 0.170978 0.275393
RRV115 con_0030.nii 32 -59 41 -0.162662 0.259693
RRV115 con_0030.nii -32 -58 46 0.227244 0.39791
RRV115 con_0030.nii -6 49 1 0.553094 0.393952
