RRV164 con_0001.nii 9 3 -6 -0.204404 0.472877
RRV164 con_0001.nii -9 3 -6 0.358919 0.168855
RRV164 con_0001.nii -30 33 -18 0.0790563 0.138741
RRV164 con_0001.nii 46 28 31 -0.0369056 0.149657
RRV164 con_0001.nii -44 27 33 -0.165651 0.200109
RRV164 con_0001.nii 44 8 34 0.209329 0.576785
RRV164 con_0001.nii -42 7 36 -0.408997 0.407527
RRV164 con_0001.nii 54 -44 43 0.55381 0.161312
RRV164 con_0001.nii -53 -50 39 0.148601 0.205021
RRV164 con_0001.nii 32 -59 41 0.689343 0.416116
RRV164 con_0001.nii -32 -58 46 0.154181 0.474525
RRV164 con_0001.nii -6 49 1 -0.383939 0.329147
RRV164 con_0002.nii 9 3 -6 -0.131965 0.208625
RRV164 con_0002.nii -9 3 -6 -0.408605 0.295859
RRV164 con_0002.nii -30 33 -18 -0.0819379 0.33296
RRV164 con_0002.nii 46 28 31 0.251419 0.21162
RRV164 con_0002.nii -44 27 33 -0.0278785 0.179499
RRV164 con_0002.nii 44 8 34 0.297289 0.345092
RRV164 con_0002.nii -42 7 36 -0.0836548 0.281558
RRV164 con_0002.nii 54 -44 43 0.29895 0.185653
RRV164 con_0002.nii -53 -50 39 -0.248559 0.21139
RRV164 con_0002.nii 32 -59 41 -0.0551791 0.291903
RRV164 con_0002.nii -32 -58 46 -0.120354 0.362465
RRV164 con_0002.nii -6 49 1 -0.11432 0.225726
RRV164 con_0003.nii 9 3 -6 -0.336369 0.482341
RRV164 con_0003.nii -9 3 -6 -0.0496856 0.367489
RRV164 con_0003.nii -30 33 -18 -0.00288156 0.353618
RRV164 con_0003.nii 46 28 31 0.214514 0.250299
RRV164 con_0003.nii -44 27 33 -0.193529 0.212685
RRV164 con_0003.nii 44 8 34 0.506618 0.856843
RRV164 con_0003.nii -42 7 36 -0.492652 0.644249
RRV164 con_0003.nii 54 -44 43 0.85276 0.259453
RRV164 con_0003.nii -53 -50 39 -0.0999573 0.196806
RRV164 con_0003.nii 32 -59 41 0.634164 0.5935
RRV164 con_0003.nii -32 -58 46 0.0338276 0.719015
RRV164 con_0003.nii -6 49 1 -0.498259 0.459109
RRV164 con_0004.nii 9 3 -6 -0.232296 0.509497
RRV164 con_0004.nii -9 3 -6 0.1982 0.508722
RRV164 con_0004.nii -30 33 -18 -0.100167 0.374926
RRV164 con_0004.nii 46 28 31 0.0290855 0.155524
RRV164 con_0004.nii -44 27 33 -0.0235046 0.164851
RRV164 con_0004.nii 44 8 34 0.149024 0.63298
RRV164 con_0004.nii -42 7 36 -0.131476 0.219252
RRV164 con_0004.nii 54 -44 43 0.166984 0.198399
RRV164 con_0004.nii -53 -50 39 0.167537 0.201708
RRV164 con_0004.nii 32 -59 41 0.368942 0.32801
RRV164 con_0004.nii -32 -58 46 0.596127 0.410492
RRV164 con_0004.nii -6 49 1 0.743082 0.357431
RRV164 con_0005.nii 9 3 -6 0.0448265 0.388315
RRV164 con_0005.nii -9 3 -6 -0.392142 0.302924
RRV164 con_0005.nii -30 33 -18 -0.864324 0.489875
RRV164 con_0005.nii 46 28 31 -0.697509 0.268049
RRV164 con_0005.nii -44 27 33 -0.366696 0.172832
RRV164 con_0005.nii 44 8 34 0.0697069 0.328005
RRV164 con_0005.nii -42 7 36 -0.552418 0.41482
RRV164 con_0005.nii 54 -44 43 -0.0108681 0.109069
RRV164 con_0005.nii -53 -50 39 -0.225388 0.309654
RRV164 con_0005.nii 32 -59 41 -0.109518 0.371436
RRV164 con_0005.nii -32 -58 46 0.0769572 0.399626
RRV164 con_0005.nii -6 49 1 -0.901484 0.328006
RRV164 con_0006.nii 9 3 -6 -0.18747 0.439412
RRV164 con_0006.nii -9 3 -6 -0.193942 0.668205
RRV164 con_0006.nii -30 33 -18 -0.964491 0.770943
RRV164 con_0006.nii 46 28 31 -0.668424 0.310667
RRV164 con_0006.nii -44 27 33 -0.3902 0.230382
RRV164 con_0006.nii 44 8 34 0.21873 0.926161
RRV164 con_0006.nii -42 7 36 -0.683893 0.402929
RRV164 con_0006.nii 54 -44 43 0.156116 0.22084
RRV164 con_0006.nii -53 -50 39 -0.0578509 0.269942
RRV164 con_0006.nii 32 -59 41 0.259424 0.671661
RRV164 con_0006.nii -32 -58 46 0.673084 0.694034
RRV164 con_0006.nii -6 49 1 -0.158401 0.556137
RRV164 con_0007.nii 9 3 -6 -0.292254 0.422669
RRV164 con_0007.nii -9 3 -6 -0.059012 0.337822
RRV164 con_0007.nii -30 33 -18 -0.683192 0.423524
RRV164 con_0007.nii 46 28 31 -0.415855 0.286111
RRV164 con_0007.nii -44 27 33 -0.115932 0.271752
RRV164 con_0007.nii 44 8 34 0.172322 0.706416
RRV164 con_0007.nii -42 7 36 -0.290058 0.430663
RRV164 con_0007.nii 54 -44 43 0.207159 0.168658
RRV164 con_0007.nii -53 -50 39 -0.384063 0.302534
RRV164 con_0007.nii 32 -59 41 0.557434 0.393145
RRV164 con_0007.nii -32 -58 46 0.187025 0.432751
RRV164 con_0007.nii -6 49 1 -1.12359 0.153679
RRV164 con_0008.nii 9 3 -6 -0.380873 0.300502
RRV164 con_0008.nii -9 3 -6 -0.201186 0.378101
RRV164 con_0008.nii -30 33 -18 -0.0881775 0.708222
RRV164 con_0008.nii 46 28 31 -0.733759 0.380223
RRV164 con_0008.nii -44 27 33 -0.459591 0.34544
RRV164 con_0008.nii 44 8 34 -0.335319 0.445309
RRV164 con_0008.nii -42 7 36 -0.775772 0.488858
RRV164 con_0008.nii 54 -44 43 -0.113055 0.315877
RRV164 con_0008.nii -53 -50 39 -0.110579 0.252112
RRV164 con_0008.nii 32 -59 41 0.420803 0.541716
RRV164 con_0008.nii -32 -58 46 0.329172 0.508855
RRV164 con_0008.nii -6 49 1 -0.981499 0.440206
RRV164 con_0009.nii 9 3 -6 -0.673127 0.510074
RRV164 con_0009.nii -9 3 -6 -0.260198 0.548744
RRV164 con_0009.nii -30 33 -18 -0.771369 0.951958
RRV164 con_0009.nii 46 28 31 -1.14961 0.627567
RRV164 con_0009.nii -44 27 33 -0.575523 0.403938
RRV164 con_0009.nii 44 8 34 -0.162998 0.799432
RRV164 con_0009.nii -42 7 36 -1.06583 0.731125
RRV164 con_0009.nii 54 -44 43 0.0941042 0.386706
RRV164 con_0009.nii -53 -50 39 -0.494642 0.513174
RRV164 con_0009.nii 32 -59 41 0.978236 0.858229
RRV164 con_0009.nii -32 -58 46 0.516197 0.9149
RRV164 con_0009.nii -6 49 1 -2.10509 0.49927
RRV164 con_0010.nii 9 3 -6 -0.498832 0.325311
RRV164 con_0010.nii -9 3 -6 0.171129 0.245555
RRV164 con_0010.nii -30 33 -18 -0.414908 0.170807
RRV164 con_0010.nii 46 28 31 -0.499155 0.195214
RRV164 con_0010.nii -44 27 33 -0.562276 0.224185
RRV164 con_0010.nii 44 8 34 -0.206987 0.62331
RRV164 con_0010.nii -42 7 36 -0.541534 0.258582
RRV164 con_0010.nii 54 -44 43 0.131513 0.116798
RRV164 con_0010.nii -53 -50 39 -0.265065 0.24843
RRV164 con_0010.nii 32 -59 41 0.444853 0.369284
RRV164 con_0010.nii -32 -58 46 0.310277 0.241129
RRV164 con_0010.nii -6 49 1 -0.915162 0.269194
RRV164 con_0011.nii 9 3 -6 -0.0380922 0.252677
RRV164 con_0011.nii -9 3 -6 -0.104186 0.256483
RRV164 con_0011.nii -30 33 -18 -0.183543 0.19212
RRV164 con_0011.nii 46 28 31 -0.631551 0.238354
RRV164 con_0011.nii -44 27 33 -0.570048 0.228716
RRV164 con_0011.nii 44 8 34 -0.122746 0.352195
RRV164 con_0011.nii -42 7 36 -0.494079 0.355215
RRV164 con_0011.nii 54 -44 43 -0.19055 0.12117
RRV164 con_0011.nii -53 -50 39 -0.329093 0.23609
RRV164 con_0011.nii 32 -59 41 0.145928 0.374464
RRV164 con_0011.nii -32 -58 46 -0.0906789 0.403837
RRV164 con_0011.nii -6 49 1 -0.685446 0.290349
RRV164 con_0012.nii 9 3 -6 -0.536925 0.457484
RRV164 con_0012.nii -9 3 -6 0.0669431 0.451999
RRV164 con_0012.nii -30 33 -18 -0.598451 0.321731
RRV164 con_0012.nii 46 28 31 -1.13071 0.350505
RRV164 con_0012.nii -44 27 33 -1.13232 0.379937
RRV164 con_0012.nii 44 8 34 -0.329734 0.935674
RRV164 con_0012.nii -42 7 36 -1.03561 0.507767
RRV164 con_0012.nii 54 -44 43 -0.0590373 0.196619
RRV164 con_0012.nii -53 -50 39 -0.594159 0.469196
RRV164 con_0012.nii 32 -59 41 0.590781 0.71862
RRV164 con_0012.nii -32 -58 46 0.219598 0.608591
RRV164 con_0012.nii -6 49 1 -1.60061 0.302045
RRV164 con_0013.nii 9 3 -6 -0.233622 0.293762
RRV164 con_0013.nii -9 3 -6 -0.117294 0.23488
RRV164 con_0013.nii -30 33 -18 -0.0930228 0.16859
RRV164 con_0013.nii 46 28 31 0.0475016 0.354974
RRV164 con_0013.nii -44 27 33 -0.21441 0.2573
RRV164 con_0013.nii 44 8 34 0.641983 0.631978
RRV164 con_0013.nii -42 7 36 0.298886 0.485892
RRV164 con_0013.nii 54 -44 43 0.0412542 0.152446
RRV164 con_0013.nii -53 -50 39 -0.249715 0.208824
RRV164 con_0013.nii 32 -59 41 0.26335 0.411996
RRV164 con_0013.nii -32 -58 46 0.204905 0.354985
RRV164 con_0013.nii -6 49 1 -0.540562 0.329047
RRV164 con_0014.nii 9 3 -6 0.145962 0.373611
RRV164 con_0014.nii -9 3 -6 -0.302208 0.411605
RRV164 con_0014.nii -30 33 -18 0.190629 0.442203
RRV164 con_0014.nii 46 28 31 -0.183419 0.261659
RRV164 con_0014.nii -44 27 33 -0.261361 0.232543
RRV164 con_0014.nii 44 8 34 0.248042 0.490943
RRV164 con_0014.nii -42 7 36 0.0108876 0.337034
RRV164 con_0014.nii 54 -44 43 -0.0578129 0.165459
RRV164 con_0014.nii -53 -50 39 -0.322127 0.308268
RRV164 con_0014.nii 32 -59 41 0.412492 0.543433
RRV164 con_0014.nii -32 -58 46 0.259365 0.453768
RRV164 con_0014.nii -6 49 1 -0.140948 0.202371
RRV164 con_0015.nii 9 3 -6 -0.0876601 0.473726
RRV164 con_0015.nii -9 3 -6 -0.419501 0.590726
RRV164 con_0015.nii -30 33 -18 0.0976057 0.48763
RRV164 con_0015.nii 46 28 31 -0.135917 0.596396
RRV164 con_0015.nii -44 27 33 -0.475771 0.481036
RRV164 con_0015.nii 44 8 34 0.890025 1.0893
RRV164 con_0015.nii -42 7 36 0.309773 0.769556
RRV164 con_0015.nii 54 -44 43 -0.0165587 0.21966
RRV164 con_0015.nii -53 -50 39 -0.571842 0.477319
RRV164 con_0015.nii 32 -59 41 0.675842 0.927542
RRV164 con_0015.nii -32 -58 46 0.46427 0.797065
RRV164 con_0015.nii -6 49 1 -0.68151 0.319186
RRV164 con_0016.nii 9 3 -6 -0.242985 0.393005
RRV164 con_0016.nii -9 3 -6 0.166036 0.277635
RRV164 con_0016.nii -30 33 -18 -0.234768 0.243572
RRV164 con_0016.nii 46 28 31 -0.141225 0.170443
RRV164 con_0016.nii -44 27 33 -0.101696 0.119474
RRV164 con_0016.nii 44 8 34 0.176891 0.615722
RRV164 con_0016.nii -42 7 36 -0.276844 0.248153
RRV164 con_0016.nii 54 -44 43 0.309318 0.1306
RRV164 con_0016.nii -53 -50 39 -0.0226415 0.151503
RRV164 con_0016.nii 32 -59 41 0.538573 0.346749
RRV164 con_0016.nii -32 -58 46 0.312444 0.387498
RRV164 con_0016.nii -6 49 1 -0.254816 0.178511
RRV164 con_0017.nii 9 3 -6 -0.156004 0.152136
RRV164 con_0017.nii -9 3 -6 -0.333977 0.198777
RRV164 con_0017.nii -30 33 -18 -0.344813 0.464643
RRV164 con_0017.nii 46 28 31 -0.393283 0.194244
RRV164 con_0017.nii -44 27 33 -0.284722 0.131298
RRV164 con_0017.nii 44 8 34 0.0105589 0.262216
RRV164 con_0017.nii -42 7 36 -0.470615 0.336902
RRV164 con_0017.nii 54 -44 43 0.0583423 0.125576
RRV164 con_0017.nii -53 -50 39 -0.194842 0.161841
RRV164 con_0017.nii 32 -59 41 0.0853686 0.369342
RRV164 con_0017.nii -32 -58 46 0.0952585 0.321664
RRV164 con_0017.nii -6 49 1 -0.665768 0.255238
RRV164 con_0018.nii 9 3 -6 -0.398989 0.364873
RRV164 con_0018.nii -9 3 -6 -0.167942 0.417816
RRV164 con_0018.nii -30 33 -18 -0.579581 0.59901
RRV164 con_0018.nii 46 28 31 -0.534508 0.319792
RRV164 con_0018.nii -44 27 33 -0.386418 0.218499
RRV164 con_0018.nii 44 8 34 0.18745 0.823688
RRV164 con_0018.nii -42 7 36 -0.747459 0.508733
RRV164 con_0018.nii 54 -44 43 0.36766 0.18298
RRV164 con_0018.nii -53 -50 39 -0.217483 0.251826
RRV164 con_0018.nii 32 -59 41 0.623941 0.669748
RRV164 con_0018.nii -32 -58 46 0.407703 0.677712
RRV164 con_0018.nii -6 49 1 -0.920584 0.33874
RRV164 con_0019.nii 9 3 -6 0.294428 0.31447
RRV164 con_0019.nii -9 3 -6 0.18779 0.211277
RRV164 con_0019.nii -30 33 -18 0.493964 0.198957
RRV164 con_0019.nii 46 28 31 0.46225 0.102617
RRV164 con_0019.nii -44 27 33 0.396625 0.143369
RRV164 con_0019.nii 44 8 34 0.416316 0.152052
RRV164 con_0019.nii -42 7 36 0.132536 0.367563
RRV164 con_0019.nii 54 -44 43 0.422297 0.160273
RRV164 con_0019.nii -53 -50 39 0.413667 0.238578
RRV164 con_0019.nii 32 -59 41 0.244489 0.322381
RRV164 con_0019.nii -32 -58 46 -0.156096 0.318985
RRV164 con_0019.nii -6 49 1 0.531223 0.397418
RRV164 con_0020.nii 9 3 -6 -0.093873 0.323647
RRV164 con_0020.nii -9 3 -6 -0.304418 0.312586
RRV164 con_0020.nii -30 33 -18 0.101605 0.340395
RRV164 con_0020.nii 46 28 31 0.88297 0.318094
RRV164 con_0020.nii -44 27 33 0.542169 0.286396
RRV164 con_0020.nii 44 8 34 0.420035 0.204147
RRV164 con_0020.nii -42 7 36 0.410425 0.454284
RRV164 con_0020.nii 54 -44 43 0.4895 0.222389
RRV164 con_0020.nii -53 -50 39 0.0805345 0.41049
RRV164 con_0020.nii 32 -59 41 -0.201107 0.164663
RRV164 con_0020.nii -32 -58 46 -0.0296747 0.561942
RRV164 con_0020.nii -6 49 1 0.571126 0.21377
RRV164 con_0021.nii 9 3 -6 0.200555 0.36637
RRV164 con_0021.nii -9 3 -6 -0.116629 0.439845
RRV164 con_0021.nii -30 33 -18 0.595569 0.411343
RRV164 con_0021.nii 46 28 31 1.34522 0.344873
RRV164 con_0021.nii -44 27 33 0.938794 0.387849
RRV164 con_0021.nii 44 8 34 0.836352 0.297429
RRV164 con_0021.nii -42 7 36 0.542961 0.729318
RRV164 con_0021.nii 54 -44 43 0.911797 0.266773
RRV164 con_0021.nii -53 -50 39 0.494201 0.542071
RRV164 con_0021.nii 32 -59 41 0.0433822 0.341388
RRV164 con_0021.nii -32 -58 46 -0.185771 0.61367
RRV164 con_0021.nii -6 49 1 1.10235 0.331918
RRV164 con_0022.nii 9 3 -6 0.266536 0.444807
RRV164 con_0022.nii -9 3 -6 0.0270703 0.453434
RRV164 con_0022.nii -30 33 -18 0.314741 0.287314
RRV164 con_0022.nii 46 28 31 0.528241 0.142569
RRV164 con_0022.nii -44 27 33 0.538771 0.201741
RRV164 con_0022.nii 44 8 34 0.356011 0.273791
RRV164 con_0022.nii -42 7 36 0.410058 0.33825
RRV164 con_0022.nii 54 -44 43 0.0354717 0.171292
RRV164 con_0022.nii -53 -50 39 0.432603 0.340695
RRV164 con_0022.nii 32 -59 41 -0.0759119 0.214852
RRV164 con_0022.nii -32 -58 46 0.28585 0.378464
RRV164 con_0022.nii -6 49 1 1.65824 0.517021
RRV164 con_0023.nii 9 3 -6 0.0829187 0.439495
RRV164 con_0023.nii -9 3 -6 -0.287955 0.307829
RRV164 con_0023.nii -30 33 -18 -0.680781 0.3857
RRV164 con_0023.nii 46 28 31 -0.0659583 0.218231
RRV164 con_0023.nii -44 27 33 0.203352 0.20868
RRV164 con_0023.nii 44 8 34 0.192453 0.16367
RRV164 con_0023.nii -42 7 36 -0.0583384 0.254164
RRV164 con_0023.nii 54 -44 43 0.179682 0.144739
RRV164 con_0023.nii -53 -50 39 0.103705 0.231598
RRV164 con_0023.nii 32 -59 41 -0.255446 0.101772
RRV164 con_0023.nii -32 -58 46 0.167636 0.262894
RRV164 con_0023.nii -6 49 1 -0.216038 0.318877
RRV164 con_0024.nii 9 3 -6 0.349455 0.425014
RRV164 con_0024.nii -9 3 -6 -0.260885 0.614833
RRV164 con_0024.nii -30 33 -18 -0.366041 0.553796
RRV164 con_0024.nii 46 28 31 0.462282 0.259637
RRV164 con_0024.nii -44 27 33 0.742123 0.304278
RRV164 con_0024.nii 44 8 34 0.548464 0.311825
RRV164 con_0024.nii -42 7 36 0.35172 0.16451
RRV164 con_0024.nii 54 -44 43 0.215154 0.207499
RRV164 con_0024.nii -53 -50 39 0.536308 0.396605
RRV164 con_0024.nii 32 -59 41 -0.331358 0.211605
RRV164 con_0024.nii -32 -58 46 0.453486 0.278929
RRV164 con_0024.nii -6 49 1 1.44221 0.607646
RRV164 con_0025.nii 9 3 -6 0.206578 0.199111
RRV164 con_0025.nii -9 3 -6 -0.230141 0.280385
RRV164 con_0025.nii -30 33 -18 -0.268284 0.300216
RRV164 con_0025.nii 46 28 31 0.0833 0.204898
RRV164 con_0025.nii -44 27 33 0.446344 0.352703
RRV164 con_0025.nii 44 8 34 0.379309 0.172074
RRV164 con_0025.nii -42 7 36 0.251476 0.352652
RRV164 con_0025.nii 54 -44 43 0.0756464 0.206367
RRV164 con_0025.nii -53 -50 39 -0.118997 0.154855
RRV164 con_0025.nii 32 -59 41 0.11258 0.246375
RRV164 con_0025.nii -32 -58 46 -0.123252 0.304086
RRV164 con_0025.nii -6 49 1 -0.20843 0.223805
RRV164 con_0026.nii 9 3 -6 -0.342781 0.32599
RRV164 con_0026.nii -9 3 -6 -0.0969997 0.327849
RRV164 con_0026.nii -30 33 -18 0.0953655 0.642134
RRV164 con_0026.nii 46 28 31 -0.102208 0.25905
RRV164 con_0026.nii -44 27 33 0.110457 0.331826
RRV164 con_0026.nii 44 8 34 -0.212573 0.460918
RRV164 con_0026.nii -42 7 36 -0.281693 0.274227
RRV164 con_0026.nii 54 -44 43 0.0774952 0.333684
RRV164 con_0026.nii -53 -50 39 0.218514 0.221342
RRV164 con_0026.nii 32 -59 41 0.274875 0.375679
RRV164 con_0026.nii -32 -58 46 0.419851 0.193243
RRV164 con_0026.nii -6 49 1 -0.296053 0.382247
RRV164 con_0027.nii 9 3 -6 -0.136202 0.300135
RRV164 con_0027.nii -9 3 -6 -0.327141 0.298422
RRV164 con_0027.nii -30 33 -18 -0.172919 0.740551
RRV164 con_0027.nii 46 28 31 -0.018908 0.373236
RRV164 con_0027.nii -44 27 33 0.556801 0.311284
RRV164 con_0027.nii 44 8 34 0.166736 0.355995
RRV164 con_0027.nii -42 7 36 -0.030217 0.431701
RRV164 con_0027.nii 54 -44 43 0.153142 0.443848
RRV164 con_0027.nii -53 -50 39 0.099517 0.308191
RRV164 con_0027.nii 32 -59 41 0.387455 0.400277
RRV164 con_0027.nii -32 -58 46 0.296599 0.399475
RRV164 con_0027.nii -6 49 1 -0.504483 0.431806
RRV164 con_0028.nii 9 3 -6 0.255848 0.214397
RRV164 con_0028.nii -9 3 -6 -0.00509386 0.229976
RRV164 con_0028.nii -30 33 -18 0.18014 0.130454
RRV164 con_0028.nii 46 28 31 0.35793 0.102548
RRV164 con_0028.nii -44 27 33 0.46058 0.170692
RRV164 con_0028.nii 44 8 34 0.383879 0.104343
RRV164 con_0028.nii -42 7 36 0.26469 0.230217
RRV164 con_0028.nii 54 -44 43 0.177805 0.135346
RRV164 con_0028.nii -53 -50 39 0.242424 0.174724
RRV164 con_0028.nii 32 -59 41 0.0937191 0.213065
RRV164 con_0028.nii -32 -58 46 0.00216738 0.262658
RRV164 con_0028.nii -6 49 1 0.660346 0.322091
RRV164 con_0029.nii 9 3 -6 -0.117912 0.250994
RRV164 con_0029.nii -9 3 -6 -0.229791 0.179104
RRV164 con_0029.nii -30 33 -18 -0.16127 0.396749
RRV164 con_0029.nii 46 28 31 0.238268 0.150449
RRV164 con_0029.nii -44 27 33 0.285326 0.187951
RRV164 con_0029.nii 44 8 34 0.133305 0.143997
RRV164 con_0029.nii -42 7 36 0.0234644 0.255832
RRV164 con_0029.nii 54 -44 43 0.248892 0.166251
RRV164 con_0029.nii -53 -50 39 0.134251 0.220286
RRV164 con_0029.nii 32 -59 41 -0.0605593 0.154075
RRV164 con_0029.nii -32 -58 46 0.185937 0.246728
RRV164 con_0029.nii -6 49 1 0.0196784 0.213394
RRV164 con_0030.nii 9 3 -6 0.137936 0.198687
RRV164 con_0030.nii -9 3 -6 -0.234885 0.31706
RRV164 con_0030.nii -30 33 -18 0.01887 0.397964
RRV164 con_0030.nii 46 28 31 0.596198 0.162738
RRV164 con_0030.nii -44 27 33 0.745906 0.27182
RRV164 con_0030.nii 44 8 34 0.517184 0.197289
RRV164 con_0030.nii -42 7 36 0.288155 0.369599
RRV164 con_0030.nii 54 -44 43 0.426698 0.220637
RRV164 con_0030.nii -53 -50 39 0.376675 0.347092
RRV164 con_0030.nii 32 -59 41 0.0331598 0.205995
RRV164 con_0030.nii -32 -58 46 0.188105 0.22814
RRV164 con_0030.nii -6 49 1 0.680024 0.283287
RRV164 con_0031.nii 9 3 -6 0.26521 0.211621
RRV164 con_0031.nii -9 3 -6 -0.288423 0.346087
RRV164 con_0031.nii -30 33 -18 0.321885 0.134812
RRV164 con_0031.nii 46 28 31 0.546657 0.287558
RRV164 con_0031.nii -44 27 33 0.347865 0.208066
RRV164 con_0031.nii 44 8 34 0.848971 0.221776
RRV164 con_0031.nii -42 7 36 0.840419 0.575295
RRV164 con_0031.nii 54 -44 43 -0.0902586 0.139422
RRV164 con_0031.nii -53 -50 39 0.0153502 0.208117
RRV164 con_0031.nii 32 -59 41 -0.181504 0.151411
RRV164 con_0031.nii -32 -58 46 -0.105372 0.251621
RRV164 con_0031.nii -6 49 1 0.3746 0.290101
RRV164 con_0032.nii 9 3 -6 0.184054 0.206667
RRV164 con_0032.nii -9 3 -6 -0.198021 0.354476
RRV164 con_0032.nii -30 33 -18 0.374172 0.442221
RRV164 con_0032.nii 46 28 31 0.448132 0.131344
RRV164 con_0032.nii -44 27 33 0.308687 0.137616
RRV164 con_0032.nii 44 8 34 0.370788 0.231302
RRV164 con_0032.nii -42 7 36 0.504967 0.397634
RRV164 con_0032.nii 54 -44 43 0.132737 0.156312
RRV164 con_0032.nii -53 -50 39 0.00696632 0.224002
RRV164 con_0032.nii 32 -59 41 0.266565 0.294753
RRV164 con_0032.nii -32 -58 46 0.350044 0.134599
RRV164 con_0032.nii -6 49 1 0.544498 0.169864
RRV164 con_0033.nii 9 3 -6 0.449265 0.347544
RRV164 con_0033.nii -9 3 -6 -0.486444 0.571127
RRV164 con_0033.nii -30 33 -18 0.696057 0.4791
RRV164 con_0033.nii 46 28 31 0.994789 0.319318
RRV164 con_0033.nii -44 27 33 0.656552 0.24229
RRV164 con_0033.nii 44 8 34 1.21976 0.36363
RRV164 con_0033.nii -42 7 36 1.34539 0.914614
RRV164 con_0033.nii 54 -44 43 0.0424787 0.179857
RRV164 con_0033.nii -53 -50 39 0.0223165 0.314741
RRV164 con_0033.nii 32 -59 41 0.085061 0.377246
RRV164 con_0033.nii -32 -58 46 0.244672 0.332594
RRV164 con_0033.nii -6 49 1 0.919098 0.416551
