RRV139 con_0001.nii 9 3 -6 -0.770911 0.425444
RRV139 con_0001.nii -9 3 -6 0.245045 0.395107
RRV139 con_0001.nii -30 33 -18 -0.669102 0.326941
RRV139 con_0001.nii 46 28 31 -0.398066 0.500015
RRV139 con_0001.nii -44 27 33 -0.168264 0.431079
RRV139 con_0001.nii 44 8 34 -0.59135 0.704802
RRV139 con_0001.nii -42 7 36 0.371283 0.383792
RRV139 con_0001.nii 54 -44 43 -1.40614 0.239679
RRV139 con_0001.nii -53 -50 39 -1.08303 0.712722
RRV139 con_0001.nii 32 -59 41 -0.164184 0.373483
RRV139 con_0001.nii -32 -58 46 -0.310399 0.780499
RRV139 con_0001.nii -6 49 1 -1.06778 0.501535
RRV139 con_0002.nii 9 3 -6 0.0727935 0.229995
RRV139 con_0002.nii -9 3 -6 -0.0705359 0.249427
RRV139 con_0002.nii -30 33 -18 -0.429139 0.30453
RRV139 con_0002.nii 46 28 31 0.23343 0.217062
RRV139 con_0002.nii -44 27 33 -0.0953304 0.481306
RRV139 con_0002.nii 44 8 34 0.28194 0.709399
RRV139 con_0002.nii -42 7 36 0.207522 0.420238
RRV139 con_0002.nii 54 -44 43 -0.059845 0.159314
RRV139 con_0002.nii -53 -50 39 -0.363645 0.314369
RRV139 con_0002.nii 32 -59 41 -0.0685236 0.47675
RRV139 con_0002.nii -32 -58 46 1.04401 0.275541
RRV139 con_0002.nii -6 49 1 -0.0579423 0.258616
RRV139 con_0003.nii 9 3 -6 -0.698117 0.335311
RRV139 con_0003.nii -9 3 -6 0.174509 0.411693
RRV139 con_0003.nii -30 33 -18 -1.09824 0.481992
RRV139 con_0003.nii 46 28 31 -0.164637 0.462638
RRV139 con_0003.nii -44 27 33 -0.263594 0.842641
RRV139 con_0003.nii 44 8 34 -0.30941 1.34025
RRV139 con_0003.nii -42 7 36 0.578805 0.715438
RRV139 con_0003.nii 54 -44 43 -1.46598 0.301944
RRV139 con_0003.nii -53 -50 39 -1.44668 0.985748
RRV139 con_0003.nii 32 -59 41 -0.232708 0.569642
RRV139 con_0003.nii -32 -58 46 0.733611 0.826806
RRV139 con_0003.nii -6 49 1 -1.12572 0.546693
RRV139 con_0004.nii 9 3 -6 0.0792767 0.289171
RRV139 con_0004.nii -9 3 -6 0.0436897 0.219633
RRV139 con_0004.nii -30 33 -18 0.559599 0.25503
RRV139 con_0004.nii 46 28 31 -0.0112189 0.276122
RRV139 con_0004.nii -44 27 33 0.0767142 0.133295
RRV139 con_0004.nii 44 8 34 1.41417 1.03195
RRV139 con_0004.nii -42 7 36 1.33003 0.595689
RRV139 con_0004.nii 54 -44 43 0.0828918 0.272484
RRV139 con_0004.nii -53 -50 39 -0.0411805 0.42939
RRV139 con_0004.nii 32 -59 41 1.01041 0.430695
RRV139 con_0004.nii -32 -58 46 0.773464 0.302245
RRV139 con_0004.nii -6 49 1 -0.347495 0.235249
RRV139 con_0005.nii 9 3 -6 -0.265954 0.162002
RRV139 con_0005.nii -9 3 -6 -0.231523 0.409217
RRV139 con_0005.nii -30 33 -18 -0.61822 0.318272
RRV139 con_0005.nii 46 28 31 -0.130084 0.301601
RRV139 con_0005.nii -44 27 33 -0.385762 0.46657
RRV139 con_0005.nii 44 8 34 0.518488 0.68981
RRV139 con_0005.nii -42 7 36 0.303244 0.575305
RRV139 con_0005.nii 54 -44 43 -0.237523 0.310515
RRV139 con_0005.nii -53 -50 39 -0.328493 0.385254
RRV139 con_0005.nii 32 -59 41 0.213026 0.41747
RRV139 con_0005.nii -32 -58 46 1.05971 0.390338
RRV139 con_0005.nii -6 49 1 -0.267422 0.373119
RRV139 con_0006.nii 9 3 -6 -0.186677 0.299618
RRV139 con_0006.nii -9 3 -6 -0.187833 0.419649
RRV139 con_0006.nii -30 33 -18 -0.0586204 0.224466
RRV139 con_0006.nii 46 28 31 -0.141302 0.497226
RRV139 con_0006.nii -44 27 33 -0.309048 0.537293
RRV139 con_0006.nii 44 8 34 1.93265 1.64345
RRV139 con_0006.nii -42 7 36 1.63327 1.04487
RRV139 con_0006.nii 54 -44 43 -0.154631 0.538884
RRV139 con_0006.nii -53 -50 39 -0.369674 0.764376
RRV139 con_0006.nii 32 -59 41 1.22344 0.769497
RRV139 con_0006.nii -32 -58 46 1.83317 0.523668
RRV139 con_0006.nii -6 49 1 -0.614917 0.566387
RRV139 con_0007.nii 9 3 -6 -0.191284 0.317406
RRV139 con_0007.nii -9 3 -6 0.0704184 0.452443
RRV139 con_0007.nii -30 33 -18 0.637487 0.269297
RRV139 con_0007.nii 46 28 31 0.0686203 0.430879
RRV139 con_0007.nii -44 27 33 -0.0839467 0.166799
RRV139 con_0007.nii 44 8 34 1.14462 1.05987
RRV139 con_0007.nii -42 7 36 0.943074 0.800964
RRV139 con_0007.nii 54 -44 43 -0.273572 0.177586
RRV139 con_0007.nii -53 -50 39 -0.219833 0.56249
RRV139 con_0007.nii 32 -59 41 1.20239 0.623557
RRV139 con_0007.nii -32 -58 46 0.907443 0.533549
RRV139 con_0007.nii -6 49 1 -0.41843 0.387898
RRV139 con_0008.nii 9 3 -6 0.102859 0.174691
RRV139 con_0008.nii -9 3 -6 -0.229465 0.333634
RRV139 con_0008.nii -30 33 -18 -0.712373 0.437728
RRV139 con_0008.nii 46 28 31 0.399259 0.204296
RRV139 con_0008.nii -44 27 33 -0.401911 0.436848
RRV139 con_0008.nii 44 8 34 0.775411 0.541475
RRV139 con_0008.nii -42 7 36 0.67286 0.546315
RRV139 con_0008.nii 54 -44 43 0.22794 0.257701
RRV139 con_0008.nii -53 -50 39 -0.484495 0.310776
RRV139 con_0008.nii 32 -59 41 0.400821 0.422535
RRV139 con_0008.nii -32 -58 46 0.68464 0.242105
RRV139 con_0008.nii -6 49 1 0.104625 0.196047
RRV139 con_0009.nii 9 3 -6 -0.088425 0.417265
RRV139 con_0009.nii -9 3 -6 -0.159047 0.711303
RRV139 con_0009.nii -30 33 -18 -0.0748852 0.302465
RRV139 con_0009.nii 46 28 31 0.467879 0.579038
RRV139 con_0009.nii -44 27 33 -0.485858 0.498369
RRV139 con_0009.nii 44 8 34 1.92003 1.56862
RRV139 con_0009.nii -42 7 36 1.61593 1.19341
RRV139 con_0009.nii 54 -44 43 -0.0456321 0.286391
RRV139 con_0009.nii -53 -50 39 -0.704329 0.809175
RRV139 con_0009.nii 32 -59 41 1.60321 1.00411
RRV139 con_0009.nii -32 -58 46 1.59208 0.555597
RRV139 con_0009.nii -6 49 1 -0.313806 0.351145
RRV139 con_0010.nii 9 3 -6 -0.186145 0.118761
RRV139 con_0010.nii -9 3 -6 0.0600027 0.166761
RRV139 con_0010.nii -30 33 -18 -0.0354097 0.0965737
RRV139 con_0010.nii 46 28 31 0.0862321 0.170956
RRV139 con_0010.nii -44 27 33 0.111253 0.173558
RRV139 con_0010.nii 44 8 34 -0.0399109 0.792195
RRV139 con_0010.nii -42 7 36 0.546219 0.35342
RRV139 con_0010.nii 54 -44 43 -0.139913 0.187486
RRV139 con_0010.nii -53 -50 39 -0.280435 0.405597
RRV139 con_0010.nii 32 -59 41 0.30874 0.251726
RRV139 con_0010.nii -32 -58 46 0.428427 0.335117
RRV139 con_0010.nii -6 49 1 -0.503693 0.136423
RRV139 con_0011.nii 9 3 -6 -0.052339 0.107003
RRV139 con_0011.nii -9 3 -6 -0.207943 0.21578
RRV139 con_0011.nii -30 33 -18 -0.256864 0.263779
RRV139 con_0011.nii 46 28 31 0.434615 0.23699
RRV139 con_0011.nii -44 27 33 -0.0332352 0.386638
RRV139 con_0011.nii 44 8 34 0.273185 0.616721
RRV139 con_0011.nii -42 7 36 0.948885 0.514701
RRV139 con_0011.nii 54 -44 43 0.160633 0.246789
RRV139 con_0011.nii -53 -50 39 0.275431 0.215883
RRV139 con_0011.nii 32 -59 41 0.626376 0.373434
RRV139 con_0011.nii -32 -58 46 1.03729 0.276619
RRV139 con_0011.nii -6 49 1 -0.45232 0.171609
RRV139 con_0012.nii 9 3 -6 -0.238484 0.157993
RRV139 con_0012.nii -9 3 -6 -0.14794 0.351462
RRV139 con_0012.nii -30 33 -18 -0.292273 0.244892
RRV139 con_0012.nii 46 28 31 0.520847 0.35043
RRV139 con_0012.nii -44 27 33 0.0780175 0.445096
RRV139 con_0012.nii 44 8 34 0.233274 1.38924
RRV139 con_0012.nii -42 7 36 1.4951 0.808689
RRV139 con_0012.nii 54 -44 43 0.0207196 0.392282
RRV139 con_0012.nii -53 -50 39 -0.00500388 0.576223
RRV139 con_0012.nii 32 -59 41 0.935116 0.584176
RRV139 con_0012.nii -32 -58 46 1.46572 0.495362
RRV139 con_0012.nii -6 49 1 -0.956013 0.232604
RRV139 con_0013.nii 9 3 -6 0.124389 0.18786
RRV139 con_0013.nii -9 3 -6 0.139379 0.159321
RRV139 con_0013.nii -30 33 -18 0.362316 0.37989
RRV139 con_0013.nii 46 28 31 0.125448 0.368418
RRV139 con_0013.nii -44 27 33 -0.344428 0.193118
RRV139 con_0013.nii 44 8 34 0.709594 1.00252
RRV139 con_0013.nii -42 7 36 0.798356 0.435777
RRV139 con_0013.nii 54 -44 43 -0.405005 0.198873
RRV139 con_0013.nii -53 -50 39 -0.0738105 0.425874
RRV139 con_0013.nii 32 -59 41 0.731092 0.38924
RRV139 con_0013.nii -32 -58 46 1.15207 0.332471
RRV139 con_0013.nii -6 49 1 0.156902 0.205477
RRV139 con_0014.nii 9 3 -6 -0.114354 0.186811
RRV139 con_0014.nii -9 3 -6 -0.189079 0.184862
RRV139 con_0014.nii -30 33 -18 -0.691833 0.431342
RRV139 con_0014.nii 46 28 31 0.0237499 0.326892
RRV139 con_0014.nii -44 27 33 -0.303702 0.372977
RRV139 con_0014.nii 44 8 34 1.64447 0.963595
RRV139 con_0014.nii -42 7 36 0.550271 0.587072
RRV139 con_0014.nii 54 -44 43 -0.290189 0.212126
RRV139 con_0014.nii -53 -50 39 -0.316563 0.193537
RRV139 con_0014.nii 32 -59 41 0.306288 0.359882
RRV139 con_0014.nii -32 -58 46 0.995172 0.317205
RRV139 con_0014.nii -6 49 1 -0.125654 0.241595
RRV139 con_0015.nii 9 3 -6 0.0100342 0.315882
RRV139 con_0015.nii -9 3 -6 -0.0496993 0.307329
RRV139 con_0015.nii -30 33 -18 -0.329517 0.687513
RRV139 con_0015.nii 46 28 31 0.149198 0.623249
RRV139 con_0015.nii -44 27 33 -0.64813 0.326042
RRV139 con_0015.nii 44 8 34 2.35407 1.91828
RRV139 con_0015.nii -42 7 36 1.34863 0.869209
RRV139 con_0015.nii 54 -44 43 -0.695194 0.188195
RRV139 con_0015.nii -53 -50 39 -0.390374 0.58724
RRV139 con_0015.nii 32 -59 41 1.03738 0.708641
RRV139 con_0015.nii -32 -58 46 2.14725 0.550654
RRV139 con_0015.nii -6 49 1 0.0312482 0.272378
RRV139 con_0016.nii 9 3 -6 -0.294306 0.277841
RRV139 con_0016.nii -9 3 -6 0.119718 0.223727
RRV139 con_0016.nii -30 33 -18 0.175995 0.132269
RRV139 con_0016.nii 46 28 31 -0.113555 0.329004
RRV139 con_0016.nii -44 27 33 -0.0584988 0.215518
RRV139 con_0016.nii 44 8 34 0.655811 0.872741
RRV139 con_0016.nii -42 7 36 0.881462 0.526256
RRV139 con_0016.nii 54 -44 43 -0.532272 0.16492
RRV139 con_0016.nii -53 -50 39 -0.448016 0.536382
RRV139 con_0016.nii 32 -59 41 0.682872 0.393494
RRV139 con_0016.nii -32 -58 46 0.456836 0.486565
RRV139 con_0016.nii -6 49 1 -0.611235 0.207841
RRV139 con_0017.nii 9 3 -6 -0.0301004 0.115619
RRV139 con_0017.nii -9 3 -6 -0.177175 0.302244
RRV139 con_0017.nii -30 33 -18 -0.586577 0.333975
RRV139 con_0017.nii 46 28 31 0.167535 0.19515
RRV139 con_0017.nii -44 27 33 -0.294335 0.44288
RRV139 con_0017.nii 44 8 34 0.52528 0.622412
RRV139 con_0017.nii -42 7 36 0.394542 0.504316
RRV139 con_0017.nii 54 -44 43 -0.0231425 0.153912
RRV139 con_0017.nii -53 -50 39 -0.392211 0.310165
RRV139 con_0017.nii 32 -59 41 0.181774 0.426317
RRV139 con_0017.nii -32 -58 46 0.929452 0.278095
RRV139 con_0017.nii -6 49 1 -0.0735799 0.232261
RRV139 con_0018.nii 9 3 -6 -0.324407 0.273772
RRV139 con_0018.nii -9 3 -6 -0.0574569 0.449388
RRV139 con_0018.nii -30 33 -18 -0.410582 0.247131
RRV139 con_0018.nii 46 28 31 0.0539801 0.417137
RRV139 con_0018.nii -44 27 33 -0.352833 0.607855
RRV139 con_0018.nii 44 8 34 1.18109 1.45758
RRV139 con_0018.nii -42 7 36 1.276 0.929615
RRV139 con_0018.nii 54 -44 43 -0.555414 0.277784
RRV139 con_0018.nii -53 -50 39 -0.840227 0.83483
RRV139 con_0018.nii 32 -59 41 0.864647 0.749313
RRV139 con_0018.nii -32 -58 46 1.38629 0.525849
RRV139 con_0018.nii -6 49 1 -0.684814 0.365398
RRV139 con_0019.nii 9 3 -6 -0.584766 0.401844
RRV139 con_0019.nii -9 3 -6 0.185042 0.277041
RRV139 con_0019.nii -30 33 -18 -0.633692 0.338393
RRV139 con_0019.nii 46 28 31 -0.484298 0.404254
RRV139 con_0019.nii -44 27 33 -0.279516 0.378222
RRV139 con_0019.nii 44 8 34 -0.551439 0.464898
RRV139 con_0019.nii -42 7 36 -0.174937 0.337649
RRV139 con_0019.nii 54 -44 43 -1.26622 0.210017
RRV139 con_0019.nii -53 -50 39 -0.802598 0.360527
RRV139 con_0019.nii 32 -59 41 -0.472924 0.339695
RRV139 con_0019.nii -32 -58 46 -0.738825 0.583769
RRV139 con_0019.nii -6 49 1 -0.564086 0.500698
RRV139 con_0020.nii 9 3 -6 0.125133 0.258377
RRV139 con_0020.nii -9 3 -6 0.137407 0.235326
RRV139 con_0020.nii -30 33 -18 -0.172275 0.160756
RRV139 con_0020.nii 46 28 31 -0.201185 0.161709
RRV139 con_0020.nii -44 27 33 -0.0620952 0.184613
RRV139 con_0020.nii 44 8 34 0.00875592 0.278841
RRV139 con_0020.nii -42 7 36 -0.741362 0.254218
RRV139 con_0020.nii 54 -44 43 -0.220478 0.219994
RRV139 con_0020.nii -53 -50 39 -0.639076 0.265078
RRV139 con_0020.nii 32 -59 41 -0.694899 0.214337
RRV139 con_0020.nii -32 -58 46 0.00671717 0.299257
RRV139 con_0020.nii -6 49 1 0.394378 0.2462
RRV139 con_0021.nii 9 3 -6 -0.459634 0.363598
RRV139 con_0021.nii -9 3 -6 0.32245 0.256617
RRV139 con_0021.nii -30 33 -18 -0.805967 0.37216
RRV139 con_0021.nii 46 28 31 -0.685484 0.386476
RRV139 con_0021.nii -44 27 33 -0.341612 0.51013
RRV139 con_0021.nii 44 8 34 -0.542683 0.636095
RRV139 con_0021.nii -42 7 36 -0.916299 0.444555
RRV139 con_0021.nii 54 -44 43 -1.4867 0.245776
RRV139 con_0021.nii -53 -50 39 -1.44167 0.47271
RRV139 con_0021.nii 32 -59 41 -1.16782 0.306643
RRV139 con_0021.nii -32 -58 46 -0.732108 0.752722
RRV139 con_0021.nii -6 49 1 -0.169708 0.526076
RRV139 con_0022.nii 9 3 -6 0.265421 0.215575
RRV139 con_0022.nii -9 3 -6 -0.016313 0.178971
RRV139 con_0022.nii -30 33 -18 0.595009 0.222758
RRV139 con_0022.nii 46 28 31 -0.097451 0.199102
RRV139 con_0022.nii -44 27 33 -0.0345385 0.130003
RRV139 con_0022.nii 44 8 34 1.45408 0.393069
RRV139 con_0022.nii -42 7 36 0.783811 0.290318
RRV139 con_0022.nii 54 -44 43 0.222805 0.193606
RRV139 con_0022.nii -53 -50 39 0.239255 0.13165
RRV139 con_0022.nii 32 -59 41 0.70167 0.26851
RRV139 con_0022.nii -32 -58 46 0.345037 0.163636
RRV139 con_0022.nii -6 49 1 0.156198 0.201287
RRV139 con_0023.nii 9 3 -6 -0.213615 0.136727
RRV139 con_0023.nii -9 3 -6 -0.0235796 0.406736
RRV139 con_0023.nii -30 33 -18 -0.361356 0.184485
RRV139 con_0023.nii 46 28 31 -0.564699 0.206133
RRV139 con_0023.nii -44 27 33 -0.352527 0.304145
RRV139 con_0023.nii 44 8 34 0.245303 0.281879
RRV139 con_0023.nii -42 7 36 -0.645641 0.356473
RRV139 con_0023.nii 54 -44 43 -0.398155 0.432892
RRV139 con_0023.nii -53 -50 39 -0.603924 0.30021
RRV139 con_0023.nii 32 -59 41 -0.41335 0.167785
RRV139 con_0023.nii -32 -58 46 0.0224134 0.221617
RRV139 con_0023.nii -6 49 1 0.184898 0.345615
RRV139 con_0024.nii 9 3 -6 0.0518062 0.2521
RRV139 con_0024.nii -9 3 -6 -0.0398926 0.387601
RRV139 con_0024.nii -30 33 -18 0.233653 0.186073
RRV139 con_0024.nii 46 28 31 -0.66215 0.323357
RRV139 con_0024.nii -44 27 33 -0.387065 0.354619
RRV139 con_0024.nii 44 8 34 1.69938 0.441229
RRV139 con_0024.nii -42 7 36 0.13817 0.464474
RRV139 con_0024.nii 54 -44 43 -0.17535 0.561852
RRV139 con_0024.nii -53 -50 39 -0.36467 0.265
RRV139 con_0024.nii 32 -59 41 0.28832 0.280179
RRV139 con_0024.nii -32 -58 46 0.367451 0.27592
RRV139 con_0024.nii -6 49 1 0.341096 0.479203
RRV139 con_0025.nii 9 3 -6 -0.00513971 0.302644
RRV139 con_0025.nii -9 3 -6 0.0104157 0.449744
RRV139 con_0025.nii -30 33 -18 0.672897 0.250042
RRV139 con_0025.nii 46 28 31 -0.0176118 0.29584
RRV139 con_0025.nii -44 27 33 -0.195199 0.206548
RRV139 con_0025.nii 44 8 34 1.18453 0.374622
RRV139 con_0025.nii -42 7 36 0.396855 0.511742
RRV139 con_0025.nii 54 -44 43 -0.133659 0.2163
RRV139 con_0025.nii -53 -50 39 0.0606018 0.256499
RRV139 con_0025.nii 32 -59 41 0.893651 0.482071
RRV139 con_0025.nii -32 -58 46 0.479017 0.276927
RRV139 con_0025.nii -6 49 1 0.0852625 0.38695
RRV139 con_0026.nii 9 3 -6 0.155198 0.232988
RRV139 con_0026.nii -9 3 -6 -0.0215221 0.322942
RRV139 con_0026.nii -30 33 -18 -0.455509 0.270304
RRV139 con_0026.nii 46 28 31 -0.0353561 0.157505
RRV139 con_0026.nii -44 27 33 -0.368676 0.151477
RRV139 con_0026.nii 44 8 34 0.502227 0.157091
RRV139 con_0026.nii -42 7 36 -0.276025 0.328129
RRV139 con_0026.nii 54 -44 43 0.0673077 0.188342
RRV139 con_0026.nii -53 -50 39 -0.759927 0.234318
RRV139 con_0026.nii 32 -59 41 -0.225555 0.120517
RRV139 con_0026.nii -32 -58 46 -0.352652 0.238274
RRV139 con_0026.nii -6 49 1 0.556945 0.147612
RRV139 con_0027.nii 9 3 -6 0.150058 0.419097
RRV139 con_0027.nii -9 3 -6 -0.0111065 0.666169
RRV139 con_0027.nii -30 33 -18 0.217388 0.294694
RRV139 con_0027.nii 46 28 31 -0.0529679 0.273665
RRV139 con_0027.nii -44 27 33 -0.563875 0.221452
RRV139 con_0027.nii 44 8 34 1.68675 0.355301
RRV139 con_0027.nii -42 7 36 0.12083 0.633398
RRV139 con_0027.nii 54 -44 43 -0.0663516 0.272895
RRV139 con_0027.nii -53 -50 39 -0.699325 0.341315
RRV139 con_0027.nii 32 -59 41 0.668096 0.550811
RRV139 con_0027.nii -32 -58 46 0.126365 0.233301
RRV139 con_0027.nii -6 49 1 0.642208 0.281049
RRV139 con_0028.nii 9 3 -6 -0.108162 0.235061
RRV139 con_0028.nii -9 3 -6 0.059715 0.13186
RRV139 con_0028.nii -30 33 -18 0.211405 0.107527
RRV139 con_0028.nii 46 28 31 -0.199787 0.185652
RRV139 con_0028.nii -44 27 33 -0.169751 0.191955
RRV139 con_0028.nii 44 8 34 0.695721 0.192367
RRV139 con_0028.nii -42 7 36 0.335243 0.221601
RRV139 con_0028.nii 54 -44 43 -0.392359 0.124822
RRV139 con_0028.nii -53 -50 39 -0.16758 0.149976
RRV139 con_0028.nii 32 -59 41 0.374132 0.238457
RRV139 con_0028.nii -32 -58 46 0.0284095 0.237546
RRV139 con_0028.nii -6 49 1 -0.107542 0.194246
RRV139 con_0029.nii 9 3 -6 0.0222386 0.15295
RRV139 con_0029.nii -9 3 -6 0.0307685 0.293357
RRV139 con_0029.nii -30 33 -18 -0.329713 0.165245
RRV139 con_0029.nii 46 28 31 -0.26708 0.0964088
RRV139 con_0029.nii -44 27 33 -0.261099 0.180537
RRV139 con_0029.nii 44 8 34 0.252095 0.154697
RRV139 con_0029.nii -42 7 36 -0.554343 0.292311
RRV139 con_0029.nii 54 -44 43 -0.183775 0.226658
RRV139 con_0029.nii -53 -50 39 -0.667642 0.230994
RRV139 con_0029.nii 32 -59 41 -0.444601 0.133852
RRV139 con_0029.nii -32 -58 46 -0.107841 0.21645
RRV139 con_0029.nii -6 49 1 0.37874 0.199294
RRV139 con_0030.nii 9 3 -6 -0.085923 0.270764
RRV139 con_0030.nii -9 3 -6 0.0904835 0.371559
RRV139 con_0030.nii -30 33 -18 -0.118309 0.151664
RRV139 con_0030.nii 46 28 31 -0.466867 0.134504
RRV139 con_0030.nii -44 27 33 -0.430851 0.31432
RRV139 con_0030.nii 44 8 34 0.947817 0.217113
RRV139 con_0030.nii -42 7 36 -0.2191 0.35556
RRV139 con_0030.nii 54 -44 43 -0.576134 0.269853
RRV139 con_0030.nii -53 -50 39 -0.835223 0.311054
RRV139 con_0030.nii 32 -59 41 -0.0704693 0.28017
RRV139 con_0030.nii -32 -58 46 -0.0794311 0.294494
RRV139 con_0030.nii -6 49 1 0.271199 0.28458
