RRV137 con_0001.nii 9 3 -6 -0.00610056 0.191029
RRV137 con_0001.nii -9 3 -6 0.132186 0.255369
RRV137 con_0001.nii -30 33 -18 -0.37367 0.299074
RRV137 con_0001.nii 46 28 31 0.14704 0.369074
RRV137 con_0001.nii -44 27 33 -0.537409 0.288055
RRV137 con_0001.nii 44 8 34 -0.150155 0.319394
RRV137 con_0001.nii -42 7 36 0.630434 0.337314
RRV137 con_0001.nii 54 -44 43 -0.211595 0.224953
RRV137 con_0001.nii -53 -50 39 0.147354 0.31993
RRV137 con_0001.nii 32 -59 41 0.831039 0.652199
RRV137 con_0001.nii -32 -58 46 0.366949 0.195958
RRV137 con_0001.nii -6 49 1 -0.188887 0.252706
RRV137 con_0002.nii 9 3 -6 -0.339597 0.473906
RRV137 con_0002.nii -9 3 -6 -0.0314832 0.303013
RRV137 con_0002.nii -30 33 -18 0.0396122 0.287278
RRV137 con_0002.nii 46 28 31 -0.917139 0.389649
RRV137 con_0002.nii -44 27 33 -0.738049 0.299771
RRV137 con_0002.nii 44 8 34 -0.154686 0.454924
RRV137 con_0002.nii -42 7 36 -0.567618 0.325662
RRV137 con_0002.nii 54 -44 43 -0.89103 0.452573
RRV137 con_0002.nii -53 -50 39 -0.355679 0.468659
RRV137 con_0002.nii 32 -59 41 0.594498 0.766986
RRV137 con_0002.nii -32 -58 46 -0.508158 0.33987
RRV137 con_0002.nii -6 49 1 -1.50562 0.65743
RRV137 con_0003.nii 9 3 -6 -0.345697 0.496244
RRV137 con_0003.nii -9 3 -6 0.100703 0.27307
RRV137 con_0003.nii -30 33 -18 -0.334058 0.439262
RRV137 con_0003.nii 46 28 31 -0.770099 0.709395
RRV137 con_0003.nii -44 27 33 -1.27546 0.524951
RRV137 con_0003.nii 44 8 34 -0.304841 0.710825
RRV137 con_0003.nii -42 7 36 0.0628157 0.447701
RRV137 con_0003.nii 54 -44 43 -1.10262 0.630316
RRV137 con_0003.nii -53 -50 39 -0.208326 0.627932
RRV137 con_0003.nii 32 -59 41 1.42554 1.38424
RRV137 con_0003.nii -32 -58 46 -0.141209 0.363052
RRV137 con_0003.nii -6 49 1 -1.6945 0.856152
RRV137 con_0004.nii 9 3 -6 -0.377764 0.252035
RRV137 con_0004.nii -9 3 -6 -0.139738 0.396294
RRV137 con_0004.nii -30 33 -18 -0.784392 0.373383
RRV137 con_0004.nii 46 28 31 -0.276167 0.568943
RRV137 con_0004.nii -44 27 33 -1.15932 0.4023
RRV137 con_0004.nii 44 8 34 0.309704 0.254217
RRV137 con_0004.nii -42 7 36 -0.513076 0.397407
RRV137 con_0004.nii 54 -44 43 -0.896294 0.353018
RRV137 con_0004.nii -53 -50 39 -0.316416 0.317245
RRV137 con_0004.nii 32 -59 41 0.0748406 0.51996
RRV137 con_0004.nii -32 -58 46 -0.361723 0.238173
RRV137 con_0004.nii -6 49 1 -0.924233 0.776107
RRV137 con_0005.nii 9 3 -6 -0.221284 0.24053
RRV137 con_0005.nii -9 3 -6 -0.279093 0.175351
RRV137 con_0005.nii -30 33 -18 0.101154 0.181483
RRV137 con_0005.nii 46 28 31 -0.73875 0.461899
RRV137 con_0005.nii -44 27 33 -0.692844 0.188574
RRV137 con_0005.nii 44 8 34 0.038564 0.177423
RRV137 con_0005.nii -42 7 36 0.278564 0.450467
RRV137 con_0005.nii 54 -44 43 -1.12335 0.443307
RRV137 con_0005.nii -53 -50 39 -0.360975 0.380324
RRV137 con_0005.nii 32 -59 41 0.814604 0.804501
RRV137 con_0005.nii -32 -58 46 -0.453568 0.443633
RRV137 con_0005.nii -6 49 1 -0.912717 0.722868
RRV137 con_0006.nii 9 3 -6 -0.599048 0.413342
RRV137 con_0006.nii -9 3 -6 -0.418831 0.50015
RRV137 con_0006.nii -30 33 -18 -0.683237 0.480155
RRV137 con_0006.nii 46 28 31 -1.01492 0.796978
RRV137 con_0006.nii -44 27 33 -1.85217 0.394979
RRV137 con_0006.nii 44 8 34 0.348268 0.314942
RRV137 con_0006.nii -42 7 36 -0.234512 0.767788
RRV137 con_0006.nii 54 -44 43 -2.01964 0.74322
RRV137 con_0006.nii -53 -50 39 -0.677391 0.64459
RRV137 con_0006.nii 32 -59 41 0.889444 1.28797
RRV137 con_0006.nii -32 -58 46 -0.815291 0.651586
RRV137 con_0006.nii -6 49 1 -1.83695 1.42842
RRV137 con_0007.nii 9 3 -6 -0.121591 0.435721
RRV137 con_0007.nii -9 3 -6 0.0973976 0.550352
RRV137 con_0007.nii -30 33 -18 -0.513464 0.335646
RRV137 con_0007.nii 46 28 31 0.387623 0.353284
RRV137 con_0007.nii -44 27 33 -0.142847 0.202078
RRV137 con_0007.nii 44 8 34 0.067115 0.217133
RRV137 con_0007.nii -42 7 36 0.710242 0.430221
RRV137 con_0007.nii 54 -44 43 0.0570227 0.2381
RRV137 con_0007.nii -53 -50 39 0.413849 0.361567
RRV137 con_0007.nii 32 -59 41 0.935237 0.727301
RRV137 con_0007.nii -32 -58 46 0.122354 0.308251
RRV137 con_0007.nii -6 49 1 -0.293066 0.297494
RRV137 con_0008.nii 9 3 -6 0.707886 0.25844
RRV137 con_0008.nii -9 3 -6 0.00110463 0.328072
RRV137 con_0008.nii -30 33 -18 0.427729 0.356102
RRV137 con_0008.nii 46 28 31 0.134201 0.247305
RRV137 con_0008.nii -44 27 33 0.13842 0.237013
RRV137 con_0008.nii 44 8 34 0.432352 0.353772
RRV137 con_0008.nii -42 7 36 0.708255 0.542886
RRV137 con_0008.nii 54 -44 43 -0.169275 0.203698
RRV137 con_0008.nii -53 -50 39 -0.314639 0.319758
RRV137 con_0008.nii 32 -59 41 0.311565 0.436039
RRV137 con_0008.nii -32 -58 46 -0.276619 0.206007
RRV137 con_0008.nii -6 49 1 0.506757 0.452053
RRV137 con_0009.nii 9 3 -6 0.586295 0.495157
RRV137 con_0009.nii -9 3 -6 0.0985023 0.56869
RRV137 con_0009.nii -30 33 -18 -0.0857347 0.560845
RRV137 con_0009.nii 46 28 31 0.521824 0.317132
RRV137 con_0009.nii -44 27 33 -0.00442649 0.385627
RRV137 con_0009.nii 44 8 34 0.499467 0.348619
RRV137 con_0009.nii -42 7 36 1.4185 0.838591
RRV137 con_0009.nii 54 -44 43 -0.112252 0.421769
RRV137 con_0009.nii -53 -50 39 0.0992106 0.572142
RRV137 con_0009.nii 32 -59 41 1.2468 1.08176
RRV137 con_0009.nii -32 -58 46 -0.154265 0.409414
RRV137 con_0009.nii -6 49 1 0.213691 0.610015
RRV137 con_0010.nii 9 3 -6 0.0627856 0.210641
RRV137 con_0010.nii -9 3 -6 0.190988 0.268417
RRV137 con_0010.nii -30 33 -18 -0.48754 0.189989
RRV137 con_0010.nii 46 28 31 0.242418 0.177759
RRV137 con_0010.nii -44 27 33 -0.0941111 0.248464
RRV137 con_0010.nii 44 8 34 0.437876 0.278547
RRV137 con_0010.nii -42 7 36 0.562668 0.394101
RRV137 con_0010.nii 54 -44 43 0.619799 0.150117
RRV137 con_0010.nii -53 -50 39 0.100842 0.261102
RRV137 con_0010.nii 32 -59 41 0.526877 0.489239
RRV137 con_0010.nii -32 -58 46 -0.0152144 0.178601
RRV137 con_0010.nii -6 49 1 0.453667 0.160268
RRV137 con_0011.nii 9 3 -6 -0.189445 0.300634
RRV137 con_0011.nii -9 3 -6 -0.293067 0.152653
RRV137 con_0011.nii -30 33 -18 -0.631726 0.247531
RRV137 con_0011.nii 46 28 31 -0.474876 0.252121
RRV137 con_0011.nii -44 27 33 -0.483481 0.189744
RRV137 con_0011.nii 44 8 34 -0.0424365 0.208175
RRV137 con_0011.nii -42 7 36 0.22095 0.324372
RRV137 con_0011.nii 54 -44 43 -0.344328 0.182564
RRV137 con_0011.nii -53 -50 39 -0.223147 0.295155
RRV137 con_0011.nii 32 -59 41 0.151022 0.408755
RRV137 con_0011.nii -32 -58 46 -0.444354 0.281594
RRV137 con_0011.nii -6 49 1 -0.765012 0.430493
RRV137 con_0012.nii 9 3 -6 -0.12666 0.284043
RRV137 con_0012.nii -9 3 -6 -0.102079 0.259895
RRV137 con_0012.nii -30 33 -18 -1.11927 0.41402
RRV137 con_0012.nii 46 28 31 -0.232458 0.210777
RRV137 con_0012.nii -44 27 33 -0.577592 0.236868
RRV137 con_0012.nii 44 8 34 0.395439 0.349595
RRV137 con_0012.nii -42 7 36 0.783618 0.625701
RRV137 con_0012.nii 54 -44 43 0.275471 0.210055
RRV137 con_0012.nii -53 -50 39 -0.122305 0.479472
RRV137 con_0012.nii 32 -59 41 0.677899 0.880193
RRV137 con_0012.nii -32 -58 46 -0.459569 0.417398
RRV137 con_0012.nii -6 49 1 -0.311345 0.419882
RRV137 con_0013.nii 9 3 -6 -0.246631 0.286108
RRV137 con_0013.nii -9 3 -6 0.27673 0.402654
RRV137 con_0013.nii -30 33 -18 -0.411109 0.277009
RRV137 con_0013.nii 46 28 31 -0.0558083 0.313352
RRV137 con_0013.nii -44 27 33 -0.262663 0.152382
RRV137 con_0013.nii 44 8 34 1.01511 0.429914
RRV137 con_0013.nii -42 7 36 0.427797 0.263104
RRV137 con_0013.nii 54 -44 43 0.0468944 0.250385
RRV137 con_0013.nii -53 -50 39 0.306792 0.307443
RRV137 con_0013.nii 32 -59 41 0.754657 0.818316
RRV137 con_0013.nii -32 -58 46 0.128438 0.437692
RRV137 con_0013.nii -6 49 1 0.0190092 0.280767
RRV137 con_0014.nii 9 3 -6 -0.211197 0.504994
RRV137 con_0014.nii -9 3 -6 -0.254586 0.274967
RRV137 con_0014.nii -30 33 -18 -0.0480441 0.461955
RRV137 con_0014.nii 46 28 31 -0.705125 0.314057
RRV137 con_0014.nii -44 27 33 -0.323205 0.257449
RRV137 con_0014.nii 44 8 34 0.742637 0.566606
RRV137 con_0014.nii -42 7 36 0.339915 0.404044
RRV137 con_0014.nii 54 -44 43 -0.539666 0.264032
RRV137 con_0014.nii -53 -50 39 -0.157611 0.397086
RRV137 con_0014.nii 32 -59 41 0.595494 0.814775
RRV137 con_0014.nii -32 -58 46 -0.369145 0.401183
RRV137 con_0014.nii -6 49 1 -0.651783 0.633544
RRV137 con_0015.nii 9 3 -6 -0.457829 0.710998
RRV137 con_0015.nii -9 3 -6 0.0221441 0.521781
RRV137 con_0015.nii -30 33 -18 -0.459153 0.678003
RRV137 con_0015.nii 46 28 31 -0.760933 0.584782
RRV137 con_0015.nii -44 27 33 -0.585869 0.363299
RRV137 con_0015.nii 44 8 34 1.75775 0.933297
RRV137 con_0015.nii -42 7 36 0.767712 0.620532
RRV137 con_0015.nii 54 -44 43 -0.492771 0.443633
RRV137 con_0015.nii -53 -50 39 0.149181 0.678367
RRV137 con_0015.nii 32 -59 41 1.35015 1.6255
RRV137 con_0015.nii -32 -58 46 -0.240706 0.796747
RRV137 con_0015.nii -6 49 1 -0.632774 0.821323
RRV137 con_0016.nii 9 3 -6 -0.168485 0.22505
RRV137 con_0016.nii -9 3 -6 0.0299486 0.371449
RRV137 con_0016.nii -30 33 -18 -0.557175 0.322577
RRV137 con_0016.nii 46 28 31 0.0861657 0.410597
RRV137 con_0016.nii -44 27 33 -0.613193 0.272582
RRV137 con_0016.nii 44 8 34 0.0755547 0.207129
RRV137 con_0016.nii -42 7 36 0.275866 0.271639
RRV137 con_0016.nii 54 -44 43 -0.350289 0.214402
RRV137 con_0016.nii -53 -50 39 0.0815956 0.299316
RRV137 con_0016.nii 32 -59 41 0.613706 0.602126
RRV137 con_0016.nii -32 -58 46 0.042527 0.170182
RRV137 con_0016.nii -6 49 1 -0.468729 0.402431
RRV137 con_0017.nii 9 3 -6 0.0490018 0.240368
RRV137 con_0017.nii -9 3 -6 -0.103157 0.214458
RRV137 con_0017.nii -30 33 -18 0.189499 0.142314
RRV137 con_0017.nii 46 28 31 -0.507229 0.269775
RRV137 con_0017.nii -44 27 33 -0.430824 0.153088
RRV137 con_0017.nii 44 8 34 0.10541 0.217743
RRV137 con_0017.nii -42 7 36 0.139734 0.281398
RRV137 con_0017.nii 54 -44 43 -0.727884 0.339216
RRV137 con_0017.nii -53 -50 39 -0.343764 0.304464
RRV137 con_0017.nii 32 -59 41 0.573556 0.629382
RRV137 con_0017.nii -32 -58 46 -0.412782 0.266278
RRV137 con_0017.nii -6 49 1 -0.637192 0.548464
RRV137 con_0018.nii 9 3 -6 -0.119483 0.307261
RRV137 con_0018.nii -9 3 -6 -0.0732085 0.352038
RRV137 con_0018.nii -30 33 -18 -0.367677 0.410319
RRV137 con_0018.nii 46 28 31 -0.421064 0.568763
RRV137 con_0018.nii -44 27 33 -1.04402 0.387518
RRV137 con_0018.nii 44 8 34 0.180965 0.403008
RRV137 con_0018.nii -42 7 36 0.4156 0.515075
RRV137 con_0018.nii 54 -44 43 -1.07817 0.544057
RRV137 con_0018.nii -53 -50 39 -0.262169 0.56687
RRV137 con_0018.nii 32 -59 41 1.18726 1.2237
RRV137 con_0018.nii -32 -58 46 -0.370255 0.369505
RRV137 con_0018.nii -6 49 1 -1.10592 0.881064
RRV137 con_0019.nii 9 3 -6 -0.0688861 0.230766
RRV137 con_0019.nii -9 3 -6 -0.0588015 0.113357
RRV137 con_0019.nii -30 33 -18 0.11387 0.229678
RRV137 con_0019.nii 46 28 31 -0.0953774 0.410182
RRV137 con_0019.nii -44 27 33 -0.443298 0.393449
RRV137 con_0019.nii 44 8 34 -0.588031 0.232959
RRV137 con_0019.nii -42 7 36 0.067766 0.218482
RRV137 con_0019.nii 54 -44 43 -0.831394 0.317105
RRV137 con_0019.nii -53 -50 39 0.0465115 0.179174
RRV137 con_0019.nii 32 -59 41 0.304162 0.215568
RRV137 con_0019.nii -32 -58 46 0.382164 0.231546
RRV137 con_0019.nii -6 49 1 -0.642554 0.273802
RRV137 con_0020.nii 9 3 -6 -0.150151 0.524736
RRV137 con_0020.nii -9 3 -6 0.261584 0.281839
RRV137 con_0020.nii -30 33 -18 0.671338 0.2797
RRV137 con_0020.nii 46 28 31 -0.442264 0.212212
RRV137 con_0020.nii -44 27 33 -0.254568 0.227203
RRV137 con_0020.nii 44 8 34 -0.11225 0.60446
RRV137 con_0020.nii -42 7 36 -0.788568 0.256677
RRV137 con_0020.nii 54 -44 43 -0.546701 0.350451
RRV137 con_0020.nii -53 -50 39 -0.132532 0.419616
RRV137 con_0020.nii 32 -59 41 0.443476 0.393055
RRV137 con_0020.nii -32 -58 46 -0.0638037 0.187385
RRV137 con_0020.nii -6 49 1 -0.740604 0.326948
RRV137 con_0021.nii 9 3 -6 -0.219037 0.559469
RRV137 con_0021.nii -9 3 -6 0.202782 0.318652
RRV137 con_0021.nii -30 33 -18 0.785208 0.311189
RRV137 con_0021.nii 46 28 31 -0.537641 0.536045
RRV137 con_0021.nii -44 27 33 -0.697866 0.515588
RRV137 con_0021.nii 44 8 34 -0.700281 0.737017
RRV137 con_0021.nii -42 7 36 -0.720802 0.402191
RRV137 con_0021.nii 54 -44 43 -1.3781 0.648885
RRV137 con_0021.nii -53 -50 39 -0.0860209 0.473406
RRV137 con_0021.nii 32 -59 41 0.747638 0.522348
RRV137 con_0021.nii -32 -58 46 0.31836 0.305149
RRV137 con_0021.nii -6 49 1 -1.38316 0.513842
RRV137 con_0022.nii 9 3 -6 -0.44055 0.231241
RRV137 con_0022.nii -9 3 -6 -0.330726 0.24618
RRV137 con_0022.nii -30 33 -18 -0.296852 0.232782
RRV137 con_0022.nii 46 28 31 -0.518584 0.590249
RRV137 con_0022.nii -44 27 33 -1.06521 0.469776
RRV137 con_0022.nii 44 8 34 -0.128172 0.256985
RRV137 con_0022.nii -42 7 36 -1.07574 0.680187
RRV137 con_0022.nii 54 -44 43 -1.51609 0.471803
RRV137 con_0022.nii -53 -50 39 -0.417258 0.322381
RRV137 con_0022.nii 32 -59 41 -0.452036 0.328528
RRV137 con_0022.nii -32 -58 46 -0.346508 0.251137
RRV137 con_0022.nii -6 49 1 -1.3779 0.804808
RRV137 con_0023.nii 9 3 -6 -0.0318389 0.251055
RRV137 con_0023.nii -9 3 -6 0.0139746 0.262887
RRV137 con_0023.nii -30 33 -18 0.73288 0.305256
RRV137 con_0023.nii 46 28 31 -0.263874 0.242271
RRV137 con_0023.nii -44 27 33 -0.209363 0.243257
RRV137 con_0023.nii 44 8 34 0.0810004 0.253845
RRV137 con_0023.nii -42 7 36 0.0576136 0.309632
RRV137 con_0023.nii 54 -44 43 -0.77902 0.371987
RRV137 con_0023.nii -53 -50 39 -0.137828 0.123543
RRV137 con_0023.nii 32 -59 41 0.663581 0.410051
RRV137 con_0023.nii -32 -58 46 -0.00921383 0.279773
RRV137 con_0023.nii -6 49 1 -0.147705 0.363576
RRV137 con_0024.nii 9 3 -6 -0.472389 0.388643
RRV137 con_0024.nii -9 3 -6 -0.316752 0.478666
RRV137 con_0024.nii -30 33 -18 0.436028 0.357208
RRV137 con_0024.nii 46 28 31 -0.782458 0.652339
RRV137 con_0024.nii -44 27 33 -1.27458 0.336938
RRV137 con_0024.nii 44 8 34 -0.0471711 0.390762
RRV137 con_0024.nii -42 7 36 -1.01813 0.934452
RRV137 con_0024.nii 54 -44 43 -2.29511 0.755675
RRV137 con_0024.nii -53 -50 39 -0.555087 0.40314
RRV137 con_0024.nii 32 -59 41 0.211545 0.525194
RRV137 con_0024.nii -32 -58 46 -0.355722 0.464729
RRV137 con_0024.nii -6 49 1 -1.5256 1.09442
RRV137 con_0025.nii 9 3 -6 -0.184376 0.397102
RRV137 con_0025.nii -9 3 -6 -0.0935903 0.394363
RRV137 con_0025.nii -30 33 -18 -0.0259239 0.234253
RRV137 con_0025.nii 46 28 31 0.145205 0.330379
RRV137 con_0025.nii -44 27 33 -0.0487354 0.244278
RRV137 con_0025.nii 44 8 34 -0.370761 0.317599
RRV137 con_0025.nii -42 7 36 0.147574 0.278681
RRV137 con_0025.nii 54 -44 43 -0.562776 0.290397
RRV137 con_0025.nii -53 -50 39 0.313007 0.219123
RRV137 con_0025.nii 32 -59 41 0.408361 0.268022
RRV137 con_0025.nii -32 -58 46 0.137569 0.254845
RRV137 con_0025.nii -6 49 1 -0.746733 0.306823
RRV137 con_0026.nii 9 3 -6 0.897332 0.350061
RRV137 con_0026.nii -9 3 -6 0.294172 0.343663
RRV137 con_0026.nii -30 33 -18 1.05946 0.442972
RRV137 con_0026.nii 46 28 31 0.609077 0.3555
RRV137 con_0026.nii -44 27 33 0.621901 0.266074
RRV137 con_0026.nii 44 8 34 0.474789 0.409407
RRV137 con_0026.nii -42 7 36 0.487305 0.514669
RRV137 con_0026.nii 54 -44 43 0.175053 0.239466
RRV137 con_0026.nii -53 -50 39 -0.0914917 0.18038
RRV137 con_0026.nii 32 -59 41 0.160543 0.288936
RRV137 con_0026.nii -32 -58 46 0.167735 0.274019
RRV137 con_0026.nii -6 49 1 1.27177 0.368193
RRV137 con_0027.nii 9 3 -6 0.712955 0.310169
RRV137 con_0027.nii -9 3 -6 0.200582 0.602685
RRV137 con_0027.nii -30 33 -18 1.03353 0.55752
RRV137 con_0027.nii 46 28 31 0.754282 0.288503
RRV137 con_0027.nii -44 27 33 0.573165 0.315959
RRV137 con_0027.nii 44 8 34 0.104028 0.356341
RRV137 con_0027.nii -42 7 36 0.634879 0.401805
RRV137 con_0027.nii 54 -44 43 -0.387723 0.492401
RRV137 con_0027.nii -53 -50 39 0.221515 0.183565
RRV137 con_0027.nii 32 -59 41 0.568904 0.297895
RRV137 con_0027.nii -32 -58 46 0.305304 0.424146
RRV137 con_0027.nii -6 49 1 0.525036 0.453633
RRV137 con_0028.nii 9 3 -6 -0.231271 0.205338
RRV137 con_0028.nii -9 3 -6 -0.161039 0.198116
RRV137 con_0028.nii -30 33 -18 -0.0696351 0.210128
RRV137 con_0028.nii 46 28 31 -0.156252 0.426943
RRV137 con_0028.nii -44 27 33 -0.519082 0.35233
RRV137 con_0028.nii 44 8 34 -0.362321 0.212997
RRV137 con_0028.nii -42 7 36 -0.286801 0.342837
RRV137 con_0028.nii 54 -44 43 -0.970088 0.32325
RRV137 con_0028.nii -53 -50 39 -0.0192467 0.199238
RRV137 con_0028.nii 32 -59 41 0.086829 0.172449
RRV137 con_0028.nii -32 -58 46 0.0577414 0.161628
RRV137 con_0028.nii -6 49 1 -0.922395 0.427384
RRV137 con_0029.nii 9 3 -6 0.238447 0.30823
RRV137 con_0029.nii -9 3 -6 0.18991 0.241128
RRV137 con_0029.nii -30 33 -18 0.821224 0.249081
RRV137 con_0029.nii 46 28 31 -0.0323536 0.0858461
RRV137 con_0029.nii -44 27 33 0.0526565 0.15308
RRV137 con_0029.nii 44 8 34 0.147847 0.354057
RRV137 con_0029.nii -42 7 36 -0.0812166 0.142
RRV137 con_0029.nii 54 -44 43 -0.383556 0.271355
RRV137 con_0029.nii -53 -50 39 -0.120617 0.108688
RRV137 con_0029.nii 32 -59 41 0.422533 0.23725
RRV137 con_0029.nii -32 -58 46 0.0315725 0.124397
RRV137 con_0029.nii -6 49 1 0.12782 0.198312
RRV137 con_0030.nii 9 3 -6 0.00717639 0.245759
RRV137 con_0030.nii -9 3 -6 0.0288707 0.373076
RRV137 con_0030.nii -30 33 -18 0.751589 0.31744
RRV137 con_0030.nii 46 28 31 -0.188606 0.419368
RRV137 con_0030.nii -44 27 33 -0.466425 0.341277
RRV137 con_0030.nii 44 8 34 -0.214475 0.441255
RRV137 con_0030.nii -42 7 36 -0.368018 0.407898
RRV137 con_0030.nii 54 -44 43 -1.35364 0.575901
RRV137 con_0030.nii -53 -50 39 -0.139864 0.287063
RRV137 con_0030.nii 32 -59 41 0.509362 0.358024
RRV137 con_0030.nii -32 -58 46 0.0893139 0.241245
RRV137 con_0030.nii -6 49 1 -0.794575 0.532573
RRV137 con_0031.nii 9 3 -6 -0.309417 0.20083
RRV137 con_0031.nii -9 3 -6 0.0857417 0.200279
RRV137 con_0031.nii -30 33 -18 0.0764316 0.17275
RRV137 con_0031.nii 46 28 31 -0.298226 0.360664
RRV137 con_0031.nii -44 27 33 -0.168552 0.295694
RRV137 con_0031.nii 44 8 34 0.577238 0.220557
RRV137 con_0031.nii -42 7 36 -0.134871 0.301054
RRV137 con_0031.nii 54 -44 43 -0.572905 0.298041
RRV137 con_0031.nii -53 -50 39 0.20595 0.204901
RRV137 con_0031.nii 32 -59 41 0.22778 0.380483
RRV137 con_0031.nii -32 -58 46 0.143653 0.338812
RRV137 con_0031.nii -6 49 1 -0.434658 0.290685
RRV137 con_0032.nii 9 3 -6 -0.0217518 0.3785
RRV137 con_0032.nii -9 3 -6 0.0384816 0.354004
RRV137 con_0032.nii -30 33 -18 0.583682 0.339378
RRV137 con_0032.nii 46 28 31 -0.230249 0.141512
RRV137 con_0032.nii -44 27 33 0.160276 0.215364
RRV137 con_0032.nii 44 8 34 0.785073 0.705528
RRV137 con_0032.nii -42 7 36 0.118964 0.215218
RRV137 con_0032.nii 54 -44 43 -0.195337 0.194995
RRV137 con_0032.nii -53 -50 39 0.0655357 0.154345
RRV137 con_0032.nii 32 -59 41 0.444471 0.454619
RRV137 con_0032.nii -32 -58 46 0.0752097 0.262267
RRV137 con_0032.nii -6 49 1 0.113228 0.302065
RRV137 con_0033.nii 9 3 -6 -0.331169 0.496449
RRV137 con_0033.nii -9 3 -6 0.124223 0.446646
RRV137 con_0033.nii -30 33 -18 0.660113 0.412902
RRV137 con_0033.nii 46 28 31 -0.528475 0.414202
RRV137 con_0033.nii -44 27 33 -0.00827659 0.322365
RRV137 con_0033.nii 44 8 34 1.36231 0.872324
RRV137 con_0033.nii -42 7 36 -0.0159065 0.445647
RRV137 con_0033.nii 54 -44 43 -0.768242 0.444325
RRV137 con_0033.nii -53 -50 39 0.271485 0.284473
RRV137 con_0033.nii 32 -59 41 0.672252 0.811965
RRV137 con_0033.nii -32 -58 46 0.218862 0.583751
RRV137 con_0033.nii -6 49 1 -0.321429 0.531823
