RRV101 con_0001.nii 9 3 -6 -0.805529 0.50038
RRV101 con_0001.nii -9 3 -6 -0.529087 0.306556
RRV101 con_0001.nii -30 33 -18 0.253478 0.268566
RRV101 con_0001.nii 46 28 31 0.362346 0.133829
RRV101 con_0001.nii -44 27 33 0.211723 0.145553
RRV101 con_0001.nii 44 8 34 0.646934 0.164131
RRV101 con_0001.nii -42 7 36 0.0371994 0.178007
RRV101 con_0001.nii 54 -44 43 0.651446 0.215453
RRV101 con_0001.nii -53 -50 39 0.472615 0.201583
RRV101 con_0001.nii 32 -59 41 0.200323 0.284428
RRV101 con_0001.nii -32 -58 46 0.453042 0.192067
RRV101 con_0001.nii -6 49 1 0.215032 0.221464
RRV101 con_0002.nii 9 3 -6 0.261193 0.257505
RRV101 con_0002.nii -9 3 -6 0.178012 0.371048
RRV101 con_0002.nii -30 33 -18 0.952621 0.32906
RRV101 con_0002.nii 46 28 31 0.963237 0.155528
RRV101 con_0002.nii -44 27 33 1.23128 0.355881
RRV101 con_0002.nii 44 8 34 0.772367 0.318033
RRV101 con_0002.nii -42 7 36 0.666298 0.263042
RRV101 con_0002.nii 54 -44 43 1.02558 0.201819
RRV101 con_0002.nii -53 -50 39 0.996986 0.201819
RRV101 con_0002.nii 32 -59 41 1.01174 0.195522
RRV101 con_0002.nii -32 -58 46 1.41904 0.270351
RRV101 con_0002.nii -6 49 1 0.606455 0.209375
RRV101 con_0003.nii 9 3 -6 -0.544336 0.663524
RRV101 con_0003.nii -9 3 -6 -0.351075 0.549915
RRV101 con_0003.nii -30 33 -18 1.2061 0.43485
RRV101 con_0003.nii 46 28 31 1.32558 0.172788
RRV101 con_0003.nii -44 27 33 1.443 0.370597
RRV101 con_0003.nii 44 8 34 1.4193 0.411084
RRV101 con_0003.nii -42 7 36 0.703497 0.249109
RRV101 con_0003.nii 54 -44 43 1.67703 0.296859
RRV101 con_0003.nii -53 -50 39 1.4696 0.311512
RRV101 con_0003.nii 32 -59 41 1.21206 0.435203
RRV101 con_0003.nii -32 -58 46 1.87208 0.445304
RRV101 con_0003.nii -6 49 1 0.821487 0.363392
RRV101 con_0004.nii 9 3 -6 0.0667343 0.553434
RRV101 con_0004.nii -9 3 -6 0.153543 0.245294
RRV101 con_0004.nii -30 33 -18 0.00146941 0.205642
RRV101 con_0004.nii 46 28 31 0.598285 0.235064
RRV101 con_0004.nii -44 27 33 1.17886 0.31095
RRV101 con_0004.nii 44 8 34 0.220326 0.321265
RRV101 con_0004.nii -42 7 36 0.0924196 0.205482
RRV101 con_0004.nii 54 -44 43 0.987457 0.215969
RRV101 con_0004.nii -53 -50 39 0.67232 0.257545
RRV101 con_0004.nii 32 -59 41 0.263064 0.31906
RRV101 con_0004.nii -32 -58 46 0.376144 0.447453
RRV101 con_0004.nii -6 49 1 -0.68566 0.313935
RRV101 con_0005.nii 9 3 -6 -0.194912 0.525348
RRV101 con_0005.nii -9 3 -6 -0.746424 0.912624
RRV101 con_0005.nii -30 33 -18 0.797955 0.470138
RRV101 con_0005.nii 46 28 31 0.472979 0.219998
RRV101 con_0005.nii -44 27 33 1.18415 0.350474
RRV101 con_0005.nii 44 8 34 0.8692 0.35458
RRV101 con_0005.nii -42 7 36 1.01448 0.369254
RRV101 con_0005.nii 54 -44 43 1.01721 0.163602
RRV101 con_0005.nii -53 -50 39 1.04407 0.292179
RRV101 con_0005.nii 32 -59 41 0.591411 0.161783
RRV101 con_0005.nii -32 -58 46 0.918757 0.169875
RRV101 con_0005.nii -6 49 1 0.892391 0.318462
RRV101 con_0006.nii 9 3 -6 -0.128177 1.02405
RRV101 con_0006.nii -9 3 -6 -0.592881 1.0556
RRV101 con_0006.nii -30 33 -18 0.799425 0.581505
RRV101 con_0006.nii 46 28 31 1.07126 0.372548
RRV101 con_0006.nii -44 27 33 2.36301 0.623504
RRV101 con_0006.nii 44 8 34 1.08953 0.61832
RRV101 con_0006.nii -42 7 36 1.1069 0.391605
RRV101 con_0006.nii 54 -44 43 2.00466 0.355881
RRV101 con_0006.nii -53 -50 39 1.71639 0.446138
RRV101 con_0006.nii 32 -59 41 0.854475 0.35452
RRV101 con_0006.nii -32 -58 46 1.2949 0.533749
RRV101 con_0006.nii -6 49 1 0.206731 0.523115
RRV101 con_0007.nii 9 3 -6 -0.75825 0.222892
RRV101 con_0007.nii -9 3 -6 0.561749 0.307335
RRV101 con_0007.nii -30 33 -18 -0.134013 0.283465
RRV101 con_0007.nii 46 28 31 0.397674 0.136958
RRV101 con_0007.nii -44 27 33 0.176938 0.369061
RRV101 con_0007.nii 44 8 34 0.257833 0.169863
RRV101 con_0007.nii -42 7 36 0.624677 0.252432
RRV101 con_0007.nii 54 -44 43 0.20352 0.135658
RRV101 con_0007.nii -53 -50 39 0.165168 0.285477
RRV101 con_0007.nii 32 -59 41 0.15173 0.177808
RRV101 con_0007.nii -32 -58 46 0.0727713 0.203675
RRV101 con_0007.nii -6 49 1 -0.220776 0.331608
RRV101 con_0008.nii 9 3 -6 -0.0456936 0.564759
RRV101 con_0008.nii -9 3 -6 -0.400952 0.353392
RRV101 con_0008.nii -30 33 -18 0.815687 0.364422
RRV101 con_0008.nii 46 28 31 0.452193 0.227782
RRV101 con_0008.nii -44 27 33 0.641666 0.432232
RRV101 con_0008.nii 44 8 34 0.66273 0.345666
RRV101 con_0008.nii -42 7 36 -0.0607732 0.334686
RRV101 con_0008.nii 54 -44 43 0.812569 0.22492
RRV101 con_0008.nii -53 -50 39 0.39037 0.135512
RRV101 con_0008.nii 32 -59 41 0.374959 0.100779
RRV101 con_0008.nii -32 -58 46 0.20293 0.214936
RRV101 con_0008.nii -6 49 1 0.327229 0.179173
RRV101 con_0009.nii 9 3 -6 -0.803944 0.702387
RRV101 con_0009.nii -9 3 -6 0.160797 0.424929
RRV101 con_0009.nii -30 33 -18 0.681674 0.331875
RRV101 con_0009.nii 46 28 31 0.849867 0.165727
RRV101 con_0009.nii -44 27 33 0.818605 0.557871
RRV101 con_0009.nii 44 8 34 0.920563 0.402055
RRV101 con_0009.nii -42 7 36 0.563904 0.469656
RRV101 con_0009.nii 54 -44 43 1.01609 0.262745
RRV101 con_0009.nii -53 -50 39 0.555538 0.346267
RRV101 con_0009.nii 32 -59 41 0.526689 0.218727
RRV101 con_0009.nii -32 -58 46 0.275702 0.313039
RRV101 con_0009.nii -6 49 1 0.106453 0.425848
RRV101 con_0010.nii 9 3 -6 -0.377154 0.23726
RRV101 con_0010.nii -9 3 -6 -0.116716 0.188777
RRV101 con_0010.nii -30 33 -18 -0.0771314 0.156285
RRV101 con_0010.nii 46 28 31 0.479315 0.220023
RRV101 con_0010.nii -44 27 33 0.140359 0.188923
RRV101 con_0010.nii 44 8 34 0.502886 0.16801
RRV101 con_0010.nii -42 7 36 0.330893 0.113844
RRV101 con_0010.nii 54 -44 43 0.187999 0.152344
RRV101 con_0010.nii -53 -50 39 0.162319 0.123174
RRV101 con_0010.nii 32 -59 41 0.224069 0.168878
RRV101 con_0010.nii -32 -58 46 0.22782 0.154573
RRV101 con_0010.nii -6 49 1 -0.719863 0.241029
RRV101 con_0011.nii 9 3 -6 0.387758 0.431042
RRV101 con_0011.nii -9 3 -6 0.207432 0.267175
RRV101 con_0011.nii -30 33 -18 0.0564743 0.321554
RRV101 con_0011.nii 46 28 31 0.382202 0.193027
RRV101 con_0011.nii -44 27 33 0.110802 0.161411
RRV101 con_0011.nii 44 8 34 0.397746 0.172738
RRV101 con_0011.nii -42 7 36 -0.0191291 0.193369
RRV101 con_0011.nii 54 -44 43 0.491305 0.189353
RRV101 con_0011.nii -53 -50 39 0.279443 0.204583
RRV101 con_0011.nii 32 -59 41 0.471818 0.198638
RRV101 con_0011.nii -32 -58 46 0.469352 0.132187
RRV101 con_0011.nii -6 49 1 -0.0812805 0.444057
RRV101 con_0012.nii 9 3 -6 0.0106041 0.365102
RRV101 con_0012.nii -9 3 -6 0.0907159 0.246626
RRV101 con_0012.nii -30 33 -18 -0.020657 0.421393
RRV101 con_0012.nii 46 28 31 0.861518 0.354266
RRV101 con_0012.nii -44 27 33 0.25116 0.227045
RRV101 con_0012.nii 44 8 34 0.900632 0.212934
RRV101 con_0012.nii -42 7 36 0.311764 0.235058
RRV101 con_0012.nii 54 -44 43 0.679304 0.303707
RRV101 con_0012.nii -53 -50 39 0.441762 0.233929
RRV101 con_0012.nii 32 -59 41 0.695887 0.330487
RRV101 con_0012.nii -32 -58 46 0.697173 0.152357
RRV101 con_0012.nii -6 49 1 -0.801143 0.542346
RRV101 con_0013.nii 9 3 -6 -0.286327 0.220476
RRV101 con_0013.nii -9 3 -6 -0.183932 0.226952
RRV101 con_0013.nii -30 33 -18 0.145117 0.182711
RRV101 con_0013.nii 46 28 31 0.39089 0.162809
RRV101 con_0013.nii -44 27 33 0.328384 0.167552
RRV101 con_0013.nii 44 8 34 0.364624 0.168398
RRV101 con_0013.nii -42 7 36 0.348173 0.153503
RRV101 con_0013.nii 54 -44 43 0.307651 0.10993
RRV101 con_0013.nii -53 -50 39 0.309453 0.226837
RRV101 con_0013.nii 32 -59 41 0.354488 0.195626
RRV101 con_0013.nii -32 -58 46 0.338231 0.214467
RRV101 con_0013.nii -6 49 1 -0.622915 0.355009
RRV101 con_0014.nii 9 3 -6 0.0908136 0.247518
RRV101 con_0014.nii -9 3 -6 -0.185267 0.229574
RRV101 con_0014.nii -30 33 -18 0.238121 0.290734
RRV101 con_0014.nii 46 28 31 0.273966 0.138077
RRV101 con_0014.nii -44 27 33 0.379301 0.341557
RRV101 con_0014.nii 44 8 34 0.600813 0.19084
RRV101 con_0014.nii -42 7 36 0.194618 0.218538
RRV101 con_0014.nii 54 -44 43 0.515723 0.136762
RRV101 con_0014.nii -53 -50 39 0.48394 0.110101
RRV101 con_0014.nii 32 -59 41 0.507043 0.145495
RRV101 con_0014.nii -32 -58 46 0.349199 0.176542
RRV101 con_0014.nii -6 49 1 0.0308962 0.180849
RRV101 con_0015.nii 9 3 -6 -0.195513 0.341492
RRV101 con_0015.nii -9 3 -6 -0.369199 0.275519
RRV101 con_0015.nii -30 33 -18 0.383237 0.351561
RRV101 con_0015.nii 46 28 31 0.664857 0.242344
RRV101 con_0015.nii -44 27 33 0.707686 0.451881
RRV101 con_0015.nii 44 8 34 0.965437 0.294632
RRV101 con_0015.nii -42 7 36 0.542791 0.261056
RRV101 con_0015.nii 54 -44 43 0.823374 0.232334
RRV101 con_0015.nii -53 -50 39 0.793392 0.222444
RRV101 con_0015.nii 32 -59 41 0.86153 0.313559
RRV101 con_0015.nii -32 -58 46 0.68743 0.333638
RRV101 con_0015.nii -6 49 1 -0.592018 0.393537
RRV101 con_0016.nii 9 3 -6 -0.499015 0.245944
RRV101 con_0016.nii -9 3 -6 0.0620685 0.183119
RRV101 con_0016.nii -30 33 -18 0.0403113 0.185223
RRV101 con_0016.nii 46 28 31 0.452768 0.0928243
RRV101 con_0016.nii -44 27 33 0.522506 0.200369
RRV101 con_0016.nii 44 8 34 0.375031 0.166799
RRV101 con_0016.nii -42 7 36 0.251432 0.138823
RRV101 con_0016.nii 54 -44 43 0.614141 0.130981
RRV101 con_0016.nii -53 -50 39 0.436701 0.191016
RRV101 con_0016.nii 32 -59 41 0.205039 0.181448
RRV101 con_0016.nii -32 -58 46 0.300652 0.176402
RRV101 con_0016.nii -6 49 1 -0.230468 0.171108
RRV101 con_0017.nii 9 3 -6 0.00686275 0.249467
RRV101 con_0017.nii -9 3 -6 -0.323122 0.276816
RRV101 con_0017.nii -30 33 -18 0.855421 0.349675
RRV101 con_0017.nii 46 28 31 0.62947 0.156915
RRV101 con_0017.nii -44 27 33 1.01903 0.313133
RRV101 con_0017.nii 44 8 34 0.768099 0.282086
RRV101 con_0017.nii -42 7 36 0.540003 0.295707
RRV101 con_0017.nii 54 -44 43 0.951787 0.182092
RRV101 con_0017.nii -53 -50 39 0.810474 0.106504
RRV101 con_0017.nii 32 -59 41 0.659368 0.123964
RRV101 con_0017.nii -32 -58 46 0.846909 0.141341
RRV101 con_0017.nii -6 49 1 0.608692 0.159603
RRV101 con_0018.nii 9 3 -6 -0.492152 0.420856
RRV101 con_0018.nii -9 3 -6 -0.261053 0.362727
RRV101 con_0018.nii -30 33 -18 0.895732 0.35612
RRV101 con_0018.nii 46 28 31 1.08224 0.176443
RRV101 con_0018.nii -44 27 33 1.54154 0.444455
RRV101 con_0018.nii 44 8 34 1.14313 0.419296
RRV101 con_0018.nii -42 7 36 0.791435 0.326714
RRV101 con_0018.nii 54 -44 43 1.56593 0.275901
RRV101 con_0018.nii -53 -50 39 1.24717 0.27154
RRV101 con_0018.nii 32 -59 41 0.864407 0.247773
RRV101 con_0018.nii -32 -58 46 1.14756 0.244639
RRV101 con_0018.nii -6 49 1 0.378224 0.295295
RRV101 con_0019.nii 9 3 -6 -0.428375 0.421999
RRV101 con_0019.nii -9 3 -6 -0.412371 0.330983
RRV101 con_0019.nii -30 33 -18 0.330609 0.299317
RRV101 con_0019.nii 46 28 31 -0.116969 0.290329
RRV101 con_0019.nii -44 27 33 0.0713646 0.286928
RRV101 con_0019.nii 44 8 34 0.144048 0.218662
RRV101 con_0019.nii -42 7 36 -0.293694 0.215431
RRV101 con_0019.nii 54 -44 43 0.463447 0.252027
RRV101 con_0019.nii -53 -50 39 0.310296 0.209969
RRV101 con_0019.nii 32 -59 41 -0.0237458 0.164786
RRV101 con_0019.nii -32 -58 46 0.225221 0.266295
RRV101 con_0019.nii -6 49 1 0.934895 0.201426
RRV101 con_0020.nii 9 3 -6 -0.126565 0.390765
RRV101 con_0020.nii -9 3 -6 -0.0294197 0.506527
RRV101 con_0020.nii -30 33 -18 0.896146 0.483107
RRV101 con_0020.nii 46 28 31 0.581035 0.1746
RRV101 con_0020.nii -44 27 33 1.12048 0.313426
RRV101 con_0020.nii 44 8 34 0.37462 0.339707
RRV101 con_0020.nii -42 7 36 0.685427 0.241941
RRV101 con_0020.nii 54 -44 43 0.53428 0.129332
RRV101 con_0020.nii -53 -50 39 0.717543 0.216124
RRV101 con_0020.nii 32 -59 41 0.539917 0.155504
RRV101 con_0020.nii -32 -58 46 0.949689 0.249867
RRV101 con_0020.nii -6 49 1 0.687735 0.442405
RRV101 con_0021.nii 9 3 -6 -0.55494 0.634958
RRV101 con_0021.nii -9 3 -6 -0.441791 0.682885
RRV101 con_0021.nii -30 33 -18 1.22676 0.600718
RRV101 con_0021.nii 46 28 31 0.464065 0.376322
RRV101 con_0021.nii -44 27 33 1.19184 0.409774
RRV101 con_0021.nii 44 8 34 0.518668 0.441271
RRV101 con_0021.nii -42 7 36 0.391733 0.27417
RRV101 con_0021.nii 54 -44 43 0.997726 0.327132
RRV101 con_0021.nii -53 -50 39 1.02784 0.354535
RRV101 con_0021.nii 32 -59 41 0.516171 0.230425
RRV101 con_0021.nii -32 -58 46 1.17491 0.448351
RRV101 con_0021.nii -6 49 1 1.62263 0.564907
RRV101 con_0022.nii 9 3 -6 0.443888 0.542648
RRV101 con_0022.nii -9 3 -6 0.270259 0.293049
RRV101 con_0022.nii -30 33 -18 0.0786008 0.249426
RRV101 con_0022.nii 46 28 31 0.11897 0.341887
RRV101 con_0022.nii -44 27 33 1.0385 0.384318
RRV101 con_0022.nii 44 8 34 -0.282559 0.32647
RRV101 con_0022.nii -42 7 36 -0.238474 0.169134
RRV101 con_0022.nii 54 -44 43 0.799457 0.149738
RRV101 con_0022.nii -53 -50 39 0.51 0.201814
RRV101 con_0022.nii 32 -59 41 0.0389953 0.264236
RRV101 con_0022.nii -32 -58 46 0.148323 0.325609
RRV101 con_0022.nii -6 49 1 0.0342033 0.200567
RRV101 con_0023.nii 9 3 -6 -0.58267 0.906566
RRV101 con_0023.nii -9 3 -6 -0.953856 0.846607
RRV101 con_0023.nii -30 33 -18 0.741481 0.636912
RRV101 con_0023.nii 46 28 31 0.090777 0.258019
RRV101 con_0023.nii -44 27 33 1.07335 0.381169
RRV101 con_0023.nii 44 8 34 0.471454 0.350761
RRV101 con_0023.nii -42 7 36 1.03361 0.348374
RRV101 con_0023.nii 54 -44 43 0.525903 0.208206
RRV101 con_0023.nii -53 -50 39 0.764624 0.39811
RRV101 con_0023.nii 32 -59 41 0.119593 0.236184
RRV101 con_0023.nii -32 -58 46 0.449405 0.197135
RRV101 con_0023.nii -6 49 1 0.973671 0.476813
RRV101 con_0024.nii 9 3 -6 -0.138781 1.29441
RRV101 con_0024.nii -9 3 -6 -0.683597 1.06141
RRV101 con_0024.nii -30 33 -18 0.820082 0.810614
RRV101 con_0024.nii 46 28 31 0.209747 0.5218
RRV101 con_0024.nii -44 27 33 2.11185 0.683216
RRV101 con_0024.nii 44 8 34 0.188895 0.655689
RRV101 con_0024.nii -42 7 36 0.795138 0.352764
RRV101 con_0024.nii 54 -44 43 1.32536 0.303729
RRV101 con_0024.nii -53 -50 39 1.27462 0.508995
RRV101 con_0024.nii 32 -59 41 0.158588 0.348592
RRV101 con_0024.nii -32 -58 46 0.597728 0.457978
RRV101 con_0024.nii -6 49 1 1.00787 0.576154
RRV101 con_0025.nii 9 3 -6 -0.381096 0.238905
RRV101 con_0025.nii -9 3 -6 0.678465 0.353971
RRV101 con_0025.nii -30 33 -18 -0.0568819 0.221853
RRV101 con_0025.nii 46 28 31 -0.0816416 0.228449
RRV101 con_0025.nii -44 27 33 0.0365794 0.309003
RRV101 con_0025.nii 44 8 34 -0.245052 0.191541
RRV101 con_0025.nii -42 7 36 0.293784 0.25395
RRV101 con_0025.nii 54 -44 43 0.0155206 0.195255
RRV101 con_0025.nii -53 -50 39 0.00284936 0.238502
RRV101 con_0025.nii 32 -59 41 -0.0723388 0.214153
RRV101 con_0025.nii -32 -58 46 -0.155049 0.213826
RRV101 con_0025.nii -6 49 1 0.499087 0.364393
RRV101 con_0026.nii 9 3 -6 -0.433452 0.661106
RRV101 con_0026.nii -9 3 -6 -0.608384 0.365266
RRV101 con_0026.nii -30 33 -18 0.759213 0.516587
RRV101 con_0026.nii 46 28 31 0.0699905 0.303676
RRV101 con_0026.nii -44 27 33 0.530865 0.455106
RRV101 con_0026.nii 44 8 34 0.264983 0.332109
RRV101 con_0026.nii -42 7 36 -0.0416441 0.332336
RRV101 con_0026.nii 54 -44 43 0.321265 0.164125
RRV101 con_0026.nii -53 -50 39 0.110927 0.271001
RRV101 con_0026.nii 32 -59 41 -0.096859 0.240655
RRV101 con_0026.nii -32 -58 46 -0.266422 0.233321
RRV101 con_0026.nii -6 49 1 0.40851 0.403413
RRV101 con_0027.nii 9 3 -6 -0.814548 0.7395
RRV101 con_0027.nii -9 3 -6 0.0700812 0.510268
RRV101 con_0027.nii -30 33 -18 0.702331 0.47188
RRV101 con_0027.nii 46 28 31 -0.0116511 0.407754
RRV101 con_0027.nii -44 27 33 0.567444 0.498113
RRV101 con_0027.nii 44 8 34 0.0199311 0.401072
RRV101 con_0027.nii -42 7 36 0.25214 0.477232
RRV101 con_0027.nii 54 -44 43 0.336785 0.204055
RRV101 con_0027.nii -53 -50 39 0.113777 0.422546
RRV101 con_0027.nii 32 -59 41 -0.169198 0.351276
RRV101 con_0027.nii -32 -58 46 -0.421471 0.357756
RRV101 con_0027.nii -6 49 1 0.907597 0.403326
RRV101 con_0028.nii 9 3 -6 -0.121861 0.18685
RRV101 con_0028.nii -9 3 -6 0.178784 0.239944
RRV101 con_0028.nii -30 33 -18 0.117443 0.190768
RRV101 con_0028.nii 46 28 31 -0.0265469 0.249862
RRV101 con_0028.nii -44 27 33 0.382147 0.252898
RRV101 con_0028.nii 44 8 34 -0.127855 0.196253
RRV101 con_0028.nii -42 7 36 -0.0794613 0.141058
RRV101 con_0028.nii 54 -44 43 0.426142 0.146135
RRV101 con_0028.nii -53 -50 39 0.274382 0.144567
RRV101 con_0028.nii 32 -59 41 -0.0190298 0.0953815
RRV101 con_0028.nii -32 -58 46 0.0728319 0.111687
RRV101 con_0028.nii -6 49 1 0.489395 0.120899
RRV101 con_0029.nii 9 3 -6 -0.380896 0.558889
RRV101 con_0029.nii -9 3 -6 -0.530553 0.28353
RRV101 con_0029.nii -30 33 -18 0.798947 0.519812
RRV101 con_0029.nii 46 28 31 0.247267 0.214998
RRV101 con_0029.nii -44 27 33 0.908232 0.320674
RRV101 con_0029.nii 44 8 34 0.370353 0.283485
RRV101 con_0029.nii -42 7 36 0.559132 0.279953
RRV101 con_0029.nii 54 -44 43 0.460482 0.150997
RRV101 con_0029.nii -53 -50 39 0.531031 0.236791
RRV101 con_0029.nii 32 -59 41 0.18755 0.190981
RRV101 con_0029.nii -32 -58 46 0.377557 0.150025
RRV101 con_0029.nii -6 49 1 0.689972 0.402026
RRV101 con_0030.nii 9 3 -6 -0.502756 0.625724
RRV101 con_0030.nii -9 3 -6 -0.351769 0.465743
RRV101 con_0030.nii -30 33 -18 0.916389 0.572628
RRV101 con_0030.nii 46 28 31 0.22072 0.398932
RRV101 con_0030.nii -44 27 33 1.29038 0.4612
RRV101 con_0030.nii 44 8 34 0.242498 0.447205
RRV101 con_0030.nii -42 7 36 0.47967 0.322284
RRV101 con_0030.nii 54 -44 43 0.886624 0.248635
RRV101 con_0030.nii -53 -50 39 0.805413 0.350494
RRV101 con_0030.nii 32 -59 41 0.16852 0.199376
RRV101 con_0030.nii -32 -58 46 0.450389 0.213791
RRV101 con_0030.nii -6 49 1 1.17937 0.40344
RRV101 con_0031.nii 9 3 -6 0.0908277 0.176638
RRV101 con_0031.nii -9 3 -6 -0.0672162 0.142629
RRV101 con_0031.nii -30 33 -18 0.222248 0.228327
RRV101 con_0031.nii 46 28 31 -0.088425 0.10466
RRV101 con_0031.nii -44 27 33 0.188026 0.154182
RRV101 con_0031.nii 44 8 34 -0.138262 0.221122
RRV101 con_0031.nii -42 7 36 0.0172798 0.129502
RRV101 con_0031.nii 54 -44 43 0.119652 0.125705
RRV101 con_0031.nii -53 -50 39 0.147134 0.144882
RRV101 con_0031.nii 32 -59 41 0.130419 0.133831
RRV101 con_0031.nii -32 -58 46 0.110411 0.106125
RRV101 con_0031.nii -6 49 1 0.0969481 0.165418
RRV101 con_0032.nii 9 3 -6 -0.296945 0.534253
RRV101 con_0032.nii -9 3 -6 -0.392699 0.238701
RRV101 con_0032.nii -30 33 -18 0.181646 0.456559
RRV101 con_0032.nii 46 28 31 -0.108236 0.212265
RRV101 con_0032.nii -44 27 33 0.2685 0.337816
RRV101 con_0032.nii 44 8 34 0.203067 0.213026
RRV101 con_0032.nii -42 7 36 0.213747 0.184139
RRV101 con_0032.nii 54 -44 43 0.0244182 0.178355
RRV101 con_0032.nii -53 -50 39 0.204497 0.165015
RRV101 con_0032.nii 32 -59 41 0.0352243 0.135594
RRV101 con_0032.nii -32 -58 46 -0.120153 0.238809
RRV101 con_0032.nii -6 49 1 0.112177 0.482276
RRV101 con_0033.nii 9 3 -6 -0.206117 0.559406
RRV101 con_0033.nii -9 3 -6 -0.459915 0.292376
RRV101 con_0033.nii -30 33 -18 0.403894 0.632993
RRV101 con_0033.nii 46 28 31 -0.196661 0.254773
RRV101 con_0033.nii -44 27 33 0.456526 0.331412
RRV101 con_0033.nii 44 8 34 0.0648048 0.327412
RRV101 con_0033.nii -42 7 36 0.231026 0.257133
RRV101 con_0033.nii 54 -44 43 0.14407 0.24682
RRV101 con_0033.nii -53 -50 39 0.351631 0.273187
RRV101 con_0033.nii 32 -59 41 0.165643 0.15209
RRV101 con_0033.nii -32 -58 46 -0.00974207 0.26283
RRV101 con_0033.nii -6 49 1 0.209125 0.505255
