RRV119 con_0001.nii 9 3 -6 -0.139729 0.252
RRV119 con_0001.nii -9 3 -6 -0.164961 0.4345
RRV119 con_0001.nii -30 33 -18 -0.962806 0.459576
RRV119 con_0001.nii 46 28 31 0.104724 0.308593
RRV119 con_0001.nii -44 27 33 0.218417 0.620207
RRV119 con_0001.nii 44 8 34 0.81925 0.447789
RRV119 con_0001.nii -42 7 36 2.5432 0.919651
RRV119 con_0001.nii 54 -44 43 0.731852 0.22162
RRV119 con_0001.nii -53 -50 39 0.357782 0.210132
RRV119 con_0001.nii 32 -59 41 0.411252 0.481728
RRV119 con_0001.nii -32 -58 46 0.0646629 0.330373
RRV119 con_0001.nii -6 49 1 0.362826 0.728809
RRV119 con_0002.nii 9 3 -6 -0.120247 0.314546
RRV119 con_0002.nii -9 3 -6 -0.184238 0.358152
RRV119 con_0002.nii -30 33 -18 -0.314247 0.210923
RRV119 con_0002.nii 46 28 31 -0.490188 0.266593
RRV119 con_0002.nii -44 27 33 -1.02755 0.590306
RRV119 con_0002.nii 44 8 34 -1.60081 0.493067
RRV119 con_0002.nii -42 7 36 -2.84788 0.865783
RRV119 con_0002.nii 54 -44 43 0.20263 0.237103
RRV119 con_0002.nii -53 -50 39 -0.47945 0.262882
RRV119 con_0002.nii 32 -59 41 -0.574957 0.476614
RRV119 con_0002.nii -32 -58 46 -0.49374 0.369152
RRV119 con_0002.nii -6 49 1 0.41808 0.282518
RRV119 con_0003.nii 9 3 -6 -0.259976 0.496485
RRV119 con_0003.nii -9 3 -6 -0.349198 0.64375
RRV119 con_0003.nii -30 33 -18 -1.27705 0.626562
RRV119 con_0003.nii 46 28 31 -0.385464 0.416884
RRV119 con_0003.nii -44 27 33 -0.809133 0.515783
RRV119 con_0003.nii 44 8 34 -0.781559 0.404749
RRV119 con_0003.nii -42 7 36 -0.304685 0.71507
RRV119 con_0003.nii 54 -44 43 0.934482 0.365071
RRV119 con_0003.nii -53 -50 39 -0.121668 0.17918
RRV119 con_0003.nii 32 -59 41 -0.163706 0.263509
RRV119 con_0003.nii -32 -58 46 -0.429077 0.353526
RRV119 con_0003.nii -6 49 1 0.780906 0.645403
RRV119 con_0004.nii 9 3 -6 -0.3406 0.181557
RRV119 con_0004.nii -9 3 -6 -0.033621 0.290028
RRV119 con_0004.nii -30 33 -18 -0.609694 0.404959
RRV119 con_0004.nii 46 28 31 -0.0572055 0.315634
RRV119 con_0004.nii -44 27 33 -0.33588 0.289267
RRV119 con_0004.nii 44 8 34 -0.717159 0.250992
RRV119 con_0004.nii -42 7 36 -0.399716 0.509332
RRV119 con_0004.nii 54 -44 43 0.971052 0.318008
RRV119 con_0004.nii -53 -50 39 0.0828801 0.258177
RRV119 con_0004.nii 32 -59 41 -0.012723 0.271124
RRV119 con_0004.nii -32 -58 46 -0.579471 0.407684
RRV119 con_0004.nii -6 49 1 0.190773 0.481429
RRV119 con_0005.nii 9 3 -6 0.10432 0.141337
RRV119 con_0005.nii -9 3 -6 -0.0221463 0.354219
RRV119 con_0005.nii -30 33 -18 -1.29563 0.568944
RRV119 con_0005.nii 46 28 31 -1.38699 0.405119
RRV119 con_0005.nii -44 27 33 -1.95544 0.409442
RRV119 con_0005.nii 44 8 34 -2.19576 0.710634
RRV119 con_0005.nii -42 7 36 -2.8493 0.914401
RRV119 con_0005.nii 54 -44 43 -1.02155 0.297456
RRV119 con_0005.nii -53 -50 39 -1.19565 0.397201
RRV119 con_0005.nii 32 -59 41 -1.27779 0.822514
RRV119 con_0005.nii -32 -58 46 -1.08452 0.46793
RRV119 con_0005.nii -6 49 1 -0.808915 0.322449
RRV119 con_0006.nii 9 3 -6 -0.23628 0.222645
RRV119 con_0006.nii -9 3 -6 -0.0557673 0.446171
RRV119 con_0006.nii -30 33 -18 -1.90532 0.892757
RRV119 con_0006.nii 46 28 31 -1.44419 0.503449
RRV119 con_0006.nii -44 27 33 -2.29132 0.546844
RRV119 con_0006.nii 44 8 34 -2.91292 0.871234
RRV119 con_0006.nii -42 7 36 -3.24901 1.1005
RRV119 con_0006.nii 54 -44 43 -0.0504969 0.392312
RRV119 con_0006.nii -53 -50 39 -1.11277 0.471875
RRV119 con_0006.nii 32 -59 41 -1.29051 0.762357
RRV119 con_0006.nii -32 -58 46 -1.664 0.759458
RRV119 con_0006.nii -6 49 1 -0.618143 0.632773
RRV119 con_0007.nii 9 3 -6 -0.313982 1.0081
RRV119 con_0007.nii -9 3 -6 -0.0911238 1.03697
RRV119 con_0007.nii -30 33 -18 0.0825187 0.594079
RRV119 con_0007.nii 46 28 31 -0.161927 0.382568
RRV119 con_0007.nii -44 27 33 -0.34899 0.342735
RRV119 con_0007.nii 44 8 34 0.126944 0.437209
RRV119 con_0007.nii -42 7 36 0.784624 0.626548
RRV119 con_0007.nii 54 -44 43 0.209569 0.227932
RRV119 con_0007.nii -53 -50 39 0.540859 0.192284
RRV119 con_0007.nii 32 -59 41 -0.0836754 0.394037
RRV119 con_0007.nii -32 -58 46 0.34384 0.316149
RRV119 con_0007.nii -6 49 1 0.041179 0.912451
RRV119 con_0008.nii 9 3 -6 0.412187 0.301952
RRV119 con_0008.nii -9 3 -6 0.429475 0.405974
RRV119 con_0008.nii -30 33 -18 -0.562869 0.505665
RRV119 con_0008.nii 46 28 31 -0.320773 0.33179
RRV119 con_0008.nii -44 27 33 -0.53742 0.350057
RRV119 con_0008.nii 44 8 34 -0.502873 0.412976
RRV119 con_0008.nii -42 7 36 -1.78149 0.738164
RRV119 con_0008.nii 54 -44 43 0.0872747 0.530257
RRV119 con_0008.nii -53 -50 39 -0.457407 0.245266
RRV119 con_0008.nii 32 -59 41 -0.903279 0.438976
RRV119 con_0008.nii -32 -58 46 -0.858591 0.274409
RRV119 con_0008.nii -6 49 1 -0.613726 0.350753
RRV119 con_0009.nii 9 3 -6 0.098205 1.27168
RRV119 con_0009.nii -9 3 -6 0.338351 1.11555
RRV119 con_0009.nii -30 33 -18 -0.48035 0.636353
RRV119 con_0009.nii 46 28 31 -0.4827 0.424201
RRV119 con_0009.nii -44 27 33 -0.88641 0.42319
RRV119 con_0009.nii 44 8 34 -0.375929 0.543102
RRV119 con_0009.nii -42 7 36 -0.996866 1.01899
RRV119 con_0009.nii 54 -44 43 0.296844 0.529376
RRV119 con_0009.nii -53 -50 39 0.0834516 0.345149
RRV119 con_0009.nii 32 -59 41 -0.986954 0.562169
RRV119 con_0009.nii -32 -58 46 -0.514751 0.447797
RRV119 con_0009.nii -6 49 1 -0.572547 1.18238
RRV119 con_0010.nii 9 3 -6 -0.0607585 0.28181
RRV119 con_0010.nii -9 3 -6 -0.152741 0.30032
RRV119 con_0010.nii -30 33 -18 0.177291 0.25865
RRV119 con_0010.nii 46 28 31 0.0572366 0.142798
RRV119 con_0010.nii -44 27 33 0.0941021 0.222849
RRV119 con_0010.nii 44 8 34 -0.33101 0.191346
RRV119 con_0010.nii -42 7 36 0.66628 0.459705
RRV119 con_0010.nii 54 -44 43 -0.309496 0.119541
RRV119 con_0010.nii -53 -50 39 0.0777704 0.17743
RRV119 con_0010.nii 32 -59 41 -0.0226291 0.223918
RRV119 con_0010.nii -32 -58 46 -0.123161 0.232914
RRV119 con_0010.nii -6 49 1 -0.475242 0.127374
RRV119 con_0011.nii 9 3 -6 -0.319754 0.432287
RRV119 con_0011.nii -9 3 -6 -0.116173 0.486524
RRV119 con_0011.nii -30 33 -18 -0.0809864 0.322722
RRV119 con_0011.nii 46 28 31 0.0955299 0.182311
RRV119 con_0011.nii -44 27 33 -0.0752836 0.338197
RRV119 con_0011.nii 44 8 34 0.392272 0.380641
RRV119 con_0011.nii -42 7 36 -0.88115 0.287433
RRV119 con_0011.nii 54 -44 43 0.127634 0.374112
RRV119 con_0011.nii -53 -50 39 -0.22479 0.242721
RRV119 con_0011.nii 32 -59 41 -0.155728 0.270087
RRV119 con_0011.nii -32 -58 46 -0.336284 0.292377
RRV119 con_0011.nii -6 49 1 0.158519 0.276691
RRV119 con_0012.nii 9 3 -6 -0.380512 0.579462
RRV119 con_0012.nii -9 3 -6 -0.268914 0.646807
RRV119 con_0012.nii -30 33 -18 0.0963043 0.268999
RRV119 con_0012.nii 46 28 31 0.152767 0.233811
RRV119 con_0012.nii -44 27 33 0.0188185 0.382965
RRV119 con_0012.nii 44 8 34 0.0612619 0.359009
RRV119 con_0012.nii -42 7 36 -0.21487 0.515086
RRV119 con_0012.nii 54 -44 43 -0.181862 0.433239
RRV119 con_0012.nii -53 -50 39 -0.147019 0.395153
RRV119 con_0012.nii 32 -59 41 -0.178357 0.277301
RRV119 con_0012.nii -32 -58 46 -0.459445 0.483374
RRV119 con_0012.nii -6 49 1 -0.316723 0.36684
RRV119 con_0013.nii 9 3 -6 0.020453 0.217327
RRV119 con_0013.nii -9 3 -6 0.0354308 0.439636
RRV119 con_0013.nii -30 33 -18 -0.655885 0.3629
RRV119 con_0013.nii 46 28 31 -0.43798 0.253626
RRV119 con_0013.nii -44 27 33 -0.260062 0.29551
RRV119 con_0013.nii 44 8 34 -0.0155751 0.240472
RRV119 con_0013.nii -42 7 36 0.642171 0.24559
RRV119 con_0013.nii 54 -44 43 -0.00221758 0.150004
RRV119 con_0013.nii -53 -50 39 0.0763278 0.172784
RRV119 con_0013.nii 32 -59 41 0.0440089 0.310816
RRV119 con_0013.nii -32 -58 46 0.0146514 0.155819
RRV119 con_0013.nii -6 49 1 -0.681383 0.28887
RRV119 con_0014.nii 9 3 -6 -0.297937 0.214291
RRV119 con_0014.nii -9 3 -6 -0.0163878 0.286117
RRV119 con_0014.nii -30 33 -18 -0.369833 0.514259
RRV119 con_0014.nii 46 28 31 -0.524668 0.328432
RRV119 con_0014.nii -44 27 33 -0.709893 0.214539
RRV119 con_0014.nii 44 8 34 -0.958359 0.319224
RRV119 con_0014.nii -42 7 36 -0.706184 0.183336
RRV119 con_0014.nii 54 -44 43 -0.322164 0.136033
RRV119 con_0014.nii -53 -50 39 -0.352718 0.151683
RRV119 con_0014.nii 32 -59 41 -0.440246 0.351466
RRV119 con_0014.nii -32 -58 46 -0.405486 0.250864
RRV119 con_0014.nii -6 49 1 -0.110796 0.279001
RRV119 con_0015.nii 9 3 -6 -0.277484 0.19368
RRV119 con_0015.nii -9 3 -6 0.0190429 0.423797
RRV119 con_0015.nii -30 33 -18 -1.02572 0.842501
RRV119 con_0015.nii 46 28 31 -0.962648 0.358708
RRV119 con_0015.nii -44 27 33 -0.969955 0.333716
RRV119 con_0015.nii 44 8 34 -0.973934 0.3922
RRV119 con_0015.nii -42 7 36 -0.0640137 0.281927
RRV119 con_0015.nii 54 -44 43 -0.324382 0.221241
RRV119 con_0015.nii -53 -50 39 -0.27639 0.25461
RRV119 con_0015.nii 32 -59 41 -0.396237 0.292661
RRV119 con_0015.nii -32 -58 46 -0.390835 0.310104
RRV119 con_0015.nii -6 49 1 -0.792179 0.50209
RRV119 con_0016.nii 9 3 -6 -0.26477 0.374601
RRV119 con_0016.nii -9 3 -6 -0.0965685 0.330709
RRV119 con_0016.nii -30 33 -18 -0.49666 0.21209
RRV119 con_0016.nii 46 28 31 -0.0381362 0.185449
RRV119 con_0016.nii -44 27 33 -0.155484 0.22776
RRV119 con_0016.nii 44 8 34 0.0763448 0.193099
RRV119 con_0016.nii -42 7 36 0.976036 0.452582
RRV119 con_0016.nii 54 -44 43 0.637491 0.208468
RRV119 con_0016.nii -53 -50 39 0.327174 0.101876
RRV119 con_0016.nii 32 -59 41 0.104951 0.252069
RRV119 con_0016.nii -32 -58 46 -0.0569893 0.205303
RRV119 con_0016.nii -6 49 1 0.198259 0.566044
RRV119 con_0017.nii 9 3 -6 0.132087 0.208017
RRV119 con_0017.nii -9 3 -6 0.0743638 0.267825
RRV119 con_0017.nii -30 33 -18 -0.724249 0.368309
RRV119 con_0017.nii 46 28 31 -0.732649 0.279073
RRV119 con_0017.nii -44 27 33 -1.17347 0.35787
RRV119 con_0017.nii 44 8 34 -1.43315 0.449483
RRV119 con_0017.nii -42 7 36 -2.49289 0.783782
RRV119 con_0017.nii 54 -44 43 -0.243882 0.25147
RRV119 con_0017.nii -53 -50 39 -0.710837 0.248783
RRV119 con_0017.nii 32 -59 41 -0.918676 0.565533
RRV119 con_0017.nii -32 -58 46 -0.812285 0.343658
RRV119 con_0017.nii -6 49 1 -0.334854 0.204532
RRV119 con_0018.nii 9 3 -6 -0.132684 0.551928
RRV119 con_0018.nii -9 3 -6 -0.0222048 0.429543
RRV119 con_0018.nii -30 33 -18 -1.22091 0.524366
RRV119 con_0018.nii 46 28 31 -0.770785 0.271338
RRV119 con_0018.nii -44 27 33 -1.32896 0.387501
RRV119 con_0018.nii 44 8 34 -1.3568 0.467371
RRV119 con_0018.nii -42 7 36 -1.51685 0.680423
RRV119 con_0018.nii 54 -44 43 0.39361 0.31918
RRV119 con_0018.nii -53 -50 39 -0.383664 0.215342
RRV119 con_0018.nii 32 -59 41 -0.813725 0.395011
RRV119 con_0018.nii -32 -58 46 -0.869275 0.408473
RRV119 con_0018.nii -6 49 1 -0.136595 0.681083
RRV119 con_0019.nii 9 3 -6 -0.0789701 0.315887
RRV119 con_0019.nii -9 3 -6 -0.0122198 0.560675
RRV119 con_0019.nii -30 33 -18 -1.1401 0.68758
RRV119 con_0019.nii 46 28 31 0.0474873 0.316649
RRV119 con_0019.nii -44 27 33 0.124315 0.528912
RRV119 con_0019.nii 44 8 34 1.15026 0.447435
RRV119 con_0019.nii -42 7 36 1.87692 0.819063
RRV119 con_0019.nii 54 -44 43 1.04135 0.212414
RRV119 con_0019.nii -53 -50 39 0.280012 0.353679
RRV119 con_0019.nii 32 -59 41 0.433881 0.357554
RRV119 con_0019.nii -32 -58 46 0.187824 0.221448
RRV119 con_0019.nii -6 49 1 0.838068 0.685833
RRV119 con_0020.nii 9 3 -6 0.199506 0.272647
RRV119 con_0020.nii -9 3 -6 -0.0680648 0.515907
RRV119 con_0020.nii -30 33 -18 -0.233261 0.303973
RRV119 con_0020.nii 46 28 31 -0.585718 0.268497
RRV119 con_0020.nii -44 27 33 -0.952266 0.526704
RRV119 con_0020.nii 44 8 34 -1.99308 0.551336
RRV119 con_0020.nii -42 7 36 -1.96673 0.631842
RRV119 con_0020.nii 54 -44 43 0.0749957 0.386684
RRV119 con_0020.nii -53 -50 39 -0.25466 0.114339
RRV119 con_0020.nii 32 -59 41 -0.419229 0.255045
RRV119 con_0020.nii -32 -58 46 -0.157456 0.321221
RRV119 con_0020.nii -6 49 1 0.259561 0.528505
RRV119 con_0021.nii 9 3 -6 0.120536 0.508131
RRV119 con_0021.nii -9 3 -6 -0.0802846 0.955692
RRV119 con_0021.nii -30 33 -18 -1.37336 0.710856
RRV119 con_0021.nii 46 28 31 -0.53823 0.411122
RRV119 con_0021.nii -44 27 33 -0.827951 0.285562
RRV119 con_0021.nii 44 8 34 -0.842821 0.583337
RRV119 con_0021.nii -42 7 36 -0.0898153 0.728424
RRV119 con_0021.nii 54 -44 43 1.11634 0.464038
RRV119 con_0021.nii -53 -50 39 0.0253516 0.377866
RRV119 con_0021.nii 32 -59 41 0.0146514 0.261117
RRV119 con_0021.nii -32 -58 46 0.0303682 0.288375
RRV119 con_0021.nii -6 49 1 1.09763 0.582512
RRV119 con_0022.nii 9 3 -6 -0.279841 0.330449
RRV119 con_0022.nii -9 3 -6 0.11912 0.317946
RRV119 con_0022.nii -30 33 -18 -0.786984 0.541455
RRV119 con_0022.nii 46 28 31 -0.114442 0.278789
RRV119 con_0022.nii -44 27 33 -0.429982 0.262503
RRV119 con_0022.nii 44 8 34 -0.386149 0.308125
RRV119 con_0022.nii -42 7 36 -1.066 0.470774
RRV119 con_0022.nii 54 -44 43 1.28055 0.276005
RRV119 con_0022.nii -53 -50 39 0.00510974 0.279626
RRV119 con_0022.nii 32 -59 41 0.00990606 0.246212
RRV119 con_0022.nii -32 -58 46 -0.45631 0.41961
RRV119 con_0022.nii -6 49 1 0.666015 0.497061
RRV119 con_0023.nii 9 3 -6 0.424074 0.455361
RRV119 con_0023.nii -9 3 -6 0.0940265 0.797482
RRV119 con_0023.nii -30 33 -18 -1.21464 0.58658
RRV119 con_0023.nii 46 28 31 -1.48252 0.482757
RRV119 con_0023.nii -44 27 33 -1.88016 0.551194
RRV119 con_0023.nii 44 8 34 -2.58803 0.899451
RRV119 con_0023.nii -42 7 36 -1.96815 0.79182
RRV119 con_0023.nii 54 -44 43 -1.14918 0.499117
RRV119 con_0023.nii -53 -50 39 -0.970865 0.300082
RRV119 con_0023.nii 32 -59 41 -1.12206 0.618767
RRV119 con_0023.nii -32 -58 46 -0.748241 0.446079
RRV119 con_0023.nii -6 49 1 -0.967435 0.365202
RRV119 con_0024.nii 9 3 -6 0.144233 0.630299
RRV119 con_0024.nii -9 3 -6 0.213146 0.946763
RRV119 con_0024.nii -30 33 -18 -2.00163 1.00287
RRV119 con_0024.nii 46 28 31 -1.59696 0.649983
RRV119 con_0024.nii -44 27 33 -2.31014 0.5888
RRV119 con_0024.nii 44 8 34 -2.97418 0.947368
RRV119 con_0024.nii -42 7 36 -3.03414 1.18494
RRV119 con_0024.nii 54 -44 43 0.131365 0.509081
RRV119 con_0024.nii -53 -50 39 -0.965755 0.423348
RRV119 con_0024.nii 32 -59 41 -1.11216 0.663187
RRV119 con_0024.nii -32 -58 46 -1.20455 0.761346
RRV119 con_0024.nii -6 49 1 -0.30142 0.761494
RRV119 con_0025.nii 9 3 -6 -0.253224 0.926701
RRV119 con_0025.nii -9 3 -6 0.0616171 1.1472
RRV119 con_0025.nii -30 33 -18 -0.0947719 0.458221
RRV119 con_0025.nii 46 28 31 -0.219164 0.340787
RRV119 con_0025.nii -44 27 33 -0.443092 0.393241
RRV119 con_0025.nii 44 8 34 0.457954 0.399665
RRV119 con_0025.nii -42 7 36 0.118344 0.309814
RRV119 con_0025.nii 54 -44 43 0.519065 0.196819
RRV119 con_0025.nii -53 -50 39 0.463089 0.164977
RRV119 con_0025.nii 32 -59 41 -0.0610463 0.427751
RRV119 con_0025.nii -32 -58 46 0.467001 0.224324
RRV119 con_0025.nii -6 49 1 0.516421 0.864949
RRV119 con_0026.nii 9 3 -6 0.731941 0.373437
RRV119 con_0026.nii -9 3 -6 0.545648 0.770799
RRV119 con_0026.nii -30 33 -18 -0.481882 0.567377
RRV119 con_0026.nii 46 28 31 -0.416303 0.30137
RRV119 con_0026.nii -44 27 33 -0.462137 0.251996
RRV119 con_0026.nii 44 8 34 -0.895145 0.329394
RRV119 con_0026.nii -42 7 36 -0.90034 0.4785
RRV119 con_0026.nii 54 -44 43 -0.0403593 0.830489
RRV119 con_0026.nii -53 -50 39 -0.232618 0.270257
RRV119 con_0026.nii 32 -59 41 -0.747551 0.250144
RRV119 con_0026.nii -32 -58 46 -0.522307 0.278299
RRV119 con_0026.nii -6 49 1 -0.772246 0.349107
RRV119 con_0027.nii 9 3 -6 0.478717 1.04838
RRV119 con_0027.nii -9 3 -6 0.607265 1.29912
RRV119 con_0027.nii -30 33 -18 -0.576654 0.795878
RRV119 con_0027.nii 46 28 31 -0.635467 0.464325
RRV119 con_0027.nii -44 27 33 -0.905229 0.439855
RRV119 con_0027.nii 44 8 34 -0.437191 0.623841
RRV119 con_0027.nii -42 7 36 -0.781996 0.693644
RRV119 con_0027.nii 54 -44 43 0.478706 0.851857
RRV119 con_0027.nii -53 -50 39 0.230471 0.373328
RRV119 con_0027.nii 32 -59 41 -0.808597 0.51
RRV119 con_0027.nii -32 -58 46 -0.0553058 0.396127
RRV119 con_0027.nii -6 49 1 -0.255825 0.969171
RRV119 con_0028.nii 9 3 -6 -0.204012 0.354021
RRV119 con_0028.nii -9 3 -6 0.0561724 0.486959
RRV119 con_0028.nii -30 33 -18 -0.673951 0.357175
RRV119 con_0028.nii 46 28 31 -0.0953728 0.136732
RRV119 con_0028.nii -44 27 33 -0.249587 0.156118
RRV119 con_0028.nii 44 8 34 0.407355 0.193278
RRV119 con_0028.nii -42 7 36 0.309756 0.187286
RRV119 con_0028.nii 54 -44 43 0.946987 0.171479
RRV119 con_0028.nii -53 -50 39 0.249403 0.194807
RRV119 con_0028.nii 32 -59 41 0.12758 0.183681
RRV119 con_0028.nii -32 -58 46 0.0661716 0.094123
RRV119 con_0028.nii -6 49 1 0.673501 0.526398
RRV119 con_0029.nii 9 3 -6 0.45184 0.33708
RRV119 con_0029.nii -9 3 -6 0.190537 0.656481
RRV119 con_0029.nii -30 33 -18 -0.643263 0.424839
RRV119 con_0029.nii 46 28 31 -0.828179 0.307861
RRV119 con_0029.nii -44 27 33 -1.09819 0.360696
RRV119 con_0029.nii 44 8 34 -1.82542 0.550431
RRV119 con_0029.nii -42 7 36 -1.61174 0.567895
RRV119 con_0029.nii 54 -44 43 -0.371516 0.532978
RRV119 con_0029.nii -53 -50 39 -0.486048 0.157912
RRV119 con_0029.nii 32 -59 41 -0.762948 0.352886
RRV119 con_0029.nii -32 -58 46 -0.476001 0.318009
RRV119 con_0029.nii -6 49 1 -0.493373 0.343146
RRV119 con_0030.nii 9 3 -6 0.247829 0.501734
RRV119 con_0030.nii -9 3 -6 0.246709 0.854988
RRV119 con_0030.nii -30 33 -18 -1.31721 0.676961
RRV119 con_0030.nii 46 28 31 -0.923552 0.374509
RRV119 con_0030.nii -44 27 33 -1.34777 0.330663
RRV119 con_0030.nii 44 8 34 -1.41806 0.595663
RRV119 con_0030.nii -42 7 36 -1.30198 0.58991
RRV119 con_0030.nii 54 -44 43 0.575472 0.559273
RRV119 con_0030.nii -53 -50 39 -0.236644 0.274832
RRV119 con_0030.nii 32 -59 41 -0.635368 0.299744
RRV119 con_0030.nii -32 -58 46 -0.409829 0.373271
RRV119 con_0030.nii -6 49 1 0.180128 0.587404
