RRV169 con_0001.nii 9 3 -6 -0.0660891 0.343004
RRV169 con_0001.nii -9 3 -6 -0.154658 0.481094
RRV169 con_0001.nii -30 33 -18 -0.0855076 0.155733
RRV169 con_0001.nii 46 28 31 -0.27211 0.279094
RRV169 con_0001.nii -44 27 33 0.452873 0.146667
RRV169 con_0001.nii 44 8 34 -0.272038 0.250196
RRV169 con_0001.nii -42 7 36 0.518762 0.331901
RRV169 con_0001.nii 54 -44 43 -0.468143 0.299591
RRV169 con_0001.nii -53 -50 39 -0.429015 0.231715
RRV169 con_0001.nii 32 -59 41 0.22172 0.573498
RRV169 con_0001.nii -32 -58 46 -0.535966 0.429251
RRV169 con_0001.nii -6 49 1 -0.410587 0.199609
RRV169 con_0002.nii 9 3 -6 -0.217614 0.267036
RRV169 con_0002.nii -9 3 -6 -0.295983 0.151707
RRV169 con_0002.nii -30 33 -18 -0.132687 0.176252
RRV169 con_0002.nii 46 28 31 0.793096 0.635444
RRV169 con_0002.nii -44 27 33 0.707868 0.306519
RRV169 con_0002.nii 44 8 34 0.671489 0.788235
RRV169 con_0002.nii -42 7 36 0.308839 0.4124
RRV169 con_0002.nii 54 -44 43 0.672959 0.302883
RRV169 con_0002.nii -53 -50 39 -0.0672081 0.230171
RRV169 con_0002.nii 32 -59 41 0.531545 0.493692
RRV169 con_0002.nii -32 -58 46 0.267367 0.667811
RRV169 con_0002.nii -6 49 1 0.254053 0.248089
RRV169 con_0003.nii 9 3 -6 -0.283703 0.347426
RRV169 con_0003.nii -9 3 -6 -0.450641 0.570913
RRV169 con_0003.nii -30 33 -18 -0.218195 0.299546
RRV169 con_0003.nii 46 28 31 0.520986 0.780807
RRV169 con_0003.nii -44 27 33 1.16074 0.420551
RRV169 con_0003.nii 44 8 34 0.399451 0.963237
RRV169 con_0003.nii -42 7 36 0.827601 0.705286
RRV169 con_0003.nii 54 -44 43 0.204816 0.232281
RRV169 con_0003.nii -53 -50 39 -0.496223 0.299353
RRV169 con_0003.nii 32 -59 41 0.753265 0.973122
RRV169 con_0003.nii -32 -58 46 -0.268599 0.828389
RRV169 con_0003.nii -6 49 1 -0.156535 0.321253
RRV169 con_0004.nii 9 3 -6 -0.292308 0.166542
RRV169 con_0004.nii -9 3 -6 -0.434048 0.560859
RRV169 con_0004.nii -30 33 -18 0.325679 0.185957
RRV169 con_0004.nii 46 28 31 -0.753173 0.244359
RRV169 con_0004.nii -44 27 33 0.594848 0.336348
RRV169 con_0004.nii 44 8 34 -0.589466 0.545563
RRV169 con_0004.nii -42 7 36 1.24468 0.534239
RRV169 con_0004.nii 54 -44 43 -0.882053 0.3011
RRV169 con_0004.nii -53 -50 39 0.0238464 0.228904
RRV169 con_0004.nii 32 -59 41 0.0393335 0.620803
RRV169 con_0004.nii -32 -58 46 0.146151 0.303788
RRV169 con_0004.nii -6 49 1 -0.632408 0.34449
RRV169 con_0005.nii 9 3 -6 -0.355942 0.230099
RRV169 con_0005.nii -9 3 -6 -0.224133 0.374813
RRV169 con_0005.nii -30 33 -18 0.000864336 0.180562
RRV169 con_0005.nii 46 28 31 -0.473411 0.14773
RRV169 con_0005.nii -44 27 33 -0.515201 0.433078
RRV169 con_0005.nii 44 8 34 -0.375339 0.443041
RRV169 con_0005.nii -42 7 36 -1.01683 0.635327
RRV169 con_0005.nii 54 -44 43 -0.440107 0.303147
RRV169 con_0005.nii -53 -50 39 -0.579234 0.369132
RRV169 con_0005.nii 32 -59 41 0.460559 0.810501
RRV169 con_0005.nii -32 -58 46 -0.150938 0.230197
RRV169 con_0005.nii -6 49 1 -0.904747 0.311823
RRV169 con_0006.nii 9 3 -6 -0.64825 0.267922
RRV169 con_0006.nii -9 3 -6 -0.658181 0.670379
RRV169 con_0006.nii -30 33 -18 0.326543 0.31868
RRV169 con_0006.nii 46 28 31 -1.22658 0.344497
RRV169 con_0006.nii -44 27 33 0.0796474 0.359925
RRV169 con_0006.nii 44 8 34 -0.964805 0.715392
RRV169 con_0006.nii -42 7 36 0.227852 0.616884
RRV169 con_0006.nii 54 -44 43 -1.32216 0.256593
RRV169 con_0006.nii -53 -50 39 -0.555387 0.292336
RRV169 con_0006.nii 32 -59 41 0.499893 1.34237
RRV169 con_0006.nii -32 -58 46 -0.00478741 0.499297
RRV169 con_0006.nii -6 49 1 -1.53715 0.372761
RRV169 con_0007.nii 9 3 -6 0.314664 0.151173
RRV169 con_0007.nii -9 3 -6 -0.480902 0.240923
RRV169 con_0007.nii -30 33 -18 0.0691014 0.14526
RRV169 con_0007.nii 46 28 31 -0.39053 0.240346
RRV169 con_0007.nii -44 27 33 0.431669 0.410409
RRV169 con_0007.nii 44 8 34 -0.441166 0.471318
RRV169 con_0007.nii -42 7 36 0.257558 0.286829
RRV169 con_0007.nii 54 -44 43 -0.297379 0.239733
RRV169 con_0007.nii -53 -50 39 -0.211572 0.136928
RRV169 con_0007.nii 32 -59 41 0.209967 0.488006
RRV169 con_0007.nii -32 -58 46 0.611037 0.233987
RRV169 con_0007.nii -6 49 1 -0.3278 0.308763
RRV169 con_0008.nii 9 3 -6 0.0366829 0.367268
RRV169 con_0008.nii -9 3 -6 -0.450511 0.358095
RRV169 con_0008.nii -30 33 -18 0.162049 0.201746
RRV169 con_0008.nii 46 28 31 0.143274 0.310164
RRV169 con_0008.nii -44 27 33 0.550502 0.268834
RRV169 con_0008.nii 44 8 34 0.898253 0.393858
RRV169 con_0008.nii -42 7 36 0.426835 0.476243
RRV169 con_0008.nii 54 -44 43 0.392336 0.216009
RRV169 con_0008.nii -53 -50 39 0.168302 0.209317
RRV169 con_0008.nii 32 -59 41 0.680631 0.65678
RRV169 con_0008.nii -32 -58 46 0.293817 0.309775
RRV169 con_0008.nii -6 49 1 -0.379761 0.376503
RRV169 con_0009.nii 9 3 -6 0.351347 0.435381
RRV169 con_0009.nii -9 3 -6 -0.931413 0.503859
RRV169 con_0009.nii -30 33 -18 0.23115 0.279188
RRV169 con_0009.nii 46 28 31 -0.247256 0.360101
RRV169 con_0009.nii -44 27 33 0.982171 0.663685
RRV169 con_0009.nii 44 8 34 0.457087 0.685173
RRV169 con_0009.nii -42 7 36 0.684393 0.673065
RRV169 con_0009.nii 54 -44 43 0.094957 0.311538
RRV169 con_0009.nii -53 -50 39 -0.0432701 0.288822
RRV169 con_0009.nii 32 -59 41 0.890597 1.06015
RRV169 con_0009.nii -32 -58 46 0.904854 0.521289
RRV169 con_0009.nii -6 49 1 -0.707561 0.631746
RRV169 con_0010.nii 9 3 -6 -0.146287 0.163381
RRV169 con_0010.nii -9 3 -6 -0.525125 0.250574
RRV169 con_0010.nii -30 33 -18 0.0462882 0.166537
RRV169 con_0010.nii 46 28 31 -0.195028 0.128816
RRV169 con_0010.nii -44 27 33 0.23559 0.181415
RRV169 con_0010.nii 44 8 34 -0.46256 0.314958
RRV169 con_0010.nii -42 7 36 0.175333 0.186957
RRV169 con_0010.nii 54 -44 43 -0.309504 0.220781
RRV169 con_0010.nii -53 -50 39 -0.228226 0.106563
RRV169 con_0010.nii 32 -59 41 0.157093 0.373922
RRV169 con_0010.nii -32 -58 46 0.342563 0.143951
RRV169 con_0010.nii -6 49 1 -0.32615 0.171958
RRV169 con_0011.nii 9 3 -6 -0.21114 0.28429
RRV169 con_0011.nii -9 3 -6 -0.738885 0.362195
RRV169 con_0011.nii -30 33 -18 -0.0900526 0.115115
RRV169 con_0011.nii 46 28 31 -0.589274 0.193509
RRV169 con_0011.nii -44 27 33 -0.357065 0.324787
RRV169 con_0011.nii 44 8 34 -1.01642 0.429194
RRV169 con_0011.nii -42 7 36 -0.567107 0.367138
RRV169 con_0011.nii 54 -44 43 -0.437073 0.249388
RRV169 con_0011.nii -53 -50 39 -0.312239 0.199482
RRV169 con_0011.nii 32 -59 41 -0.161273 0.366488
RRV169 con_0011.nii -32 -58 46 -0.22796 0.221282
RRV169 con_0011.nii -6 49 1 -0.52832 0.293268
RRV169 con_0012.nii 9 3 -6 -0.357428 0.351277
RRV169 con_0012.nii -9 3 -6 -1.26401 0.560398
RRV169 con_0012.nii -30 33 -18 -0.0437643 0.182949
RRV169 con_0012.nii 46 28 31 -0.784302 0.274347
RRV169 con_0012.nii -44 27 33 -0.121474 0.337641
RRV169 con_0012.nii 44 8 34 -1.47898 0.657643
RRV169 con_0012.nii -42 7 36 -0.391775 0.448524
RRV169 con_0012.nii 54 -44 43 -0.746578 0.303444
RRV169 con_0012.nii -53 -50 39 -0.540465 0.240833
RRV169 con_0012.nii 32 -59 41 -0.0041792 0.706357
RRV169 con_0012.nii -32 -58 46 0.114603 0.306771
RRV169 con_0012.nii -6 49 1 -0.85447 0.352106
RRV169 con_0013.nii 9 3 -6 -0.0928888 0.290322
RRV169 con_0013.nii -9 3 -6 -0.384852 0.206355
RRV169 con_0013.nii -30 33 -18 0.294148 0.374738
RRV169 con_0013.nii 46 28 31 -0.0536052 0.135115
RRV169 con_0013.nii -44 27 33 0.597253 0.268486
RRV169 con_0013.nii 44 8 34 -0.141088 0.53479
RRV169 con_0013.nii -42 7 36 1.0864 0.523406
RRV169 con_0013.nii 54 -44 43 -0.224118 0.279362
RRV169 con_0013.nii -53 -50 39 -0.0319541 0.231169
RRV169 con_0013.nii 32 -59 41 0.430607 0.344787
RRV169 con_0013.nii -32 -58 46 0.571568 0.216111
RRV169 con_0013.nii -6 49 1 0.0763329 0.220924
RRV169 con_0014.nii 9 3 -6 -0.154211 0.182
RRV169 con_0014.nii -9 3 -6 -0.251298 0.200496
RRV169 con_0014.nii -30 33 -18 -0.0749633 0.319964
RRV169 con_0014.nii 46 28 31 -0.586266 0.227753
RRV169 con_0014.nii -44 27 33 -0.3674 0.314157
RRV169 con_0014.nii 44 8 34 0.414084 0.852693
RRV169 con_0014.nii -42 7 36 -0.0515772 0.434972
RRV169 con_0014.nii 54 -44 43 -0.743223 0.233691
RRV169 con_0014.nii -53 -50 39 -0.207817 0.17076
RRV169 con_0014.nii 32 -59 41 0.553581 0.460625
RRV169 con_0014.nii -32 -58 46 0.162145 0.332141
RRV169 con_0014.nii -6 49 1 -0.60186 0.186795
RRV169 con_0015.nii 9 3 -6 -0.2471 0.387193
RRV169 con_0015.nii -9 3 -6 -0.636149 0.344602
RRV169 con_0015.nii -30 33 -18 0.219185 0.666434
RRV169 con_0015.nii 46 28 31 -0.639871 0.252226
RRV169 con_0015.nii -44 27 33 0.229853 0.35715
RRV169 con_0015.nii 44 8 34 0.272996 1.33862
RRV169 con_0015.nii -42 7 36 1.03482 0.76849
RRV169 con_0015.nii 54 -44 43 -0.967341 0.39026
RRV169 con_0015.nii -53 -50 39 -0.239771 0.330624
RRV169 con_0015.nii 32 -59 41 0.984188 0.727994
RRV169 con_0015.nii -32 -58 46 0.733712 0.429172
RRV169 con_0015.nii -6 49 1 -0.525527 0.314366
RRV169 con_0016.nii 9 3 -6 -0.0145776 0.145424
RRV169 con_0016.nii -9 3 -6 -0.356536 0.344463
RRV169 con_0016.nii -30 33 -18 0.103091 0.124107
RRV169 con_0016.nii 46 28 31 -0.471938 0.170238
RRV169 con_0016.nii -44 27 33 0.49313 0.27611
RRV169 con_0016.nii 44 8 34 -0.434224 0.317993
RRV169 con_0016.nii -42 7 36 0.673668 0.308451
RRV169 con_0016.nii 54 -44 43 -0.549191 0.242699
RRV169 con_0016.nii -53 -50 39 -0.20558 0.148783
RRV169 con_0016.nii 32 -59 41 0.157007 0.512417
RRV169 con_0016.nii -32 -58 46 0.0737409 0.266821
RRV169 con_0016.nii -6 49 1 -0.456932 0.189462
RRV169 con_0017.nii 9 3 -6 -0.178958 0.170039
RRV169 con_0017.nii -9 3 -6 -0.323542 0.201053
RRV169 con_0017.nii -30 33 -18 0.0100753 0.148595
RRV169 con_0017.nii 46 28 31 0.15432 0.309848
RRV169 con_0017.nii -44 27 33 0.247723 0.166348
RRV169 con_0017.nii 44 8 34 0.398134 0.296616
RRV169 con_0017.nii -42 7 36 -0.0937194 0.197907
RRV169 con_0017.nii 54 -44 43 0.208396 0.244218
RRV169 con_0017.nii -53 -50 39 -0.15938 0.196001
RRV169 con_0017.nii 32 -59 41 0.557578 0.576281
RRV169 con_0017.nii -32 -58 46 0.136749 0.296404
RRV169 con_0017.nii -6 49 1 -0.343485 0.261045
RRV169 con_0018.nii 9 3 -6 -0.193535 0.214146
RRV169 con_0018.nii -9 3 -6 -0.680078 0.481191
RRV169 con_0018.nii -30 33 -18 0.113166 0.238987
RRV169 con_0018.nii 46 28 31 -0.317618 0.350084
RRV169 con_0018.nii -44 27 33 0.740853 0.388021
RRV169 con_0018.nii 44 8 34 -0.0360893 0.498384
RRV169 con_0018.nii -42 7 36 0.579948 0.418208
RRV169 con_0018.nii 54 -44 43 -0.340795 0.239382
RRV169 con_0018.nii -53 -50 39 -0.36496 0.248469
RRV169 con_0018.nii 32 -59 41 0.714585 1.05525
RRV169 con_0018.nii -32 -58 46 0.21049 0.491229
RRV169 con_0018.nii -6 49 1 -0.800417 0.359905
RRV169 con_0019.nii 9 3 -6 0.0801981 0.402554
RRV169 con_0019.nii -9 3 -6 0.370468 0.358147
RRV169 con_0019.nii -30 33 -18 -0.131796 0.256262
RRV169 con_0019.nii 46 28 31 -0.0770814 0.307162
RRV169 con_0019.nii -44 27 33 0.217283 0.109114
RRV169 con_0019.nii 44 8 34 0.190522 0.412902
RRV169 con_0019.nii -42 7 36 0.343429 0.349024
RRV169 con_0019.nii 54 -44 43 -0.158638 0.371024
RRV169 con_0019.nii -53 -50 39 -0.200789 0.221068
RRV169 con_0019.nii 32 -59 41 0.0646261 0.526338
RRV169 con_0019.nii -32 -58 46 -0.878529 0.364256
RRV169 con_0019.nii -6 49 1 -0.0844373 0.235278
RRV169 con_0020.nii 9 3 -6 -0.00647355 0.483446
RRV169 con_0020.nii -9 3 -6 0.442903 0.359745
RRV169 con_0020.nii -30 33 -18 -0.0426345 0.178341
RRV169 con_0020.nii 46 28 31 1.38237 0.755726
RRV169 con_0020.nii -44 27 33 1.06493 0.550798
RRV169 con_0020.nii 44 8 34 1.68791 1.04965
RRV169 con_0020.nii -42 7 36 0.875946 0.737703
RRV169 con_0020.nii 54 -44 43 1.11003 0.25964
RRV169 con_0020.nii -53 -50 39 0.245031 0.275271
RRV169 con_0020.nii 32 -59 41 0.692818 0.520319
RRV169 con_0020.nii -32 -58 46 0.495327 0.728059
RRV169 con_0020.nii -6 49 1 0.782373 0.342674
RRV169 con_0021.nii 9 3 -6 0.0737245 0.447302
RRV169 con_0021.nii -9 3 -6 0.81337 0.385421
RRV169 con_0021.nii -30 33 -18 -0.17443 0.32242
RRV169 con_0021.nii 46 28 31 1.30529 0.890302
RRV169 con_0021.nii -44 27 33 1.28222 0.545186
RRV169 con_0021.nii 44 8 34 1.87843 1.2791
RRV169 con_0021.nii -42 7 36 1.21938 1.02623
RRV169 con_0021.nii 54 -44 43 0.951394 0.293547
RRV169 con_0021.nii -53 -50 39 0.0442416 0.304045
RRV169 con_0021.nii 32 -59 41 0.757444 0.862653
RRV169 con_0021.nii -32 -58 46 -0.383202 0.738865
RRV169 con_0021.nii -6 49 1 0.697936 0.232396
RRV169 con_0022.nii 9 3 -6 -0.146021 0.224923
RRV169 con_0022.nii -9 3 -6 0.0910774 0.366563
RRV169 con_0022.nii -30 33 -18 0.279391 0.212522
RRV169 con_0022.nii 46 28 31 -0.558145 0.231769
RRV169 con_0022.nii -44 27 33 0.359258 0.246401
RRV169 con_0022.nii 44 8 34 -0.126906 0.318859
RRV169 con_0022.nii -42 7 36 1.06935 0.430828
RRV169 con_0022.nii 54 -44 43 -0.572548 0.337278
RRV169 con_0022.nii -53 -50 39 0.252072 0.261505
RRV169 con_0022.nii 32 -59 41 -0.11776 0.413429
RRV169 con_0022.nii -32 -58 46 -0.196412 0.24564
RRV169 con_0022.nii -6 49 1 -0.306258 0.362179
RRV169 con_0023.nii 9 3 -6 -0.144801 0.303309
RRV169 con_0023.nii -9 3 -6 0.514752 0.370135
RRV169 con_0023.nii -30 33 -18 0.0909169 0.189204
RRV169 con_0023.nii 46 28 31 0.115863 0.214137
RRV169 con_0023.nii -44 27 33 -0.158136 0.211864
RRV169 con_0023.nii 44 8 34 0.64108 0.38922
RRV169 con_0023.nii -42 7 36 -0.449725 0.313557
RRV169 con_0023.nii 54 -44 43 -0.0030331 0.184392
RRV169 con_0023.nii -53 -50 39 -0.266995 0.190362
RRV169 con_0023.nii 32 -59 41 0.621832 0.742922
RRV169 con_0023.nii -32 -58 46 0.0770217 0.187007
RRV169 con_0023.nii -6 49 1 -0.376426 0.363462
RRV169 con_0024.nii 9 3 -6 -0.290822 0.396309
RRV169 con_0024.nii -9 3 -6 0.60583 0.36848
RRV169 con_0024.nii -30 33 -18 0.370307 0.351031
RRV169 con_0024.nii 46 28 31 -0.442282 0.304438
RRV169 con_0024.nii -44 27 33 0.201122 0.255507
RRV169 con_0024.nii 44 8 34 0.514174 0.475819
RRV169 con_0024.nii -42 7 36 0.619626 0.362649
RRV169 con_0024.nii 54 -44 43 -0.575581 0.344005
RRV169 con_0024.nii -53 -50 39 -0.0149226 0.206782
RRV169 con_0024.nii 32 -59 41 0.504072 1.0995
RRV169 con_0024.nii -32 -58 46 -0.11939 0.314122
RRV169 con_0024.nii -6 49 1 -0.682684 0.41291
RRV169 con_0025.nii 9 3 -6 0.460951 0.130974
RRV169 con_0025.nii -9 3 -6 0.0442232 0.248133
RRV169 con_0025.nii -30 33 -18 0.0228132 0.240164
RRV169 con_0025.nii 46 28 31 -0.195501 0.162522
RRV169 con_0025.nii -44 27 33 0.196079 0.318998
RRV169 con_0025.nii 44 8 34 0.021394 0.197678
RRV169 con_0025.nii -42 7 36 0.0822252 0.332687
RRV169 con_0025.nii 54 -44 43 0.0121255 0.133946
RRV169 con_0025.nii -53 -50 39 0.0166541 0.155793
RRV169 con_0025.nii 32 -59 41 0.0528731 0.171285
RRV169 con_0025.nii -32 -58 46 0.268474 0.209334
RRV169 con_0025.nii -6 49 1 -0.00165001 0.180551
RRV169 con_0026.nii 9 3 -6 0.247823 0.262436
RRV169 con_0026.nii -9 3 -6 0.288374 0.463563
RRV169 con_0026.nii -30 33 -18 0.252101 0.166468
RRV169 con_0026.nii 46 28 31 0.732548 0.421417
RRV169 con_0026.nii -44 27 33 0.907566 0.524738
RRV169 con_0026.nii 44 8 34 1.91467 0.583814
RRV169 con_0026.nii -42 7 36 0.993943 0.650117
RRV169 con_0026.nii 54 -44 43 0.82941 0.242055
RRV169 con_0026.nii -53 -50 39 0.48054 0.277139
RRV169 con_0026.nii 32 -59 41 0.841904 0.537444
RRV169 con_0026.nii -32 -58 46 0.521777 0.31413
RRV169 con_0026.nii -6 49 1 0.14856 0.459574
RRV169 con_0027.nii 9 3 -6 0.708775 0.313864
RRV169 con_0027.nii -9 3 -6 0.332597 0.529611
RRV169 con_0027.nii -30 33 -18 0.274914 0.314984
RRV169 con_0027.nii 46 28 31 0.537046 0.356851
RRV169 con_0027.nii -44 27 33 1.10365 0.831769
RRV169 con_0027.nii 44 8 34 1.93607 0.512513
RRV169 con_0027.nii -42 7 36 1.07617 0.851613
RRV169 con_0027.nii 54 -44 43 0.841535 0.295355
RRV169 con_0027.nii -53 -50 39 0.497195 0.400107
RRV169 con_0027.nii 32 -59 41 0.894777 0.672792
RRV169 con_0027.nii -32 -58 46 0.790251 0.480986
RRV169 con_0027.nii -6 49 1 0.14691 0.537366
RRV169 con_0028.nii 9 3 -6 0.13171 0.204122
RRV169 con_0028.nii -9 3 -6 0.168589 0.159283
RRV169 con_0028.nii -30 33 -18 0.0568027 0.211966
RRV169 con_0028.nii 46 28 31 -0.276909 0.148381
RRV169 con_0028.nii -44 27 33 0.25754 0.182585
RRV169 con_0028.nii 44 8 34 0.0283368 0.10363
RRV169 con_0028.nii -42 7 36 0.498335 0.274286
RRV169 con_0028.nii 54 -44 43 -0.239687 0.263424
RRV169 con_0028.nii -53 -50 39 0.0226458 0.166431
RRV169 con_0028.nii 32 -59 41 -8.68953e-05 0.322779
RRV169 con_0028.nii -32 -58 46 -0.268822 0.199272
RRV169 con_0028.nii -6 49 1 -0.130782 0.155953
RRV169 con_0029.nii 9 3 -6 0.0321828 0.272146
RRV169 con_0029.nii -9 3 -6 0.415343 0.321891
RRV169 con_0029.nii -30 33 -18 0.100128 0.138068
RRV169 con_0029.nii 46 28 31 0.743594 0.432346
RRV169 con_0029.nii -44 27 33 0.604788 0.342952
RRV169 con_0029.nii 44 8 34 1.41455 0.543234
RRV169 con_0029.nii -42 7 36 0.473388 0.35691
RRV169 con_0029.nii 54 -44 43 0.64547 0.190295
RRV169 con_0029.nii -53 -50 39 0.152859 0.153858
RRV169 con_0029.nii 32 -59 41 0.718851 0.508529
RRV169 con_0029.nii -32 -58 46 0.364709 0.332848
RRV169 con_0029.nii -6 49 1 0.184835 0.348634
RRV169 con_0030.nii 9 3 -6 0.163892 0.265319
RRV169 con_0030.nii -9 3 -6 0.583932 0.277021
RRV169 con_0030.nii -30 33 -18 0.15693 0.275986
RRV169 con_0030.nii 46 28 31 0.466684 0.417265
RRV169 con_0030.nii -44 27 33 0.862328 0.503039
RRV169 con_0030.nii 44 8 34 1.44289 0.566057
RRV169 con_0030.nii -42 7 36 0.971723 0.606523
RRV169 con_0030.nii 54 -44 43 0.405783 0.286824
RRV169 con_0030.nii -53 -50 39 0.175505 0.272034
RRV169 con_0030.nii 32 -59 41 0.718764 0.790266
RRV169 con_0030.nii -32 -58 46 0.0958864 0.361751
RRV169 con_0030.nii -6 49 1 0.0540537 0.294733
