RRV111 con_0001.nii 9 3 -6 -0.478653 0.391695
RRV111 con_0001.nii -9 3 -6 -0.29631 0.233979
RRV111 con_0001.nii -30 33 -18 0.448768 0.638571
RRV111 con_0001.nii 46 28 31 0.100048 0.42524
RRV111 con_0001.nii -44 27 33 -0.252451 0.273695
RRV111 con_0001.nii 44 8 34 -0.0118699 0.297022
RRV111 con_0001.nii -42 7 36 0.0342653 0.334675
RRV111 con_0001.nii 54 -44 43 -0.5678 0.3215
RRV111 con_0001.nii -53 -50 39 0.0365089 0.306574
RRV111 con_0001.nii 32 -59 41 0.0342376 0.260714
RRV111 con_0001.nii -32 -58 46 0.468964 0.34737
RRV111 con_0001.nii -6 49 1 1.09149 0.467746
RRV111 con_0002.nii 9 3 -6 1.10129 0.203137
RRV111 con_0002.nii -9 3 -6 0.0273273 0.51084
RRV111 con_0002.nii -30 33 -18 -0.308609 0.151733
RRV111 con_0002.nii 46 28 31 0.496704 0.39085
RRV111 con_0002.nii -44 27 33 1.05468 0.463141
RRV111 con_0002.nii 44 8 34 -0.0975513 0.179355
RRV111 con_0002.nii -42 7 36 0.333778 0.144161
RRV111 con_0002.nii 54 -44 43 0.256627 0.301104
RRV111 con_0002.nii -53 -50 39 0.0566494 0.255298
RRV111 con_0002.nii 32 -59 41 0.376537 0.231731
RRV111 con_0002.nii -32 -58 46 0.36264 0.373631
RRV111 con_0002.nii -6 49 1 -1.22582 0.415248
RRV111 con_0003.nii 9 3 -6 0.622639 0.45738
RRV111 con_0003.nii -9 3 -6 -0.268983 0.534574
RRV111 con_0003.nii -30 33 -18 0.140159 0.634136
RRV111 con_0003.nii 46 28 31 0.596751 0.667455
RRV111 con_0003.nii -44 27 33 0.802229 0.467965
RRV111 con_0003.nii 44 8 34 -0.109421 0.369145
RRV111 con_0003.nii -42 7 36 0.368044 0.286718
RRV111 con_0003.nii 54 -44 43 -0.311173 0.447951
RRV111 con_0003.nii -53 -50 39 0.0931582 0.18666
RRV111 con_0003.nii 32 -59 41 0.410774 0.173162
RRV111 con_0003.nii -32 -58 46 0.831605 0.501211
RRV111 con_0003.nii -6 49 1 -0.134327 0.48489
RRV111 con_0004.nii 9 3 -6 -0.60422 0.182033
RRV111 con_0004.nii -9 3 -6 -0.301742 0.312645
RRV111 con_0004.nii -30 33 -18 -0.0380082 0.385627
RRV111 con_0004.nii 46 28 31 -1.1059 0.996478
RRV111 con_0004.nii -44 27 33 -0.0488763 0.427808
RRV111 con_0004.nii 44 8 34 -0.565808 0.221313
RRV111 con_0004.nii -42 7 36 -0.0276939 0.219539
RRV111 con_0004.nii 54 -44 43 -0.938678 0.458883
RRV111 con_0004.nii -53 -50 39 -0.431744 0.22055
RRV111 con_0004.nii 32 -59 41 -0.970065 0.301419
RRV111 con_0004.nii -32 -58 46 -0.474572 0.257918
RRV111 con_0004.nii -6 49 1 -0.115359 0.322052
RRV111 con_0005.nii 9 3 -6 0.40324 0.408768
RRV111 con_0005.nii -9 3 -6 -0.232674 0.364315
RRV111 con_0005.nii -30 33 -18 -0.546503 0.214793
RRV111 con_0005.nii 46 28 31 -0.540159 0.553872
RRV111 con_0005.nii -44 27 33 -0.719001 0.231015
RRV111 con_0005.nii 44 8 34 -0.0993791 0.278486
RRV111 con_0005.nii -42 7 36 0.402037 0.228535
RRV111 con_0005.nii 54 -44 43 0.0499599 0.627331
RRV111 con_0005.nii -53 -50 39 -0.571834 0.211487
RRV111 con_0005.nii 32 -59 41 0.0610771 0.276527
RRV111 con_0005.nii -32 -58 46 0.292098 0.247698
RRV111 con_0005.nii -6 49 1 -1.45477 0.456849
RRV111 con_0006.nii 9 3 -6 -0.20098 0.458068
RRV111 con_0006.nii -9 3 -6 -0.534417 0.432363
RRV111 con_0006.nii -30 33 -18 -0.584511 0.308487
RRV111 con_0006.nii 46 28 31 -1.64606 1.01386
RRV111 con_0006.nii -44 27 33 -0.767877 0.583274
RRV111 con_0006.nii 44 8 34 -0.665187 0.33535
RRV111 con_0006.nii -42 7 36 0.374343 0.316623
RRV111 con_0006.nii 54 -44 43 -0.888718 0.48004
RRV111 con_0006.nii -53 -50 39 -1.00358 0.319028
RRV111 con_0006.nii 32 -59 41 -0.908988 0.245694
RRV111 con_0006.nii -32 -58 46 -0.182474 0.188456
RRV111 con_0006.nii -6 49 1 -1.57013 0.693779
RRV111 con_0007.nii 9 3 -6 -0.168152 0.423344
RRV111 con_0007.nii -9 3 -6 0.461452 0.483489
RRV111 con_0007.nii -30 33 -18 0.891238 0.729969
RRV111 con_0007.nii 46 28 31 0.233048 0.430338
RRV111 con_0007.nii -44 27 33 -0.175591 0.508447
RRV111 con_0007.nii 44 8 34 0.368183 0.309818
RRV111 con_0007.nii -42 7 36 0.62057 0.45593
RRV111 con_0007.nii 54 -44 43 -0.205788 0.353985
RRV111 con_0007.nii -53 -50 39 0.54402 0.235553
RRV111 con_0007.nii 32 -59 41 0.546279 0.223997
RRV111 con_0007.nii -32 -58 46 1.13205 0.319002
RRV111 con_0007.nii -6 49 1 0.67017 0.622866
RRV111 con_0008.nii 9 3 -6 0.85024 0.219435
RRV111 con_0008.nii -9 3 -6 0.156588 0.301986
RRV111 con_0008.nii -30 33 -18 -0.329408 0.395328
RRV111 con_0008.nii 46 28 31 0.92783 0.673368
RRV111 con_0008.nii -44 27 33 0.265974 0.242179
RRV111 con_0008.nii 44 8 34 0.925879 0.226242
RRV111 con_0008.nii -42 7 36 1.02887 0.393448
RRV111 con_0008.nii 54 -44 43 0.615837 0.313187
RRV111 con_0008.nii -53 -50 39 0.131489 0.216093
RRV111 con_0008.nii 32 -59 41 1.18429 0.348103
RRV111 con_0008.nii -32 -58 46 0.93053 0.233472
RRV111 con_0008.nii -6 49 1 0.118735 0.657538
RRV111 con_0009.nii 9 3 -6 0.682088 0.450554
RRV111 con_0009.nii -9 3 -6 0.618041 0.548181
RRV111 con_0009.nii -30 33 -18 0.561831 0.473126
RRV111 con_0009.nii 46 28 31 1.16088 0.813878
RRV111 con_0009.nii -44 27 33 0.0903837 0.44415
RRV111 con_0009.nii 44 8 34 1.29406 0.418907
RRV111 con_0009.nii -42 7 36 1.64944 0.742497
RRV111 con_0009.nii 54 -44 43 0.410049 0.618728
RRV111 con_0009.nii -53 -50 39 0.675509 0.332327
RRV111 con_0009.nii 32 -59 41 1.73057 0.321101
RRV111 con_0009.nii -32 -58 46 2.06258 0.441014
RRV111 con_0009.nii -6 49 1 0.788906 1.12794
RRV111 con_0010.nii 9 3 -6 -0.0599356 0.204967
RRV111 con_0010.nii -9 3 -6 -0.0486939 0.263845
RRV111 con_0010.nii -30 33 -18 0.117142 0.288146
RRV111 con_0010.nii 46 28 31 0.130712 0.322271
RRV111 con_0010.nii -44 27 33 -0.00738411 0.179558
RRV111 con_0010.nii 44 8 34 0.0732525 0.173178
RRV111 con_0010.nii -42 7 36 0.083155 0.252673
RRV111 con_0010.nii 54 -44 43 -0.194479 0.146548
RRV111 con_0010.nii -53 -50 39 -0.0443145 0.105677
RRV111 con_0010.nii 32 -59 41 0.357179 0.135755
RRV111 con_0010.nii -32 -58 46 0.297117 0.125627
RRV111 con_0010.nii -6 49 1 0.326511 0.238322
RRV111 con_0011.nii 9 3 -6 0.262047 0.275035
RRV111 con_0011.nii -9 3 -6 0.242625 0.296287
RRV111 con_0011.nii -30 33 -18 0.126829 0.145382
RRV111 con_0011.nii 46 28 31 0.860942 0.56416
RRV111 con_0011.nii -44 27 33 0.502984 0.586114
RRV111 con_0011.nii 44 8 34 0.80467 0.244154
RRV111 con_0011.nii -42 7 36 0.496922 0.217227
RRV111 con_0011.nii 54 -44 43 1.00147 0.312647
RRV111 con_0011.nii -53 -50 39 0.270363 0.127015
RRV111 con_0011.nii 32 -59 41 0.667135 0.354482
RRV111 con_0011.nii -32 -58 46 0.469297 0.191014
RRV111 con_0011.nii -6 49 1 -0.0413822 0.402242
RRV111 con_0012.nii 9 3 -6 0.202111 0.370974
RRV111 con_0012.nii -9 3 -6 0.193931 0.469988
RRV111 con_0012.nii -30 33 -18 0.243972 0.372401
RRV111 con_0012.nii 46 28 31 0.991655 0.755629
RRV111 con_0012.nii -44 27 33 0.495599 0.688145
RRV111 con_0012.nii 44 8 34 0.877922 0.353581
RRV111 con_0012.nii -42 7 36 0.580077 0.385634
RRV111 con_0012.nii 54 -44 43 0.806988 0.391784
RRV111 con_0012.nii -53 -50 39 0.226048 0.191017
RRV111 con_0012.nii 32 -59 41 1.02431 0.327027
RRV111 con_0012.nii -32 -58 46 0.766415 0.220345
RRV111 con_0012.nii -6 49 1 0.285129 0.583568
RRV111 con_0013.nii 9 3 -6 -0.221787 0.281175
RRV111 con_0013.nii -9 3 -6 0.0548727 0.295022
RRV111 con_0013.nii -30 33 -18 0.267615 0.307424
RRV111 con_0013.nii 46 28 31 0.239435 0.243265
RRV111 con_0013.nii -44 27 33 -0.137199 0.176497
RRV111 con_0013.nii 44 8 34 0.2381 0.12665
RRV111 con_0013.nii -42 7 36 0.453017 0.306195
RRV111 con_0013.nii 54 -44 43 -0.106432 0.171334
RRV111 con_0013.nii -53 -50 39 0.118325 0.113606
RRV111 con_0013.nii 32 -59 41 0.318578 0.167127
RRV111 con_0013.nii -32 -58 46 0.555335 0.187067
RRV111 con_0013.nii -6 49 1 0.0392229 0.289027
RRV111 con_0014.nii 9 3 -6 0.822596 0.252754
RRV111 con_0014.nii -9 3 -6 0.0990657 0.284798
RRV111 con_0014.nii -30 33 -18 0.0223984 0.161396
RRV111 con_0014.nii 46 28 31 0.602329 0.675412
RRV111 con_0014.nii -44 27 33 0.371496 0.41695
RRV111 con_0014.nii 44 8 34 0.579381 0.159354
RRV111 con_0014.nii -42 7 36 0.782234 0.213851
RRV111 con_0014.nii 54 -44 43 0.746473 0.44757
RRV111 con_0014.nii -53 -50 39 0.31349 0.21859
RRV111 con_0014.nii 32 -59 41 0.566736 0.234092
RRV111 con_0014.nii -32 -58 46 0.812155 0.246853
RRV111 con_0014.nii -6 49 1 -0.183893 0.418563
RRV111 con_0015.nii 9 3 -6 0.600809 0.5066
RRV111 con_0015.nii -9 3 -6 0.153938 0.339438
RRV111 con_0015.nii -30 33 -18 0.290014 0.224473
RRV111 con_0015.nii 46 28 31 0.841764 0.694699
RRV111 con_0015.nii -44 27 33 0.234298 0.477642
RRV111 con_0015.nii 44 8 34 0.817481 0.252964
RRV111 con_0015.nii -42 7 36 1.23525 0.438534
RRV111 con_0015.nii 54 -44 43 0.640041 0.505282
RRV111 con_0015.nii -53 -50 39 0.431815 0.28197
RRV111 con_0015.nii 32 -59 41 0.885313 0.37305
RRV111 con_0015.nii -32 -58 46 1.36749 0.403303
RRV111 con_0015.nii -6 49 1 -0.144671 0.551356
RRV111 con_0016.nii 9 3 -6 -0.417008 0.170601
RRV111 con_0016.nii -9 3 -6 -0.0455334 0.264649
RRV111 con_0016.nii -30 33 -18 0.433999 0.453375
RRV111 con_0016.nii 46 28 31 -0.257602 0.368109
RRV111 con_0016.nii -44 27 33 -0.158973 0.217866
RRV111 con_0016.nii 44 8 34 -0.0698317 0.169486
RRV111 con_0016.nii -42 7 36 0.209047 0.272752
RRV111 con_0016.nii 54 -44 43 -0.570755 0.21509
RRV111 con_0016.nii -53 -50 39 0.0495951 0.134814
RRV111 con_0016.nii 32 -59 41 -0.129849 0.176614
RRV111 con_0016.nii -32 -58 46 0.37548 0.206442
RRV111 con_0016.nii -6 49 1 0.548767 0.439035
RRV111 con_0017.nii 9 3 -6 0.784924 0.192996
RRV111 con_0017.nii -9 3 -6 -0.0162529 0.280049
RRV111 con_0017.nii -30 33 -18 -0.39484 0.203923
RRV111 con_0017.nii 46 28 31 0.294791 0.457075
RRV111 con_0017.nii -44 27 33 0.200551 0.239859
RRV111 con_0017.nii 44 8 34 0.242983 0.160935
RRV111 con_0017.nii -42 7 36 0.588229 0.188701
RRV111 con_0017.nii 54 -44 43 0.307475 0.384629
RRV111 con_0017.nii -53 -50 39 -0.127898 0.130681
RRV111 con_0017.nii 32 -59 41 0.540636 0.224193
RRV111 con_0017.nii -32 -58 46 0.528423 0.211624
RRV111 con_0017.nii -6 49 1 -0.85395 0.415913
RRV111 con_0018.nii 9 3 -6 0.367916 0.270909
RRV111 con_0018.nii -9 3 -6 -0.0617862 0.278482
RRV111 con_0018.nii -30 33 -18 0.0391597 0.339112
RRV111 con_0018.nii 46 28 31 0.037189 0.437501
RRV111 con_0018.nii -44 27 33 0.0415787 0.148202
RRV111 con_0018.nii 44 8 34 0.173151 0.223648
RRV111 con_0018.nii -42 7 36 0.797276 0.374698
RRV111 con_0018.nii 54 -44 43 -0.263281 0.447828
RRV111 con_0018.nii -53 -50 39 -0.0783033 0.152896
RRV111 con_0018.nii 32 -59 41 0.410787 0.102974
RRV111 con_0018.nii -32 -58 46 0.903903 0.223258
RRV111 con_0018.nii -6 49 1 -0.305183 0.699578
RRV111 con_0019.nii 9 3 -6 -0.418717 0.428993
RRV111 con_0019.nii -9 3 -6 -0.247616 0.276817
RRV111 con_0019.nii -30 33 -18 0.331626 0.475086
RRV111 con_0019.nii 46 28 31 -0.0306642 0.319996
RRV111 con_0019.nii -44 27 33 -0.245067 0.26836
RRV111 con_0019.nii 44 8 34 -0.0851224 0.274338
RRV111 con_0019.nii -42 7 36 -0.0488897 0.202196
RRV111 con_0019.nii 54 -44 43 -0.373321 0.276738
RRV111 con_0019.nii -53 -50 39 0.0808234 0.322791
RRV111 con_0019.nii 32 -59 41 -0.322941 0.226036
RRV111 con_0019.nii -32 -58 46 0.171847 0.323864
RRV111 con_0019.nii -6 49 1 0.764978 0.30949
RRV111 con_0020.nii 9 3 -6 0.839246 0.377657
RRV111 con_0020.nii -9 3 -6 -0.215297 0.753973
RRV111 con_0020.nii -30 33 -18 -0.435439 0.213272
RRV111 con_0020.nii 46 28 31 -0.364239 0.301928
RRV111 con_0020.nii -44 27 33 0.551697 0.257331
RRV111 con_0020.nii 44 8 34 -0.902221 0.308186
RRV111 con_0020.nii -42 7 36 -0.163143 0.285548
RRV111 con_0020.nii 54 -44 43 -0.744839 0.315377
RRV111 con_0020.nii -53 -50 39 -0.213713 0.211994
RRV111 con_0020.nii 32 -59 41 -0.290598 0.258896
RRV111 con_0020.nii -32 -58 46 -0.106657 0.359767
RRV111 con_0020.nii -6 49 1 -1.18443 0.4795
RRV111 con_0021.nii 9 3 -6 0.420528 0.617389
RRV111 con_0021.nii -9 3 -6 -0.462913 0.941358
RRV111 con_0021.nii -30 33 -18 -0.103813 0.50717
RRV111 con_0021.nii 46 28 31 -0.394903 0.335594
RRV111 con_0021.nii -44 27 33 0.30663 0.473187
RRV111 con_0021.nii 44 8 34 -0.987343 0.330752
RRV111 con_0021.nii -42 7 36 -0.212033 0.288034
RRV111 con_0021.nii 54 -44 43 -1.11816 0.464192
RRV111 con_0021.nii -53 -50 39 -0.13289 0.194777
RRV111 con_0021.nii 32 -59 41 -0.613539 0.310197
RRV111 con_0021.nii -32 -58 46 0.06519 0.533166
RRV111 con_0021.nii -6 49 1 -0.419456 0.364817
RRV111 con_0022.nii 9 3 -6 -0.544284 0.154121
RRV111 con_0022.nii -9 3 -6 -0.253048 0.265583
RRV111 con_0022.nii -30 33 -18 -0.155151 0.354416
RRV111 con_0022.nii 46 28 31 -1.23661 1.05034
RRV111 con_0022.nii -44 27 33 -0.0414922 0.56371
RRV111 con_0022.nii 44 8 34 -0.639061 0.276734
RRV111 con_0022.nii -42 7 36 -0.110849 0.261531
RRV111 con_0022.nii 54 -44 43 -0.744199 0.53475
RRV111 con_0022.nii -53 -50 39 -0.387429 0.269856
RRV111 con_0022.nii 32 -59 41 -1.32724 0.320409
RRV111 con_0022.nii -32 -58 46 -0.77169 0.294089
RRV111 con_0022.nii -6 49 1 -0.44187 0.182239
RRV111 con_0023.nii 9 3 -6 0.141193 0.479624
RRV111 con_0023.nii -9 3 -6 -0.475299 0.366831
RRV111 con_0023.nii -30 33 -18 -0.673332 0.298884
RRV111 con_0023.nii 46 28 31 -1.4011 0.507051
RRV111 con_0023.nii -44 27 33 -1.22198 0.547987
RRV111 con_0023.nii 44 8 34 -0.904049 0.394786
RRV111 con_0023.nii -42 7 36 -0.0948848 0.19178
RRV111 con_0023.nii 54 -44 43 -0.951507 0.526271
RRV111 con_0023.nii -53 -50 39 -0.842196 0.255711
RRV111 con_0023.nii 32 -59 41 -0.606058 0.333793
RRV111 con_0023.nii -32 -58 46 -0.177199 0.212804
RRV111 con_0023.nii -6 49 1 -1.41339 0.287778
RRV111 con_0024.nii 9 3 -6 -0.403091 0.50031
RRV111 con_0024.nii -9 3 -6 -0.728347 0.389287
RRV111 con_0024.nii -30 33 -18 -0.828483 0.355819
RRV111 con_0024.nii 46 28 31 -2.63772 1.42107
RRV111 con_0024.nii -44 27 33 -1.26348 1.01506
RRV111 con_0024.nii 44 8 34 -1.54311 0.506351
RRV111 con_0024.nii -42 7 36 -0.205734 0.36558
RRV111 con_0024.nii 54 -44 43 -1.69571 0.608564
RRV111 con_0024.nii -53 -50 39 -1.22963 0.426657
RRV111 con_0024.nii 32 -59 41 -1.9333 0.422081
RRV111 con_0024.nii -32 -58 46 -0.948889 0.330305
RRV111 con_0024.nii -6 49 1 -1.85526 0.380656
RRV111 con_0025.nii 9 3 -6 -0.108216 0.44085
RRV111 con_0025.nii -9 3 -6 0.510146 0.419617
RRV111 con_0025.nii -30 33 -18 0.774096 0.497312
RRV111 con_0025.nii 46 28 31 0.102336 0.201694
RRV111 con_0025.nii -44 27 33 -0.168207 0.468235
RRV111 con_0025.nii 44 8 34 0.29493 0.264374
RRV111 con_0025.nii -42 7 36 0.537415 0.281337
RRV111 con_0025.nii 54 -44 43 -0.0113092 0.275487
RRV111 con_0025.nii -53 -50 39 0.588335 0.168479
RRV111 con_0025.nii 32 -59 41 0.1891 0.230271
RRV111 con_0025.nii -32 -58 46 0.834931 0.253933
RRV111 con_0025.nii -6 49 1 0.343659 0.439332
RRV111 con_0026.nii 9 3 -6 0.588193 0.33896
RRV111 con_0026.nii -9 3 -6 -0.0860362 0.431281
RRV111 con_0026.nii -30 33 -18 -0.456237 0.463509
RRV111 con_0026.nii 46 28 31 0.066887 0.349992
RRV111 con_0026.nii -44 27 33 -0.237009 0.568153
RRV111 con_0026.nii 44 8 34 0.121209 0.343729
RRV111 con_0026.nii -42 7 36 0.53195 0.228197
RRV111 con_0026.nii 54 -44 43 -0.38563 0.242539
RRV111 con_0026.nii -53 -50 39 -0.138874 0.211686
RRV111 con_0026.nii 32 -59 41 0.517159 0.425475
RRV111 con_0026.nii -32 -58 46 0.461233 0.163676
RRV111 con_0026.nii -6 49 1 0.160117 0.46077
RRV111 con_0027.nii 9 3 -6 0.479977 0.400963
RRV111 con_0027.nii -9 3 -6 0.42411 0.59833
RRV111 con_0027.nii -30 33 -18 0.317859 0.370664
RRV111 con_0027.nii 46 28 31 0.169223 0.386769
RRV111 con_0027.nii -44 27 33 -0.405216 0.91641
RRV111 con_0027.nii 44 8 34 0.416139 0.340261
RRV111 con_0027.nii -42 7 36 1.06936 0.395234
RRV111 con_0027.nii 54 -44 43 -0.396939 0.376196
RRV111 con_0027.nii -53 -50 39 0.449461 0.211141
RRV111 con_0027.nii 32 -59 41 0.70626 0.405995
RRV111 con_0027.nii -32 -58 46 1.29616 0.359001
RRV111 con_0027.nii -6 49 1 0.503776 0.739382
RRV111 con_0028.nii 9 3 -6 -0.357073 0.203036
RRV111 con_0028.nii -9 3 -6 0.0031605 0.221437
RRV111 con_0028.nii -30 33 -18 0.316857 0.204897
RRV111 con_0028.nii 46 28 31 -0.388314 0.312956
RRV111 con_0028.nii -44 27 33 -0.151589 0.279869
RRV111 con_0028.nii 44 8 34 -0.143084 0.157823
RRV111 con_0028.nii -42 7 36 0.125892 0.120466
RRV111 con_0028.nii 54 -44 43 -0.376277 0.214464
RRV111 con_0028.nii -53 -50 39 0.0939096 0.14354
RRV111 con_0028.nii 32 -59 41 -0.487028 0.174505
RRV111 con_0028.nii -32 -58 46 0.0783626 0.17773
RRV111 con_0028.nii -6 49 1 0.222255 0.251526
RRV111 con_0029.nii 9 3 -6 0.522877 0.33803
RRV111 con_0029.nii -9 3 -6 -0.258877 0.461681
RRV111 con_0029.nii -30 33 -18 -0.521669 0.288079
RRV111 con_0029.nii 46 28 31 -0.566151 0.248023
RRV111 con_0029.nii -44 27 33 -0.302432 0.422447
RRV111 con_0029.nii 44 8 34 -0.561687 0.30864
RRV111 con_0029.nii -42 7 36 0.0913071 0.128327
RRV111 con_0029.nii 54 -44 43 -0.693992 0.314522
RRV111 con_0029.nii -53 -50 39 -0.398261 0.128805
RRV111 con_0029.nii 32 -59 41 -0.126499 0.29378
RRV111 con_0029.nii -32 -58 46 0.0591257 0.163704
RRV111 con_0029.nii -6 49 1 -0.812567 0.277186
RRV111 con_0030.nii 9 3 -6 0.165805 0.360742
RRV111 con_0030.nii -9 3 -6 -0.255717 0.5339
RRV111 con_0030.nii -30 33 -18 -0.204812 0.219902
RRV111 con_0030.nii 46 28 31 -0.954466 0.489926
RRV111 con_0030.nii -44 27 33 -0.454021 0.683981
RRV111 con_0030.nii 44 8 34 -0.704771 0.262938
RRV111 con_0030.nii -42 7 36 0.217199 0.141725
RRV111 con_0030.nii 54 -44 43 -1.07027 0.414357
RRV111 con_0030.nii -53 -50 39 -0.304351 0.170904
RRV111 con_0030.nii 32 -59 41 -0.613527 0.304171
RRV111 con_0030.nii -32 -58 46 0.137488 0.252031
RRV111 con_0030.nii -6 49 1 -0.590312 0.318432
RRV111 con_0031.nii 9 3 -6 -0.161851 0.152218
RRV111 con_0031.nii -9 3 -6 0.103567 0.218665
RRV111 con_0031.nii -30 33 -18 0.150473 0.175336
RRV111 con_0031.nii 46 28 31 0.108723 0.20803
RRV111 con_0031.nii -44 27 33 -0.129815 0.206421
RRV111 con_0031.nii 44 8 34 0.164848 0.110243
RRV111 con_0031.nii -42 7 36 0.369862 0.18568
RRV111 con_0031.nii 54 -44 43 0.0880468 0.170051
RRV111 con_0031.nii -53 -50 39 0.16264 0.0638882
RRV111 con_0031.nii 32 -59 41 -0.0386012 0.159606
RRV111 con_0031.nii -32 -58 46 0.258218 0.180741
RRV111 con_0031.nii -6 49 1 -0.287288 0.150209
RRV111 con_0032.nii 9 3 -6 0.560549 0.207582
RRV111 con_0032.nii -9 3 -6 -0.143559 0.390367
RRV111 con_0032.nii -30 33 -18 -0.104431 0.183553
RRV111 con_0032.nii 46 28 31 -0.258614 0.235871
RRV111 con_0032.nii -44 27 33 -0.131487 0.315587
RRV111 con_0032.nii 44 8 34 -0.225289 0.275567
RRV111 con_0032.nii -42 7 36 0.285312 0.107573
RRV111 con_0032.nii 54 -44 43 -0.254994 0.262822
RRV111 con_0032.nii -53 -50 39 0.0431276 0.155821
RRV111 con_0032.nii 32 -59 41 -0.100399 0.338368
RRV111 con_0032.nii -32 -58 46 0.342857 0.248192
RRV111 con_0032.nii -6 49 1 -0.142511 0.311079
RRV111 con_0033.nii 9 3 -6 0.398698 0.28224
RRV111 con_0033.nii -9 3 -6 -0.0399922 0.422557
RRV111 con_0033.nii -30 33 -18 0.0460417 0.254315
RRV111 con_0033.nii 46 28 31 -0.149891 0.246948
RRV111 con_0033.nii -44 27 33 -0.261302 0.442923
RRV111 con_0033.nii 44 8 34 -0.0604407 0.321789
RRV111 con_0033.nii -42 7 36 0.655174 0.210327
RRV111 con_0033.nii 54 -44 43 -0.166947 0.33259
RRV111 con_0033.nii -53 -50 39 0.205767 0.164713
RRV111 con_0033.nii 32 -59 41 -0.139 0.317839
RRV111 con_0033.nii -32 -58 46 0.601075 0.389259
RRV111 con_0033.nii -6 49 1 -0.4298 0.292849
