RRV112 con_0001.nii 9 3 -6 0.501544 0.47778
RRV112 con_0001.nii -9 3 -6 0.310962 0.358535
RRV112 con_0001.nii -30 33 -18 0.332509 0.198052
RRV112 con_0001.nii 46 28 31 0.379455 0.185585
RRV112 con_0001.nii -44 27 33 0.0849831 0.20082
RRV112 con_0001.nii 44 8 34 0.240288 0.262946
RRV112 con_0001.nii -42 7 36 -0.265253 0.190268
RRV112 con_0001.nii 54 -44 43 0.863542 0.395832
RRV112 con_0001.nii -53 -50 39 0.143739 0.117126
RRV112 con_0001.nii 32 -59 41 0.2352 0.254896
RRV112 con_0001.nii -32 -58 46 0.313243 0.256159
RRV112 con_0001.nii -6 49 1 -0.251399 0.232686
RRV112 con_0002.nii 9 3 -6 0.0798797 1.40888
RRV112 con_0002.nii -9 3 -6 0.030855 0.36518
RRV112 con_0002.nii -30 33 -18 -0.339483 0.199303
RRV112 con_0002.nii 46 28 31 -0.0498735 0.325004
RRV112 con_0002.nii -44 27 33 -0.567155 0.29976
RRV112 con_0002.nii 44 8 34 -0.35986 0.348467
RRV112 con_0002.nii -42 7 36 -0.624971 0.241059
RRV112 con_0002.nii 54 -44 43 0.165028 0.198703
RRV112 con_0002.nii -53 -50 39 -0.223525 0.121653
RRV112 con_0002.nii 32 -59 41 -0.263675 0.253799
RRV112 con_0002.nii -32 -58 46 -0.137447 0.247342
RRV112 con_0002.nii -6 49 1 0.712396 0.361723
RRV112 con_0003.nii 9 3 -6 0.581424 1.64024
RRV112 con_0003.nii -9 3 -6 0.341817 0.492869
RRV112 con_0003.nii -30 33 -18 -0.00697366 0.126598
RRV112 con_0003.nii 46 28 31 0.329582 0.451094
RRV112 con_0003.nii -44 27 33 -0.482172 0.425475
RRV112 con_0003.nii 44 8 34 -0.119572 0.416278
RRV112 con_0003.nii -42 7 36 -0.890224 0.330054
RRV112 con_0003.nii 54 -44 43 1.02857 0.36278
RRV112 con_0003.nii -53 -50 39 -0.079786 0.186598
RRV112 con_0003.nii 32 -59 41 -0.0284748 0.361309
RRV112 con_0003.nii -32 -58 46 0.175797 0.451381
RRV112 con_0003.nii -6 49 1 0.460997 0.283964
RRV112 con_0004.nii 9 3 -6 0.215945 0.434376
RRV112 con_0004.nii -9 3 -6 0.291047 0.270352
RRV112 con_0004.nii -30 33 -18 0.301753 0.282334
RRV112 con_0004.nii 46 28 31 -0.0583092 0.449494
RRV112 con_0004.nii -44 27 33 0.65235 0.531487
RRV112 con_0004.nii 44 8 34 -0.466265 0.245915
RRV112 con_0004.nii -42 7 36 0.406707 0.371159
RRV112 con_0004.nii 54 -44 43 0.0625135 0.342508
RRV112 con_0004.nii -53 -50 39 0.135545 0.147393
RRV112 con_0004.nii 32 -59 41 -0.0515653 0.449992
RRV112 con_0004.nii -32 -58 46 -0.433405 0.31768
RRV112 con_0004.nii -6 49 1 0.0622084 0.444573
RRV112 con_0005.nii 9 3 -6 -0.543587 1.95513
RRV112 con_0005.nii -9 3 -6 -0.409165 0.65164
RRV112 con_0005.nii -30 33 -18 -0.623193 0.473438
RRV112 con_0005.nii 46 28 31 -1.02283 0.366014
RRV112 con_0005.nii -44 27 33 -0.625423 0.39818
RRV112 con_0005.nii 44 8 34 -0.202053 0.380821
RRV112 con_0005.nii -42 7 36 -0.605217 0.423161
RRV112 con_0005.nii 54 -44 43 -0.412089 0.290547
RRV112 con_0005.nii -53 -50 39 0.14225 0.276521
RRV112 con_0005.nii 32 -59 41 -0.319062 0.322383
RRV112 con_0005.nii -32 -58 46 -0.40209 0.15963
RRV112 con_0005.nii -6 49 1 0.487454 0.430455
RRV112 con_0006.nii 9 3 -6 -0.327642 1.73446
RRV112 con_0006.nii -9 3 -6 -0.118118 0.840559
RRV112 con_0006.nii -30 33 -18 -0.32144 0.431043
RRV112 con_0006.nii 46 28 31 -1.08114 0.691563
RRV112 con_0006.nii -44 27 33 0.0269271 0.519896
RRV112 con_0006.nii 44 8 34 -0.668318 0.473232
RRV112 con_0006.nii -42 7 36 -0.19851 0.726225
RRV112 con_0006.nii 54 -44 43 -0.349575 0.390363
RRV112 con_0006.nii -53 -50 39 0.277795 0.31123
RRV112 con_0006.nii 32 -59 41 -0.370627 0.702877
RRV112 con_0006.nii -32 -58 46 -0.835495 0.331844
RRV112 con_0006.nii -6 49 1 0.549663 0.823089
RRV112 con_0007.nii 9 3 -6 0.301134 0.418054
RRV112 con_0007.nii -9 3 -6 0.207161 0.298677
RRV112 con_0007.nii -30 33 -18 0.0943199 0.195209
RRV112 con_0007.nii 46 28 31 0.375659 0.263051
RRV112 con_0007.nii -44 27 33 1.0732 0.436174
RRV112 con_0007.nii 44 8 34 0.427691 0.260607
RRV112 con_0007.nii -42 7 36 0.933917 0.411105
RRV112 con_0007.nii 54 -44 43 1.33557 0.413496
RRV112 con_0007.nii -53 -50 39 1.11828 0.338086
RRV112 con_0007.nii 32 -59 41 0.450936 0.385526
RRV112 con_0007.nii -32 -58 46 0.496708 0.454959
RRV112 con_0007.nii -6 49 1 0.384933 0.352476
RRV112 con_0008.nii 9 3 -6 -0.334601 0.91171
RRV112 con_0008.nii -9 3 -6 -0.000722359 0.298172
RRV112 con_0008.nii -30 33 -18 0.0575921 0.290859
RRV112 con_0008.nii 46 28 31 -0.139701 0.46891
RRV112 con_0008.nii -44 27 33 -0.0431331 0.467389
RRV112 con_0008.nii 44 8 34 -0.38813 0.243402
RRV112 con_0008.nii -42 7 36 -0.427571 0.493308
RRV112 con_0008.nii 54 -44 43 -0.389971 0.446376
RRV112 con_0008.nii -53 -50 39 -0.168752 0.275496
RRV112 con_0008.nii 32 -59 41 -0.516694 0.289499
RRV112 con_0008.nii -32 -58 46 -0.293929 0.226013
RRV112 con_0008.nii -6 49 1 1.18373 0.686356
RRV112 con_0009.nii 9 3 -6 -0.0334661 0.842961
RRV112 con_0009.nii -9 3 -6 0.206439 0.397934
RRV112 con_0009.nii -30 33 -18 0.151912 0.398436
RRV112 con_0009.nii 46 28 31 0.235958 0.699887
RRV112 con_0009.nii -44 27 33 1.03007 0.756825
RRV112 con_0009.nii 44 8 34 0.0395607 0.409592
RRV112 con_0009.nii -42 7 36 0.506345 0.714712
RRV112 con_0009.nii 54 -44 43 0.945599 0.554721
RRV112 con_0009.nii -53 -50 39 0.949525 0.442164
RRV112 con_0009.nii 32 -59 41 -0.0657582 0.568446
RRV112 con_0009.nii -32 -58 46 0.202779 0.43745
RRV112 con_0009.nii -6 49 1 1.56866 1.01438
RRV112 con_0010.nii 9 3 -6 0.367263 0.445674
RRV112 con_0010.nii -9 3 -6 -0.319972 0.16624
RRV112 con_0010.nii -30 33 -18 -0.126934 0.108405
RRV112 con_0010.nii 46 28 31 0.502209 0.124207
RRV112 con_0010.nii -44 27 33 0.736512 0.17762
RRV112 con_0010.nii 44 8 34 0.20204 0.123596
RRV112 con_0010.nii -42 7 36 0.911978 0.250745
RRV112 con_0010.nii 54 -44 43 -0.234778 0.144818
RRV112 con_0010.nii -53 -50 39 -0.105335 0.126892
RRV112 con_0010.nii 32 -59 41 0.0297598 0.29561
RRV112 con_0010.nii -32 -58 46 0.435271 0.30913
RRV112 con_0010.nii -6 49 1 -0.527437 0.224909
RRV112 con_0011.nii 9 3 -6 -0.567659 0.798937
RRV112 con_0011.nii -9 3 -6 -0.139704 0.28239
RRV112 con_0011.nii -30 33 -18 0.0461867 0.187526
RRV112 con_0011.nii 46 28 31 -0.822746 0.273772
RRV112 con_0011.nii -44 27 33 -0.542604 0.245112
RRV112 con_0011.nii 44 8 34 -0.00225287 0.293814
RRV112 con_0011.nii -42 7 36 -0.00354121 0.286063
RRV112 con_0011.nii 54 -44 43 -0.0194253 0.389345
RRV112 con_0011.nii -53 -50 39 -0.122431 0.107847
RRV112 con_0011.nii 32 -59 41 -0.249018 0.13053
RRV112 con_0011.nii -32 -58 46 -0.0416234 0.139995
RRV112 con_0011.nii -6 49 1 -0.245839 0.298582
RRV112 con_0012.nii 9 3 -6 -0.200396 1.17051
RRV112 con_0012.nii -9 3 -6 -0.459676 0.3235
RRV112 con_0012.nii -30 33 -18 -0.0807472 0.203116
RRV112 con_0012.nii 46 28 31 -0.320537 0.258531
RRV112 con_0012.nii -44 27 33 0.193909 0.26826
RRV112 con_0012.nii 44 8 34 0.199787 0.267923
RRV112 con_0012.nii -42 7 36 0.908437 0.40954
RRV112 con_0012.nii 54 -44 43 -0.254203 0.479059
RRV112 con_0012.nii -53 -50 39 -0.227765 0.150892
RRV112 con_0012.nii 32 -59 41 -0.219258 0.284857
RRV112 con_0012.nii -32 -58 46 0.393648 0.352561
RRV112 con_0012.nii -6 49 1 -0.773276 0.309476
RRV112 con_0013.nii 9 3 -6 0.419685 0.297137
RRV112 con_0013.nii -9 3 -6 -0.183162 0.325543
RRV112 con_0013.nii -30 33 -18 -0.247769 0.130163
RRV112 con_0013.nii 46 28 31 0.533284 0.272014
RRV112 con_0013.nii -44 27 33 1.1557 0.350439
RRV112 con_0013.nii 44 8 34 0.60098 0.102075
RRV112 con_0013.nii -42 7 36 0.944216 0.330151
RRV112 con_0013.nii 54 -44 43 -0.0179721 0.252951
RRV112 con_0013.nii -53 -50 39 -0.0277017 0.192805
RRV112 con_0013.nii 32 -59 41 0.158175 0.191077
RRV112 con_0013.nii -32 -58 46 0.445791 0.358224
RRV112 con_0013.nii -6 49 1 -0.31091 0.154724
RRV112 con_0014.nii 9 3 -6 -0.118153 0.773844
RRV112 con_0014.nii -9 3 -6 -0.151327 0.355509
RRV112 con_0014.nii -30 33 -18 -0.304997 0.212764
RRV112 con_0014.nii 46 28 31 -0.237785 0.153914
RRV112 con_0014.nii -44 27 33 -0.180326 0.165819
RRV112 con_0014.nii 44 8 34 -0.245009 0.313512
RRV112 con_0014.nii -42 7 36 -0.262114 0.205269
RRV112 con_0014.nii 54 -44 43 -0.597072 0.236479
RRV112 con_0014.nii -53 -50 39 -0.0322673 0.0846084
RRV112 con_0014.nii 32 -59 41 -0.196384 0.178157
RRV112 con_0014.nii -32 -58 46 -0.0649191 0.087857
RRV112 con_0014.nii -6 49 1 0.790249 0.316691
RRV112 con_0015.nii 9 3 -6 0.301531 0.894356
RRV112 con_0015.nii -9 3 -6 -0.33449 0.496155
RRV112 con_0015.nii -30 33 -18 -0.552766 0.316785
RRV112 con_0015.nii 46 28 31 0.295499 0.386619
RRV112 con_0015.nii -44 27 33 0.975378 0.306259
RRV112 con_0015.nii 44 8 34 0.355971 0.285487
RRV112 con_0015.nii -42 7 36 0.682102 0.44708
RRV112 con_0015.nii 54 -44 43 -0.615044 0.337901
RRV112 con_0015.nii -53 -50 39 -0.0599691 0.209904
RRV112 con_0015.nii 32 -59 41 -0.0382098 0.201155
RRV112 con_0015.nii -32 -58 46 0.380872 0.370406
RRV112 con_0015.nii -6 49 1 0.479339 0.311327
RRV112 con_0016.nii 9 3 -6 0.339541 0.169794
RRV112 con_0016.nii -9 3 -6 0.269724 0.229293
RRV112 con_0016.nii -30 33 -18 0.242861 0.173464
RRV112 con_0016.nii 46 28 31 0.232268 0.241771
RRV112 con_0016.nii -44 27 33 0.603512 0.239541
RRV112 con_0016.nii 44 8 34 0.067238 0.176125
RRV112 con_0016.nii -42 7 36 0.358457 0.231759
RRV112 con_0016.nii 54 -44 43 0.753875 0.281758
RRV112 con_0016.nii -53 -50 39 0.465854 0.128438
RRV112 con_0016.nii 32 -59 41 0.211524 0.253481
RRV112 con_0016.nii -32 -58 46 0.125516 0.163289
RRV112 con_0016.nii -6 49 1 0.0652473 0.210834
RRV112 con_0017.nii 9 3 -6 -0.266103 1.4042
RRV112 con_0017.nii -9 3 -6 -0.126344 0.380275
RRV112 con_0017.nii -30 33 -18 -0.301694 0.287408
RRV112 con_0017.nii 46 28 31 -0.404136 0.348751
RRV112 con_0017.nii -44 27 33 -0.411903 0.31931
RRV112 con_0017.nii 44 8 34 -0.316681 0.266381
RRV112 con_0017.nii -42 7 36 -0.552587 0.308305
RRV112 con_0017.nii 54 -44 43 -0.212344 0.28193
RRV112 con_0017.nii -53 -50 39 -0.0833423 0.159547
RRV112 con_0017.nii 32 -59 41 -0.366477 0.173185
RRV112 con_0017.nii -32 -58 46 -0.277822 0.177203
RRV112 con_0017.nii -6 49 1 0.794526 0.447534
RRV112 con_0018.nii 9 3 -6 0.0734386 1.32672
RRV112 con_0018.nii -9 3 -6 0.143379 0.489644
RRV112 con_0018.nii -30 33 -18 -0.0588337 0.28215
RRV112 con_0018.nii 46 28 31 -0.171867 0.567542
RRV112 con_0018.nii -44 27 33 0.191609 0.47974
RRV112 con_0018.nii 44 8 34 -0.249443 0.346866
RRV112 con_0018.nii -42 7 36 -0.19413 0.481213
RRV112 con_0018.nii 54 -44 43 0.541531 0.298639
RRV112 con_0018.nii -53 -50 39 0.382511 0.211034
RRV112 con_0018.nii 32 -59 41 -0.154953 0.396294
RRV112 con_0018.nii -32 -58 46 -0.152306 0.188077
RRV112 con_0018.nii -6 49 1 0.859773 0.630084
RRV112 con_0019.nii 9 3 -6 0.134281 0.285843
RRV112 con_0019.nii -9 3 -6 0.630934 0.284956
RRV112 con_0019.nii -30 33 -18 0.459443 0.179043
RRV112 con_0019.nii 46 28 31 -0.122754 0.213005
RRV112 con_0019.nii -44 27 33 -0.651529 0.28693
RRV112 con_0019.nii 44 8 34 0.0382481 0.280557
RRV112 con_0019.nii -42 7 36 -1.17723 0.302295
RRV112 con_0019.nii 54 -44 43 1.09832 0.482669
RRV112 con_0019.nii -53 -50 39 0.249074 0.148639
RRV112 con_0019.nii 32 -59 41 0.205441 0.207323
RRV112 con_0019.nii -32 -58 46 -0.122028 0.504402
RRV112 con_0019.nii -6 49 1 0.276038 0.20366
RRV112 con_0020.nii 9 3 -6 0.647539 0.661185
RRV112 con_0020.nii -9 3 -6 0.170559 0.362767
RRV112 con_0020.nii -30 33 -18 -0.385669 0.16219
RRV112 con_0020.nii 46 28 31 0.772873 0.400338
RRV112 con_0020.nii -44 27 33 -0.0245512 0.251262
RRV112 con_0020.nii 44 8 34 -0.357607 0.257081
RRV112 con_0020.nii -42 7 36 -0.62143 0.341829
RRV112 con_0020.nii 54 -44 43 0.184453 0.300246
RRV112 con_0020.nii -53 -50 39 -0.101095 0.117775
RRV112 con_0020.nii 32 -59 41 -0.0146573 0.274328
RRV112 con_0020.nii -32 -58 46 -0.0958233 0.296467
RRV112 con_0020.nii -6 49 1 0.958235 0.473605
RRV112 con_0021.nii 9 3 -6 0.78182 0.539706
RRV112 con_0021.nii -9 3 -6 0.801494 0.333574
RRV112 con_0021.nii -30 33 -18 0.0737735 0.188307
RRV112 con_0021.nii 46 28 31 0.650119 0.502445
RRV112 con_0021.nii -44 27 33 -0.67608 0.390469
RRV112 con_0021.nii 44 8 34 -0.319359 0.461016
RRV112 con_0021.nii -42 7 36 -1.79866 0.553041
RRV112 con_0021.nii 54 -44 43 1.28277 0.672146
RRV112 con_0021.nii -53 -50 39 0.147979 0.194207
RRV112 con_0021.nii 32 -59 41 0.190783 0.293604
RRV112 con_0021.nii -32 -58 46 -0.217851 0.701005
RRV112 con_0021.nii -6 49 1 1.23427 0.487164
RRV112 con_0022.nii 9 3 -6 -0.151318 0.828409
RRV112 con_0022.nii -9 3 -6 0.611019 0.27231
RRV112 con_0022.nii -30 33 -18 0.428687 0.225184
RRV112 con_0022.nii 46 28 31 -0.560518 0.465043
RRV112 con_0022.nii -44 27 33 -0.0841625 0.450818
RRV112 con_0022.nii 44 8 34 -0.668306 0.254475
RRV112 con_0022.nii -42 7 36 -0.505271 0.455043
RRV112 con_0022.nii 54 -44 43 0.297292 0.32936
RRV112 con_0022.nii -53 -50 39 0.24088 0.22471
RRV112 con_0022.nii 32 -59 41 -0.0813251 0.319108
RRV112 con_0022.nii -32 -58 46 -0.868676 0.330369
RRV112 con_0022.nii -6 49 1 0.589646 0.590121
RRV112 con_0023.nii 9 3 -6 0.0240724 1.18614
RRV112 con_0023.nii -9 3 -6 -0.269461 0.471031
RRV112 con_0023.nii -30 33 -18 -0.669379 0.345717
RRV112 con_0023.nii 46 28 31 -0.200086 0.222324
RRV112 con_0023.nii -44 27 33 -0.082819 0.339869
RRV112 con_0023.nii 44 8 34 -0.1998 0.235534
RRV112 con_0023.nii -42 7 36 -0.601675 0.245417
RRV112 con_0023.nii 54 -44 43 -0.392664 0.336086
RRV112 con_0023.nii -53 -50 39 0.264681 0.253007
RRV112 con_0023.nii 32 -59 41 -0.0700437 0.358879
RRV112 con_0023.nii -32 -58 46 -0.360467 0.206844
RRV112 con_0023.nii -6 49 1 0.733293 0.469651
RRV112 con_0024.nii 9 3 -6 -0.127246 0.715503
RRV112 con_0024.nii -9 3 -6 0.341558 0.63987
RRV112 con_0024.nii -30 33 -18 -0.240692 0.298785
RRV112 con_0024.nii 46 28 31 -0.760604 0.610698
RRV112 con_0024.nii -44 27 33 -0.166982 0.591607
RRV112 con_0024.nii 44 8 34 -0.868106 0.362485
RRV112 con_0024.nii -42 7 36 -1.10695 0.643744
RRV112 con_0024.nii 54 -44 43 -0.095372 0.424582
RRV112 con_0024.nii -53 -50 39 0.505561 0.336158
RRV112 con_0024.nii 32 -59 41 -0.151369 0.521639
RRV112 con_0024.nii -32 -58 46 -1.22914 0.357487
RRV112 con_0024.nii -6 49 1 1.32294 1.00989
RRV112 con_0025.nii 9 3 -6 -0.0661285 0.797642
RRV112 con_0025.nii -9 3 -6 0.527133 0.232228
RRV112 con_0025.nii -30 33 -18 0.221254 0.19724
RRV112 con_0025.nii 46 28 31 -0.12655 0.223671
RRV112 con_0025.nii -44 27 33 0.336692 0.403362
RRV112 con_0025.nii 44 8 34 0.225651 0.283755
RRV112 con_0025.nii -42 7 36 0.0219382 0.294142
RRV112 con_0025.nii 54 -44 43 1.57035 0.449035
RRV112 con_0025.nii -53 -50 39 1.22361 0.37365
RRV112 con_0025.nii 32 -59 41 0.421176 0.5285
RRV112 con_0025.nii -32 -58 46 0.0614373 0.333279
RRV112 con_0025.nii -6 49 1 0.91237 0.495698
RRV112 con_0026.nii 9 3 -6 0.233059 0.268755
RRV112 con_0026.nii -9 3 -6 0.138982 0.252584
RRV112 con_0026.nii -30 33 -18 0.0114054 0.208718
RRV112 con_0026.nii 46 28 31 0.683045 0.397434
RRV112 con_0026.nii -44 27 33 0.49947 0.478444
RRV112 con_0026.nii 44 8 34 -0.385877 0.307295
RRV112 con_0026.nii -42 7 36 -0.42403 0.33968
RRV112 con_0026.nii 54 -44 43 -0.370546 0.280001
RRV112 con_0026.nii -53 -50 39 -0.0463208 0.279597
RRV112 con_0026.nii 32 -59 41 -0.267676 0.247808
RRV112 con_0026.nii -32 -58 46 -0.252306 0.260462
RRV112 con_0026.nii -6 49 1 1.42957 0.741164
RRV112 con_0027.nii 9 3 -6 0.16693 0.765434
RRV112 con_0027.nii -9 3 -6 0.666115 0.317471
RRV112 con_0027.nii -30 33 -18 0.232659 0.278844
RRV112 con_0027.nii 46 28 31 0.556495 0.576054
RRV112 con_0027.nii -44 27 33 0.836163 0.654606
RRV112 con_0027.nii 44 8 34 -0.160227 0.468323
RRV112 con_0027.nii -42 7 36 -0.402092 0.471719
RRV112 con_0027.nii 54 -44 43 1.1998 0.435368
RRV112 con_0027.nii -53 -50 39 1.17729 0.465049
RRV112 con_0027.nii 32 -59 41 0.1535 0.556524
RRV112 con_0027.nii -32 -58 46 -0.190869 0.428856
RRV112 con_0027.nii -6 49 1 2.34194 1.18597
RRV112 con_0028.nii 9 3 -6 -0.0277218 0.547408
RRV112 con_0028.nii -9 3 -6 0.589696 0.159336
RRV112 con_0028.nii -30 33 -18 0.369795 0.13527
RRV112 con_0028.nii 46 28 31 -0.269941 0.24586
RRV112 con_0028.nii -44 27 33 -0.133 0.189166
RRV112 con_0028.nii 44 8 34 -0.134802 0.199596
RRV112 con_0028.nii -42 7 36 -0.553521 0.260215
RRV112 con_0028.nii 54 -44 43 0.988653 0.334798
RRV112 con_0028.nii -53 -50 39 0.571188 0.193172
RRV112 con_0028.nii 32 -59 41 0.181764 0.258707
RRV112 con_0028.nii -32 -58 46 -0.309755 0.245699
RRV112 con_0028.nii -6 49 1 0.592685 0.361829
RRV112 con_0029.nii 9 3 -6 0.301557 0.630596
RRV112 con_0029.nii -9 3 -6 0.0133603 0.260894
RRV112 con_0029.nii -30 33 -18 -0.347881 0.171983
RRV112 con_0029.nii 46 28 31 0.418611 0.301697
RRV112 con_0029.nii -44 27 33 0.1307 0.286689
RRV112 con_0029.nii 44 8 34 -0.314428 0.185451
RRV112 con_0029.nii -42 7 36 -0.549045 0.179897
RRV112 con_0029.nii 54 -44 43 -0.192919 0.256127
RRV112 con_0029.nii -53 -50 39 0.0390884 0.147493
RRV112 con_0029.nii 32 -59 41 -0.117459 0.185547
RRV112 con_0029.nii -32 -58 46 -0.236199 0.227288
RRV112 con_0029.nii -6 49 1 1.04036 0.518921
RRV112 con_0030.nii 9 3 -6 0.273835 0.294614
RRV112 con_0030.nii -9 3 -6 0.603056 0.278649
RRV112 con_0030.nii -30 33 -18 0.0219134 0.164047
RRV112 con_0030.nii 46 28 31 0.14867 0.500655
RRV112 con_0030.nii -44 27 33 -0.00229973 0.446214
RRV112 con_0030.nii 44 8 34 -0.449231 0.346027
RRV112 con_0030.nii -42 7 36 -1.10257 0.40428
RRV112 con_0030.nii 54 -44 43 0.795734 0.407204
RRV112 con_0030.nii -53 -50 39 0.610277 0.240418
RRV112 con_0030.nii 32 -59 41 0.0643048 0.252631
RRV112 con_0030.nii -32 -58 46 -0.545954 0.366976
RRV112 con_0030.nii -6 49 1 1.63305 0.830193
