RRV123 con_0001.nii 9 3 -6 0.231071 0.379005
RRV123 con_0001.nii -9 3 -6 0.574389 0.319164
RRV123 con_0001.nii -30 33 -18 -0.138157 0.242015
RRV123 con_0001.nii 46 28 31 0.470594 0.234652
RRV123 con_0001.nii -44 27 33 0.00922044 0.201403
RRV123 con_0001.nii 44 8 34 0.805599 0.239466
RRV123 con_0001.nii -42 7 36 1.72218 0.759426
RRV123 con_0001.nii 54 -44 43 -0.717951 0.637649
RRV123 con_0001.nii -53 -50 39 0.0151183 0.226163
RRV123 con_0001.nii 32 -59 41 0.956564 0.711445
RRV123 con_0001.nii -32 -58 46 0.669875 0.758986
RRV123 con_0001.nii -6 49 1 -1.78988 0.356324
RRV123 con_0002.nii 9 3 -6 0.19087 0.214799
RRV123 con_0002.nii -9 3 -6 0.210287 0.311164
RRV123 con_0002.nii -30 33 -18 -0.0636928 0.399133
RRV123 con_0002.nii 46 28 31 0.314815 0.119532
RRV123 con_0002.nii -44 27 33 1.17243 0.395646
RRV123 con_0002.nii 44 8 34 1.06261 0.27097
RRV123 con_0002.nii -42 7 36 0.918438 0.64862
RRV123 con_0002.nii 54 -44 43 0.0297656 0.407022
RRV123 con_0002.nii -53 -50 39 0.658419 0.281144
RRV123 con_0002.nii 32 -59 41 1.63316 0.666334
RRV123 con_0002.nii -32 -58 46 1.36302 1.01776
RRV123 con_0002.nii -6 49 1 0.275847 0.418293
RRV123 con_0003.nii 9 3 -6 0.421942 0.469353
RRV123 con_0003.nii -9 3 -6 0.784677 0.492267
RRV123 con_0003.nii -30 33 -18 -0.201849 0.446233
RRV123 con_0003.nii 46 28 31 0.785408 0.32784
RRV123 con_0003.nii -44 27 33 1.18165 0.448051
RRV123 con_0003.nii 44 8 34 1.86821 0.429668
RRV123 con_0003.nii -42 7 36 2.64062 1.10657
RRV123 con_0003.nii 54 -44 43 -0.688185 0.958947
RRV123 con_0003.nii -53 -50 39 0.673537 0.430767
RRV123 con_0003.nii 32 -59 41 2.58972 1.36105
RRV123 con_0003.nii -32 -58 46 2.03289 1.76149
RRV123 con_0003.nii -6 49 1 -1.51403 0.726137
RRV123 con_0004.nii 9 3 -6 -0.0878862 0.3972
RRV123 con_0004.nii -9 3 -6 0.61418 0.226352
RRV123 con_0004.nii -30 33 -18 0.442878 0.170426
RRV123 con_0004.nii 46 28 31 0.652097 0.203155
RRV123 con_0004.nii -44 27 33 0.664908 0.280149
RRV123 con_0004.nii 44 8 34 1.42621 0.272061
RRV123 con_0004.nii -42 7 36 2.06718 0.792205
RRV123 con_0004.nii 54 -44 43 -0.425411 0.610371
RRV123 con_0004.nii -53 -50 39 0.16581 0.189344
RRV123 con_0004.nii 32 -59 41 1.73772 0.777892
RRV123 con_0004.nii -32 -58 46 1.08259 0.765108
RRV123 con_0004.nii -6 49 1 -1.34846 0.268661
RRV123 con_0005.nii 9 3 -6 0.229761 0.23361
RRV123 con_0005.nii -9 3 -6 -0.172553 0.307497
RRV123 con_0005.nii -30 33 -18 0.682085 0.381923
RRV123 con_0005.nii 46 28 31 0.425544 0.516559
RRV123 con_0005.nii -44 27 33 0.424081 0.563922
RRV123 con_0005.nii 44 8 34 1.51286 0.423717
RRV123 con_0005.nii -42 7 36 0.777141 0.498939
RRV123 con_0005.nii 54 -44 43 -1.57369 0.619499
RRV123 con_0005.nii -53 -50 39 -0.0412218 0.412995
RRV123 con_0005.nii 32 -59 41 1.97042 0.978994
RRV123 con_0005.nii -32 -58 46 1.47039 0.799653
RRV123 con_0005.nii -6 49 1 -0.583175 0.3725
RRV123 con_0006.nii 9 3 -6 0.141875 0.41056
RRV123 con_0006.nii -9 3 -6 0.441627 0.435102
RRV123 con_0006.nii -30 33 -18 1.12496 0.384088
RRV123 con_0006.nii 46 28 31 1.07764 0.635196
RRV123 con_0006.nii -44 27 33 1.08899 0.639348
RRV123 con_0006.nii 44 8 34 2.93908 0.64578
RRV123 con_0006.nii -42 7 36 2.84432 1.06645
RRV123 con_0006.nii 54 -44 43 -1.9991 1.10995
RRV123 con_0006.nii -53 -50 39 0.124589 0.513054
RRV123 con_0006.nii 32 -59 41 3.70814 1.70597
RRV123 con_0006.nii -32 -58 46 2.55297 1.55478
RRV123 con_0006.nii -6 49 1 -1.93163 0.597475
RRV123 con_0007.nii 9 3 -6 0.367279 0.396973
RRV123 con_0007.nii -9 3 -6 0.273484 0.352976
RRV123 con_0007.nii -30 33 -18 -0.0189601 0.249531
RRV123 con_0007.nii 46 28 31 0.746967 0.293965
RRV123 con_0007.nii -44 27 33 0.985228 0.207799
RRV123 con_0007.nii 44 8 34 1.33177 0.427026
RRV123 con_0007.nii -42 7 36 2.50847 1.11051
RRV123 con_0007.nii 54 -44 43 -0.892106 0.838295
RRV123 con_0007.nii -53 -50 39 0.410111 0.254066
RRV123 con_0007.nii 32 -59 41 1.57708 1.04064
RRV123 con_0007.nii -32 -58 46 1.17425 1.05538
RRV123 con_0007.nii -6 49 1 -1.13851 0.543601
RRV123 con_0008.nii 9 3 -6 -0.121062 0.220938
RRV123 con_0008.nii -9 3 -6 -0.128791 0.439583
RRV123 con_0008.nii -30 33 -18 0.0183531 0.313032
RRV123 con_0008.nii 46 28 31 0.297422 0.261552
RRV123 con_0008.nii -44 27 33 0.409608 0.264808
RRV123 con_0008.nii 44 8 34 1.04563 0.4539
RRV123 con_0008.nii -42 7 36 0.827678 0.575275
RRV123 con_0008.nii 54 -44 43 -0.311446 0.430267
RRV123 con_0008.nii -53 -50 39 0.0470515 0.371308
RRV123 con_0008.nii 32 -59 41 1.28644 0.999638
RRV123 con_0008.nii -32 -58 46 0.451784 0.926875
RRV123 con_0008.nii -6 49 1 -0.654698 0.484563
RRV123 con_0009.nii 9 3 -6 0.246217 0.458455
RRV123 con_0009.nii -9 3 -6 0.144692 0.705035
RRV123 con_0009.nii -30 33 -18 -0.000606948 0.428048
RRV123 con_0009.nii 46 28 31 1.04439 0.505699
RRV123 con_0009.nii -44 27 33 1.39484 0.329975
RRV123 con_0009.nii 44 8 34 2.3774 0.860519
RRV123 con_0009.nii -42 7 36 3.33614 1.59367
RRV123 con_0009.nii 54 -44 43 -1.20355 1.20212
RRV123 con_0009.nii -53 -50 39 0.457162 0.557371
RRV123 con_0009.nii 32 -59 41 2.86352 2.02291
RRV123 con_0009.nii -32 -58 46 1.62604 1.97615
RRV123 con_0009.nii -6 49 1 -1.79321 1.00783
RRV123 con_0010.nii 9 3 -6 0.328969 0.122007
RRV123 con_0010.nii -9 3 -6 0.0746527 0.147678
RRV123 con_0010.nii -30 33 -18 0.232002 0.166107
RRV123 con_0010.nii 46 28 31 0.470355 0.211678
RRV123 con_0010.nii -44 27 33 0.578385 0.144108
RRV123 con_0010.nii 44 8 34 0.824319 0.232319
RRV123 con_0010.nii -42 7 36 2.02695 0.803369
RRV123 con_0010.nii 54 -44 43 -0.445901 0.566728
RRV123 con_0010.nii -53 -50 39 0.544456 0.192802
RRV123 con_0010.nii 32 -59 41 0.84153 0.614162
RRV123 con_0010.nii -32 -58 46 0.715185 0.806792
RRV123 con_0010.nii -6 49 1 -0.908722 0.318478
RRV123 con_0011.nii 9 3 -6 0.00599909 0.147185
RRV123 con_0011.nii -9 3 -6 -0.208951 0.14432
RRV123 con_0011.nii -30 33 -18 0.188428 0.154314
RRV123 con_0011.nii 46 28 31 0.299396 0.364664
RRV123 con_0011.nii -44 27 33 0.403697 0.335574
RRV123 con_0011.nii 44 8 34 0.910265 0.270558
RRV123 con_0011.nii -42 7 36 0.574226 0.348442
RRV123 con_0011.nii 54 -44 43 -0.408352 0.351697
RRV123 con_0011.nii -53 -50 39 0.0237831 0.28234
RRV123 con_0011.nii 32 -59 41 1.34143 0.779193
RRV123 con_0011.nii -32 -58 46 0.90163 0.754501
RRV123 con_0011.nii -6 49 1 -0.508356 0.30152
RRV123 con_0012.nii 9 3 -6 0.334968 0.166113
RRV123 con_0012.nii -9 3 -6 -0.134298 0.223023
RRV123 con_0012.nii -30 33 -18 0.42043 0.271058
RRV123 con_0012.nii 46 28 31 0.769751 0.531676
RRV123 con_0012.nii -44 27 33 0.982082 0.342467
RRV123 con_0012.nii 44 8 34 1.73458 0.391584
RRV123 con_0012.nii -42 7 36 2.60118 0.978478
RRV123 con_0012.nii 54 -44 43 -0.854253 0.853534
RRV123 con_0012.nii -53 -50 39 0.568239 0.432782
RRV123 con_0012.nii 32 -59 41 2.18296 1.3331
RRV123 con_0012.nii -32 -58 46 1.61682 1.55547
RRV123 con_0012.nii -6 49 1 -1.41708 0.596321
RRV123 con_0013.nii 9 3 -6 -0.00742581 0.161878
RRV123 con_0013.nii -9 3 -6 0.296742 0.201549
RRV123 con_0013.nii -30 33 -18 0.12928 0.296592
RRV123 con_0013.nii 46 28 31 0.641491 0.381515
RRV123 con_0013.nii -44 27 33 0.297329 0.195662
RRV123 con_0013.nii 44 8 34 1.03567 0.25988
RRV123 con_0013.nii -42 7 36 1.55905 0.682077
RRV123 con_0013.nii 54 -44 43 -0.77596 0.626892
RRV123 con_0013.nii -53 -50 39 0.254111 0.194163
RRV123 con_0013.nii 32 -59 41 0.745118 0.705911
RRV123 con_0013.nii -32 -58 46 0.672403 0.910798
RRV123 con_0013.nii -6 49 1 -1.09403 0.381118
RRV123 con_0014.nii 9 3 -6 0.0724854 0.2084
RRV123 con_0014.nii -9 3 -6 -0.322371 0.14954
RRV123 con_0014.nii -30 33 -18 0.177898 0.226457
RRV123 con_0014.nii 46 28 31 0.284953 0.466008
RRV123 con_0014.nii -44 27 33 0.624242 0.31161
RRV123 con_0014.nii 44 8 34 0.799241 0.290047
RRV123 con_0014.nii -42 7 36 0.422694 0.336803
RRV123 con_0014.nii 54 -44 43 -1.18963 0.472033
RRV123 con_0014.nii -53 -50 39 0.0204205 0.246013
RRV123 con_0014.nii 32 -59 41 1.11456 0.83683
RRV123 con_0014.nii -32 -58 46 0.585808 0.990438
RRV123 con_0014.nii -6 49 1 -0.4126 0.434673
RRV123 con_0015.nii 9 3 -6 0.0650596 0.311047
RRV123 con_0015.nii -9 3 -6 -0.0256283 0.281116
RRV123 con_0015.nii -30 33 -18 0.307178 0.495084
RRV123 con_0015.nii 46 28 31 0.926444 0.810483
RRV123 con_0015.nii -44 27 33 0.921571 0.41641
RRV123 con_0015.nii 44 8 34 1.83491 0.50886
RRV123 con_0015.nii -42 7 36 1.98174 0.91325
RRV123 con_0015.nii 54 -44 43 -1.96559 1.04051
RRV123 con_0015.nii -53 -50 39 0.274531 0.410419
RRV123 con_0015.nii 32 -59 41 1.85968 1.51354
RRV123 con_0015.nii -32 -58 46 1.25821 1.89824
RRV123 con_0015.nii -6 49 1 -1.50663 0.79485
RRV123 con_0016.nii 9 3 -6 0.170155 0.349091
RRV123 con_0016.nii -9 3 -6 0.487351 0.264268
RRV123 con_0016.nii -30 33 -18 0.0952538 0.140129
RRV123 con_0016.nii 46 28 31 0.623219 0.227031
RRV123 con_0016.nii -44 27 33 0.553119 0.20469
RRV123 con_0016.nii 44 8 34 1.18786 0.277854
RRV123 con_0016.nii -42 7 36 2.09928 0.876494
RRV123 con_0016.nii 54 -44 43 -0.678489 0.688093
RRV123 con_0016.nii -53 -50 39 0.197013 0.199093
RRV123 con_0016.nii 32 -59 41 1.42379 0.832107
RRV123 con_0016.nii -32 -58 46 0.975572 0.854596
RRV123 con_0016.nii -6 49 1 -1.42561 0.358031
RRV123 con_0017.nii 9 3 -6 0.0998565 0.142883
RRV123 con_0017.nii -9 3 -6 -0.0303523 0.225892
RRV123 con_0017.nii -30 33 -18 0.212248 0.212789
RRV123 con_0017.nii 46 28 31 0.345927 0.274897
RRV123 con_0017.nii -44 27 33 0.668706 0.246026
RRV123 con_0017.nii 44 8 34 1.20703 0.352115
RRV123 con_0017.nii -42 7 36 0.841086 0.544593
RRV123 con_0017.nii 54 -44 43 -0.618456 0.40864
RRV123 con_0017.nii -53 -50 39 0.221416 0.25908
RRV123 con_0017.nii 32 -59 41 1.63001 0.861467
RRV123 con_0017.nii -32 -58 46 1.09506 0.909225
RRV123 con_0017.nii -6 49 1 -0.320676 0.372217
RRV123 con_0018.nii 9 3 -6 0.270011 0.365042
RRV123 con_0018.nii -9 3 -6 0.456999 0.43028
RRV123 con_0018.nii -30 33 -18 0.307502 0.297029
RRV123 con_0018.nii 46 28 31 0.969146 0.464302
RRV123 con_0018.nii -44 27 33 1.22182 0.322441
RRV123 con_0018.nii 44 8 34 2.3949 0.607984
RRV123 con_0018.nii -42 7 36 2.94036 1.23346
RRV123 con_0018.nii 54 -44 43 -1.29694 1.0488
RRV123 con_0018.nii -53 -50 39 0.418429 0.422892
RRV123 con_0018.nii 32 -59 41 3.0538 1.6748
RRV123 con_0018.nii -32 -58 46 2.07063 1.75731
RRV123 con_0018.nii -6 49 1 -1.74629 0.716892
RRV123 con_0019.nii 9 3 -6 -0.0978974 0.392113
RRV123 con_0019.nii -9 3 -6 0.499737 0.323245
RRV123 con_0019.nii -30 33 -18 -0.370159 0.185485
RRV123 con_0019.nii 46 28 31 0.000238219 0.191947
RRV123 con_0019.nii -44 27 33 -0.569165 0.153325
RRV123 con_0019.nii 44 8 34 -0.0187203 0.269629
RRV123 con_0019.nii -42 7 36 -0.304771 0.190721
RRV123 con_0019.nii 54 -44 43 -0.27205 0.118865
RRV123 con_0019.nii -53 -50 39 -0.529337 0.14242
RRV123 con_0019.nii 32 -59 41 0.115034 0.328753
RRV123 con_0019.nii -32 -58 46 -0.04531 0.181403
RRV123 con_0019.nii -6 49 1 -0.881158 0.209885
RRV123 con_0020.nii 9 3 -6 0.184871 0.229424
RRV123 con_0020.nii -9 3 -6 0.419238 0.318517
RRV123 con_0020.nii -30 33 -18 -0.252121 0.329989
RRV123 con_0020.nii 46 28 31 0.0154192 0.300379
RRV123 con_0020.nii -44 27 33 0.768732 0.533961
RRV123 con_0020.nii 44 8 34 0.152346 0.198103
RRV123 con_0020.nii -42 7 36 0.344213 0.379353
RRV123 con_0020.nii 54 -44 43 0.438118 0.155129
RRV123 con_0020.nii -53 -50 39 0.634636 0.38228
RRV123 con_0020.nii 32 -59 41 0.291728 0.159161
RRV123 con_0020.nii -32 -58 46 0.461385 0.315999
RRV123 con_0020.nii -6 49 1 0.784202 0.341071
RRV123 con_0021.nii 9 3 -6 0.0869739 0.48097
RRV123 con_0021.nii -9 3 -6 0.918975 0.404369
RRV123 con_0021.nii -30 33 -18 -0.62228 0.377219
RRV123 con_0021.nii 46 28 31 0.0156575 0.362019
RRV123 con_0021.nii -44 27 33 0.199567 0.559007
RRV123 con_0021.nii 44 8 34 0.133626 0.229559
RRV123 con_0021.nii -42 7 36 0.0394417 0.365685
RRV123 con_0021.nii 54 -44 43 0.166068 0.24014
RRV123 con_0021.nii -53 -50 39 0.105298 0.394273
RRV123 con_0021.nii 32 -59 41 0.406761 0.298246
RRV123 con_0021.nii -32 -58 46 0.416075 0.345746
RRV123 con_0021.nii -6 49 1 -0.0969559 0.460243
RRV123 con_0022.nii 9 3 -6 -0.416855 0.379458
RRV123 con_0022.nii -9 3 -6 0.539527 0.240579
RRV123 con_0022.nii -30 33 -18 0.210876 0.144499
RRV123 con_0022.nii 46 28 31 0.181741 0.15313
RRV123 con_0022.nii -44 27 33 0.0865228 0.177889
RRV123 con_0022.nii 44 8 34 0.601895 0.199461
RRV123 con_0022.nii -42 7 36 0.0402327 0.345145
RRV123 con_0022.nii 54 -44 43 0.0204902 0.113126
RRV123 con_0022.nii -53 -50 39 -0.378645 0.209751
RRV123 con_0022.nii 32 -59 41 0.896191 0.404792
RRV123 con_0022.nii -32 -58 46 0.367401 0.246926
RRV123 con_0022.nii -6 49 1 -0.439735 0.324921
RRV123 con_0023.nii 9 3 -6 0.223762 0.232786
RRV123 con_0023.nii -9 3 -6 0.0363982 0.229944
RRV123 con_0023.nii -30 33 -18 0.493656 0.293495
RRV123 con_0023.nii 46 28 31 0.126149 0.193667
RRV123 con_0023.nii -44 27 33 0.0203842 0.268101
RRV123 con_0023.nii 44 8 34 0.602599 0.316083
RRV123 con_0023.nii -42 7 36 0.202915 0.231774
RRV123 con_0023.nii 54 -44 43 -1.16533 0.479573
RRV123 con_0023.nii -53 -50 39 -0.0650049 0.157973
RRV123 con_0023.nii 32 -59 41 0.628986 0.264084
RRV123 con_0023.nii -32 -58 46 0.568755 0.177711
RRV123 con_0023.nii -6 49 1 -0.0748192 0.14644
RRV123 con_0024.nii 9 3 -6 -0.193093 0.369861
RRV123 con_0024.nii -9 3 -6 0.575925 0.330425
RRV123 con_0024.nii -30 33 -18 0.704532 0.344549
RRV123 con_0024.nii 46 28 31 0.30789 0.154394
RRV123 con_0024.nii -44 27 33 0.106907 0.361226
RRV123 con_0024.nii 44 8 34 1.20449 0.378622
RRV123 con_0024.nii -42 7 36 0.243148 0.42344
RRV123 con_0024.nii 54 -44 43 -1.14484 0.516481
RRV123 con_0024.nii -53 -50 39 -0.44365 0.257213
RRV123 con_0024.nii 32 -59 41 1.52518 0.603556
RRV123 con_0024.nii -32 -58 46 0.936156 0.355568
RRV123 con_0024.nii -6 49 1 -0.514554 0.380402
RRV123 con_0025.nii 9 3 -6 0.0383106 0.390942
RRV123 con_0025.nii -9 3 -6 0.198831 0.366941
RRV123 con_0025.nii -30 33 -18 -0.250962 0.239011
RRV123 con_0025.nii 46 28 31 0.276612 0.135256
RRV123 con_0025.nii -44 27 33 0.406843 0.11469
RRV123 con_0025.nii 44 8 34 0.507452 0.366048
RRV123 con_0025.nii -42 7 36 0.481517 0.432991
RRV123 con_0025.nii 54 -44 43 -0.446206 0.355751
RRV123 con_0025.nii -53 -50 39 -0.134345 0.1818
RRV123 con_0025.nii 32 -59 41 0.73555 0.492977
RRV123 con_0025.nii -32 -58 46 0.45907 0.290401
RRV123 con_0025.nii -6 49 1 -0.229785 0.275904
RRV123 con_0026.nii 9 3 -6 -0.127061 0.194276
RRV123 con_0026.nii -9 3 -6 0.0801599 0.476346
RRV123 con_0026.nii -30 33 -18 -0.170075 0.333162
RRV123 con_0026.nii 46 28 31 -0.00197332 0.202985
RRV123 con_0026.nii -44 27 33 0.00591138 0.24211
RRV123 con_0026.nii 44 8 34 0.135363 0.397714
RRV123 con_0026.nii -42 7 36 0.253452 0.34488
RRV123 con_0026.nii 54 -44 43 0.0969058 0.142176
RRV123 con_0026.nii -53 -50 39 0.0232684 0.208779
RRV123 con_0026.nii 32 -59 41 -0.0549931 0.360229
RRV123 con_0026.nii -32 -58 46 -0.449847 0.21618
RRV123 con_0026.nii -6 49 1 -0.146342 0.244441
RRV123 con_0027.nii 9 3 -6 -0.0887507 0.446465
RRV123 con_0027.nii -9 3 -6 0.278991 0.776812
RRV123 con_0027.nii -30 33 -18 -0.421037 0.296514
RRV123 con_0027.nii 46 28 31 0.274639 0.206525
RRV123 con_0027.nii -44 27 33 0.412754 0.299874
RRV123 con_0027.nii 44 8 34 0.642815 0.671738
RRV123 con_0027.nii -42 7 36 0.73497 0.735964
RRV123 con_0027.nii 54 -44 43 -0.3493 0.419474
RRV123 con_0027.nii -53 -50 39 -0.111077 0.309041
RRV123 con_0027.nii 32 -59 41 0.680557 0.709809
RRV123 con_0027.nii -32 -58 46 0.00922253 0.473943
RRV123 con_0027.nii -6 49 1 -0.376128 0.431633
RRV123 con_0028.nii 9 3 -6 -0.158814 0.345046
RRV123 con_0028.nii -9 3 -6 0.412698 0.276183
RRV123 con_0028.nii -30 33 -18 -0.136748 0.0845329
RRV123 con_0028.nii 46 28 31 0.152864 0.129701
RRV123 con_0028.nii -44 27 33 -0.0252664 0.102913
RRV123 con_0028.nii 44 8 34 0.363542 0.234074
RRV123 con_0028.nii -42 7 36 0.0723263 0.264671
RRV123 con_0028.nii 54 -44 43 -0.232588 0.175131
RRV123 con_0028.nii -53 -50 39 -0.347443 0.146848
RRV123 con_0028.nii 32 -59 41 0.582258 0.364221
RRV123 con_0028.nii -32 -58 46 0.260387 0.176944
RRV123 con_0028.nii -6 49 1 -0.516893 0.196349
RRV123 con_0029.nii 9 3 -6 0.0938574 0.136978
RRV123 con_0029.nii -9 3 -6 0.178599 0.223386
RRV123 con_0029.nii -30 33 -18 0.0238201 0.113585
RRV123 con_0029.nii 46 28 31 0.0465316 0.123978
RRV123 con_0029.nii -44 27 33 0.265009 0.132324
RRV123 con_0029.nii 44 8 34 0.296769 0.264763
RRV123 con_0029.nii -42 7 36 0.26686 0.261868
RRV123 con_0029.nii 54 -44 43 -0.210103 0.116411
RRV123 con_0029.nii -53 -50 39 0.197633 0.0975913
RRV123 con_0029.nii 32 -59 41 0.288574 0.128465
RRV123 con_0029.nii -32 -58 46 0.193431 0.203195
RRV123 con_0029.nii -6 49 1 0.18768 0.146782
RRV123 con_0030.nii 9 3 -6 -0.0649565 0.35033
RRV123 con_0030.nii -9 3 -6 0.591297 0.409406
RRV123 con_0030.nii -30 33 -18 -0.112928 0.167069
RRV123 con_0030.nii 46 28 31 0.199395 0.160822
RRV123 con_0030.nii -44 27 33 0.239743 0.205267
RRV123 con_0030.nii 44 8 34 0.660311 0.371519
RRV123 con_0030.nii -42 7 36 0.339186 0.41528
RRV123 con_0030.nii 54 -44 43 -0.442692 0.260528
RRV123 con_0030.nii -53 -50 39 -0.14981 0.177185
RRV123 con_0030.nii 32 -59 41 0.870832 0.415097
RRV123 con_0030.nii -32 -58 46 0.453818 0.321299
RRV123 con_0030.nii -6 49 1 -0.329213 0.2481
RRV123 con_0031.nii 9 3 -6 -0.336395 0.17486
RRV123 con_0031.nii -9 3 -6 0.22209 0.232096
RRV123 con_0031.nii -30 33 -18 -0.102722 0.182012
RRV123 con_0031.nii 46 28 31 0.171136 0.216339
RRV123 con_0031.nii -44 27 33 -0.281056 0.180362
RRV123 con_0031.nii 44 8 34 0.211354 0.136909
RRV123 con_0031.nii -42 7 36 -0.467899 0.212307
RRV123 con_0031.nii 54 -44 43 -0.330059 0.121613
RRV123 con_0031.nii -53 -50 39 -0.290345 0.144666
RRV123 con_0031.nii 32 -59 41 -0.0964118 0.284216
RRV123 con_0031.nii -32 -58 46 -0.042782 0.166907
RRV123 con_0031.nii -6 49 1 -0.185309 0.118146
RRV123 con_0032.nii 9 3 -6 0.0664863 0.200513
RRV123 con_0032.nii -9 3 -6 -0.11342 0.0932692
RRV123 con_0032.nii -30 33 -18 -0.0105301 0.142542
RRV123 con_0032.nii 46 28 31 -0.014443 0.115746
RRV123 con_0032.nii -44 27 33 0.220546 0.114821
RRV123 con_0032.nii 44 8 34 -0.111024 0.0933433
RRV123 con_0032.nii -42 7 36 -0.151531 0.140054
RRV123 con_0032.nii 54 -44 43 -0.781277 0.252797
RRV123 con_0032.nii -53 -50 39 -0.00336257 0.0963741
RRV123 con_0032.nii 32 -59 41 -0.226871 0.144479
RRV123 con_0032.nii -32 -58 46 -0.315822 0.266974
RRV123 con_0032.nii -6 49 1 0.0957562 0.198716
RRV123 con_0033.nii 9 3 -6 -0.269908 0.303823
RRV123 con_0033.nii -9 3 -6 0.10867 0.264333
RRV123 con_0033.nii -30 33 -18 -0.113253 0.316831
RRV123 con_0033.nii 46 28 31 0.156693 0.29453
RRV123 con_0033.nii -44 27 33 -0.0605107 0.230805
RRV123 con_0033.nii 44 8 34 0.10033 0.176589
RRV123 con_0033.nii -42 7 36 -0.61943 0.173312
RRV123 con_0033.nii 54 -44 43 -1.11134 0.346504
RRV123 con_0033.nii -53 -50 39 -0.293708 0.109103
RRV123 con_0033.nii 32 -59 41 -0.323283 0.408799
RRV123 con_0033.nii -32 -58 46 -0.358604 0.389322
RRV123 con_0033.nii -6 49 1 -0.0895526 0.233388
