RRV155 con_0001.nii 9 3 -6 0.226758 0.552702
RRV155 con_0001.nii -9 3 -6 0.3288 0.50559
RRV155 con_0001.nii -30 33 -18 -0.412112 0.255147
RRV155 con_0001.nii 46 28 31 0.785463 0.547532
RRV155 con_0001.nii -44 27 33 0.81503 0.333743
RRV155 con_0001.nii 44 8 34 1.58878 0.623291
RRV155 con_0001.nii -42 7 36 0.932729 0.446822
RRV155 con_0001.nii 54 -44 43 1.087 0.338333
RRV155 con_0001.nii -53 -50 39 0.229498 0.442396
RRV155 con_0001.nii 32 -59 41 1.84524 0.899878
RRV155 con_0001.nii -32 -58 46 1.45095 0.534438
RRV155 con_0001.nii -6 49 1 0.742726 0.542141
RRV155 con_0002.nii 9 3 -6 -0.232407 0.470253
RRV155 con_0002.nii -9 3 -6 -0.379465 0.309975
RRV155 con_0002.nii -30 33 -18 -0.800363 0.334017
RRV155 con_0002.nii 46 28 31 0.954502 0.676069
RRV155 con_0002.nii -44 27 33 0.350566 0.270175
RRV155 con_0002.nii 44 8 34 1.88321 0.554331
RRV155 con_0002.nii -42 7 36 1.02287 0.292402
RRV155 con_0002.nii 54 -44 43 0.652194 0.241161
RRV155 con_0002.nii -53 -50 39 -0.58848 0.502173
RRV155 con_0002.nii 32 -59 41 1.75309 0.822904
RRV155 con_0002.nii -32 -58 46 0.965612 0.402454
RRV155 con_0002.nii -6 49 1 -0.651629 0.465346
RRV155 con_0003.nii 9 3 -6 -0.00564934 0.913505
RRV155 con_0003.nii -9 3 -6 -0.0506654 0.731286
RRV155 con_0003.nii -30 33 -18 -1.21248 0.517581
RRV155 con_0003.nii 46 28 31 1.73997 1.2118
RRV155 con_0003.nii -44 27 33 1.1656 0.543798
RRV155 con_0003.nii 44 8 34 3.472 1.16864
RRV155 con_0003.nii -42 7 36 1.95559 0.697313
RRV155 con_0003.nii 54 -44 43 1.7392 0.451007
RRV155 con_0003.nii -53 -50 39 -0.358982 0.899707
RRV155 con_0003.nii 32 -59 41 3.59833 1.70621
RRV155 con_0003.nii -32 -58 46 2.41656 0.918342
RRV155 con_0003.nii -6 49 1 0.091097 0.921926
RRV155 con_0004.nii 9 3 -6 -0.12694 0.651363
RRV155 con_0004.nii -9 3 -6 0.0384162 0.613908
RRV155 con_0004.nii -30 33 -18 0.208787 0.280062
RRV155 con_0004.nii 46 28 31 1.18608 0.563174
RRV155 con_0004.nii -44 27 33 0.926113 0.234973
RRV155 con_0004.nii 44 8 34 1.55804 0.710297
RRV155 con_0004.nii -42 7 36 1.16679 0.429945
RRV155 con_0004.nii 54 -44 43 1.31809 0.326451
RRV155 con_0004.nii -53 -50 39 0.669002 0.301853
RRV155 con_0004.nii 32 -59 41 1.7569 0.830127
RRV155 con_0004.nii -32 -58 46 1.21433 0.419654
RRV155 con_0004.nii -6 49 1 1.21657 0.554066
RRV155 con_0005.nii 9 3 -6 0.023218 0.263125
RRV155 con_0005.nii -9 3 -6 -0.0774928 0.215913
RRV155 con_0005.nii -30 33 -18 -0.345388 0.237819
RRV155 con_0005.nii 46 28 31 -0.174848 0.442747
RRV155 con_0005.nii -44 27 33 -0.306933 0.224823
RRV155 con_0005.nii 44 8 34 0.290033 0.541357
RRV155 con_0005.nii -42 7 36 0.319362 0.219641
RRV155 con_0005.nii 54 -44 43 -0.484525 0.354087
RRV155 con_0005.nii -53 -50 39 -1.12132 0.574787
RRV155 con_0005.nii 32 -59 41 1.309 0.773374
RRV155 con_0005.nii -32 -58 46 0.426389 0.458825
RRV155 con_0005.nii -6 49 1 0.0614647 0.169386
RRV155 con_0006.nii 9 3 -6 -0.103722 0.783535
RRV155 con_0006.nii -9 3 -6 -0.0390766 0.746224
RRV155 con_0006.nii -30 33 -18 -0.136601 0.330314
RRV155 con_0006.nii 46 28 31 1.01123 0.955504
RRV155 con_0006.nii -44 27 33 0.61918 0.278958
RRV155 con_0006.nii 44 8 34 1.84807 1.1967
RRV155 con_0006.nii -42 7 36 1.48615 0.591336
RRV155 con_0006.nii 54 -44 43 0.833564 0.323305
RRV155 con_0006.nii -53 -50 39 -0.452318 0.717035
RRV155 con_0006.nii 32 -59 41 3.06589 1.58335
RRV155 con_0006.nii -32 -58 46 1.64072 0.709454
RRV155 con_0006.nii -6 49 1 1.27803 0.668054
RRV155 con_0007.nii 9 3 -6 0.175821 0.570407
RRV155 con_0007.nii -9 3 -6 0.0733628 0.33021
RRV155 con_0007.nii -30 33 -18 -0.0509497 0.175367
RRV155 con_0007.nii 46 28 31 0.813511 0.389868
RRV155 con_0007.nii -44 27 33 0.681778 0.304089
RRV155 con_0007.nii 44 8 34 1.33266 0.52092
RRV155 con_0007.nii -42 7 36 0.913797 0.329806
RRV155 con_0007.nii 54 -44 43 0.421761 0.199897
RRV155 con_0007.nii -53 -50 39 -0.201249 0.388743
RRV155 con_0007.nii 32 -59 41 1.50399 0.958335
RRV155 con_0007.nii -32 -58 46 0.621638 0.373539
RRV155 con_0007.nii -6 49 1 0.388841 0.306064
RRV155 con_0008.nii 9 3 -6 0.14104 0.330601
RRV155 con_0008.nii -9 3 -6 -0.388972 0.427023
RRV155 con_0008.nii -30 33 -18 -0.158425 0.326977
RRV155 con_0008.nii 46 28 31 0.182806 0.592662
RRV155 con_0008.nii -44 27 33 -0.250658 0.283261
RRV155 con_0008.nii 44 8 34 0.731543 0.579355
RRV155 con_0008.nii -42 7 36 0.552848 0.223185
RRV155 con_0008.nii 54 -44 43 0.269686 0.323022
RRV155 con_0008.nii -53 -50 39 -1.0328 0.788681
RRV155 con_0008.nii 32 -59 41 1.20303 0.737455
RRV155 con_0008.nii -32 -58 46 0.529616 0.354024
RRV155 con_0008.nii -6 49 1 -0.162536 0.425727
RRV155 con_0009.nii 9 3 -6 0.316861 0.748429
RRV155 con_0009.nii -9 3 -6 -0.315609 0.699569
RRV155 con_0009.nii -30 33 -18 -0.209375 0.418286
RRV155 con_0009.nii 46 28 31 0.996317 0.94245
RRV155 con_0009.nii -44 27 33 0.43112 0.481075
RRV155 con_0009.nii 44 8 34 2.06421 1.05968
RRV155 con_0009.nii -42 7 36 1.46664 0.419756
RRV155 con_0009.nii 54 -44 43 0.691447 0.340699
RRV155 con_0009.nii -53 -50 39 -1.23405 1.14495
RRV155 con_0009.nii 32 -59 41 2.70702 1.67015
RRV155 con_0009.nii -32 -58 46 1.15125 0.695617
RRV155 con_0009.nii -6 49 1 0.226306 0.581665
RRV155 con_0010.nii 9 3 -6 0.523022 0.296298
RRV155 con_0010.nii -9 3 -6 0.0130091 0.253805
RRV155 con_0010.nii -30 33 -18 -0.784659 0.246819
RRV155 con_0010.nii 46 28 31 0.724544 0.245464
RRV155 con_0010.nii -44 27 33 0.846433 0.267157
RRV155 con_0010.nii 44 8 34 0.69983 0.389136
RRV155 con_0010.nii -42 7 36 0.704445 0.269689
RRV155 con_0010.nii 54 -44 43 0.525527 0.236986
RRV155 con_0010.nii -53 -50 39 0.195203 0.321603
RRV155 con_0010.nii 32 -59 41 0.973933 0.609727
RRV155 con_0010.nii -32 -58 46 0.392998 0.241917
RRV155 con_0010.nii -6 49 1 0.209557 0.30869
RRV155 con_0011.nii 9 3 -6 0.0628846 0.289082
RRV155 con_0011.nii -9 3 -6 -0.0670824 0.239648
RRV155 con_0011.nii -30 33 -18 -0.291062 0.110058
RRV155 con_0011.nii 46 28 31 0.227809 0.273243
RRV155 con_0011.nii -44 27 33 -0.0276529 0.133833
RRV155 con_0011.nii 44 8 34 0.408848 0.343067
RRV155 con_0011.nii -42 7 36 0.229876 0.12674
RRV155 con_0011.nii 54 -44 43 0.33631 0.114174
RRV155 con_0011.nii -53 -50 39 -0.272434 0.352753
RRV155 con_0011.nii 32 -59 41 0.89469 0.541628
RRV155 con_0011.nii -32 -58 46 0.246702 0.202389
RRV155 con_0011.nii -6 49 1 -0.21494 0.145126
RRV155 con_0012.nii 9 3 -6 0.585906 0.4527
RRV155 con_0012.nii -9 3 -6 -0.0540733 0.431399
RRV155 con_0012.nii -30 33 -18 -1.07572 0.337427
RRV155 con_0012.nii 46 28 31 0.952353 0.475011
RRV155 con_0012.nii -44 27 33 0.81878 0.270648
RRV155 con_0012.nii 44 8 34 1.10868 0.656494
RRV155 con_0012.nii -42 7 36 0.934321 0.377897
RRV155 con_0012.nii 54 -44 43 0.861837 0.277964
RRV155 con_0012.nii -53 -50 39 -0.0772309 0.655023
RRV155 con_0012.nii 32 -59 41 1.86862 1.12434
RRV155 con_0012.nii -32 -58 46 0.6397 0.389589
RRV155 con_0012.nii -6 49 1 -0.00538323 0.411707
RRV155 con_0013.nii 9 3 -6 0.40436 0.309529
RRV155 con_0013.nii -9 3 -6 0.123421 0.276361
RRV155 con_0013.nii -30 33 -18 -0.445361 0.28497
RRV155 con_0013.nii 46 28 31 0.491506 0.20068
RRV155 con_0013.nii -44 27 33 0.861037 0.240243
RRV155 con_0013.nii 44 8 34 0.134946 0.290172
RRV155 con_0013.nii -42 7 36 0.475165 0.487179
RRV155 con_0013.nii 54 -44 43 0.106323 0.197376
RRV155 con_0013.nii -53 -50 39 0.160603 0.357604
RRV155 con_0013.nii 32 -59 41 0.881722 0.583812
RRV155 con_0013.nii -32 -58 46 0.165005 0.199967
RRV155 con_0013.nii -6 49 1 0.334781 0.283599
RRV155 con_0014.nii 9 3 -6 -0.119976 0.260542
RRV155 con_0014.nii -9 3 -6 -0.158036 0.245112
RRV155 con_0014.nii -30 33 -18 -0.726941 0.256595
RRV155 con_0014.nii 46 28 31 0.102118 0.165766
RRV155 con_0014.nii -44 27 33 -0.14645 0.103533
RRV155 con_0014.nii 44 8 34 0.0131345 0.280816
RRV155 con_0014.nii -42 7 36 -0.0348384 0.30248
RRV155 con_0014.nii 54 -44 43 -0.124544 0.061258
RRV155 con_0014.nii -53 -50 39 -0.146506 0.226063
RRV155 con_0014.nii 32 -59 41 0.757152 0.493648
RRV155 con_0014.nii -32 -58 46 -0.115995 0.249301
RRV155 con_0014.nii -6 49 1 -0.442887 0.256297
RRV155 con_0015.nii 9 3 -6 0.284383 0.514182
RRV155 con_0015.nii -9 3 -6 -0.0346141 0.446655
RRV155 con_0015.nii -30 33 -18 -1.1723 0.499573
RRV155 con_0015.nii 46 28 31 0.593624 0.310088
RRV155 con_0015.nii -44 27 33 0.714587 0.289282
RRV155 con_0015.nii 44 8 34 0.14808 0.515829
RRV155 con_0015.nii -42 7 36 0.440327 0.725839
RRV155 con_0015.nii 54 -44 43 -0.0182204 0.212076
RRV155 con_0015.nii -53 -50 39 0.0140974 0.561431
RRV155 con_0015.nii 32 -59 41 1.63887 1.0282
RRV155 con_0015.nii -32 -58 46 0.0490104 0.337706
RRV155 con_0015.nii -6 49 1 -0.108106 0.46817
RRV155 con_0016.nii 9 3 -6 0.0918797 0.564191
RRV155 con_0016.nii -9 3 -6 0.14686 0.461423
RRV155 con_0016.nii -30 33 -18 -0.0847583 0.217028
RRV155 con_0016.nii 46 28 31 0.92835 0.493896
RRV155 con_0016.nii -44 27 33 0.80764 0.268113
RRV155 con_0016.nii 44 8 34 1.49316 0.611079
RRV155 con_0016.nii -42 7 36 1.00444 0.387942
RRV155 con_0016.nii 54 -44 43 0.942284 0.274844
RRV155 con_0016.nii -53 -50 39 0.232417 0.345398
RRV155 con_0016.nii 32 -59 41 1.70204 0.892698
RRV155 con_0016.nii -32 -58 46 1.09564 0.416549
RRV155 con_0016.nii -6 49 1 0.782711 0.428698
RRV155 con_0017.nii 9 3 -6 -0.0227166 0.275725
RRV155 con_0017.nii -9 3 -6 -0.281977 0.270798
RRV155 con_0017.nii -30 33 -18 -0.434725 0.209586
RRV155 con_0017.nii 46 28 31 0.32082 0.552499
RRV155 con_0017.nii -44 27 33 -0.0690082 0.194904
RRV155 con_0017.nii 44 8 34 0.968263 0.525606
RRV155 con_0017.nii -42 7 36 0.631692 0.214535
RRV155 con_0017.nii 54 -44 43 0.145785 0.288266
RRV155 con_0017.nii -53 -50 39 -0.9142 0.613685
RRV155 con_0017.nii 32 -59 41 1.4217 0.765931
RRV155 con_0017.nii -32 -58 46 0.640539 0.363864
RRV155 con_0017.nii -6 49 1 -0.2509 0.294032
RRV155 con_0018.nii 9 3 -6 0.0691632 0.761647
RRV155 con_0018.nii -9 3 -6 -0.135117 0.68402
RRV155 con_0018.nii -30 33 -18 -0.519484 0.340115
RRV155 con_0018.nii 46 28 31 1.24917 1.02588
RRV155 con_0018.nii -44 27 33 0.738632 0.397486
RRV155 con_0018.nii 44 8 34 2.46143 1.12197
RRV155 con_0018.nii -42 7 36 1.63613 0.549021
RRV155 con_0018.nii 54 -44 43 1.08807 0.347377
RRV155 con_0018.nii -53 -50 39 -0.681782 0.906639
RRV155 con_0018.nii 32 -59 41 3.12375 1.64615
RRV155 con_0018.nii -32 -58 46 1.73618 0.736247
RRV155 con_0018.nii -6 49 1 0.531811 0.606824
RRV155 con_0019.nii 9 3 -6 -0.296264 0.511572
RRV155 con_0019.nii -9 3 -6 0.315791 0.309756
RRV155 con_0019.nii -30 33 -18 0.372547 0.182785
RRV155 con_0019.nii 46 28 31 0.060919 0.38085
RRV155 con_0019.nii -44 27 33 -0.0314026 0.313783
RRV155 con_0019.nii 44 8 34 0.888954 0.323693
RRV155 con_0019.nii -42 7 36 0.228284 0.221705
RRV155 con_0019.nii 54 -44 43 0.561475 0.209889
RRV155 con_0019.nii -53 -50 39 0.0342956 0.201838
RRV155 con_0019.nii 32 -59 41 0.871305 0.323594
RRV155 con_0019.nii -32 -58 46 1.05795 0.336084
RRV155 con_0019.nii -6 49 1 0.533169 0.28113
RRV155 con_0020.nii 9 3 -6 -0.295292 0.222778
RRV155 con_0020.nii -9 3 -6 -0.312383 0.232819
RRV155 con_0020.nii -30 33 -18 -0.509301 0.263504
RRV155 con_0020.nii 46 28 31 0.726693 0.463441
RRV155 con_0020.nii -44 27 33 0.378219 0.347921
RRV155 con_0020.nii 44 8 34 1.47437 0.346941
RRV155 con_0020.nii -42 7 36 0.792989 0.229892
RRV155 con_0020.nii 54 -44 43 0.315884 0.164613
RRV155 con_0020.nii -53 -50 39 -0.316046 0.275068
RRV155 con_0020.nii 32 -59 41 0.858399 0.352143
RRV155 con_0020.nii -32 -58 46 0.718909 0.320048
RRV155 con_0020.nii -6 49 1 -0.436689 0.36815
RRV155 con_0021.nii 9 3 -6 -0.591556 0.662187
RRV155 con_0021.nii -9 3 -6 0.00340792 0.412833
RRV155 con_0021.nii -30 33 -18 -0.136754 0.256537
RRV155 con_0021.nii 46 28 31 0.787612 0.824762
RRV155 con_0021.nii -44 27 33 0.346817 0.497248
RRV155 con_0021.nii 44 8 34 2.36332 0.554952
RRV155 con_0021.nii -42 7 36 1.02127 0.386396
RRV155 con_0021.nii 54 -44 43 0.877359 0.317463
RRV155 con_0021.nii -53 -50 39 -0.281751 0.348554
RRV155 con_0021.nii 32 -59 41 1.7297 0.648197
RRV155 con_0021.nii -32 -58 46 1.77686 0.610021
RRV155 con_0021.nii -6 49 1 0.0964803 0.549389
RRV155 con_0022.nii 9 3 -6 -0.649961 0.654316
RRV155 con_0022.nii -9 3 -6 0.0254071 0.456572
RRV155 con_0022.nii -30 33 -18 0.993446 0.280571
RRV155 con_0022.nii 46 28 31 0.461532 0.394519
RRV155 con_0022.nii -44 27 33 0.0796803 0.198328
RRV155 con_0022.nii 44 8 34 0.858209 0.431123
RRV155 con_0022.nii -42 7 36 0.462344 0.238675
RRV155 con_0022.nii 54 -44 43 0.792563 0.151342
RRV155 con_0022.nii -53 -50 39 0.473799 0.274487
RRV155 con_0022.nii 32 -59 41 0.782966 0.296651
RRV155 con_0022.nii -32 -58 46 0.821329 0.253042
RRV155 con_0022.nii -6 49 1 1.00701 0.39597
RRV155 con_0023.nii 9 3 -6 -0.0396666 0.234526
RRV155 con_0023.nii -9 3 -6 -0.0104104 0.187534
RRV155 con_0023.nii -30 33 -18 -0.0543256 0.240942
RRV155 con_0023.nii 46 28 31 -0.402657 0.240051
RRV155 con_0023.nii -44 27 33 -0.27928 0.204998
RRV155 con_0023.nii 44 8 34 -0.118815 0.260438
RRV155 con_0023.nii -42 7 36 0.0894857 0.167456
RRV155 con_0023.nii 54 -44 43 -0.820835 0.326914
RRV155 con_0023.nii -53 -50 39 -0.848886 0.297869
RRV155 con_0023.nii 32 -59 41 0.414305 0.280425
RRV155 con_0023.nii -32 -58 46 0.179687 0.341287
RRV155 con_0023.nii -6 49 1 0.276405 0.162778
RRV155 con_0024.nii 9 3 -6 -0.689628 0.552995
RRV155 con_0024.nii -9 3 -6 0.0149967 0.464097
RRV155 con_0024.nii -30 33 -18 0.93912 0.379752
RRV155 con_0024.nii 46 28 31 0.0588749 0.551173
RRV155 con_0024.nii -44 27 33 -0.1996 0.295509
RRV155 con_0024.nii 44 8 34 0.739393 0.619115
RRV155 con_0024.nii -42 7 36 0.55183 0.305713
RRV155 con_0024.nii 54 -44 43 -0.0282724 0.316347
RRV155 con_0024.nii -53 -50 39 -0.375087 0.124351
RRV155 con_0024.nii 32 -59 41 1.19727 0.506891
RRV155 con_0024.nii -32 -58 46 1.00102 0.375953
RRV155 con_0024.nii -6 49 1 1.28341 0.512695
RRV155 con_0025.nii 9 3 -6 -0.347201 0.504808
RRV155 con_0025.nii -9 3 -6 0.0603537 0.171435
RRV155 con_0025.nii -30 33 -18 0.733709 0.251961
RRV155 con_0025.nii 46 28 31 0.0889667 0.193645
RRV155 con_0025.nii -44 27 33 -0.164655 0.174931
RRV155 con_0025.nii 44 8 34 0.632833 0.223426
RRV155 con_0025.nii -42 7 36 0.209352 0.189495
RRV155 con_0025.nii 54 -44 43 -0.103766 0.153286
RRV155 con_0025.nii -53 -50 39 -0.396451 0.143795
RRV155 con_0025.nii 32 -59 41 0.530059 0.388798
RRV155 con_0025.nii -32 -58 46 0.22864 0.224376
RRV155 con_0025.nii -6 49 1 0.179285 0.207543
RRV155 con_0026.nii 9 3 -6 0.0781549 0.332838
RRV155 con_0026.nii -9 3 -6 -0.32189 0.309333
RRV155 con_0026.nii -30 33 -18 0.132637 0.319311
RRV155 con_0026.nii 46 28 31 -0.0450025 0.357688
RRV155 con_0026.nii -44 27 33 -0.223005 0.272142
RRV155 con_0026.nii 44 8 34 0.322695 0.268579
RRV155 con_0026.nii -42 7 36 0.322972 0.195661
RRV155 con_0026.nii 54 -44 43 -0.066624 0.262439
RRV155 con_0026.nii -53 -50 39 -0.760365 0.513057
RRV155 con_0026.nii 32 -59 41 0.30834 0.336856
RRV155 con_0026.nii -32 -58 46 0.282913 0.204968
RRV155 con_0026.nii -6 49 1 0.0524041 0.361698
RRV155 con_0027.nii 9 3 -6 -0.269046 0.389992
RRV155 con_0027.nii -9 3 -6 -0.261536 0.380478
RRV155 con_0027.nii -30 33 -18 0.866347 0.469986
RRV155 con_0027.nii 46 28 31 0.0439642 0.529719
RRV155 con_0027.nii -44 27 33 -0.387659 0.421737
RRV155 con_0027.nii 44 8 34 0.955528 0.436903
RRV155 con_0027.nii -42 7 36 0.532324 0.200303
RRV155 con_0027.nii 54 -44 43 -0.17039 0.378143
RRV155 con_0027.nii -53 -50 39 -1.15682 0.592148
RRV155 con_0027.nii 32 -59 41 0.838399 0.613558
RRV155 con_0027.nii -32 -58 46 0.511554 0.40353
RRV155 con_0027.nii -6 49 1 0.231689 0.396192
RRV155 con_0028.nii 9 3 -6 -0.431142 0.530561
RRV155 con_0028.nii -9 3 -6 0.13385 0.277481
RRV155 con_0028.nii -30 33 -18 0.699901 0.218044
RRV155 con_0028.nii 46 28 31 0.203806 0.316774
RRV155 con_0028.nii -44 27 33 -0.0387923 0.20411
RRV155 con_0028.nii 44 8 34 0.793332 0.314348
RRV155 con_0028.nii -42 7 36 0.299993 0.182802
RRV155 con_0028.nii 54 -44 43 0.416757 0.136716
RRV155 con_0028.nii -53 -50 39 0.0372146 0.137485
RRV155 con_0028.nii 32 -59 41 0.72811 0.325224
RRV155 con_0028.nii -32 -58 46 0.702641 0.221059
RRV155 con_0028.nii -6 49 1 0.573154 0.212655
RRV155 con_0029.nii 9 3 -6 -0.0856012 0.120853
RRV155 con_0029.nii -9 3 -6 -0.214894 0.163302
RRV155 con_0029.nii -30 33 -18 -0.143663 0.169495
RRV155 con_0029.nii 46 28 31 0.0930111 0.32237
RRV155 con_0029.nii -44 27 33 -0.0413553 0.221601
RRV155 con_0029.nii 44 8 34 0.559415 0.225914
RRV155 con_0029.nii -42 7 36 0.401816 0.156735
RRV155 con_0029.nii 54 -44 43 -0.190525 0.233993
RRV155 con_0029.nii -53 -50 39 -0.641766 0.342961
RRV155 con_0029.nii 32 -59 41 0.527015 0.292659
RRV155 con_0029.nii -32 -58 46 0.393837 0.231147
RRV155 con_0029.nii -6 49 1 -0.03596 0.204726
RRV155 con_0030.nii 9 3 -6 -0.516743 0.457581
RRV155 con_0030.nii -9 3 -6 -0.0810438 0.343126
RRV155 con_0030.nii -30 33 -18 0.556238 0.27446
RRV155 con_0030.nii 46 28 31 0.296817 0.619745
RRV155 con_0030.nii -44 27 33 -0.0801476 0.356587
RRV155 con_0030.nii 44 8 34 1.35275 0.495955
RRV155 con_0030.nii -42 7 36 0.701809 0.241548
RRV155 con_0030.nii 54 -44 43 0.226232 0.306515
RRV155 con_0030.nii -53 -50 39 -0.604551 0.326115
RRV155 con_0030.nii 32 -59 41 1.25512 0.570216
RRV155 con_0030.nii -32 -58 46 1.09648 0.39662
RRV155 con_0030.nii -6 49 1 0.537194 0.252839
RRV155 con_0031.nii 9 3 -6 -0.118662 0.256205
RRV155 con_0031.nii -9 3 -6 0.110412 0.157245
RRV155 con_0031.nii -30 33 -18 0.339299 0.20267
RRV155 con_0031.nii 46 28 31 -0.233038 0.0907499
RRV155 con_0031.nii -44 27 33 0.0146046 0.0890835
RRV155 con_0031.nii 44 8 34 -0.564885 0.18378
RRV155 con_0031.nii -42 7 36 -0.229279 0.363594
RRV155 con_0031.nii 54 -44 43 -0.419203 0.109143
RRV155 con_0031.nii -53 -50 39 -0.0345992 0.103341
RRV155 con_0031.nii 32 -59 41 -0.0922113 0.148162
RRV155 con_0031.nii -32 -58 46 -0.227993 0.0851522
RRV155 con_0031.nii -6 49 1 0.125224 0.17074
RRV155 con_0032.nii 9 3 -6 -0.182861 0.10534
RRV155 con_0032.nii -9 3 -6 -0.0909531 0.125596
RRV155 con_0032.nii -30 33 -18 -0.435878 0.170458
RRV155 con_0032.nii 46 28 31 -0.125691 0.131354
RRV155 con_0032.nii -44 27 33 -0.118797 0.0896691
RRV155 con_0032.nii 44 8 34 -0.395714 0.122569
RRV155 con_0032.nii -42 7 36 -0.264714 0.338452
RRV155 con_0032.nii 54 -44 43 -0.460854 0.134042
RRV155 con_0032.nii -53 -50 39 0.125928 0.177147
RRV155 con_0032.nii 32 -59 41 -0.137538 0.111658
RRV155 con_0032.nii -32 -58 46 -0.362697 0.210207
RRV155 con_0032.nii -6 49 1 -0.227947 0.193888
RRV155 con_0033.nii 9 3 -6 -0.301523 0.273428
RRV155 con_0033.nii -9 3 -6 0.0194592 0.196531
RRV155 con_0033.nii -30 33 -18 -0.0965798 0.271121
RRV155 con_0033.nii 46 28 31 -0.358729 0.202349
RRV155 con_0033.nii -44 27 33 -0.104192 0.088694
RRV155 con_0033.nii 44 8 34 -0.960599 0.272633
RRV155 con_0033.nii -42 7 36 -0.493994 0.644496
RRV155 con_0033.nii 54 -44 43 -0.880057 0.181693
RRV155 con_0033.nii -53 -50 39 0.0913283 0.15186
RRV155 con_0033.nii 32 -59 41 -0.229749 0.219566
RRV155 con_0033.nii -32 -58 46 -0.59069 0.263081
RRV155 con_0033.nii -6 49 1 -0.102723 0.306445
