RRV145 con_0001.nii 9 3 -6 -0.0624108 0.291164
RRV145 con_0001.nii -9 3 -6 0.439602 0.387123
RRV145 con_0001.nii -30 33 -18 0.515894 0.531873
RRV145 con_0001.nii 46 28 31 0.726108 0.420991
RRV145 con_0001.nii -44 27 33 0.50333 0.171807
RRV145 con_0001.nii 44 8 34 0.763754 0.276157
RRV145 con_0001.nii -42 7 36 0.521137 0.534595
RRV145 con_0001.nii 54 -44 43 0.297009 0.0820625
RRV145 con_0001.nii -53 -50 39 0.50288 0.204991
RRV145 con_0001.nii 32 -59 41 0.944156 0.429158
RRV145 con_0001.nii -32 -58 46 1.09912 0.351194
RRV145 con_0001.nii -6 49 1 0.391702 0.222063
RRV145 con_0002.nii 9 3 -6 -0.0341868 0.380146
RRV145 con_0002.nii -9 3 -6 -0.0605592 0.597083
RRV145 con_0002.nii -30 33 -18 0.262757 0.453049
RRV145 con_0002.nii 46 28 31 0.822582 0.463676
RRV145 con_0002.nii -44 27 33 0.919854 0.383448
RRV145 con_0002.nii 44 8 34 0.598467 0.527268
RRV145 con_0002.nii -42 7 36 0.257663 0.565974
RRV145 con_0002.nii 54 -44 43 -0.531982 0.42455
RRV145 con_0002.nii -53 -50 39 0.0319417 0.428965
RRV145 con_0002.nii 32 -59 41 0.989631 0.399249
RRV145 con_0002.nii -32 -58 46 1.04307 0.350384
RRV145 con_0002.nii -6 49 1 0.358093 0.260737
RRV145 con_0003.nii 9 3 -6 -0.0965976 0.442752
RRV145 con_0003.nii -9 3 -6 0.379043 0.694466
RRV145 con_0003.nii -30 33 -18 0.778651 0.80778
RRV145 con_0003.nii 46 28 31 1.54869 0.85676
RRV145 con_0003.nii -44 27 33 1.42318 0.488329
RRV145 con_0003.nii 44 8 34 1.36222 0.722003
RRV145 con_0003.nii -42 7 36 0.7788 0.608262
RRV145 con_0003.nii 54 -44 43 -0.234972 0.430272
RRV145 con_0003.nii -53 -50 39 0.534822 0.433443
RRV145 con_0003.nii 32 -59 41 1.93379 0.789442
RRV145 con_0003.nii -32 -58 46 2.14219 0.656253
RRV145 con_0003.nii -6 49 1 0.749795 0.393028
RRV145 con_0004.nii 9 3 -6 -0.0674848 0.329378
RRV145 con_0004.nii -9 3 -6 0.579801 0.35042
RRV145 con_0004.nii -30 33 -18 0.197586 0.260757
RRV145 con_0004.nii 46 28 31 0.962124 0.550085
RRV145 con_0004.nii -44 27 33 0.500529 0.352597
RRV145 con_0004.nii 44 8 34 0.81008 0.433889
RRV145 con_0004.nii -42 7 36 1.03194 0.414816
RRV145 con_0004.nii 54 -44 43 -0.198145 0.173788
RRV145 con_0004.nii -53 -50 39 0.21596 0.25984
RRV145 con_0004.nii 32 -59 41 0.950272 0.47718
RRV145 con_0004.nii -32 -58 46 0.905865 0.555942
RRV145 con_0004.nii -6 49 1 1.02472 0.497099
RRV145 con_0005.nii 9 3 -6 0.224217 0.300129
RRV145 con_0005.nii -9 3 -6 0.301594 0.238959
RRV145 con_0005.nii -30 33 -18 0.714524 0.248195
RRV145 con_0005.nii 46 28 31 0.0226568 0.383222
RRV145 con_0005.nii -44 27 33 0.672264 0.173335
RRV145 con_0005.nii 44 8 34 0.296354 0.537521
RRV145 con_0005.nii -42 7 36 0.582328 0.664893
RRV145 con_0005.nii 54 -44 43 -1.0437 0.339067
RRV145 con_0005.nii -53 -50 39 -0.0764209 0.200762
RRV145 con_0005.nii 32 -59 41 0.627297 0.341962
RRV145 con_0005.nii -32 -58 46 0.691021 0.413281
RRV145 con_0005.nii -6 49 1 0.346122 0.215152
RRV145 con_0006.nii 9 3 -6 0.156732 0.421926
RRV145 con_0006.nii -9 3 -6 0.881395 0.363774
RRV145 con_0006.nii -30 33 -18 0.91211 0.318804
RRV145 con_0006.nii 46 28 31 0.984781 0.819786
RRV145 con_0006.nii -44 27 33 1.17279 0.468513
RRV145 con_0006.nii 44 8 34 1.10643 0.909023
RRV145 con_0006.nii -42 7 36 1.61427 0.776163
RRV145 con_0006.nii 54 -44 43 -1.24185 0.399217
RRV145 con_0006.nii -53 -50 39 0.139539 0.345012
RRV145 con_0006.nii 32 -59 41 1.57757 0.742653
RRV145 con_0006.nii -32 -58 46 1.59689 0.871821
RRV145 con_0006.nii -6 49 1 1.37084 0.662975
RRV145 con_0007.nii 9 3 -6 0.166792 0.193955
RRV145 con_0007.nii -9 3 -6 0.347156 0.369302
RRV145 con_0007.nii -30 33 -18 0.0763784 0.1986
RRV145 con_0007.nii 46 28 31 0.389343 0.487196
RRV145 con_0007.nii -44 27 33 0.031734 0.281806
RRV145 con_0007.nii 44 8 34 0.387128 0.276007
RRV145 con_0007.nii -42 7 36 0.541442 0.235199
RRV145 con_0007.nii 54 -44 43 -0.434734 0.259056
RRV145 con_0007.nii -53 -50 39 -0.000210965 0.207996
RRV145 con_0007.nii 32 -59 41 0.880011 0.241181
RRV145 con_0007.nii -32 -58 46 0.769134 0.329342
RRV145 con_0007.nii -6 49 1 0.260274 0.357013
RRV145 con_0008.nii 9 3 -6 0.53238 0.265822
RRV145 con_0008.nii -9 3 -6 0.155048 0.186663
RRV145 con_0008.nii -30 33 -18 0.278654 0.308291
RRV145 con_0008.nii 46 28 31 0.262545 0.558123
RRV145 con_0008.nii -44 27 33 0.234851 0.168014
RRV145 con_0008.nii 44 8 34 0.112005 0.474156
RRV145 con_0008.nii -42 7 36 0.128747 0.268141
RRV145 con_0008.nii 54 -44 43 -0.63186 0.417457
RRV145 con_0008.nii -53 -50 39 -0.0367717 0.362389
RRV145 con_0008.nii 32 -59 41 1.08818 0.376961
RRV145 con_0008.nii -32 -58 46 0.837421 0.412246
RRV145 con_0008.nii -6 49 1 -0.130395 0.308397
RRV145 con_0009.nii 9 3 -6 0.699172 0.328239
RRV145 con_0009.nii -9 3 -6 0.502204 0.42129
RRV145 con_0009.nii -30 33 -18 0.355033 0.453244
RRV145 con_0009.nii 46 28 31 0.651888 1.01605
RRV145 con_0009.nii -44 27 33 0.266585 0.325471
RRV145 con_0009.nii 44 8 34 0.499133 0.635262
RRV145 con_0009.nii -42 7 36 0.670189 0.380803
RRV145 con_0009.nii 54 -44 43 -1.06659 0.604162
RRV145 con_0009.nii -53 -50 39 -0.0369827 0.525006
RRV145 con_0009.nii 32 -59 41 1.96819 0.561175
RRV145 con_0009.nii -32 -58 46 1.60655 0.684165
RRV145 con_0009.nii -6 49 1 0.129879 0.406454
RRV145 con_0010.nii 9 3 -6 -0.156558 0.260274
RRV145 con_0010.nii -9 3 -6 -0.0545892 0.308921
RRV145 con_0010.nii -30 33 -18 0.0885294 0.239354
RRV145 con_0010.nii 46 28 31 0.389736 0.4908
RRV145 con_0010.nii -44 27 33 0.228559 0.282219
RRV145 con_0010.nii 44 8 34 0.323818 0.174537
RRV145 con_0010.nii -42 7 36 0.226724 0.19916
RRV145 con_0010.nii 54 -44 43 0.135972 0.194819
RRV145 con_0010.nii -53 -50 39 0.488216 0.247386
RRV145 con_0010.nii 32 -59 41 0.607783 0.276698
RRV145 con_0010.nii -32 -58 46 0.944273 0.216352
RRV145 con_0010.nii -6 49 1 0.375222 0.369479
RRV145 con_0011.nii 9 3 -6 0.0216897 0.160792
RRV145 con_0011.nii -9 3 -6 0.366305 0.326932
RRV145 con_0011.nii -30 33 -18 0.124532 0.265115
RRV145 con_0011.nii 46 28 31 0.238295 0.31538
RRV145 con_0011.nii -44 27 33 0.251243 0.16549
RRV145 con_0011.nii 44 8 34 0.213329 0.338656
RRV145 con_0011.nii -42 7 36 -0.162327 0.254273
RRV145 con_0011.nii 54 -44 43 -0.25379 0.20167
RRV145 con_0011.nii -53 -50 39 0.268758 0.185457
RRV145 con_0011.nii 32 -59 41 0.390569 0.399554
RRV145 con_0011.nii -32 -58 46 0.596175 0.255878
RRV145 con_0011.nii -6 49 1 -0.118664 0.174847
RRV145 con_0012.nii 9 3 -6 -0.134868 0.293493
RRV145 con_0012.nii -9 3 -6 0.311716 0.3138
RRV145 con_0012.nii -30 33 -18 0.213061 0.305765
RRV145 con_0012.nii 46 28 31 0.628031 0.556744
RRV145 con_0012.nii -44 27 33 0.479802 0.327721
RRV145 con_0012.nii 44 8 34 0.537147 0.396502
RRV145 con_0012.nii -42 7 36 0.0643967 0.348046
RRV145 con_0012.nii 54 -44 43 -0.117818 0.327912
RRV145 con_0012.nii -53 -50 39 0.756974 0.256688
RRV145 con_0012.nii 32 -59 41 0.998352 0.584025
RRV145 con_0012.nii -32 -58 46 1.54045 0.407041
RRV145 con_0012.nii -6 49 1 0.256558 0.263136
RRV145 con_0013.nii 9 3 -6 -0.0362947 0.229887
RRV145 con_0013.nii -9 3 -6 0.454102 0.318995
RRV145 con_0013.nii -30 33 -18 0.101886 0.17781
RRV145 con_0013.nii 46 28 31 0.701662 0.437106
RRV145 con_0013.nii -44 27 33 0.382337 0.210774
RRV145 con_0013.nii 44 8 34 0.975649 0.293235
RRV145 con_0013.nii -42 7 36 0.393806 0.274518
RRV145 con_0013.nii 54 -44 43 0.187775 0.174003
RRV145 con_0013.nii -53 -50 39 0.297437 0.200044
RRV145 con_0013.nii 32 -59 41 1.05195 0.363825
RRV145 con_0013.nii -32 -58 46 1.04745 0.316492
RRV145 con_0013.nii -6 49 1 0.319956 0.26796
RRV145 con_0014.nii 9 3 -6 -0.18593 0.252488
RRV145 con_0014.nii -9 3 -6 0.208067 0.213333
RRV145 con_0014.nii -30 33 -18 0.148783 0.177167
RRV145 con_0014.nii 46 28 31 0.458587 0.386489
RRV145 con_0014.nii -44 27 33 0.660278 0.227525
RRV145 con_0014.nii 44 8 34 0.744875 0.476776
RRV145 con_0014.nii -42 7 36 -0.101896 0.24647
RRV145 con_0014.nii 54 -44 43 -0.047493 0.324215
RRV145 con_0014.nii -53 -50 39 0.212057 0.162016
RRV145 con_0014.nii 32 -59 41 0.529659 0.528266
RRV145 con_0014.nii -32 -58 46 0.918882 0.417046
RRV145 con_0014.nii -6 49 1 0.175242 0.268389
RRV145 con_0015.nii 9 3 -6 -0.222224 0.435059
RRV145 con_0015.nii -9 3 -6 0.662169 0.362451
RRV145 con_0015.nii -30 33 -18 0.25067 0.299318
RRV145 con_0015.nii 46 28 31 1.16025 0.689914
RRV145 con_0015.nii -44 27 33 1.04262 0.260446
RRV145 con_0015.nii 44 8 34 1.72052 0.717433
RRV145 con_0015.nii -42 7 36 0.29191 0.361973
RRV145 con_0015.nii 54 -44 43 0.140282 0.390129
RRV145 con_0015.nii -53 -50 39 0.509495 0.199123
RRV145 con_0015.nii 32 -59 41 1.58161 0.843275
RRV145 con_0015.nii -32 -58 46 1.96633 0.688891
RRV145 con_0015.nii -6 49 1 0.495198 0.457803
RRV145 con_0016.nii 9 3 -6 0.0122987 0.210668
RRV145 con_0016.nii -9 3 -6 0.45552 0.176714
RRV145 con_0016.nii -30 33 -18 0.263286 0.195612
RRV145 con_0016.nii 46 28 31 0.692525 0.462755
RRV145 con_0016.nii -44 27 33 0.345198 0.190101
RRV145 con_0016.nii 44 8 34 0.653654 0.272413
RRV145 con_0016.nii -42 7 36 0.698173 0.32161
RRV145 con_0016.nii 54 -44 43 -0.111956 0.150253
RRV145 con_0016.nii -53 -50 39 0.239543 0.172805
RRV145 con_0016.nii 32 -59 41 0.924813 0.369182
RRV145 con_0016.nii -32 -58 46 0.924706 0.400572
RRV145 con_0016.nii -6 49 1 0.558898 0.280281
RRV145 con_0017.nii 9 3 -6 0.240804 0.168139
RRV145 con_0017.nii -9 3 -6 0.132028 0.2498
RRV145 con_0017.nii -30 33 -18 0.418645 0.274253
RRV145 con_0017.nii 46 28 31 0.369261 0.440081
RRV145 con_0017.nii -44 27 33 0.60899 0.201785
RRV145 con_0017.nii 44 8 34 0.335609 0.485104
RRV145 con_0017.nii -42 7 36 0.322913 0.43421
RRV145 con_0017.nii 54 -44 43 -0.735848 0.368048
RRV145 con_0017.nii -53 -50 39 -0.0270836 0.252521
RRV145 con_0017.nii 32 -59 41 0.901703 0.320846
RRV145 con_0017.nii -32 -58 46 0.857171 0.33841
RRV145 con_0017.nii -6 49 1 0.191274 0.197262
RRV145 con_0018.nii 9 3 -6 0.253102 0.206067
RRV145 con_0018.nii -9 3 -6 0.587547 0.314399
RRV145 con_0018.nii -30 33 -18 0.681931 0.385883
RRV145 con_0018.nii 46 28 31 1.06179 0.869557
RRV145 con_0018.nii -44 27 33 0.954188 0.351937
RRV145 con_0018.nii 44 8 34 0.989263 0.705831
RRV145 con_0018.nii -42 7 36 1.02109 0.497703
RRV145 con_0018.nii 54 -44 43 -0.847805 0.434497
RRV145 con_0018.nii -53 -50 39 0.212459 0.325189
RRV145 con_0018.nii 32 -59 41 1.82652 0.670524
RRV145 con_0018.nii -32 -58 46 1.78188 0.702645
RRV145 con_0018.nii -6 49 1 0.750171 0.427132
RRV145 con_0019.nii 9 3 -6 0.0941469 0.285068
RRV145 con_0019.nii -9 3 -6 0.494191 0.310897
RRV145 con_0019.nii -30 33 -18 0.427365 0.550907
RRV145 con_0019.nii 46 28 31 0.336372 0.270954
RRV145 con_0019.nii -44 27 33 0.274771 0.302002
RRV145 con_0019.nii 44 8 34 0.439936 0.302142
RRV145 con_0019.nii -42 7 36 0.294413 0.377975
RRV145 con_0019.nii 54 -44 43 0.161037 0.15005
RRV145 con_0019.nii -53 -50 39 0.0146641 0.164467
RRV145 con_0019.nii 32 -59 41 0.336373 0.306947
RRV145 con_0019.nii -32 -58 46 0.154847 0.21808
RRV145 con_0019.nii -6 49 1 0.0164799 0.41039
RRV145 con_0020.nii 9 3 -6 -0.0558765 0.441248
RRV145 con_0020.nii -9 3 -6 -0.426864 0.838386
RRV145 con_0020.nii -30 33 -18 0.138225 0.56075
RRV145 con_0020.nii 46 28 31 0.584287 0.406187
RRV145 con_0020.nii -44 27 33 0.668611 0.307523
RRV145 con_0020.nii 44 8 34 0.385138 0.366916
RRV145 con_0020.nii -42 7 36 0.41999 0.668821
RRV145 con_0020.nii 54 -44 43 -0.278192 0.293588
RRV145 con_0020.nii -53 -50 39 -0.236817 0.458983
RRV145 con_0020.nii 32 -59 41 0.599061 0.316655
RRV145 con_0020.nii -32 -58 46 0.446894 0.257335
RRV145 con_0020.nii -6 49 1 0.476757 0.293618
RRV145 con_0021.nii 9 3 -6 0.0382703 0.454516
RRV145 con_0021.nii -9 3 -6 0.067327 0.721136
RRV145 con_0021.nii -30 33 -18 0.565589 0.632246
RRV145 con_0021.nii 46 28 31 0.920659 0.395725
RRV145 con_0021.nii -44 27 33 0.943382 0.286021
RRV145 con_0021.nii 44 8 34 0.825074 0.475229
RRV145 con_0021.nii -42 7 36 0.714403 0.635389
RRV145 con_0021.nii 54 -44 43 -0.117155 0.34054
RRV145 con_0021.nii -53 -50 39 -0.222152 0.518676
RRV145 con_0021.nii 32 -59 41 0.935434 0.422188
RRV145 con_0021.nii -32 -58 46 0.601741 0.316258
RRV145 con_0021.nii -6 49 1 0.493237 0.47394
RRV145 con_0022.nii 9 3 -6 0.0890728 0.286334
RRV145 con_0022.nii -9 3 -6 0.63439 0.300093
RRV145 con_0022.nii -30 33 -18 0.109056 0.321006
RRV145 con_0022.nii 46 28 31 0.572388 0.339191
RRV145 con_0022.nii -44 27 33 0.27197 0.233224
RRV145 con_0022.nii 44 8 34 0.486262 0.434503
RRV145 con_0022.nii -42 7 36 0.805216 0.342233
RRV145 con_0022.nii 54 -44 43 -0.334117 0.183795
RRV145 con_0022.nii -53 -50 39 -0.272256 0.161894
RRV145 con_0022.nii 32 -59 41 0.342489 0.359184
RRV145 con_0022.nii -32 -58 46 -0.0384083 0.381918
RRV145 con_0022.nii -6 49 1 0.649496 0.554776
RRV145 con_0023.nii 9 3 -6 0.202527 0.200586
RRV145 con_0023.nii -9 3 -6 -0.0647106 0.311951
RRV145 con_0023.nii -30 33 -18 0.589992 0.347593
RRV145 con_0023.nii 46 28 31 -0.215638 0.232513
RRV145 con_0023.nii -44 27 33 0.421021 0.222973
RRV145 con_0023.nii 44 8 34 0.0830245 0.303328
RRV145 con_0023.nii -42 7 36 0.744655 0.583401
RRV145 con_0023.nii 54 -44 43 -0.789914 0.192361
RRV145 con_0023.nii -53 -50 39 -0.345179 0.183185
RRV145 con_0023.nii 32 -59 41 0.236728 0.284795
RRV145 con_0023.nii -32 -58 46 0.0948456 0.294068
RRV145 con_0023.nii -6 49 1 0.464785 0.294662
RRV145 con_0024.nii 9 3 -6 0.2916 0.331259
RRV145 con_0024.nii -9 3 -6 0.56968 0.513309
RRV145 con_0024.nii -30 33 -18 0.699049 0.39784
RRV145 con_0024.nii 46 28 31 0.35675 0.348464
RRV145 con_0024.nii -44 27 33 0.692991 0.28819
RRV145 con_0024.nii 44 8 34 0.569287 0.67008
RRV145 con_0024.nii -42 7 36 1.54987 0.744773
RRV145 con_0024.nii 54 -44 43 -1.12403 0.261069
RRV145 con_0024.nii -53 -50 39 -0.617436 0.245137
RRV145 con_0024.nii 32 -59 41 0.579217 0.427469
RRV145 con_0024.nii -32 -58 46 0.0564373 0.554036
RRV145 con_0024.nii -6 49 1 1.11428 0.588254
RRV145 con_0025.nii 9 3 -6 0.323349 0.25205
RRV145 con_0025.nii -9 3 -6 0.401745 0.631687
RRV145 con_0025.nii -30 33 -18 -0.012151 0.166016
RRV145 con_0025.nii 46 28 31 -0.000392805 0.355573
RRV145 con_0025.nii -44 27 33 -0.196825 0.256986
RRV145 con_0025.nii 44 8 34 0.0633104 0.249055
RRV145 con_0025.nii -42 7 36 0.314718 0.283201
RRV145 con_0025.nii 54 -44 43 -0.570706 0.166721
RRV145 con_0025.nii -53 -50 39 -0.488427 0.287892
RRV145 con_0025.nii 32 -59 41 0.272228 0.291894
RRV145 con_0025.nii -32 -58 46 -0.175139 0.184642
RRV145 con_0025.nii -6 49 1 -0.114948 0.194721
RRV145 con_0026.nii 9 3 -6 0.510691 0.338555
RRV145 con_0026.nii -9 3 -6 -0.211257 0.390521
RRV145 con_0026.nii -30 33 -18 0.154122 0.431959
RRV145 con_0026.nii 46 28 31 0.0242502 0.480644
RRV145 con_0026.nii -44 27 33 -0.0163921 0.209205
RRV145 con_0026.nii 44 8 34 -0.101324 0.230527
RRV145 con_0026.nii -42 7 36 0.291074 0.319553
RRV145 con_0026.nii 54 -44 43 -0.37807 0.28108
RRV145 con_0026.nii -53 -50 39 -0.30553 0.325138
RRV145 con_0026.nii 32 -59 41 0.697611 0.149122
RRV145 con_0026.nii -32 -58 46 0.241246 0.316901
RRV145 con_0026.nii -6 49 1 -0.0117309 0.217391
RRV145 con_0027.nii 9 3 -6 0.83404 0.423394
RRV145 con_0027.nii -9 3 -6 0.190488 0.595738
RRV145 con_0027.nii -30 33 -18 0.141971 0.503846
RRV145 con_0027.nii 46 28 31 0.0238574 0.569144
RRV145 con_0027.nii -44 27 33 -0.213217 0.371066
RRV145 con_0027.nii 44 8 34 -0.0380139 0.387301
RRV145 con_0027.nii -42 7 36 0.605793 0.391615
RRV145 con_0027.nii 54 -44 43 -0.948776 0.411201
RRV145 con_0027.nii -53 -50 39 -0.793957 0.517798
RRV145 con_0027.nii 32 -59 41 0.969839 0.312949
RRV145 con_0027.nii -32 -58 46 0.0661064 0.446949
RRV145 con_0027.nii -6 49 1 -0.126679 0.317891
RRV145 con_0028.nii 9 3 -6 0.168856 0.207395
RRV145 con_0028.nii -9 3 -6 0.510109 0.300212
RRV145 con_0028.nii -30 33 -18 0.174757 0.229907
RRV145 con_0028.nii 46 28 31 0.302789 0.282925
RRV145 con_0028.nii -44 27 33 0.116638 0.170097
RRV145 con_0028.nii 44 8 34 0.329836 0.273273
RRV145 con_0028.nii -42 7 36 0.471449 0.213938
RRV145 con_0028.nii 54 -44 43 -0.247929 0.126191
RRV145 con_0028.nii -53 -50 39 -0.248673 0.155912
RRV145 con_0028.nii 32 -59 41 0.31703 0.287096
RRV145 con_0028.nii -32 -58 46 -0.019567 0.236653
RRV145 con_0028.nii -6 49 1 0.183676 0.329599
RRV145 con_0029.nii 9 3 -6 0.219114 0.207457
RRV145 con_0029.nii -9 3 -6 -0.234277 0.480089
RRV145 con_0029.nii -30 33 -18 0.294113 0.402325
RRV145 con_0029.nii 46 28 31 0.130966 0.345314
RRV145 con_0029.nii -44 27 33 0.357747 0.186993
RRV145 con_0029.nii 44 8 34 0.122279 0.254291
RRV145 con_0029.nii -42 7 36 0.48524 0.455009
RRV145 con_0029.nii 54 -44 43 -0.482059 0.21533
RRV145 con_0029.nii -53 -50 39 -0.295842 0.248727
RRV145 con_0029.nii 32 -59 41 0.511133 0.177016
RRV145 con_0029.nii -32 -58 46 0.260995 0.210689
RRV145 con_0029.nii -6 49 1 0.309937 0.206277
RRV145 con_0030.nii 9 3 -6 0.38797 0.216933
RRV145 con_0030.nii -9 3 -6 0.275832 0.462914
RRV145 con_0030.nii -30 33 -18 0.46887 0.315707
RRV145 con_0030.nii 46 28 31 0.433756 0.379425
RRV145 con_0030.nii -44 27 33 0.474385 0.191685
RRV145 con_0030.nii 44 8 34 0.452116 0.435229
RRV145 con_0030.nii -42 7 36 0.956689 0.495806
RRV145 con_0030.nii 54 -44 43 -0.729987 0.264609
RRV145 con_0030.nii -53 -50 39 -0.544515 0.332634
RRV145 con_0030.nii 32 -59 41 0.828164 0.325602
RRV145 con_0030.nii -32 -58 46 0.241428 0.378174
RRV145 con_0030.nii -6 49 1 0.493613 0.391506
RRV145 con_0031.nii 9 3 -6 0.120263 0.337086
RRV145 con_0031.nii -9 3 -6 0.508691 0.395089
RRV145 con_0031.nii -30 33 -18 0.013357 0.253841
RRV145 con_0031.nii 46 28 31 0.311926 0.205343
RRV145 con_0031.nii -44 27 33 0.153778 0.201668
RRV145 con_0031.nii 44 8 34 0.651831 0.278863
RRV145 con_0031.nii -42 7 36 0.167082 0.176255
RRV145 con_0031.nii 54 -44 43 0.0518031 0.10403
RRV145 con_0031.nii -53 -50 39 -0.190779 0.263527
RRV145 con_0031.nii 32 -59 41 0.444164 0.250376
RRV145 con_0031.nii -32 -58 46 0.103178 0.236035
RRV145 con_0031.nii -6 49 1 -0.0552655 0.228648
RRV145 con_0032.nii 9 3 -6 -0.207619 0.181787
RRV145 con_0032.nii -9 3 -6 -0.158238 0.174552
RRV145 con_0032.nii -30 33 -18 0.0242512 0.191159
RRV145 con_0032.nii 46 28 31 0.220292 0.184552
RRV145 con_0032.nii -44 27 33 0.409035 0.149223
RRV145 con_0032.nii 44 8 34 0.531545 0.255504
RRV145 con_0032.nii -42 7 36 0.0604314 0.186576
RRV145 con_0032.nii 54 -44 43 0.206297 0.223405
RRV145 con_0032.nii -53 -50 39 -0.056701 0.116358
RRV145 con_0032.nii 32 -59 41 0.13909 0.210825
RRV145 con_0032.nii -32 -58 46 0.322707 0.24494
RRV145 con_0032.nii -6 49 1 0.293905 0.248066
RRV145 con_0033.nii 9 3 -6 -0.0873565 0.389857
RRV145 con_0033.nii -9 3 -6 0.350454 0.445141
RRV145 con_0033.nii -30 33 -18 0.0376082 0.304335
RRV145 con_0033.nii 46 28 31 0.532219 0.307801
RRV145 con_0033.nii -44 27 33 0.562813 0.290923
RRV145 con_0033.nii 44 8 34 1.18338 0.506286
RRV145 con_0033.nii -42 7 36 0.227513 0.306211
RRV145 con_0033.nii 54 -44 43 0.2581 0.303316
RRV145 con_0033.nii -53 -50 39 -0.24748 0.299522
RRV145 con_0033.nii 32 -59 41 0.583253 0.441807
RRV145 con_0033.nii -32 -58 46 0.425885 0.462639
RRV145 con_0033.nii -6 49 1 0.23864 0.326039
