RRV118 con_0001.nii 9 3 -6 0.496701 0.392102
RRV118 con_0001.nii -9 3 -6 -0.407459 0.184292
RRV118 con_0001.nii -30 33 -18 -0.625844 0.242758
RRV118 con_0001.nii 46 28 31 0.272205 0.380232
RRV118 con_0001.nii -44 27 33 -0.308627 0.293343
RRV118 con_0001.nii 44 8 34 0.200598 0.203317
RRV118 con_0001.nii -42 7 36 -0.0108337 0.357685
RRV118 con_0001.nii 54 -44 43 -0.441221 0.250181
RRV118 con_0001.nii -53 -50 39 -0.0984743 0.203008
RRV118 con_0001.nii 32 -59 41 0.0419309 0.240018
RRV118 con_0001.nii -32 -58 46 0.477746 0.376112
RRV118 con_0001.nii -6 49 1 -0.769164 0.218275
RRV118 con_0002.nii 9 3 -6 -1.19881 0.797558
RRV118 con_0002.nii -9 3 -6 0.0287128 0.434476
RRV118 con_0002.nii -30 33 -18 0.240223 0.355867
RRV118 con_0002.nii 46 28 31 -0.159465 0.341707
RRV118 con_0002.nii -44 27 33 0.203982 0.266485
RRV118 con_0002.nii 44 8 34 -0.609998 0.335181
RRV118 con_0002.nii -42 7 36 -0.430798 0.396667
RRV118 con_0002.nii 54 -44 43 0.515741 0.25954
RRV118 con_0002.nii -53 -50 39 -0.208305 0.268462
RRV118 con_0002.nii 32 -59 41 -0.223664 0.178451
RRV118 con_0002.nii -32 -58 46 -0.537907 0.421649
RRV118 con_0002.nii -6 49 1 -0.41743 0.277931
RRV118 con_0003.nii 9 3 -6 -0.702104 0.925965
RRV118 con_0003.nii -9 3 -6 -0.378746 0.51742
RRV118 con_0003.nii -30 33 -18 -0.385621 0.484005
RRV118 con_0003.nii 46 28 31 0.112741 0.307553
RRV118 con_0003.nii -44 27 33 -0.104645 0.387361
RRV118 con_0003.nii 44 8 34 -0.4094 0.247279
RRV118 con_0003.nii -42 7 36 -0.441631 0.280222
RRV118 con_0003.nii 54 -44 43 0.0745196 0.23078
RRV118 con_0003.nii -53 -50 39 -0.306779 0.323068
RRV118 con_0003.nii 32 -59 41 -0.181733 0.3177
RRV118 con_0003.nii -32 -58 46 -0.0601616 0.345897
RRV118 con_0003.nii -6 49 1 -1.18659 0.324179
RRV118 con_0004.nii 9 3 -6 0.563074 0.384457
RRV118 con_0004.nii -9 3 -6 -0.357429 0.440231
RRV118 con_0004.nii -30 33 -18 -0.661334 0.333235
RRV118 con_0004.nii 46 28 31 -0.584744 0.265838
RRV118 con_0004.nii -44 27 33 -0.152057 0.246203
RRV118 con_0004.nii 44 8 34 -0.281994 0.137885
RRV118 con_0004.nii -42 7 36 -0.0234841 0.329385
RRV118 con_0004.nii 54 -44 43 1.39219 0.584232
RRV118 con_0004.nii -53 -50 39 0.465689 0.346854
RRV118 con_0004.nii 32 -59 41 0.599137 0.213757
RRV118 con_0004.nii -32 -58 46 1.29792 0.623236
RRV118 con_0004.nii -6 49 1 -0.414005 0.292253
RRV118 con_0005.nii 9 3 -6 0.503621 0.948355
RRV118 con_0005.nii -9 3 -6 -1.33083 0.559858
RRV118 con_0005.nii -30 33 -18 1.09752 0.511367
RRV118 con_0005.nii 46 28 31 0.613826 0.523096
RRV118 con_0005.nii -44 27 33 0.357033 0.495585
RRV118 con_0005.nii 44 8 34 0.211449 0.288889
RRV118 con_0005.nii -42 7 36 0.165951 0.456464
RRV118 con_0005.nii 54 -44 43 0.0994569 0.397903
RRV118 con_0005.nii -53 -50 39 -0.281597 0.275142
RRV118 con_0005.nii 32 -59 41 -0.0106148 0.358851
RRV118 con_0005.nii -32 -58 46 -0.722875 0.377304
RRV118 con_0005.nii -6 49 1 -0.607736 0.31287
RRV118 con_0006.nii 9 3 -6 1.0667 1.02848
RRV118 con_0006.nii -9 3 -6 -1.68826 0.492938
RRV118 con_0006.nii -30 33 -18 0.436183 0.396871
RRV118 con_0006.nii 46 28 31 0.0290818 0.49251
RRV118 con_0006.nii -44 27 33 0.204977 0.662346
RRV118 con_0006.nii 44 8 34 -0.0705452 0.323743
RRV118 con_0006.nii -42 7 36 0.142467 0.646734
RRV118 con_0006.nii 54 -44 43 1.49164 0.775979
RRV118 con_0006.nii -53 -50 39 0.184092 0.411595
RRV118 con_0006.nii 32 -59 41 0.588522 0.501616
RRV118 con_0006.nii -32 -58 46 0.575047 0.925953
RRV118 con_0006.nii -6 49 1 -1.02174 0.219682
RRV118 con_0007.nii 9 3 -6 -0.00291969 0.483706
RRV118 con_0007.nii -9 3 -6 0.00927304 0.476058
RRV118 con_0007.nii -30 33 -18 0.069042 0.20989
RRV118 con_0007.nii 46 28 31 0.37834 0.21307
RRV118 con_0007.nii -44 27 33 -0.0914257 0.33543
RRV118 con_0007.nii 44 8 34 0.424963 0.229531
RRV118 con_0007.nii -42 7 36 0.149007 0.182716
RRV118 con_0007.nii 54 -44 43 1.18155 0.54058
RRV118 con_0007.nii -53 -50 39 0.296882 0.193451
RRV118 con_0007.nii 32 -59 41 0.153183 0.303021
RRV118 con_0007.nii -32 -58 46 0.690556 0.578562
RRV118 con_0007.nii -6 49 1 -0.57219 0.335905
RRV118 con_0008.nii 9 3 -6 -0.0209492 0.622076
RRV118 con_0008.nii -9 3 -6 -0.54286 0.503692
RRV118 con_0008.nii -30 33 -18 -0.849928 0.317516
RRV118 con_0008.nii 46 28 31 -0.167585 0.506314
RRV118 con_0008.nii -44 27 33 -0.313055 0.13766
RRV118 con_0008.nii 44 8 34 -0.462881 0.208592
RRV118 con_0008.nii -42 7 36 0.0188276 0.21875
RRV118 con_0008.nii 54 -44 43 -0.0570395 0.256582
RRV118 con_0008.nii -53 -50 39 -0.414473 0.310137
RRV118 con_0008.nii 32 -59 41 -0.312468 0.152424
RRV118 con_0008.nii -32 -58 46 -0.722968 0.334749
RRV118 con_0008.nii -6 49 1 -1.04853 0.267158
RRV118 con_0009.nii 9 3 -6 -0.0238689 0.718258
RRV118 con_0009.nii -9 3 -6 -0.533587 0.573224
RRV118 con_0009.nii -30 33 -18 -0.780886 0.254529
RRV118 con_0009.nii 46 28 31 0.210755 0.458125
RRV118 con_0009.nii -44 27 33 -0.404481 0.380013
RRV118 con_0009.nii 44 8 34 -0.0379177 0.250667
RRV118 con_0009.nii -42 7 36 0.167835 0.26427
RRV118 con_0009.nii 54 -44 43 1.12451 0.753914
RRV118 con_0009.nii -53 -50 39 -0.117591 0.280155
RRV118 con_0009.nii 32 -59 41 -0.159285 0.356383
RRV118 con_0009.nii -32 -58 46 -0.0324114 0.506104
RRV118 con_0009.nii -6 49 1 -1.62072 0.385328
RRV118 con_0010.nii 9 3 -6 -0.0198899 0.329494
RRV118 con_0010.nii -9 3 -6 -0.498287 0.23443
RRV118 con_0010.nii -30 33 -18 -0.535513 0.26374
RRV118 con_0010.nii 46 28 31 0.155993 0.163764
RRV118 con_0010.nii -44 27 33 0.171055 0.116005
RRV118 con_0010.nii 44 8 34 0.207028 0.147646
RRV118 con_0010.nii -42 7 36 0.0790724 0.210475
RRV118 con_0010.nii 54 -44 43 0.995424 0.396068
RRV118 con_0010.nii -53 -50 39 0.281379 0.219133
RRV118 con_0010.nii 32 -59 41 0.501402 0.205089
RRV118 con_0010.nii -32 -58 46 0.751026 0.347904
RRV118 con_0010.nii -6 49 1 -0.454942 0.128934
RRV118 con_0011.nii 9 3 -6 0.292081 0.31483
RRV118 con_0011.nii -9 3 -6 -0.123194 0.21687
RRV118 con_0011.nii -30 33 -18 -0.27495 0.186874
RRV118 con_0011.nii 46 28 31 -0.251271 0.300679
RRV118 con_0011.nii -44 27 33 -0.0252287 0.186126
RRV118 con_0011.nii 44 8 34 -0.449715 0.471675
RRV118 con_0011.nii -42 7 36 -0.237252 0.20331
RRV118 con_0011.nii 54 -44 43 -0.512681 0.204564
RRV118 con_0011.nii -53 -50 39 -0.0965179 0.206225
RRV118 con_0011.nii 32 -59 41 0.0401389 0.250439
RRV118 con_0011.nii -32 -58 46 -0.516587 0.211011
RRV118 con_0011.nii -6 49 1 -0.00790576 0.17502
RRV118 con_0012.nii 9 3 -6 0.272191 0.372801
RRV118 con_0012.nii -9 3 -6 -0.621481 0.320143
RRV118 con_0012.nii -30 33 -18 -0.810463 0.41005
RRV118 con_0012.nii 46 28 31 -0.095278 0.272485
RRV118 con_0012.nii -44 27 33 0.145826 0.231389
RRV118 con_0012.nii 44 8 34 -0.242687 0.395118
RRV118 con_0012.nii -42 7 36 -0.158179 0.250874
RRV118 con_0012.nii 54 -44 43 0.482744 0.451965
RRV118 con_0012.nii -53 -50 39 0.184861 0.32503
RRV118 con_0012.nii 32 -59 41 0.541541 0.296782
RRV118 con_0012.nii -32 -58 46 0.234439 0.351218
RRV118 con_0012.nii -6 49 1 -0.462848 0.261882
RRV118 con_0013.nii 9 3 -6 -0.0264388 0.315024
RRV118 con_0013.nii -9 3 -6 -0.595495 0.403024
RRV118 con_0013.nii -30 33 -18 -0.601505 0.29455
RRV118 con_0013.nii 46 28 31 0.233282 0.189218
RRV118 con_0013.nii -44 27 33 0.305539 0.14215
RRV118 con_0013.nii 44 8 34 0.314328 0.257313
RRV118 con_0013.nii -42 7 36 0.376251 0.118255
RRV118 con_0013.nii 54 -44 43 0.391786 0.219472
RRV118 con_0013.nii -53 -50 39 0.202924 0.219092
RRV118 con_0013.nii 32 -59 41 0.12601 0.235243
RRV118 con_0013.nii -32 -58 46 0.760289 0.442016
RRV118 con_0013.nii -6 49 1 -0.871968 0.221954
RRV118 con_0014.nii 9 3 -6 -0.106337 0.293748
RRV118 con_0014.nii -9 3 -6 -0.21535 0.335261
RRV118 con_0014.nii -30 33 -18 0.018634 0.248829
RRV118 con_0014.nii 46 28 31 -0.214372 0.343618
RRV118 con_0014.nii -44 27 33 0.0138429 0.192051
RRV118 con_0014.nii 44 8 34 -0.517727 0.257489
RRV118 con_0014.nii -42 7 36 -0.00979139 0.384402
RRV118 con_0014.nii 54 -44 43 0.627316 0.430958
RRV118 con_0014.nii -53 -50 39 0.0158606 0.136758
RRV118 con_0014.nii 32 -59 41 -0.310888 0.113966
RRV118 con_0014.nii -32 -58 46 -0.70959 0.225292
RRV118 con_0014.nii -6 49 1 -0.289529 0.11805
RRV118 con_0015.nii 9 3 -6 -0.132776 0.480845
RRV118 con_0015.nii -9 3 -6 -0.810845 0.673119
RRV118 con_0015.nii -30 33 -18 -0.582871 0.476865
RRV118 con_0015.nii 46 28 31 0.0189108 0.374811
RRV118 con_0015.nii -44 27 33 0.319382 0.300071
RRV118 con_0015.nii 44 8 34 -0.203399 0.283212
RRV118 con_0015.nii -42 7 36 0.366459 0.356927
RRV118 con_0015.nii 54 -44 43 1.0191 0.618862
RRV118 con_0015.nii -53 -50 39 0.218784 0.308065
RRV118 con_0015.nii 32 -59 41 -0.184878 0.280978
RRV118 con_0015.nii -32 -58 46 0.050699 0.522506
RRV118 con_0015.nii -6 49 1 -1.1615 0.305367
RRV118 con_0016.nii 9 3 -6 0.352285 0.258563
RRV118 con_0016.nii -9 3 -6 -0.251872 0.263738
RRV118 con_0016.nii -30 33 -18 -0.406045 0.172805
RRV118 con_0016.nii 46 28 31 0.021934 0.172108
RRV118 con_0016.nii -44 27 33 -0.184037 0.241939
RRV118 con_0016.nii 44 8 34 0.114522 0.112615
RRV118 con_0016.nii -42 7 36 0.0382297 0.152969
RRV118 con_0016.nii 54 -44 43 0.710838 0.324877
RRV118 con_0016.nii -53 -50 39 0.221366 0.158361
RRV118 con_0016.nii 32 -59 41 0.26475 0.17233
RRV118 con_0016.nii -32 -58 46 0.822075 0.472141
RRV118 con_0016.nii -6 49 1 -0.58512 0.139447
RRV118 con_0017.nii 9 3 -6 -0.238711 0.205919
RRV118 con_0017.nii -9 3 -6 -0.614992 0.270526
RRV118 con_0017.nii -30 33 -18 0.162604 0.223223
RRV118 con_0017.nii 46 28 31 0.095592 0.368268
RRV118 con_0017.nii -44 27 33 0.0826534 0.168449
RRV118 con_0017.nii 44 8 34 -0.287143 0.200586
RRV118 con_0017.nii -42 7 36 -0.0820064 0.248773
RRV118 con_0017.nii 54 -44 43 0.186053 0.256014
RRV118 con_0017.nii -53 -50 39 -0.301458 0.250933
RRV118 con_0017.nii 32 -59 41 -0.182249 0.188203
RRV118 con_0017.nii -32 -58 46 -0.66125 0.269851
RRV118 con_0017.nii -6 49 1 -0.691233 0.133364
RRV118 con_0018.nii 9 3 -6 0.113574 0.325642
RRV118 con_0018.nii -9 3 -6 -0.866864 0.261608
RRV118 con_0018.nii -30 33 -18 -0.243441 0.246961
RRV118 con_0018.nii 46 28 31 0.117526 0.233821
RRV118 con_0018.nii -44 27 33 -0.101383 0.374982
RRV118 con_0018.nii 44 8 34 -0.172621 0.160942
RRV118 con_0018.nii -42 7 36 -0.0437767 0.256648
RRV118 con_0018.nii 54 -44 43 0.896891 0.545906
RRV118 con_0018.nii -53 -50 39 -0.0800926 0.239661
RRV118 con_0018.nii 32 -59 41 0.0825015 0.306454
RRV118 con_0018.nii -32 -58 46 0.160825 0.49073
RRV118 con_0018.nii -6 49 1 -1.27635 0.206232
RRV118 con_0019.nii 9 3 -6 0.516591 0.487624
RRV118 con_0019.nii -9 3 -6 0.0908283 0.313294
RRV118 con_0019.nii -30 33 -18 -0.0903311 0.208119
RRV118 con_0019.nii 46 28 31 0.116213 0.314384
RRV118 con_0019.nii -44 27 33 -0.479682 0.277518
RRV118 con_0019.nii 44 8 34 -0.00642985 0.19625
RRV118 con_0019.nii -42 7 36 -0.0899061 0.241548
RRV118 con_0019.nii 54 -44 43 -1.43665 0.570308
RRV118 con_0019.nii -53 -50 39 -0.379854 0.371693
RRV118 con_0019.nii 32 -59 41 -0.459472 0.178563
RRV118 con_0019.nii -32 -58 46 -0.27328 0.193304
RRV118 con_0019.nii -6 49 1 -0.314222 0.264337
RRV118 con_0020.nii 9 3 -6 -1.49089 0.726389
RRV118 con_0020.nii -9 3 -6 0.151907 0.544193
RRV118 con_0020.nii -30 33 -18 0.515174 0.266735
RRV118 con_0020.nii 46 28 31 0.0918061 0.354502
RRV118 con_0020.nii -44 27 33 0.229211 0.230569
RRV118 con_0020.nii 44 8 34 -0.160282 0.379603
RRV118 con_0020.nii -42 7 36 -0.193546 0.338539
RRV118 con_0020.nii 54 -44 43 1.02842 0.287123
RRV118 con_0020.nii -53 -50 39 -0.111787 0.395231
RRV118 con_0020.nii 32 -59 41 -0.263803 0.295814
RRV118 con_0020.nii -32 -58 46 -0.0213203 0.333638
RRV118 con_0020.nii -6 49 1 -0.409524 0.209937
RRV118 con_0021.nii 9 3 -6 -0.974294 1.02597
RRV118 con_0021.nii -9 3 -6 0.242735 0.64927
RRV118 con_0021.nii -30 33 -18 0.424843 0.356579
RRV118 con_0021.nii 46 28 31 0.208019 0.516908
RRV118 con_0021.nii -44 27 33 -0.250471 0.312911
RRV118 con_0021.nii 44 8 34 -0.166712 0.41946
RRV118 con_0021.nii -42 7 36 -0.283452 0.275011
RRV118 con_0021.nii 54 -44 43 -0.408224 0.378883
RRV118 con_0021.nii -53 -50 39 -0.491641 0.53098
RRV118 con_0021.nii 32 -59 41 -0.723274 0.334507
RRV118 con_0021.nii -32 -58 46 -0.2946 0.304559
RRV118 con_0021.nii -6 49 1 -0.723746 0.32509
RRV118 con_0022.nii 9 3 -6 0.582964 0.427688
RRV118 con_0022.nii -9 3 -6 0.140858 0.330589
RRV118 con_0022.nii -30 33 -18 -0.125821 0.152289
RRV118 con_0022.nii 46 28 31 -0.740737 0.304899
RRV118 con_0022.nii -44 27 33 -0.323111 0.245913
RRV118 con_0022.nii 44 8 34 -0.489022 0.182888
RRV118 con_0022.nii -42 7 36 -0.102556 0.430614
RRV118 con_0022.nii 54 -44 43 0.396761 0.23865
RRV118 con_0022.nii -53 -50 39 0.18431 0.264567
RRV118 con_0022.nii 32 -59 41 0.0977348 0.194969
RRV118 con_0022.nii -32 -58 46 0.546896 0.37096
RRV118 con_0022.nii -6 49 1 0.0409376 0.210377
RRV118 con_0023.nii 9 3 -6 0.211541 1.14027
RRV118 con_0023.nii -9 3 -6 -1.20764 0.613408
RRV118 con_0023.nii -30 33 -18 1.37247 0.559416
RRV118 con_0023.nii 46 28 31 0.865096 0.342997
RRV118 con_0023.nii -44 27 33 0.382262 0.531984
RRV118 con_0023.nii 44 8 34 0.661164 0.418143
RRV118 con_0023.nii -42 7 36 0.403202 0.397313
RRV118 con_0023.nii 54 -44 43 0.612138 0.318973
RRV118 con_0023.nii -53 -50 39 -0.185079 0.380716
RRV118 con_0023.nii 32 -59 41 -0.0507536 0.440588
RRV118 con_0023.nii -32 -58 46 -0.206288 0.396092
RRV118 con_0023.nii -6 49 1 -0.59983 0.361863
RRV118 con_0024.nii 9 3 -6 0.794505 1.08038
RRV118 con_0024.nii -9 3 -6 -1.06678 0.554401
RRV118 con_0024.nii -30 33 -18 1.24665 0.53076
RRV118 con_0024.nii 46 28 31 0.12436 0.351433
RRV118 con_0024.nii -44 27 33 0.0591507 0.715637
RRV118 con_0024.nii 44 8 34 0.172142 0.375531
RRV118 con_0024.nii -42 7 36 0.300646 0.721768
RRV118 con_0024.nii 54 -44 43 1.0089 0.459423
RRV118 con_0024.nii -53 -50 39 -0.000768923 0.245821
RRV118 con_0024.nii 32 -59 41 0.0469812 0.49551
RRV118 con_0024.nii -32 -58 46 0.340608 0.690461
RRV118 con_0024.nii -6 49 1 -0.558892 0.323145
RRV118 con_0025.nii 9 3 -6 0.0169702 0.453049
RRV118 con_0025.nii -9 3 -6 0.50756 0.386962
RRV118 con_0025.nii -30 33 -18 0.604555 0.356436
RRV118 con_0025.nii 46 28 31 0.222348 0.15129
RRV118 con_0025.nii -44 27 33 -0.26248 0.353217
RRV118 con_0025.nii 44 8 34 0.217935 0.204165
RRV118 con_0025.nii -42 7 36 0.0699347 0.252815
RRV118 con_0025.nii 54 -44 43 0.186127 0.265535
RRV118 con_0025.nii -53 -50 39 0.0155026 0.140505
RRV118 con_0025.nii 32 -59 41 -0.348219 0.35505
RRV118 con_0025.nii -32 -58 46 -0.0604691 0.339563
RRV118 con_0025.nii -6 49 1 -0.117248 0.415918
RRV118 con_0026.nii 9 3 -6 -0.31303 0.641171
RRV118 con_0026.nii -9 3 -6 -0.419666 0.543972
RRV118 con_0026.nii -30 33 -18 -0.574978 0.252904
RRV118 con_0026.nii 46 28 31 0.0836855 0.28087
RRV118 con_0026.nii -44 27 33 -0.287827 0.264782
RRV118 con_0026.nii 44 8 34 -0.0131656 0.374787
RRV118 con_0026.nii -42 7 36 0.256079 0.274101
RRV118 con_0026.nii 54 -44 43 0.455641 0.240764
RRV118 con_0026.nii -53 -50 39 -0.317955 0.424541
RRV118 con_0026.nii 32 -59 41 -0.352607 0.324777
RRV118 con_0026.nii -32 -58 46 -0.206381 0.20553
RRV118 con_0026.nii -6 49 1 -1.04063 0.286079
RRV118 con_0027.nii 9 3 -6 -0.29606 0.624469
RRV118 con_0027.nii -9 3 -6 0.0878941 0.450289
RRV118 con_0027.nii -30 33 -18 0.0295774 0.321278
RRV118 con_0027.nii 46 28 31 0.306033 0.305504
RRV118 con_0027.nii -44 27 33 -0.550307 0.464991
RRV118 con_0027.nii 44 8 34 0.20477 0.431401
RRV118 con_0027.nii -42 7 36 0.326014 0.308244
RRV118 con_0027.nii 54 -44 43 0.641768 0.405746
RRV118 con_0027.nii -53 -50 39 -0.302453 0.452983
RRV118 con_0027.nii 32 -59 41 -0.700827 0.546235
RRV118 con_0027.nii -32 -58 46 -0.26685 0.336945
RRV118 con_0027.nii -6 49 1 -1.15788 0.461337
RRV118 con_0028.nii 9 3 -6 0.372175 0.311442
RRV118 con_0028.nii -9 3 -6 0.246415 0.19275
RRV118 con_0028.nii -30 33 -18 0.129468 0.151774
RRV118 con_0028.nii 46 28 31 -0.134059 0.119594
RRV118 con_0028.nii -44 27 33 -0.355091 0.244047
RRV118 con_0028.nii 44 8 34 -0.0925056 0.113516
RRV118 con_0028.nii -42 7 36 -0.0408426 0.189798
RRV118 con_0028.nii 54 -44 43 -0.284586 0.15621
RRV118 con_0028.nii -53 -50 39 -0.0600136 0.186355
RRV118 con_0028.nii 32 -59 41 -0.236652 0.173136
RRV118 con_0028.nii -32 -58 46 0.071049 0.177404
RRV118 con_0028.nii -6 49 1 -0.130177 0.182181
RRV118 con_0029.nii 9 3 -6 -0.530792 0.384581
RRV118 con_0029.nii -9 3 -6 -0.491798 0.379455
RRV118 con_0029.nii -30 33 -18 0.437555 0.19025
RRV118 con_0029.nii 46 28 31 0.346863 0.165655
RRV118 con_0029.nii -44 27 33 0.107882 0.227915
RRV118 con_0029.nii 44 8 34 0.162572 0.337045
RRV118 con_0029.nii -42 7 36 0.155245 0.199755
RRV118 con_0029.nii 54 -44 43 0.698733 0.221554
RRV118 con_0029.nii -53 -50 39 -0.20494 0.376974
RRV118 con_0029.nii 32 -59 41 -0.222388 0.321203
RRV118 con_0029.nii -32 -58 46 -0.144663 0.179538
RRV118 con_0029.nii -6 49 1 -0.683327 0.145729
RRV118 con_0030.nii 9 3 -6 -0.158616 0.406965
RRV118 con_0030.nii -9 3 -6 -0.245383 0.315008
RRV118 con_0030.nii -30 33 -18 0.567022 0.281952
RRV118 con_0030.nii 46 28 31 0.212804 0.183498
RRV118 con_0030.nii -44 27 33 -0.247209 0.414303
RRV118 con_0030.nii 44 8 34 0.0700665 0.342537
RRV118 con_0030.nii -42 7 36 0.114403 0.327908
RRV118 con_0030.nii 54 -44 43 0.414147 0.25133
RRV118 con_0030.nii -53 -50 39 -0.264954 0.350049
RRV118 con_0030.nii 32 -59 41 -0.45904 0.390716
RRV118 con_0030.nii -32 -58 46 -0.0736141 0.23965
RRV118 con_0030.nii -6 49 1 -0.813505 0.287925
