RRV162 con_0001.nii 9 3 -6 0.15282 0.340609
RRV162 con_0001.nii -9 3 -6 0.800763 0.221172
RRV162 con_0001.nii -30 33 -18 0.068943 0.320678
RRV162 con_0001.nii 46 28 31 0.245683 0.24428
RRV162 con_0001.nii -44 27 33 -0.0900681 0.186756
RRV162 con_0001.nii 44 8 34 0.869896 0.54503
RRV162 con_0001.nii -42 7 36 0.337011 0.394527
RRV162 con_0001.nii 54 -44 43 0.0260247 0.180017
RRV162 con_0001.nii -53 -50 39 0.19234 0.326323
RRV162 con_0001.nii 32 -59 41 0.754697 0.334244
RRV162 con_0001.nii -32 -58 46 0.566378 0.331257
RRV162 con_0001.nii -6 49 1 -0.0153965 0.168905
RRV162 con_0002.nii 9 3 -6 0.00362163 0.228524
RRV162 con_0002.nii -9 3 -6 0.198247 0.389544
RRV162 con_0002.nii -30 33 -18 -0.0635299 0.286578
RRV162 con_0002.nii 46 28 31 -0.142889 0.525885
RRV162 con_0002.nii -44 27 33 -0.54559 0.410166
RRV162 con_0002.nii 44 8 34 1.26011 0.972566
RRV162 con_0002.nii -42 7 36 0.310915 0.422472
RRV162 con_0002.nii 54 -44 43 -0.801611 0.379312
RRV162 con_0002.nii -53 -50 39 -0.949051 0.454017
RRV162 con_0002.nii 32 -59 41 -0.129993 0.361939
RRV162 con_0002.nii -32 -58 46 -0.713871 0.617603
RRV162 con_0002.nii -6 49 1 -0.21271 0.292814
RRV162 con_0003.nii 9 3 -6 0.156442 0.384907
RRV162 con_0003.nii -9 3 -6 0.99901 0.513829
RRV162 con_0003.nii -30 33 -18 0.00541303 0.311636
RRV162 con_0003.nii 46 28 31 0.102794 0.716279
RRV162 con_0003.nii -44 27 33 -0.635658 0.346687
RRV162 con_0003.nii 44 8 34 2.13 1.49836
RRV162 con_0003.nii -42 7 36 0.647926 0.722201
RRV162 con_0003.nii 54 -44 43 -0.775586 0.522893
RRV162 con_0003.nii -53 -50 39 -0.756711 0.361475
RRV162 con_0003.nii 32 -59 41 0.624704 0.626274
RRV162 con_0003.nii -32 -58 46 -0.147492 0.72953
RRV162 con_0003.nii -6 49 1 -0.228106 0.347468
RRV162 con_0004.nii 9 3 -6 -0.07275 0.186212
RRV162 con_0004.nii -9 3 -6 0.0664088 0.218005
RRV162 con_0004.nii -30 33 -18 0.262759 0.288492
RRV162 con_0004.nii 46 28 31 0.167718 0.58009
RRV162 con_0004.nii -44 27 33 -0.396373 0.296936
RRV162 con_0004.nii 44 8 34 1.63022 0.825785
RRV162 con_0004.nii -42 7 36 0.388229 0.528483
RRV162 con_0004.nii 54 -44 43 -0.460255 0.576494
RRV162 con_0004.nii -53 -50 39 -0.545902 0.335291
RRV162 con_0004.nii 32 -59 41 0.371315 0.450136
RRV162 con_0004.nii -32 -58 46 -0.918322 0.747264
RRV162 con_0004.nii -6 49 1 -0.432665 0.313861
RRV162 con_0005.nii 9 3 -6 -0.273916 0.213509
RRV162 con_0005.nii -9 3 -6 0.216725 0.266718
RRV162 con_0005.nii -30 33 -18 0.0191451 0.348578
RRV162 con_0005.nii 46 28 31 -0.319279 0.155566
RRV162 con_0005.nii -44 27 33 -0.524605 0.349456
RRV162 con_0005.nii 44 8 34 0.643314 0.596616
RRV162 con_0005.nii -42 7 36 -0.347274 0.23516
RRV162 con_0005.nii 54 -44 43 -0.288598 0.184536
RRV162 con_0005.nii -53 -50 39 -0.363363 0.26862
RRV162 con_0005.nii 32 -59 41 -0.211523 0.333815
RRV162 con_0005.nii -32 -58 46 -0.827529 0.57151
RRV162 con_0005.nii -6 49 1 -0.0527113 0.201215
RRV162 con_0006.nii 9 3 -6 -0.346666 0.35299
RRV162 con_0006.nii -9 3 -6 0.283134 0.30222
RRV162 con_0006.nii -30 33 -18 0.281904 0.427883
RRV162 con_0006.nii 46 28 31 -0.151561 0.660561
RRV162 con_0006.nii -44 27 33 -0.920978 0.590552
RRV162 con_0006.nii 44 8 34 2.27353 1.33541
RRV162 con_0006.nii -42 7 36 0.0409548 0.620645
RRV162 con_0006.nii 54 -44 43 -0.748852 0.559731
RRV162 con_0006.nii -53 -50 39 -0.909264 0.437511
RRV162 con_0006.nii 32 -59 41 0.159792 0.66702
RRV162 con_0006.nii -32 -58 46 -1.74585 1.05379
RRV162 con_0006.nii -6 49 1 -0.485376 0.364426
RRV162 con_0007.nii 9 3 -6 -0.0146399 0.344936
RRV162 con_0007.nii -9 3 -6 0.458762 0.496418
RRV162 con_0007.nii -30 33 -18 0.459503 0.283623
RRV162 con_0007.nii 46 28 31 -0.0507606 0.629402
RRV162 con_0007.nii -44 27 33 -0.609774 0.215378
RRV162 con_0007.nii 44 8 34 1.1596 0.659835
RRV162 con_0007.nii -42 7 36 0.335526 0.456547
RRV162 con_0007.nii 54 -44 43 -0.955647 0.491266
RRV162 con_0007.nii -53 -50 39 -0.0572013 0.314471
RRV162 con_0007.nii 32 -59 41 -0.0283074 0.601398
RRV162 con_0007.nii -32 -58 46 -0.212282 0.420927
RRV162 con_0007.nii -6 49 1 -0.563594 0.278479
RRV162 con_0008.nii 9 3 -6 -0.257154 0.238356
RRV162 con_0008.nii -9 3 -6 0.165087 0.308679
RRV162 con_0008.nii -30 33 -18 -0.720533 0.432256
RRV162 con_0008.nii 46 28 31 -0.0493228 0.372772
RRV162 con_0008.nii -44 27 33 -0.421043 0.294255
RRV162 con_0008.nii 44 8 34 1.28055 0.768572
RRV162 con_0008.nii -42 7 36 0.0130755 0.346063
RRV162 con_0008.nii 54 -44 43 0.0841434 0.182685
RRV162 con_0008.nii -53 -50 39 -0.410449 0.330414
RRV162 con_0008.nii 32 -59 41 0.690631 0.444542
RRV162 con_0008.nii -32 -58 46 0.0612571 0.328536
RRV162 con_0008.nii -6 49 1 -0.246514 0.216335
RRV162 con_0009.nii 9 3 -6 -0.271794 0.386452
RRV162 con_0009.nii -9 3 -6 0.62385 0.50556
RRV162 con_0009.nii -30 33 -18 -0.26103 0.231456
RRV162 con_0009.nii 46 28 31 -0.100083 0.885129
RRV162 con_0009.nii -44 27 33 -1.03082 0.398833
RRV162 con_0009.nii 44 8 34 2.44015 1.39622
RRV162 con_0009.nii -42 7 36 0.348601 0.737199
RRV162 con_0009.nii 54 -44 43 -0.871504 0.555507
RRV162 con_0009.nii -53 -50 39 -0.467651 0.481393
RRV162 con_0009.nii 32 -59 41 0.662323 0.985648
RRV162 con_0009.nii -32 -58 46 -0.151025 0.686417
RRV162 con_0009.nii -6 49 1 -0.810109 0.475456
RRV162 con_0010.nii 9 3 -6 0.155581 0.101309
RRV162 con_0010.nii -9 3 -6 0.174163 0.134664
RRV162 con_0010.nii -30 33 -18 0.325739 0.292935
RRV162 con_0010.nii 46 28 31 -0.0617855 0.135175
RRV162 con_0010.nii -44 27 33 -0.293337 0.147663
RRV162 con_0010.nii 44 8 34 0.689804 0.395886
RRV162 con_0010.nii -42 7 36 0.143833 0.373191
RRV162 con_0010.nii 54 -44 43 -0.00428396 0.162082
RRV162 con_0010.nii -53 -50 39 0.218065 0.236872
RRV162 con_0010.nii 32 -59 41 0.092099 0.298749
RRV162 con_0010.nii -32 -58 46 0.162899 0.143936
RRV162 con_0010.nii -6 49 1 -0.472781 0.226968
RRV162 con_0011.nii 9 3 -6 0.0874677 0.189638
RRV162 con_0011.nii -9 3 -6 0.268442 0.184853
RRV162 con_0011.nii -30 33 -18 -0.0249079 0.139146
RRV162 con_0011.nii 46 28 31 0.143109 0.271291
RRV162 con_0011.nii -44 27 33 -0.0371009 0.151493
RRV162 con_0011.nii 44 8 34 1.25687 0.558103
RRV162 con_0011.nii -42 7 36 0.437389 0.389933
RRV162 con_0011.nii 54 -44 43 -0.137708 0.178049
RRV162 con_0011.nii -53 -50 39 -0.273666 0.263717
RRV162 con_0011.nii 32 -59 41 0.234383 0.250146
RRV162 con_0011.nii -32 -58 46 0.224654 0.372072
RRV162 con_0011.nii -6 49 1 -0.247396 0.219497
RRV162 con_0012.nii 9 3 -6 0.243049 0.181874
RRV162 con_0012.nii -9 3 -6 0.442605 0.245119
RRV162 con_0012.nii -30 33 -18 0.300831 0.222689
RRV162 con_0012.nii 46 28 31 0.0813238 0.373094
RRV162 con_0012.nii -44 27 33 -0.330438 0.241155
RRV162 con_0012.nii 44 8 34 1.94667 0.936959
RRV162 con_0012.nii -42 7 36 0.581222 0.727153
RRV162 con_0012.nii 54 -44 43 -0.141992 0.318556
RRV162 con_0012.nii -53 -50 39 -0.0556013 0.221607
RRV162 con_0012.nii 32 -59 41 0.326482 0.493814
RRV162 con_0012.nii -32 -58 46 0.387554 0.42942
RRV162 con_0012.nii -6 49 1 -0.720177 0.404174
RRV162 con_0013.nii 9 3 -6 0.364252 0.214095
RRV162 con_0013.nii -9 3 -6 0.290726 0.237142
RRV162 con_0013.nii -30 33 -18 0.30501 0.467115
RRV162 con_0013.nii 46 28 31 0.10806 0.400323
RRV162 con_0013.nii -44 27 33 -0.28138 0.268481
RRV162 con_0013.nii 44 8 34 1.36215 0.719993
RRV162 con_0013.nii -42 7 36 0.489298 0.592303
RRV162 con_0013.nii 54 -44 43 -0.237575 0.295793
RRV162 con_0013.nii -53 -50 39 -0.156963 0.181399
RRV162 con_0013.nii 32 -59 41 0.101901 0.44345
RRV162 con_0013.nii -32 -58 46 0.18761 0.298427
RRV162 con_0013.nii -6 49 1 -0.657363 0.356424
RRV162 con_0014.nii 9 3 -6 0.0473728 0.180561
RRV162 con_0014.nii -9 3 -6 0.396677 0.136134
RRV162 con_0014.nii -30 33 -18 0.202702 0.262952
RRV162 con_0014.nii 46 28 31 0.101216 0.441732
RRV162 con_0014.nii -44 27 33 -0.166902 0.239937
RRV162 con_0014.nii 44 8 34 1.55496 0.897389
RRV162 con_0014.nii -42 7 36 0.440557 0.526634
RRV162 con_0014.nii 54 -44 43 -0.243963 0.171231
RRV162 con_0014.nii -53 -50 39 -0.763189 0.546051
RRV162 con_0014.nii 32 -59 41 0.234547 0.29461
RRV162 con_0014.nii -32 -58 46 0.426047 0.221061
RRV162 con_0014.nii -6 49 1 -0.352179 0.220261
RRV162 con_0015.nii 9 3 -6 0.411625 0.26172
RRV162 con_0015.nii -9 3 -6 0.687403 0.285546
RRV162 con_0015.nii -30 33 -18 0.507712 0.492047
RRV162 con_0015.nii 46 28 31 0.209276 0.814594
RRV162 con_0015.nii -44 27 33 -0.448282 0.288119
RRV162 con_0015.nii 44 8 34 2.91711 1.60423
RRV162 con_0015.nii -42 7 36 0.929856 1.04621
RRV162 con_0015.nii 54 -44 43 -0.481538 0.408684
RRV162 con_0015.nii -53 -50 39 -0.920152 0.658482
RRV162 con_0015.nii 32 -59 41 0.336448 0.688623
RRV162 con_0015.nii -32 -58 46 0.613657 0.412165
RRV162 con_0015.nii -6 49 1 -1.00954 0.532389
RRV162 con_0016.nii 9 3 -6 0.0218101 0.111875
RRV162 con_0016.nii -9 3 -6 0.441978 0.183293
RRV162 con_0016.nii -30 33 -18 0.263735 0.277471
RRV162 con_0016.nii 46 28 31 0.12088 0.45294
RRV162 con_0016.nii -44 27 33 -0.365405 0.189829
RRV162 con_0016.nii 44 8 34 1.21991 0.651393
RRV162 con_0016.nii -42 7 36 0.353589 0.43211
RRV162 con_0016.nii 54 -44 43 -0.463292 0.392557
RRV162 con_0016.nii -53 -50 39 -0.136921 0.245085
RRV162 con_0016.nii 32 -59 41 0.365902 0.398609
RRV162 con_0016.nii -32 -58 46 -0.188075 0.435194
RRV162 con_0016.nii -6 49 1 -0.337219 0.201698
RRV162 con_0017.nii 9 3 -6 -0.175816 0.159792
RRV162 con_0017.nii -9 3 -6 0.193353 0.257364
RRV162 con_0017.nii -30 33 -18 -0.254973 0.294154
RRV162 con_0017.nii 46 28 31 -0.170497 0.321889
RRV162 con_0017.nii -44 27 33 -0.497079 0.335552
RRV162 con_0017.nii 44 8 34 1.06132 0.759103
RRV162 con_0017.nii -42 7 36 -0.00776126 0.264513
RRV162 con_0017.nii 54 -44 43 -0.335355 0.165204
RRV162 con_0017.nii -53 -50 39 -0.574288 0.278327
RRV162 con_0017.nii 32 -59 41 0.116372 0.359679
RRV162 con_0017.nii -32 -58 46 -0.493381 0.440521
RRV162 con_0017.nii -6 49 1 -0.170645 0.206048
RRV162 con_0018.nii 9 3 -6 -0.154006 0.249016
RRV162 con_0018.nii -9 3 -6 0.635331 0.350528
RRV162 con_0018.nii -30 33 -18 0.00876237 0.254892
RRV162 con_0018.nii 46 28 31 -0.0496167 0.742384
RRV162 con_0018.nii -44 27 33 -0.862485 0.428414
RRV162 con_0018.nii 44 8 34 2.28123 1.40438
RRV162 con_0018.nii -42 7 36 0.345827 0.659473
RRV162 con_0018.nii 54 -44 43 -0.798647 0.519781
RRV162 con_0018.nii -53 -50 39 -0.711209 0.390148
RRV162 con_0018.nii 32 -59 41 0.482273 0.727517
RRV162 con_0018.nii -32 -58 46 -0.681456 0.787273
RRV162 con_0018.nii -6 49 1 -0.507864 0.355626
RRV162 con_0019.nii 9 3 -6 -0.00276076 0.404163
RRV162 con_0019.nii -9 3 -6 0.6266 0.142789
RRV162 con_0019.nii -30 33 -18 -0.256796 0.193175
RRV162 con_0019.nii 46 28 31 0.307469 0.200415
RRV162 con_0019.nii -44 27 33 0.203269 0.201932
RRV162 con_0019.nii 44 8 34 0.180092 0.231332
RRV162 con_0019.nii -42 7 36 0.193177 0.209471
RRV162 con_0019.nii 54 -44 43 0.0303087 0.0961412
RRV162 con_0019.nii -53 -50 39 -0.0257252 0.17173
RRV162 con_0019.nii 32 -59 41 0.662598 0.251143
RRV162 con_0019.nii -32 -58 46 0.403479 0.293186
RRV162 con_0019.nii -6 49 1 0.457384 0.21169
RRV162 con_0020.nii 9 3 -6 -0.083846 0.308831
RRV162 con_0020.nii -9 3 -6 -0.070195 0.401345
RRV162 con_0020.nii -30 33 -18 -0.0386221 0.196337
RRV162 con_0020.nii 46 28 31 -0.285999 0.301864
RRV162 con_0020.nii -44 27 33 -0.508489 0.394004
RRV162 con_0020.nii 44 8 34 0.00323788 0.513219
RRV162 con_0020.nii -42 7 36 -0.126474 0.383616
RRV162 con_0020.nii 54 -44 43 -0.663902 0.270648
RRV162 con_0020.nii -53 -50 39 -0.675385 0.292691
RRV162 con_0020.nii 32 -59 41 -0.364376 0.316505
RRV162 con_0020.nii -32 -58 46 -0.938525 0.770653
RRV162 con_0020.nii -6 49 1 0.0346864 0.228975
RRV162 con_0021.nii 9 3 -6 -0.0866068 0.357776
RRV162 con_0021.nii -9 3 -6 0.556405 0.456455
RRV162 con_0021.nii -30 33 -18 -0.295418 0.334338
RRV162 con_0021.nii 46 28 31 0.02147 0.404802
RRV162 con_0021.nii -44 27 33 -0.305221 0.294203
RRV162 con_0021.nii 44 8 34 0.18333 0.694523
RRV162 con_0021.nii -42 7 36 0.0667036 0.5368
RRV162 con_0021.nii 54 -44 43 -0.633594 0.277749
RRV162 con_0021.nii -53 -50 39 -0.70111 0.311872
RRV162 con_0021.nii 32 -59 41 0.298221 0.35029
RRV162 con_0021.nii -32 -58 46 -0.535046 0.815737
RRV162 con_0021.nii -6 49 1 0.492071 0.338335
RRV162 con_0022.nii 9 3 -6 -0.228331 0.163182
RRV162 con_0022.nii -9 3 -6 -0.107754 0.257681
RRV162 con_0022.nii -30 33 -18 -0.0629807 0.152923
RRV162 con_0022.nii 46 28 31 0.229504 0.488719
RRV162 con_0022.nii -44 27 33 -0.103037 0.251591
RRV162 con_0022.nii 44 8 34 0.940413 0.474977
RRV162 con_0022.nii -42 7 36 0.244396 0.234229
RRV162 con_0022.nii 54 -44 43 -0.455971 0.437836
RRV162 con_0022.nii -53 -50 39 -0.763967 0.358813
RRV162 con_0022.nii 32 -59 41 0.279217 0.270485
RRV162 con_0022.nii -32 -58 46 -1.08122 0.654453
RRV162 con_0022.nii -6 49 1 0.0401159 0.224459
RRV162 con_0023.nii 9 3 -6 -0.361383 0.286315
RRV162 con_0023.nii -9 3 -6 -0.0517167 0.286359
RRV162 con_0023.nii -30 33 -18 0.044053 0.275062
RRV162 con_0023.nii 46 28 31 -0.462388 0.241734
RRV162 con_0023.nii -44 27 33 -0.487504 0.375628
RRV162 con_0023.nii 44 8 34 -0.613553 0.408456
RRV162 con_0023.nii -42 7 36 -0.784663 0.431668
RRV162 con_0023.nii 54 -44 43 -0.150889 0.194436
RRV162 con_0023.nii -53 -50 39 -0.0896964 0.27628
RRV162 con_0023.nii 32 -59 41 -0.445907 0.377024
RRV162 con_0023.nii -32 -58 46 -1.05218 0.853279
RRV162 con_0023.nii -6 49 1 0.194685 0.20809
RRV162 con_0024.nii 9 3 -6 -0.589714 0.378887
RRV162 con_0024.nii -9 3 -6 -0.159471 0.396406
RRV162 con_0024.nii -30 33 -18 -0.0189277 0.386681
RRV162 con_0024.nii 46 28 31 -0.232884 0.373609
RRV162 con_0024.nii -44 27 33 -0.590541 0.555076
RRV162 con_0024.nii 44 8 34 0.32686 0.493947
RRV162 con_0024.nii -42 7 36 -0.540267 0.329645
RRV162 con_0024.nii 54 -44 43 -0.60686 0.320242
RRV162 con_0024.nii -53 -50 39 -0.853663 0.327675
RRV162 con_0024.nii 32 -59 41 -0.16669 0.296244
RRV162 con_0024.nii -32 -58 46 -2.1334 1.24826
RRV162 con_0024.nii -6 49 1 0.234801 0.277028
RRV162 con_0025.nii 9 3 -6 -0.170221 0.283691
RRV162 con_0025.nii -9 3 -6 0.284599 0.479619
RRV162 con_0025.nii -30 33 -18 0.133764 0.185323
RRV162 con_0025.nii 46 28 31 0.011025 0.546446
RRV162 con_0025.nii -44 27 33 -0.316438 0.147619
RRV162 con_0025.nii 44 8 34 0.4698 0.319149
RRV162 con_0025.nii -42 7 36 0.191692 0.365066
RRV162 con_0025.nii 54 -44 43 -0.951363 0.347596
RRV162 con_0025.nii -53 -50 39 -0.275267 0.329024
RRV162 con_0025.nii 32 -59 41 -0.120406 0.397589
RRV162 con_0025.nii -32 -58 46 -0.375182 0.340521
RRV162 con_0025.nii -6 49 1 -0.0908134 0.181259
RRV162 con_0026.nii 9 3 -6 -0.344622 0.173056
RRV162 con_0026.nii -9 3 -6 -0.103355 0.271762
RRV162 con_0026.nii -30 33 -18 -0.695625 0.368521
RRV162 con_0026.nii 46 28 31 -0.192432 0.255236
RRV162 con_0026.nii -44 27 33 -0.383942 0.318921
RRV162 con_0026.nii 44 8 34 0.0236798 0.319985
RRV162 con_0026.nii -42 7 36 -0.424313 0.199967
RRV162 con_0026.nii 54 -44 43 0.221852 0.204962
RRV162 con_0026.nii -53 -50 39 -0.136783 0.257521
RRV162 con_0026.nii 32 -59 41 0.456247 0.43729
RRV162 con_0026.nii -32 -58 46 -0.163397 0.552631
RRV162 con_0026.nii -6 49 1 0.000881713 0.103735
RRV162 con_0027.nii 9 3 -6 -0.514843 0.397447
RRV162 con_0027.nii -9 3 -6 0.181245 0.388878
RRV162 con_0027.nii -30 33 -18 -0.561861 0.383266
RRV162 con_0027.nii 46 28 31 -0.181407 0.570967
RRV162 con_0027.nii -44 27 33 -0.70038 0.330062
RRV162 con_0027.nii 44 8 34 0.493479 0.54652
RRV162 con_0027.nii -42 7 36 -0.232621 0.336226
RRV162 con_0027.nii 54 -44 43 -0.729512 0.310206
RRV162 con_0027.nii -53 -50 39 -0.412049 0.388174
RRV162 con_0027.nii 32 -59 41 0.335841 0.775787
RRV162 con_0027.nii -32 -58 46 -0.538579 0.829851
RRV162 con_0027.nii -6 49 1 -0.0899317 0.224699
RRV162 con_0028.nii 9 3 -6 -0.133771 0.113041
RRV162 con_0028.nii -9 3 -6 0.267815 0.157838
RRV162 con_0028.nii -30 33 -18 -0.0620044 0.140848
RRV162 con_0028.nii 46 28 31 0.182666 0.365493
RRV162 con_0028.nii -44 27 33 -0.0720685 0.146668
RRV162 con_0028.nii 44 8 34 0.530102 0.282579
RRV162 con_0028.nii -42 7 36 0.209755 0.222704
RRV162 con_0028.nii 54 -44 43 -0.459008 0.243569
RRV162 con_0028.nii -53 -50 39 -0.354986 0.20728
RRV162 con_0028.nii 32 -59 41 0.273803 0.177913
RRV162 con_0028.nii -32 -58 46 -0.350975 0.343069
RRV162 con_0028.nii -6 49 1 0.135562 0.123164
RRV162 con_0029.nii 9 3 -6 -0.263284 0.207588
RRV162 con_0029.nii -9 3 -6 -0.0750888 0.256565
RRV162 con_0029.nii -30 33 -18 -0.230065 0.199262
RRV162 con_0029.nii 46 28 31 -0.313606 0.169139
RRV162 con_0029.nii -44 27 33 -0.459978 0.345876
RRV162 con_0029.nii 44 8 34 -0.195545 0.350615
RRV162 con_0029.nii -42 7 36 -0.44515 0.276794
RRV162 con_0029.nii 54 -44 43 -0.197647 0.0887651
RRV162 con_0029.nii -53 -50 39 -0.300621 0.156261
RRV162 con_0029.nii 32 -59 41 -0.118012 0.356652
RRV162 con_0029.nii -32 -58 46 -0.718035 0.68156
RRV162 con_0029.nii -6 49 1 0.0767509 0.142397
RRV162 con_0030.nii 9 3 -6 -0.397055 0.253935
RRV162 con_0030.nii -9 3 -6 0.192726 0.302422
RRV162 con_0030.nii -30 33 -18 -0.292069 0.29963
RRV162 con_0030.nii 46 28 31 -0.13094 0.428177
RRV162 con_0030.nii -44 27 33 -0.532047 0.376922
RRV162 con_0030.nii 44 8 34 0.334557 0.566872
RRV162 con_0030.nii -42 7 36 -0.235395 0.348495
RRV162 con_0030.nii 54 -44 43 -0.656655 0.252415
RRV162 con_0030.nii -53 -50 39 -0.655607 0.293337
RRV162 con_0030.nii 32 -59 41 0.155791 0.444041
RRV162 con_0030.nii -32 -58 46 -1.06901 0.941237
RRV162 con_0030.nii -6 49 1 0.212313 0.217191
