RRV146 con_0001.nii 9 3 -6 -0.518479 0.472566
RRV146 con_0001.nii -9 3 -6 -0.331152 0.291274
RRV146 con_0001.nii -30 33 -18 0.26427 0.312833
RRV146 con_0001.nii 46 28 31 -0.968632 0.351989
RRV146 con_0001.nii -44 27 33 -0.298328 0.318549
RRV146 con_0001.nii 44 8 34 -0.243919 0.315725
RRV146 con_0001.nii -42 7 36 0.687126 0.474778
RRV146 con_0001.nii 54 -44 43 -0.952876 0.423317
RRV146 con_0001.nii -53 -50 39 -0.673318 0.463078
RRV146 con_0001.nii 32 -59 41 0.731629 0.604523
RRV146 con_0001.nii -32 -58 46 0.392176 0.713072
RRV146 con_0001.nii -6 49 1 -0.236064 0.281563
RRV146 con_0002.nii 9 3 -6 0.422353 0.569795
RRV146 con_0002.nii -9 3 -6 -0.18546 0.367136
RRV146 con_0002.nii -30 33 -18 0.381901 0.579743
RRV146 con_0002.nii 46 28 31 0.234735 0.363838
RRV146 con_0002.nii -44 27 33 0.624779 0.35027
RRV146 con_0002.nii 44 8 34 -0.257841 0.329721
RRV146 con_0002.nii -42 7 36 0.760688 0.395112
RRV146 con_0002.nii 54 -44 43 -0.128883 0.248446
RRV146 con_0002.nii -53 -50 39 0.850674 0.308458
RRV146 con_0002.nii 32 -59 41 0.956066 0.37709
RRV146 con_0002.nii -32 -58 46 0.681503 0.326218
RRV146 con_0002.nii -6 49 1 0.640965 0.372789
RRV146 con_0003.nii 9 3 -6 -0.0961264 0.965466
RRV146 con_0003.nii -9 3 -6 -0.516613 0.561159
RRV146 con_0003.nii -30 33 -18 0.646171 0.619956
RRV146 con_0003.nii 46 28 31 -0.733898 0.580443
RRV146 con_0003.nii -44 27 33 0.326451 0.553615
RRV146 con_0003.nii 44 8 34 -0.50176 0.197588
RRV146 con_0003.nii -42 7 36 1.44781 0.807037
RRV146 con_0003.nii 54 -44 43 -1.08176 0.534872
RRV146 con_0003.nii -53 -50 39 0.177357 0.410651
RRV146 con_0003.nii 32 -59 41 1.6877 0.915048
RRV146 con_0003.nii -32 -58 46 1.07368 0.901407
RRV146 con_0003.nii -6 49 1 0.404901 0.326704
RRV146 con_0004.nii 9 3 -6 -0.144586 0.292845
RRV146 con_0004.nii -9 3 -6 0.0788094 0.38802
RRV146 con_0004.nii -30 33 -18 0.665013 0.633384
RRV146 con_0004.nii 46 28 31 0.0408524 0.427288
RRV146 con_0004.nii -44 27 33 0.192442 0.205789
RRV146 con_0004.nii 44 8 34 0.399988 0.344514
RRV146 con_0004.nii -42 7 36 1.07008 0.750086
RRV146 con_0004.nii 54 -44 43 -0.618299 0.20471
RRV146 con_0004.nii -53 -50 39 0.184087 0.237835
RRV146 con_0004.nii 32 -59 41 1.05682 0.54768
RRV146 con_0004.nii -32 -58 46 0.0515023 0.522269
RRV146 con_0004.nii -6 49 1 -0.0563592 0.374652
RRV146 con_0005.nii 9 3 -6 -0.576756 0.419555
RRV146 con_0005.nii -9 3 -6 -0.233557 0.395435
RRV146 con_0005.nii -30 33 -18 -0.0133315 0.329185
RRV146 con_0005.nii 46 28 31 -0.253566 0.328162
RRV146 con_0005.nii -44 27 33 -0.213899 0.355034
RRV146 con_0005.nii 44 8 34 -0.777634 0.278542
RRV146 con_0005.nii -42 7 36 -0.146775 0.530088
RRV146 con_0005.nii 54 -44 43 -1.08762 0.240626
RRV146 con_0005.nii -53 -50 39 -0.325845 0.241126
RRV146 con_0005.nii 32 -59 41 0.129158 0.389252
RRV146 con_0005.nii -32 -58 46 -0.324591 0.213125
RRV146 con_0005.nii -6 49 1 -0.130565 0.278626
RRV146 con_0006.nii 9 3 -6 -0.721341 0.560463
RRV146 con_0006.nii -9 3 -6 -0.154748 0.647345
RRV146 con_0006.nii -30 33 -18 0.651681 0.486741
RRV146 con_0006.nii 46 28 31 -0.212714 0.695341
RRV146 con_0006.nii -44 27 33 -0.0214571 0.397769
RRV146 con_0006.nii 44 8 34 -0.377646 0.402004
RRV146 con_0006.nii -42 7 36 0.9233 1.22707
RRV146 con_0006.nii 54 -44 43 -1.70592 0.381248
RRV146 con_0006.nii -53 -50 39 -0.141758 0.315991
RRV146 con_0006.nii 32 -59 41 1.18597 0.794578
RRV146 con_0006.nii -32 -58 46 -0.273089 0.699509
RRV146 con_0006.nii -6 49 1 -0.186924 0.267296
RRV146 con_0007.nii 9 3 -6 0.100594 0.710388
RRV146 con_0007.nii -9 3 -6 -0.24893 0.388498
RRV146 con_0007.nii -30 33 -18 0.126112 0.53341
RRV146 con_0007.nii 46 28 31 0.930748 0.359144
RRV146 con_0007.nii -44 27 33 0.372008 0.326294
RRV146 con_0007.nii 44 8 34 0.404311 0.423989
RRV146 con_0007.nii -42 7 36 1.04624 0.773855
RRV146 con_0007.nii 54 -44 43 -0.454283 0.306142
RRV146 con_0007.nii -53 -50 39 -0.0295388 0.280571
RRV146 con_0007.nii 32 -59 41 0.506365 0.339528
RRV146 con_0007.nii -32 -58 46 0.439243 0.566948
RRV146 con_0007.nii -6 49 1 -0.0928931 0.493983
RRV146 con_0008.nii 9 3 -6 -0.355118 0.271152
RRV146 con_0008.nii -9 3 -6 -0.069448 0.121846
RRV146 con_0008.nii -30 33 -18 0.192109 0.407489
RRV146 con_0008.nii 46 28 31 0.604549 0.447745
RRV146 con_0008.nii -44 27 33 0.296675 0.251514
RRV146 con_0008.nii 44 8 34 -0.375715 0.214668
RRV146 con_0008.nii -42 7 36 0.700704 0.563948
RRV146 con_0008.nii 54 -44 43 -0.498701 0.172247
RRV146 con_0008.nii -53 -50 39 0.0612008 0.356977
RRV146 con_0008.nii 32 -59 41 0.837606 0.535834
RRV146 con_0008.nii -32 -58 46 0.608584 0.441564
RRV146 con_0008.nii -6 49 1 0.160679 0.226802
RRV146 con_0009.nii 9 3 -6 -0.254525 0.895888
RRV146 con_0009.nii -9 3 -6 -0.318378 0.455828
RRV146 con_0009.nii -30 33 -18 0.31822 0.910238
RRV146 con_0009.nii 46 28 31 1.5353 0.555387
RRV146 con_0009.nii -44 27 33 0.668682 0.514455
RRV146 con_0009.nii 44 8 34 0.0285958 0.432273
RRV146 con_0009.nii -42 7 36 1.74695 1.28872
RRV146 con_0009.nii 54 -44 43 -0.952984 0.349739
RRV146 con_0009.nii -53 -50 39 0.0316621 0.595707
RRV146 con_0009.nii 32 -59 41 1.34397 0.818471
RRV146 con_0009.nii -32 -58 46 1.04783 0.86422
RRV146 con_0009.nii -6 49 1 0.0677861 0.560924
RRV146 con_0010.nii 9 3 -6 -0.075645 0.288436
RRV146 con_0010.nii -9 3 -6 0.191669 0.263871
RRV146 con_0010.nii -30 33 -18 0.280703 0.383825
RRV146 con_0010.nii 46 28 31 0.409288 0.331731
RRV146 con_0010.nii -44 27 33 -0.321686 0.224388
RRV146 con_0010.nii 44 8 34 0.237874 0.193052
RRV146 con_0010.nii -42 7 36 0.874938 0.520585
RRV146 con_0010.nii 54 -44 43 0.283188 0.12808
RRV146 con_0010.nii -53 -50 39 -0.0906655 0.174053
RRV146 con_0010.nii 32 -59 41 0.726494 0.432877
RRV146 con_0010.nii -32 -58 46 0.465036 0.614144
RRV146 con_0010.nii -6 49 1 -0.204197 0.304502
RRV146 con_0011.nii 9 3 -6 -0.069183 0.275123
RRV146 con_0011.nii -9 3 -6 0.0298658 0.394113
RRV146 con_0011.nii -30 33 -18 0.0531582 0.294371
RRV146 con_0011.nii 46 28 31 -0.497532 0.287631
RRV146 con_0011.nii -44 27 33 0.34883 0.264559
RRV146 con_0011.nii 44 8 34 -0.51012 0.272604
RRV146 con_0011.nii -42 7 36 0.730634 0.31986
RRV146 con_0011.nii 54 -44 43 -0.214242 0.231125
RRV146 con_0011.nii -53 -50 39 0.297948 0.202495
RRV146 con_0011.nii 32 -59 41 0.0453785 0.292626
RRV146 con_0011.nii -32 -58 46 0.271557 0.238647
RRV146 con_0011.nii -6 49 1 0.033185 0.254776
RRV146 con_0012.nii 9 3 -6 -0.144828 0.46704
RRV146 con_0012.nii -9 3 -6 0.221534 0.467781
RRV146 con_0012.nii -30 33 -18 0.333861 0.635718
RRV146 con_0012.nii 46 28 31 -0.088244 0.472946
RRV146 con_0012.nii -44 27 33 0.0271441 0.381957
RRV146 con_0012.nii 44 8 34 -0.272246 0.317484
RRV146 con_0012.nii -42 7 36 1.60557 0.794383
RRV146 con_0012.nii 54 -44 43 0.0689466 0.146378
RRV146 con_0012.nii -53 -50 39 0.207282 0.295824
RRV146 con_0012.nii 32 -59 41 0.771872 0.647701
RRV146 con_0012.nii -32 -58 46 0.736593 0.824983
RRV146 con_0012.nii -6 49 1 -0.171012 0.487975
RRV146 con_0013.nii 9 3 -6 -0.261096 0.216595
RRV146 con_0013.nii -9 3 -6 -0.0342592 0.290902
RRV146 con_0013.nii -30 33 -18 0.207224 0.338475
RRV146 con_0013.nii 46 28 31 0.279181 0.521998
RRV146 con_0013.nii -44 27 33 -0.666537 0.324828
RRV146 con_0013.nii 44 8 34 1.12674 0.468979
RRV146 con_0013.nii -42 7 36 1.38601 0.964573
RRV146 con_0013.nii 54 -44 43 -0.165583 0.321519
RRV146 con_0013.nii -53 -50 39 -0.13174 0.216341
RRV146 con_0013.nii 32 -59 41 1.06098 0.49398
RRV146 con_0013.nii -32 -58 46 0.096479 0.64204
RRV146 con_0013.nii -6 49 1 -0.647946 0.443713
RRV146 con_0014.nii 9 3 -6 -0.0650856 0.267035
RRV146 con_0014.nii -9 3 -6 0.0739834 0.1949
RRV146 con_0014.nii -30 33 -18 0.167138 0.104913
RRV146 con_0014.nii 46 28 31 -0.148604 0.261297
RRV146 con_0014.nii -44 27 33 0.496399 0.285888
RRV146 con_0014.nii 44 8 34 0.138136 0.330099
RRV146 con_0014.nii -42 7 36 1.29568 0.926179
RRV146 con_0014.nii 54 -44 43 -0.225197 0.134953
RRV146 con_0014.nii -53 -50 39 0.165705 0.177198
RRV146 con_0014.nii 32 -59 41 0.563076 0.482994
RRV146 con_0014.nii -32 -58 46 0.3558 0.306242
RRV146 con_0014.nii -6 49 1 0.137783 0.179506
RRV146 con_0015.nii 9 3 -6 -0.326181 0.429625
RRV146 con_0015.nii -9 3 -6 0.0397242 0.351482
RRV146 con_0015.nii -30 33 -18 0.374361 0.360232
RRV146 con_0015.nii 46 28 31 0.130577 0.657079
RRV146 con_0015.nii -44 27 33 -0.170138 0.324895
RRV146 con_0015.nii 44 8 34 1.26488 0.680741
RRV146 con_0015.nii -42 7 36 2.68169 1.8649
RRV146 con_0015.nii 54 -44 43 -0.39078 0.25848
RRV146 con_0015.nii -53 -50 39 0.0339645 0.342078
RRV146 con_0015.nii 32 -59 41 1.62406 0.955736
RRV146 con_0015.nii -32 -58 46 0.452279 0.89285
RRV146 con_0015.nii -6 49 1 -0.510163 0.521779
RRV146 con_0016.nii 9 3 -6 -0.18749 0.392288
RRV146 con_0016.nii -9 3 -6 -0.167091 0.187032
RRV146 con_0016.nii -30 33 -18 0.351798 0.421444
RRV146 con_0016.nii 46 28 31 0.000989234 0.294246
RRV146 con_0016.nii -44 27 33 0.0887072 0.144554
RRV146 con_0016.nii 44 8 34 0.186793 0.268826
RRV146 con_0016.nii -42 7 36 0.934482 0.651554
RRV146 con_0016.nii 54 -44 43 -0.675153 0.245226
RRV146 con_0016.nii -53 -50 39 -0.172923 0.226783
RRV146 con_0016.nii 32 -59 41 0.764937 0.458206
RRV146 con_0016.nii -32 -58 46 0.294307 0.568891
RRV146 con_0016.nii -6 49 1 -0.128439 0.270169
RRV146 con_0017.nii 9 3 -6 -0.16984 0.312659
RRV146 con_0017.nii -9 3 -6 -0.162822 0.137673
RRV146 con_0017.nii -30 33 -18 0.186893 0.23702
RRV146 con_0017.nii 46 28 31 0.195239 0.286927
RRV146 con_0017.nii -44 27 33 0.235852 0.161922
RRV146 con_0017.nii 44 8 34 -0.470397 0.156337
RRV146 con_0017.nii -42 7 36 0.438206 0.445232
RRV146 con_0017.nii 54 -44 43 -0.571734 0.144619
RRV146 con_0017.nii -53 -50 39 0.195343 0.211402
RRV146 con_0017.nii 32 -59 41 0.640943 0.383783
RRV146 con_0017.nii -32 -58 46 0.321832 0.258081
RRV146 con_0017.nii -6 49 1 0.223693 0.170523
RRV146 con_0018.nii 9 3 -6 -0.357331 0.635626
RRV146 con_0018.nii -9 3 -6 -0.329913 0.285639
RRV146 con_0018.nii -30 33 -18 0.538691 0.591399
RRV146 con_0018.nii 46 28 31 0.196228 0.482295
RRV146 con_0018.nii -44 27 33 0.324559 0.282815
RRV146 con_0018.nii 44 8 34 -0.283603 0.264758
RRV146 con_0018.nii -42 7 36 1.37269 1.07667
RRV146 con_0018.nii 54 -44 43 -1.24689 0.327477
RRV146 con_0018.nii -53 -50 39 0.0224203 0.385357
RRV146 con_0018.nii 32 -59 41 1.40588 0.82302
RRV146 con_0018.nii -32 -58 46 0.616139 0.778577
RRV146 con_0018.nii -6 49 1 0.0952544 0.305512
RRV146 con_0019.nii 9 3 -6 -0.442834 0.428617
RRV146 con_0019.nii -9 3 -6 -0.522821 0.503083
RRV146 con_0019.nii -30 33 -18 -0.016433 0.447293
RRV146 con_0019.nii 46 28 31 -1.37792 0.313391
RRV146 con_0019.nii -44 27 33 0.023358 0.330037
RRV146 con_0019.nii 44 8 34 -0.481793 0.342332
RRV146 con_0019.nii -42 7 36 -0.187812 0.173473
RRV146 con_0019.nii 54 -44 43 -1.23606 0.46401
RRV146 con_0019.nii -53 -50 39 -0.582652 0.377478
RRV146 con_0019.nii 32 -59 41 0.00513494 0.269602
RRV146 con_0019.nii -32 -58 46 -0.0728601 0.196927
RRV146 con_0019.nii -6 49 1 -0.0318671 0.345738
RRV146 con_0020.nii 9 3 -6 0.491536 0.371203
RRV146 con_0020.nii -9 3 -6 -0.215326 0.352819
RRV146 con_0020.nii -30 33 -18 0.328743 0.340902
RRV146 con_0020.nii 46 28 31 0.732267 0.351584
RRV146 con_0020.nii -44 27 33 0.275949 0.328291
RRV146 con_0020.nii 44 8 34 0.252279 0.241019
RRV146 con_0020.nii -42 7 36 0.0300544 0.187373
RRV146 con_0020.nii 54 -44 43 0.085359 0.284944
RRV146 con_0020.nii -53 -50 39 0.552726 0.247966
RRV146 con_0020.nii 32 -59 41 0.910688 0.397415
RRV146 con_0020.nii -32 -58 46 0.409946 0.295127
RRV146 con_0020.nii -6 49 1 0.60778 0.238038
RRV146 con_0021.nii 9 3 -6 0.0487015 0.712707
RRV146 con_0021.nii -9 3 -6 -0.738147 0.744893
RRV146 con_0021.nii -30 33 -18 0.31231 0.372939
RRV146 con_0021.nii 46 28 31 -0.645654 0.388071
RRV146 con_0021.nii -44 27 33 0.299307 0.515198
RRV146 con_0021.nii 44 8 34 -0.229514 0.337985
RRV146 con_0021.nii -42 7 36 -0.157758 0.24796
RRV146 con_0021.nii 54 -44 43 -1.15071 0.464861
RRV146 con_0021.nii -53 -50 39 -0.0299257 0.263696
RRV146 con_0021.nii 32 -59 41 0.915823 0.490475
RRV146 con_0021.nii -32 -58 46 0.337086 0.319562
RRV146 con_0021.nii -6 49 1 0.575913 0.342866
RRV146 con_0022.nii 9 3 -6 -0.0689406 0.313719
RRV146 con_0022.nii -9 3 -6 -0.112859 0.286668
RRV146 con_0022.nii -30 33 -18 0.38431 0.360134
RRV146 con_0022.nii 46 28 31 -0.368436 0.412671
RRV146 con_0022.nii -44 27 33 0.514128 0.25982
RRV146 con_0022.nii 44 8 34 0.162115 0.306569
RRV146 con_0022.nii -42 7 36 0.195137 0.298463
RRV146 con_0022.nii 54 -44 43 -0.901487 0.17982
RRV146 con_0022.nii -53 -50 39 0.274753 0.266212
RRV146 con_0022.nii 32 -59 41 0.330323 0.416378
RRV146 con_0022.nii -32 -58 46 -0.413534 0.282434
RRV146 con_0022.nii -6 49 1 0.147837 0.23022
RRV146 con_0023.nii 9 3 -6 -0.507573 0.48961
RRV146 con_0023.nii -9 3 -6 -0.263423 0.512023
RRV146 con_0023.nii -30 33 -18 -0.0664897 0.572304
RRV146 con_0023.nii 46 28 31 0.243966 0.251023
RRV146 con_0023.nii -44 27 33 -0.562729 0.391088
RRV146 con_0023.nii 44 8 34 -0.267514 0.391019
RRV146 con_0023.nii -42 7 36 -0.877409 0.384935
RRV146 con_0023.nii 54 -44 43 -0.873376 0.249178
RRV146 con_0023.nii -53 -50 39 -0.623793 0.262085
RRV146 con_0023.nii 32 -59 41 0.0837792 0.199685
RRV146 con_0023.nii -32 -58 46 -0.596148 0.20118
RRV146 con_0023.nii -6 49 1 -0.16375 0.472509
RRV146 con_0024.nii 9 3 -6 -0.576513 0.596451
RRV146 con_0024.nii -9 3 -6 -0.376282 0.527533
RRV146 con_0024.nii -30 33 -18 0.31782 0.633439
RRV146 con_0024.nii 46 28 31 -0.12447 0.562496
RRV146 con_0024.nii -44 27 33 -0.0486012 0.420456
RRV146 con_0024.nii 44 8 34 -0.1054 0.631124
RRV146 con_0024.nii -42 7 36 -0.682272 0.629957
RRV146 con_0024.nii 54 -44 43 -1.77486 0.367971
RRV146 con_0024.nii -53 -50 39 -0.34904 0.240013
RRV146 con_0024.nii 32 -59 41 0.414102 0.482814
RRV146 con_0024.nii -32 -58 46 -1.00968 0.415535
RRV146 con_0024.nii -6 49 1 -0.0159127 0.336352
RRV146 con_0025.nii 9 3 -6 0.176239 0.513362
RRV146 con_0025.nii -9 3 -6 -0.440599 0.386815
RRV146 con_0025.nii -30 33 -18 -0.154591 0.254913
RRV146 con_0025.nii 46 28 31 0.52146 0.285979
RRV146 con_0025.nii -44 27 33 0.693694 0.282897
RRV146 con_0025.nii 44 8 34 0.166438 0.42736
RRV146 con_0025.nii -42 7 36 0.171305 0.304912
RRV146 con_0025.nii 54 -44 43 -0.737471 0.305931
RRV146 con_0025.nii -53 -50 39 0.0611267 0.258257
RRV146 con_0025.nii 32 -59 41 -0.220129 0.228219
RRV146 con_0025.nii -32 -58 46 -0.0257928 0.303303
RRV146 con_0025.nii -6 49 1 0.111304 0.473071
RRV146 con_0026.nii 9 3 -6 -0.285935 0.32345
RRV146 con_0026.nii -9 3 -6 -0.0993137 0.402898
RRV146 con_0026.nii -30 33 -18 0.13895 0.212055
RRV146 con_0026.nii 46 28 31 1.10208 0.462623
RRV146 con_0026.nii -44 27 33 -0.0521556 0.203989
RRV146 con_0026.nii 44 8 34 0.134404 0.269151
RRV146 con_0026.nii -42 7 36 -0.0299297 0.331182
RRV146 con_0026.nii 54 -44 43 -0.284459 0.280953
RRV146 con_0026.nii -53 -50 39 -0.236747 0.279831
RRV146 con_0026.nii 32 -59 41 0.792228 0.415837
RRV146 con_0026.nii -32 -58 46 0.337027 0.247128
RRV146 con_0026.nii -6 49 1 0.127494 0.344527
RRV146 con_0027.nii 9 3 -6 -0.109697 0.534233
RRV146 con_0027.nii -9 3 -6 -0.539913 0.324202
RRV146 con_0027.nii -30 33 -18 -0.015641 0.377326
RRV146 con_0027.nii 46 28 31 1.62354 0.348574
RRV146 con_0027.nii -44 27 33 0.641538 0.401147
RRV146 con_0027.nii 44 8 34 0.300842 0.44366
RRV146 con_0027.nii -42 7 36 0.141376 0.542374
RRV146 con_0027.nii 54 -44 43 -1.02193 0.369472
RRV146 con_0027.nii -53 -50 39 -0.17562 0.501146
RRV146 con_0027.nii 32 -59 41 0.572099 0.439837
RRV146 con_0027.nii -32 -58 46 0.311234 0.198378
RRV146 con_0027.nii -6 49 1 0.238798 0.508064
RRV146 con_0028.nii 9 3 -6 -0.111845 0.254042
RRV146 con_0028.nii -9 3 -6 -0.35876 0.260453
RRV146 con_0028.nii -30 33 -18 0.071095 0.21911
RRV146 con_0028.nii 46 28 31 -0.408299 0.241234
RRV146 con_0028.nii -44 27 33 0.410393 0.151502
RRV146 con_0028.nii 44 8 34 -0.0510802 0.26613
RRV146 con_0028.nii -42 7 36 0.0595436 0.181493
RRV146 con_0028.nii 54 -44 43 -0.958341 0.262561
RRV146 con_0028.nii -53 -50 39 -0.0822575 0.167948
RRV146 con_0028.nii 32 -59 41 0.038443 0.221598
RRV146 con_0028.nii -32 -58 46 -0.170729 0.162057
RRV146 con_0028.nii -6 49 1 0.0757579 0.22483
RRV146 con_0029.nii 9 3 -6 -0.100657 0.258959
RRV146 con_0029.nii -9 3 -6 -0.192687 0.316139
RRV146 con_0029.nii -30 33 -18 0.133735 0.124817
RRV146 con_0029.nii 46 28 31 0.692771 0.262731
RRV146 con_0029.nii -44 27 33 -0.112979 0.151651
RRV146 con_0029.nii 44 8 34 0.039723 0.203608
RRV146 con_0029.nii -42 7 36 -0.292428 0.210171
RRV146 con_0029.nii 54 -44 43 -0.357492 0.212655
RRV146 con_0029.nii -53 -50 39 -0.102605 0.143566
RRV146 con_0029.nii 32 -59 41 0.595565 0.27795
RRV146 con_0029.nii -32 -58 46 0.0502749 0.117819
RRV146 con_0029.nii -6 49 1 0.190508 0.269454
RRV146 con_0030.nii 9 3 -6 -0.212503 0.322652
RRV146 con_0030.nii -9 3 -6 -0.551447 0.283608
RRV146 con_0030.nii -30 33 -18 0.20483 0.306685
RRV146 con_0030.nii 46 28 31 0.284472 0.229102
RRV146 con_0030.nii -44 27 33 0.297415 0.194688
RRV146 con_0030.nii 44 8 34 -0.0113572 0.421177
RRV146 con_0030.nii -42 7 36 -0.232885 0.37074
RRV146 con_0030.nii 54 -44 43 -1.31583 0.292104
RRV146 con_0030.nii -53 -50 39 -0.184862 0.258481
RRV146 con_0030.nii 32 -59 41 0.634008 0.432302
RRV146 con_0030.nii -32 -58 46 -0.120454 0.167298
RRV146 con_0030.nii -6 49 1 0.266266 0.303322
