0.0482597587562153   0.0142401010165518   0   0   0
0.0697424661584318   0.00960408439034664   0.0214827074022165   -0.00463601662620517   0
0.0617631790873527   0.0275528439710404   -0.00797928707107908   0.0179487595806938   0
0.0701881186034616   0.0174042813998711   0.00842493951610896   -0.0101485625711693   0
0.0678982503916382   0.0216786487925268   -0.00228986821182342   0.00427436739265571   0
0.106888103489869   0.0140438375869596   0.0389898530982306   -0.0076348112055672   0
0.104924595497957   0.0113163496985841   -0.00196350799191132   -0.00272748788837555   0
0.133908227524114   0.0136897451140443   0.028983632026157   0.00237339541546023   0
0.0931694476395889   0.0138655182684637   -0.0407387798845255   0.00017577315441937   0
0.0555681348768339   0.011344417695519   -0.0376013127627551   -0.0025211005729447   0
0.0478737424204219   0.00548340490623376   -0.00769439245641201   -0.00586101278928522   0
0.025948526574719   0.0148281761260446   -0.0219252158457028   0.00934477121981088   0
0.072848090841902   0.00932802047776129   0.0468995642671829   -0.00550015564828334   0
0.064917625483223   0.0121070360380855   -0.007930465358679   0.00277901556032417   0
0.0371540319890063   0.00594337496896755   -0.0277635934942167   -0.00616366106911791   0
0.0381067010221837   0.0224286697517017   0.000952669033177492   0.0164852947827342   0
0.0157644926979272   0.0361155138627173   -0.0223422083242565   0.0136868441110156   0
0.0264054739598232   0.00372835314462699   0.010640981261896   -0.0323871607180903   0
0.073859347190663   0.0151916063927593   0.0474538732308398   0.0114632532481323   0
0.0787569756127189   0.0263708361818032   0.00489762842205589   0.0111792297890439   0
0.00981483215341964   0.0178366730803596   -0.0689421434592993   -0.00853416310144358   0
0.176667533301666   0.0110379274483483   0.166852701148247   -0.00679874563201134   0
0.00598509794758615   0.0230040142008411   -0.17068243535408   0.0119660867524929   0
0.0186713375495089   0.0114954167864512   0.0126862396019227   -0.0115085974143899   0
0.117993578577395   0.0397391441282711   0.0993222410278866   0.0282437273418198   0
0.0723131856616758   0.0708134583876187   -0.0456803929157197   0.0310743142593476   0
0.0360964491787281   0.0430651298334279   -0.0362167364829477   -0.0277483285541908   0
0.079855204488499   0.037869872704551   0.043758755309771   -0.00519525712887684   0
0.0403957951608135   0.0713212115291498   -0.0394594093276856   0.0334513388245987   0
0.0307650277862212   0.0486660555366441   -0.00963076737459228   -0.0226551559925057   0
0.0333094836850658   0.0684093038573206   0.00254445589884461   0.0197432483206766   0
0.111772212067581   0.0636375601638883   0.0784627283825157   -0.00477174369343239   0
0.0170326465531872   0.0646357146439567   -0.0947395655143942   0.000998154480068444   0
0.0431897452057881   0.0613583043344175   0.0261570986526009   -0.00327741030953919   0
0.0430720223802923   0.084439901075173   -0.000117722825495853   0.0230815967407555   0
0.0623766352499075   0.0925646276893204   0.0193046128696152   0.0081247266141474   0
0.0375614975900602   0.0760753218640086   -0.0248151376598472   -0.0164893058253118   0
0.0296665085632351   0.0980927357915075   -0.00789498902682516   0.022017413927499   0
0.184016292342553   0.0851160534735516   0.154349783779318   -0.0129766823179559   0
0.0760009413360525   0.113500512255155   -0.108015351006501   0.028384458781603   0
0.0333833511528861   0.0630729572862736   -0.0426175901831665   -0.050427554968881   0
0.0653784844866604   0.0672413836293915   0.0319951333337744   0.00416842634311786   0
0.0201557825874958   0.0904924322846667   -0.0452227018991646   0.0232510486552752   0
0.0340053722885326   0.0680431605286306   0.0138495897010368   -0.0224492717560361   0
0.0622995677809245   0.0863842489061229   0.0282941954923919   0.0183410883774923   0
0.138359175517202   0.0768605090490234   0.0760596077362778   -0.00952373985709955   0
0.0151431452473025   0.0657391590759731   -0.1232160302699   -0.0111213499730502   0
0.0927614910328747   0.0846541697416037   0.0776183457855722   0.0189150106656305   0
0.0918084447726727   0.0502156470113261   -0.000953046260201984   -0.0344385227302776   0
0.192286777110466   0.0738098233318235   0.100478332337793   0.0235941763204975   0
0.0791218951180392   0.0637512848969815   -0.113164881992427   -0.010058538434842   0
0.00752378682070405   0.0824796814307924   -0.0715981082973352   0.0187283965338109   0
0.0239026503373182   0.101556762708805   0.0163788635166142   0.0190770812780125   0
0.0587643476193482   0.0843298099118343   0.03486169728203   -0.0172269527969706   0
0.011165249573731   0.0713853763151285   -0.0475990980456172   -0.0129444335967058   0
0.0483108764163982   0.0735689483519032   0.0371456268426673   0.00218357203677474   0
0.0564468520127996   0.0855878177840895   0.00813597559640138   0.0120188694321863   0
0.116323386442249   0.0511840295420429   0.0598765344294498   -0.0344037882420465   0
0.161551950516354   0.110998999540213   0.0452285640741043   0.0598149699981696   0
0.0256590510538679   0.120179781667487   -0.135892899462486   0.00918078212727398   0
0.0967835722991128   0.089005109498135   0.0711245212452449   -0.0311746721693515   0
0.0617354483067062   0.117993462171947   -0.0350481239924066   0.0289883526738116   0
0.0481157385982632   0.120374385581007   -0.013619709708443   0.0023809234090606   0
0.020106577956828   0.120374385581007   -0.0280091606414353   0   0
0.0831631452950765   0.119113992894045   0.0630565673382485   -0.00126039268696268   0
0.0971031430256487   0.11763306009919   0.0139399977305723   -0.00148093279485474   0
0.150013781410409   0.100407005681909   0.0529106383847603   -0.0172260544172808   0
0.0214119874093672   0.131089997575987   -0.128601794001042   0.0306829918940778   0
0.0209640652031542   0.114696094370848   -0.000447922206213029   -0.0163939032051389   0
0.0163759296109687   0.12943704532092   -0.00458813559218553   0.0147409509500725   0
0.084525252335382   0.131396449098187   0.0681493227244133   0.00195940377726678   0
0.0185303866320296   0.0933689774301746   -0.0659948657033524   -0.0380274716680126   0
0.0219129179497506   0.117813586781458   0.00338253131772099   0.0244446093512838   0
0.0195938163409531   0.148995789523898   -0.00231910160879747   0.0311822027424392   0
0.0370652046874437   0.135068882430872   0.0174713883464906   -0.0139269070930256   0
0.142629030976487   0.135124203950939   0.105563826289043   5.53215200671253e-05   0
0.0458651869514341   0.145007818826286   -0.0967638440250526   0.00988361487534697   0
0.125024746336595   0.112804358200274   0.0791595593851612   -0.0322034606260126   0
0.142733753249687   0.144956636196707   0.0177090069130912   0.0321522779964337   0
0.0958634642980317   0.119316970112061   -0.0468702889516548   -0.0256396660846461   0
0.144691340745283   0.108466985348522   0.0488278764472513   -0.0108499847635396   0
0.0494939820528736   0.129574855741045   -0.0951973586924094   0.0211078703925229   0
0.144472597115017   0.118067730719517   0.0949786150621437   -0.0115071250215275   0
0.0769545649251557   0.110345574478259   -0.0675180321898616   -0.00772215624125853   0
0.0654182726183625   0.111289067195805   -0.0115362923067931   0.000943492717546915   0
0.128119022662991   0.120472642325245   0.0627007500446285   0.00918357512943949   0
0.170410559957821   0.12222277025203   0.04229153729483   0.00175012792678551   0
0.0831459433433766   0.0962132429205564   -0.0872646166144444   -0.0260095273314741   0
0.0217399903868723   0.132927009090058   -0.0614059529565043   0.0367137661695011   0
0.0108298243710505   0.113397776798817   -0.0109101660158218   -0.0195292322912402   0
0.103101030968494   0.123935134572737   0.0922712065974437   0.0105373577739199   0
0.0288426173082402   0.113380388555131   -0.074258413660254   -0.0105547460176062   0
0.0755195562409499   0.106544434217493   0.0466769389327097   -0.00683595433763853   0
0.0414915023863923   0.126764548201429   -0.0340280538545576   0.0202201139839368   0
0.104334868095894   0.106235444361051   0.0628433657095017   -0.0205291038403781   0
0.0183120298918389   0.106407430867973   -0.0860228382040551   0.000171986506922031   0
0.0482047622843428   0.102801068090707   0.029892732392504   -0.00360636277726628   0
0.0324985624122053   0.123323407456127   -0.0157061998721376   0.0205223393654204   0
0.0862499646556015   0.0945713288811149   0.0537514022433962   -0.0287520785750124   0
0.0354256352083135   0.089791583243508   -0.050824329447288   -0.00477974563760697   0
0.0378023095518316   0.124948084423276   0.00237667434351814   0.0351565011797685   0
0.0366551517137714   0.106573708456746   -0.0011471578380602   -0.0183743759665307   0
0.0846693645753882   0.0901523182929243   0.0480142128616168   -0.0164213901638215   0
0.0512631981518287   0.136502479855108   -0.0334061664235595   0.0463501615621835   0
0.09336759607531   0.132513727802778   0.0421043979234813   -0.00398875205232987   0
0.106884842591895   0.0809313827452931   0.0135172465165847   -0.0515823450574848   0
0.124537403711947   0.0975935093431358   0.0176525611200525   0.0166621265978426   0
0.143247434206691   0.0930979028645448   0.0187100304947443   -0.00449560647859092   0
0.137473793030999   0.0930674567643074   -0.00577364117569229   -3.04461002374468e-05   0
0.0258534936567575   0.101784546990868   -0.111620299374242   0.00871709022656066   0
0.0255801121583859   0.110180139314942   -0.000273381498371635   0.00839559232407416   0
0.0303243573680713   0.101368770175022   0.00474424520968544   -0.0088113691399201   0
0.11594359142259   0.08146028522468   0.0856192340545183   -0.0199084849503421   0
0.0764739573381841   0.108030510259899   -0.0394696340844055   0.0265702250352194   0
0.0738856181643329   0.0921136360047428   -0.00258833917385119   -0.0159168742551567   0
0.0712108066108881   0.107996808088833   -0.00267481155344482   0.0158831720840902   0
0.0894425186699419   0.104040138303754   0.0182317120590538   -0.00395666978507904   0
0.122316556026075   0.0847183168656609   0.0328740373561334   -0.019321821438093   0
0.107087688163066   0.0916368742083256   -0.0152288678630096   0.00691855734266474   0
0.0496166319615711   0.0964927600253358   -0.0574710562014946   0.00485588581701019   0
0.0830496840172797   0.0830854652429083   0.0334330520557086   -0.0134072947824275   0
0.0587411629952081   0.0717451784561834   -0.0243085210220716   -0.0113402867867249   0
0.132049731098543   0.100478819359371   0.0733085681033353   0.0287336409031873   0
0.174938192864663   0.0756535297977043   0.0428884617661199   -0.0248252895616664   0
0.0650545381924743   0.100042489477947   -0.109883654672189   0.0243889596802432   0
0.0845116027154852   0.108719806654445   0.0194570645230109   0.00867731717649754   0
0.079183758959524   0.102217766391047   -0.00532784375596117   -0.00650204026339765   0
0.202156497196331   0.0788183451390482   0.122972738236807   -0.0233994212519991   0
0.10184070276471   0.10672176094272   -0.100315794431621   0.0279034158036714   0
0.108685794169477   0.103250350762091   0.00684509140476741   -0.0034714101806291   0
0.13864009308555   0.0761624160486492   0.0299542989160728   -0.0270879347134414   0
0.0582655194689012   0.122163646211748   -0.080374573616649   0.0460012301630993   0
0.0428170901241735   0.117970963950307   -0.0154484293447276   -0.00419268226144109   0
0.075017165511968   0.108636263661046   0.0322000753877944   -0.00933470028926173   0
0.0740409897554726   0.0927424600438344   -0.00097617575649539   -0.0158938036172112   0
0.156787990136522   0.110338132643761   0.082747000381049   0.0175956725999268   0
0.092216216398961   0.0978096314457438   -0.0645717737375607   -0.0125285011980175   0
0.104100804069661   0.0873879648518732   0.0118845876707003   -0.0104216665938706   0
0.0878387522077243   0.0847525114448855   -0.0162620518619369   -0.00263545340698768   0
0.121681638290459   0.070267480878773   0.0338428860827343   -0.0144850305661125   0
0.111878341631564   0.100114785034303   -0.00980329665889479   0.0298473041555301   0
0.174963929798179   0.0951837906402889   0.0630855881666149   -0.00493099439401423   0
0.0664221574921118   0.0764948511898169   -0.108541772306067   -0.018688939450472   0
0.115699193381738   0.0983515469752877   0.0492770358896266   0.0218566957854709   0
0.0969658775170616   0.100328605664348   -0.0187333158646768   0.00197705868906017   0
0.0588033943634209   0.0904869701520734   -0.0381624831536408   -0.0098416355122745   0
0.067394934560173   0.102674675750307   0.0085915401967521   0.0121877055982337   0
0.0818895786381662   0.102891575085778   0.0144946440779932   0.000216899335470533   0
0.0515045558911054   0.0814429694386354   -0.0303850227470608   -0.0214486056471423   0
0.14414150577682   0.0939686397401922   0.0926369498857142   0.0125256703015568   0
0.0895655377159095   0.104209228659918   -0.0545759680609101   0.0102405889197255   0
0.12180566110323   0.0522181626888815   0.0322401233873205   -0.0519910659710361   0
0.09816808063933   0.101845998387983   -0.0236375804638999   0.0496278356991013   0
0.0572239720379668   0.083767753459067   -0.0409441086013633   -0.0180782449289159   0
0.141046515456922   0.0716004055580625   0.0838225434189548   -0.0121673479010045   0
0.0446817029937311   0.0779984836051255   -0.0963648124631904   0.00639807804706297   0
0.141643431576293   0.0773457929102755   0.0969617285825622   -0.000652690694849953   0
0.065350154490177   0.0669104090047208   -0.0762932770861164   -0.0104353839055547   0
0.0858994567990718   0.0916868897991556   0.0205493023088948   0.0247764807944348   0
0.181376846055214   0.0820442696264797   0.0954773892561425   -0.00964262017267589   0
0.11087034704451   0.106573727790683   -0.0705064990107046   0.0245294581642028   0
0.0836122098648134   0.105345086400141   -0.0272581371796962   -0.00122864139054175   0
0.0643942375975522   0.104805987635571   -0.0192179722672612   -0.000539098764569465   0
0.227693672570549   0.0793445436060981   0.163299434972997   -0.0254614440294732   0
0.136225459478946   0.105870360186374   -0.0914682130916029   0.0265258165802756   0
0.0153913561166032   0.105157947842769   -0.120834103362343   -0.000712412343604849   0
0.0447209820077141   0.0821166929128299   0.0293296258911109   -0.023041254929939   0
0.116735550556626   0.0936381366641552   0.0720145685489124   0.0115214437513253   0
0.0802880137536886   0.088525415296268   -0.0364475368029378   -0.00511272136788712   0
0.189450576296798   0.0728388438717282   0.109162562543109   -0.0156865714245398   0
0.0598250705757453   0.115983712819675   -0.129625505721053   0.043144868947947   0
0.0473793061832315   0.0972957903927631   -0.0124457643925137   -0.0186879224269121   0
0.0696827938693793   0.0891297479565745   0.0223034876861477   -0.00816604243618858   0
0.153295868024549   0.110961712228656   0.08361307415517   0.0218319642720812   0
0.153305763159772   0.128327980490558   9.89513522242635e-06   0.0173662682619022   0
0.220374634318494   0.088053018752752   0.0670688711587225   -0.0402749617378059   0
0.134081820360334   0.108635811042561   -0.08629281395816   0.0205827922898089   0
0.134831903018498   0.0881009680636513   0.000750082658163703   -0.0205348429789097   0
0.100523489688878   0.104571046687467   -0.0343084133296196   0.0164700786238162   0
0.127737541440291   0.0991046622311483   0.0272140517514126   -0.00546638445631911   0
0.177568032258315   0.083017409714228   0.0498304908180243   -0.0160872525169203   0
0.100204750566328   0.110222101496225   -0.0773632816919871   0.0272046917819969   0
0.101428825257172   0.0920882526742282   0.0012240746908444   -0.0181338488219967   0
0.0970409104193175   0.0960008108573308   -0.00438791483785486   0.00391255818310256   0
0.0942031765099776   0.098685712772949   -0.00283773390933985   0.00268490191561825   0
0.09612753097443   0.118933860945327   0.00192435446445238   0.0202481481723785   0
0.0916318728932788   0.0925135166995207   -0.00449565808115122   -0.0264203442458068   0
0.0363557375454838   0.109074198154559   -0.055276135347795   0.0165606814550383   0
0.135782505760131   0.120104921782165   0.0994267682146472   0.0110307236276062   0
0.121974714932727   0.0994306470739782   -0.013807790827404   -0.020674274708187   0
0.0540303778949528   0.113090452769896   -0.0679443370377742   0.0136598056959175   0
0.0803196177719298   0.150718678811387   0.026289239876977   0.0376282260414912   0
0.0929061018908877   0.118858125150324   0.0125864841189579   -0.0318605536610632   0
0.153439416313215   0.112723042878652   0.060533314422327   -0.0061350822716713   0
0.103462630875548   0.138673164851072   -0.0499767854376661   0.0259501219724193   0
0.0729531514019271   0.103315967640208   -0.0305094794736214   -0.0353571972108637   0
0.136360063815098   0.143124798101133   0.0634069124131709   0.0398088304609247   0
0.173419226655582   0.0994685244903759   0.0370591628404836   -0.0436562736107568   0
0.19193174565507   0.132217809126759   0.0185125189994881   0.0327492846363829   0
0.0400108640777739   0.183097065591376   -0.151920881577296   0.0508792564646169   0
0.143558979867509   0.178725241120057   0.103548115789736   -0.00437182447131867   0
0.141809709703567   0.171498973360047   -0.0017492701639423   -0.00722626776001029   0
0.0870252556552407   0.173560210959943   -0.0547844540483265   0.00206123759989657   0
0.0905638840711903   0.174494562740856   0.00353862841594964   0.00093435178091264   0
0.194295427420848   0.192138412136804   0.103731543349658   0.0176438493959485   0
0.109264544996741   0.191786795560195   -0.0850308824241067   -0.000351616576608982   0
0.173971743718226   0.176207876385464   0.0647071987214844   -0.0155789191747313   0
0.176991437500801   0.171324495437934   0.00301969378257547   -0.00488338094753057   0
0.0631250096663052   0.217020850869818   -0.113866427834496   0.0456963554318849   0
0.0665884130176631   0.202132629506869   0.0034634033513579   -0.0148882213629493   0
0.0616270048067404   0.185907428024972   -0.00496140821092273   -0.0162252014818975   0
0.105298060095521   0.183342899187895   0.0436710552887809   -0.00256452883707697   0
0.121554638834147   0.198679023268059   0.0162565787386261   0.0153361240801646   0
0.10492833586623   0.185911577181896   -0.0166263029679172   -0.0127674460861634   0
0.121877644509237   0.197228191096006   0.0169493086430071   0.0113166139141098   0
0.107479101173437   0.289973695284745   -0.0143985433357998   0.0927455041887392   0
0.098446429464811   0.254966379678851   -0.00903267170862647   -0.0350073156058938   0
0.181323206217985   0.248644719826855   0.0828767767531743   -0.0063216598519964   0
0.165657502736821   0.256058984096438   -0.0156657034811638   0.00741426426958364   0
0.156496791772611   0.251048290934055   -0.00916071096421031   -0.00501069316238306   0
0.0343739355052473   0.236072390521366   -0.122122856267364   -0.0149759004126888   0
0.0449892831351256   0.262767065220254   0.0106153476298783   0.0266946746988876   0
0.0691568991140674   0.242917697172437   0.0241676159789418   -0.0198493680478166   0
0.0290058443310241   0.219134220070435   -0.0401510547830434   -0.023783477102002   0
0.103482796526285   0.247952766878739   0.0744769521952605   0.028818546808304   0
0.132741172013848   0.234740841684431   0.0292583754875635   -0.0132119251943082   0
0.0917417480185003   0.240893012840982   -0.0409994239953478   0.00615217115655098   0
0.104005301588516   0.261071918423162   0.0122635535700154   0.0201789055821799   0
0.119348814310433   0.244225261987997   0.0153435127219168   -0.0168466564351654   0
0.158724848188178   0.2567838504931   0.039376033877745   0.0125585885051028   0
0.161675377881482   0.286041680597972   0.00295052969330448   0.0292578301048729   0
0.171953872087197   0.255115338292193   0.0102784942057147   -0.0309263423057796   0
0.250446018202506   0.250100821309897   0.0784921461153094   -0.00501451698229544   0
0.146163747755215   0.258492651971792   -0.104282270447292   0.00839183066189464   0
0.0721848508171209   0.259567617677894   -0.0739788969380937   0.00107496570610238   0
0.0940273099858227   0.265148650839718   0.0218424591687018   0.00558103316182323   0
0.0980449464034736   0.25804008092744   0.00401763641765082   -0.00710856991227726   0
0.108066859778611   0.252965272283131   0.0100219133751376   -0.0050748086443092   0
0.186951228833966   0.228877731268187   0.0788843690553551   -0.0240875410149441   0
0.0610805492760993   0.281680433274553   -0.125870679557867   0.052802702006366   0
0.178225287706234   0.280187670549205   0.117144738430135   -0.00149276272534787   0
0.153308428523614   0.273094405261372   -0.0249168591826205   -0.00709326528783327   0
0.185998155789271   0.357530250701814   0.0326897272656574   0.0844358454404424   0
0.279134782429279   0.397619650827572   0.0931366266400078   0.0400894001257571   0
0.1995644363077   0.441785884342461   -0.0795703461215791   0.0441662335148891   0
0.188097788643275   0.467548743438909   -0.0114666476644253   0.025762859096448   0
0.298946098546628   0.489618042606482   0.110848309903353   0.0220692991675731   0
0.308208248569048   0.512330042775458   0.00926215002242026   0.0227120001689762   0
0.2475838622473   0.512096789664158   -0.0606243863217479   -0.000233253111299847   0
0.229689588828945   0.527393324680063   -0.0178942734183545   0.0152965350159046   0
