0.0597500547272353   0.0510277311351877   0   0   0
0.0486629363556598   0.0251197638844894   -0.0110871183715754   -0.0259079672506982   0
0.0823623728551946   0.117191132927848   0.0336994364995348   0.0920713690433584   0
0.140564907406116   0.0745530002232305   0.0582025345509215   -0.0426381327046174   0
0.0481475711362062   0.0229900301619033   -0.09241733626991   -0.0515629700613271   0
0.133576909446955   0.053864481020474   0.0854293383107488   0.0308744508585706   0
0.041045702913338   0.079286236210092   -0.092531206533617   0.025421755189618   0
0.0252593171461975   0.0518219428181248   -0.0157863857671404   -0.0274642933919672   0
0.20133767330622   0.0271938404181903   0.176078356160022   -0.0246281023999345   0
0.108901572768062   0.0799748147138366   -0.0924361005381572   0.0527809742956463   0
0.0964530040748822   0.0374025351512638   -0.0124485686931803   -0.0425722795625728   0
0.0399283418259583   0.0332733807370472   -0.0565246622489239   -0.00412915441421666   0
0.168015617384251   0.0226468788666893   0.128087275558292   -0.0106265018703578   0
0.0134968757304233   0.031426403993537   -0.154518741653827   0.0087795251268477   0
0.0104768403310296   0.0358642147372907   -0.00302003539939365   0.00443781074375368   0
0.120051912553682   0.0207464591678315   0.109575072222652   -0.0151177555694592   0
0.130989090195367   0.0916240548254114   0.0109371776416851   0.0708775956575799   0
0.0855897983114746   0.0304643862205182   -0.0453992918838924   -0.0611596686048932   0
0.031991094425355   0.0157391405470852   -0.0535987038861196   -0.0147252456734331   0
0.0242956100259615   0.0217973582214049   -0.00769548439939354   0.00605821767431979   0
0.0159259900750606   0.00892592284355657   -0.00836961995090087   -0.0128714353778484   0
0.0829020873485367   0.0450372366889191   0.066976097273476   0.0361113138453626   0
0.0977206778679765   0.0392375253236345   0.0148185905194398   -0.00579971136528468   0
0.15160986626477   0.0491239566883827   0.053889188396794   0.00988643136474825   0
0.0642107095102523   0.056815047914615   -0.0873991567545182   0.00769109122623229   0
0.0948082939808011   0.0528221884849539   0.0305975844705488   -0.00399285942966108   0
0.0978859685125509   0.0420430798120809   0.00307767453174981   -0.0107791086728731   0
0.0912752426857009   0.0392248110577349   -0.00661072582684995   -0.00281826875434598   0
0.169137093087499   0.0592619740262253   0.0778618504017981   0.0200371629684904   0
0.107190816875234   0.0637185970302234   -0.0619462762122648   0.00445662300399816   0
0.158467302204698   0.0428480589264846   0.0512764853294642   -0.0208705381037388   0
0.203482218559878   0.164444580463799   0.0450149163551797   0.121596521537315   0
0.152336335930187   0.0770967553472421   -0.0511458826296907   -0.0873478251165574   0
0.0708617566141992   0.0664167045088056   -0.0814745793159882   -0.0106800508384365   0
0.17400600476537   0.066377573140783   0.103144248151171   -3.91313680225824e-05   0
0.0785986100381135   0.0915717817479817   -0.0954073947272569   0.0251942086071987   0
0.0566991525967726   0.0656562284668408   -0.021899457441341   -0.0259155532811409   0
0.0926803390270644   0.0808233223306398   0.0359811864302919   0.015167093863799   0
0.0624674668767423   0.0701933459368657   -0.0302128721503221   -0.0106299763937741   0
0.0991967063434568   0.0532904086705572   0.0367292394667145   -0.0169029372663085   0
0.106761480234197   0.0959922122458379   0.00756477389074052   0.0427018035752807   0
0.168061400671838   0.0516800497977218   0.0612999204376405   -0.0443121624481162   0
0.127240099065703   0.0378763201932949   -0.0408213016061345   -0.0138037296044268   0
0.08194004406888   0.0463928118959177   -0.0453000549968233   0.00851649170262275   0
0.223859910341267   0.0385270516260004   0.141919866272387   -0.00786576026991727   0
0.0711651417781206   0.0384264070182863   -0.152694768563146   -0.000100644607714133   0
0.0627835840484597   0.0332282172673001   -0.0083815577296609   -0.00519818975098617   0
0.0656658131515174   0.0334037375557815   0.00288222910305777   0.000175520288481369   0
0.0765339268090956   0.0252714408903608   0.0108681136575781   -0.00813229666542066   0
0.197536464181401   0.0170117006079564   0.121002537372306   -0.00825974028240441   0
0.13087619376361   0.0450705528914945   -0.0666602704177912   0.0280588522835381   0
0.102142316561061   0.0667372115526263   -0.028733877202549   0.0216666586611319   0
0.0714238443054362   0.0662361497606151   -0.0307184722556248   -0.000501061792011273   0
0.0842254154434396   0.0378597616316123   0.0128015711380034   -0.0283763881290028   0
0.198561652648541   0.0279191240449087   0.114336237205102   -0.00994063758670355   0
0.157755820964838   0.0406487494189271   -0.0408058316837034   0.0127296253740184   0
0.105846645888143   0.0553713346407011   -0.0519091750766946   0.014722585221774   0
0.0843245841065937   0.0660815616711841   -0.0215220617815496   0.010710227030483   0
0.0803744158912872   0.0260238226314011   -0.00395016821530654   -0.0400577390397829   0
0.0953328078740472   0.0521564941264988   0.01495839198276   0.0261326714950976   0
0.0860412862374802   0.0277491122352139   -0.00929152163656702   -0.0244073818912848   0
0.103891295903266   0.030858263950075   0.0178500096657859   0.00310915171486108   0
0.0937814520828909   0.0511038784952767   -0.0101098438203752   0.0202456145452016   0
0.0460852677970954   0.0113356279907092   -0.0476961842857955   -0.0397682505045675   0
0.0571096677686896   0.0822924345950616   0.0110243999715941   0.0709568066043524   0
0.0643594181841485   0.0442860671404958   0.0072497504154589   -0.0380063674545659   0
0.0625945437805884   0.0307491728112318   -0.00176487440356005   -0.0135368943292639   0
0.118379673598638   0.0331554449581815   0.0557851298180493   0.00240627214694961   0
0.114753453253355   0.0377425182586231   -0.00362622034528239   0.00458707330044166   0
0.057470733373605   0.0602465521390436   -0.0572827198797503   0.0225040338804205   0
0.0484359459887285   0.0345562493672997   -0.00903478738487654   -0.0256903027717439   0
0.0653597806352653   0.0520983032921899   0.0169238346465368   0.0175420539248902   0
0.0586099738510435   0.0514498465255728   -0.00674980678422182   -0.000648456766617019   0
0.047233402701784   0.198162918718343   -0.0113765711492594   0.14671307219277   0
0.0586830446580612   0.0554726830003291   0.0114496419562771   -0.142690235718014   0
0.0562804305944793   0.0520491521006346   -0.00240261406358187   -0.00342353089969445   0
0.0783162364939736   0.0383210714935334   0.0220358058994943   -0.0137280806071012   0
0.0990190857350743   0.102961762372616   0.0207028492411007   0.0646406908790824   0
0.0616658473219983   0.110275976789201   -0.0373532384130761   0.00731421441658568   0
0.0560015627918543   0.0442123815487528   -0.00566428453014397   -0.0660635952404486   0
0.0676741812864589   0.0894986031848481   0.0116726184946046   0.0452862216360952   0
0.0524050857517665   0.0645951982263388   -0.0152690955346924   -0.0249034049585093   0
0.185116212133379   0.0872369283782676   0.132711126381612   0.0226417301519289   0
0.0833479175445314   0.122337462629053   -0.101768294588847   0.0351005342507856   0
0.0882075311576625   0.0582808810001616   0.00485961361313111   -0.0640565816288916   0
0.154004135521907   0.124660042959131   0.0657966043642449   0.0663791619589698   0
0.129549882810445   0.0982821745128408   -0.0244542527114625   -0.0263778684462906   0
0.0797403147369409   0.172359390452834   -0.0498095680735039   0.0740772159399932   0
0.0188628729341556   0.295491080562718   -0.0608774418027853   0.123131690109884   0
0.033647922879429   0.2004797218047   0.0147850499452734   -0.0950113587580173   0
0.022160804338347   0.179588785498733   -0.011487118541082   -0.0208909363059671   0
0.035065034765249   0.241160726054928   0.012904230426902   0.0615719405561947   0
0.0385905972245844   0.146261565106464   0.00352556245933538   -0.0948991609484636   0
0.107557772670342   0.117448126690297   0.0689671754457573   -0.0288134384161676   0
0.11264306845066   0.141792661648831   0.00508529578031799   0.0243445349585347   0
0.0596709786081978   0.153457866060167   -0.0529720898424619   0.0116652044113351   0
0.0748387557647774   0.16360156399529   0.0151677771565796   0.0101436979351236   0
0.0635496653353894   0.192509083698432   -0.0112890904293879   0.0289075197031421   0
0.0660408051893865   0.277611061155396   0.00249113985399706   0.0851019774569637   0
0.0799176324479773   0.213669566447476   0.0138768272585908   -0.0639414947079197   0
0.0660329861486666   0.225136168400043   -0.0138846462993107   0.0114666019525667   0
0.0827165475730588   0.25011331364766   0.0166835614243922   0.0249771452476166   0
0.0539101564024526   0.201768280930192   -0.0288063911706062   -0.0483450327174672   0
0.128608696374895   0.250782589016866   0.0746985399724427   0.049014308086674   0
0.0991566874051367   0.241787873754563   -0.0294520089697585   -0.00899471526230333   0
0.0446426962978268   0.304608253362417   -0.0545139911073099   0.0628203796078541   0
0.0863999735214659   0.272564202467515   0.041757277223639   -0.0320440508949021   0
0.0659682345255702   0.309497509195975   -0.0204317389958957   0.0369333067284598   0
0.0208425218342215   0.219250721856172   -0.0451257126913487   -0.0902467873398028   0
0.0823780887162357   0.272408510038398   0.0615355668820142   0.0531577881822261   0
0.070934344002832   0.212061597930295   -0.0114437447134037   -0.0603469121081033   0
0.0501213908829115   0.202493392826778   -0.0208129531199205   -0.00956820510351636   0
0.0601168458745134   0.216665118144136   0.00999545499160195   0.0141717253173578   0
0.0571516393805987   0.259583228628007   -0.00296520649391471   0.0429181104838705   0
0.0821657830430703   0.32278182777559   0.0250141436624716   0.0631985991475833   0
0.0573413417638908   0.36535490149793   -0.0248244412791795   0.0425730737223405   0
0.193554958081497   0.238765065156761   0.136213616317606   -0.126589836341169   0
0.0675735034113224   0.227476711236865   -0.125981454670174   -0.0112883539198965   0
0.0762621453494458   0.238673673563534   0.00868864193812342   0.0111969623266694   0
0.075831787961382   0.256639742320797   -0.000430357388063823   0.0179660687572626   0
0.140040751649654   0.444203763400213   0.0642089636882717   0.187564021079416   0
0.0716053518214972   0.255496419909482   -0.0684353998281565   -0.188707343490731   0
0.0396418821123569   0.287447063702275   -0.0319634697091404   0.0319506437927931   0
0.0570683417370787   0.272587167234703   0.0174264596247218   -0.0148598964675724   0
0.0955869570945221   0.306931740088313   0.0385186153574434   0.0343445728536103   0
0.0540270560998617   0.297087227985318   -0.0415599009946604   -0.00984451210299592   0
0.119046912468237   0.379507638190857   0.065019856368375   0.0824204102055396   0
0.101810342160559   0.360545522938134   -0.0172365703076781   -0.0189621152527231   0
0.0686923903148668   0.285012164606693   -0.0331179518456918   -0.0755333583314413   0
0.0375518812580955   0.264484524739369   -0.0311405090567713   -0.0205276398673235   0
0.0369751799572105   0.275583305339062   -0.000576701300884962   0.0110987805996925   0
0.113175431202448   0.251966035020799   0.0762002512452373   -0.0236172703182627   0
0.0812642084756875   0.255137509583602   -0.0319112227267603   0.00317147456280259   0
0.0563950043989013   0.330947189500788   -0.0248692040767862   0.0758096799171863   0
0.156614894157644   0.302436520583999   0.100219889758743   -0.0285106689167889   0
0.0490593544735354   0.245463628002317   -0.107555539684108   -0.0569728925816816   0
0.350876882810737   0.267784484858272   0.301817528337202   0.0223208568559544   1
0.15540914973347   0.122838679843209   -0.195467733077268   -0.144945805015062   0
0.101087565032797   0.106213811551135   -0.0543215847006725   -0.0166248682920745   0
0.0941967741666879   0.124469051444369   -0.00689079086610929   0.0182552398932343   0
0.130461791781955   0.315232747840976   0.0362650176152668   0.190763696396607   0
0.0470241293369744   0.480585992273831   -0.0834376624449802   0.165353244432855   0
0.12725992647929   0.307948554209339   0.080235797142316   -0.172637438064491   0
0.0691593429891435   0.292830028494983   -0.0581005834901469   -0.0151185257143565   0
0.0647683768091343   0.307711083520926   -0.00439096618000928   0.0148810550259434   0
0.0502376597884495   0.285046833761353   -0.0145307170206847   -0.0226642497595732   0
0.0723668770012911   0.24597228616985   0.0221292172128416   -0.0390745475915033   0
0.105902651185794   0.260169923253289   0.0335357741845031   0.0141976370834396   0
0.031286783758322   0.329795352076439   -0.0746158674274722   0.0696254288231498   0
0.0932250833393223   0.278718894299777   0.0619382995810004   -0.0510764577766626   0
0.104940750698763   0.439111910425637   0.011715667359441   0.16039301612586   0
0.0872387054523025   0.373529874952312   -0.0177020452464608   -0.0655820354733245   0
0.150942506365967   0.242947222795348   0.0637038009136645   -0.130582652156964   0
0.163857470291134   0.225269146952595   0.0129149639251674   -0.0176780758427528   0
0.103755248841974   0.381075519749777   -0.0601022214491601   0.155806372797181   0
0.10944038590591   0.44274587421172   0.00568513706393522   0.061670354461943   0
0.0969199459362911   0.459753604271081   -0.0125204399696184   0.0170077300593614   0
0.0470166836260904   0.34517785592412   -0.0499032623102007   -0.114575748346961   0
0.16201316775584   0.316295287955832   0.11499648412975   -0.0288825679682881   0
0.117708496817677   0.320763504981864   -0.0443046709381638   0.00446821702603184   0
0.149121457161369   0.225406782648704   0.0314129603436923   -0.0953567223331598   0
0.0447042504992534   0.289367323364962   -0.104417206662116   0.0639605407162582   0
0.0411803280026094   0.27704396005539   -0.00352392249664398   -0.0123233633095721   0
0.0545470336316284   0.246614513133737   0.013366705629019   -0.0304294469216533   0
0.0379040592133613   0.291106556791925   -0.0166429744182671   0.0444920436581878   0
0.0761099887988009   0.363764087497708   0.0382059295854396   0.0726575307057832   0
0.121596115283548   0.428241089390804   0.0454861264847475   0.0644770018930961   0
0.0442345229404636   0.377650805899445   -0.0773615923430848   -0.0505902834913592   0
0.0911729769924181   0.327515736114175   0.0469384540519545   -0.0501350697852695   0
0.122591921567859   0.267292736742981   0.0314189445754405   -0.0602229993711942   0
0.0463657938222781   0.307499416384958   -0.0762261277455805   0.0402066796419774   0
0.0555503236348808   0.3295092760916   0.00918452981260275   0.0220098597066413   0
0.0527863683174573   0.30852053823005   -0.00276395531742357   -0.0209887378615492   0
0.0845111681145752   0.316468975778827   0.031724799797118   0.00794843754877694   0
0.0836734023626385   0.280572741727524   -0.000837765751936753   -0.0358962340513032   0
0.0317749993243367   0.289380229302798   -0.0518984030383018   0.00880748757527383   0
0.164595602499004   0.307449600543065   0.132820603174667   0.0180693712402666   0
0.0462662638313275   0.405693574421459   -0.118329338667676   0.0982439738783945   0
0.0293243736555446   0.351163540471989   -0.0169418901757828   -0.0545300339494698   0
0.0525790772301112   0.350293573962955   0.0232547035745666   -0.000869966509034592   0
0.0766027208165539   0.355519337011097   0.0240236435864427   0.00522576304814232   0
0.0530005796939052   0.314472247023183   -0.0236021411226487   -0.0410470899879138   0
0.0863060205540587   0.323338193395476   0.0333054408601534   0.00886594637229238   0
0.0488191062250468   0.327938915453778   -0.0374869143290119   0.00460072205830214   0
0.0195778621541168   0.433360876098085   -0.0292412440709299   0.105421960644307   0
0.0546410389327189   0.31895394230762   0.035063176778602   -0.114406933790465   0
0.0679048265468663   0.311340778527725   0.0132637876141474   -0.00761316377989474   0
0.0262133333912439   0.328699899308625   -0.0416914931556225   0.0173591207808995   0
0.0866102479071039   0.326127737203956   0.0603969145158601   -0.00257216210466876   0
0.0533056235293238   0.295505935799943   -0.0333046243777801   -0.030621801404013   0
0.109470035999291   0.43844677191479   0.0561644124699673   0.142940836114847   0
0.036992861910893   0.517996120006946   -0.0724771740883981   0.0795493480921554   0
0.0411883619384942   0.364618735690502   0.0041955000276012   -0.153377384316444   0
0.0485594893912611   0.323251977223125   0.00737112745276686   -0.0413667584673764   0
0.0587752900696373   0.336020049422207   0.0102158006783762   0.0127680721990817   0
0.049520024921893   0.355601408654342   -0.00925526514774429   0.0195813592321351   0
0.0582846817935039   0.357246520611818   0.00876465687161089   0.00164511195747558   0
0.0669894546428018   0.316331301276447   0.00870477284929794   -0.0409152193353712   0
0.0830842782565992   0.314513841705004   0.0160948236137974   -0.00181745957144303   0
0.383985878352316   0.213450907497274   0.300901600095717   -0.101062934207729   1
0.168336184870574   0.153636962620141   -0.215649693481743   -0.0598139448771338   0
0.148601780069352   0.134748572767219   -0.019734404801222   -0.0188883898529217   0
0.0552832493373933   0.266000178678981   -0.0933185307319585   0.131251605911762   0
0.0800982443296356   0.267948847680392   0.0248149949922423   0.00194866900141083   0
0.130499359746514   0.34681898825468   0.0504011154168781   0.078870140574288   0
0.12507239117775   0.266751762665971   -0.00542696856876418   -0.0800672255887092   0
0.110704556974228   0.297185717512636   -0.014367834203522   0.0304339548466646   0
0.245198696770538   0.24397961915822   0.13449413979631   -0.0532060983544157   0
0.191293412876659   0.395334899427372   -0.0539052838938783   0.151355280269152   0
0.136310959346525   0.313175686058624   -0.0549824535301341   -0.0821592133687474   0
0.107272653389902   0.327104336617114   -0.0290383059566233   0.0139286505584901   0
0.156803909144893   0.402354587726734   0.0495312557549917   0.0752502511096195   0
0.0951092588259419   0.312533216468266   -0.0616946503189516   -0.0898213712584679   0
0.0692215169208246   0.347521800796008   -0.0258877419051173   0.0349885843277416   0
0.0718720330235621   0.407148230401103   0.00265051610273755   0.0596264296050957   0
0.112588610865931   0.387396746695491   0.0407165778423688   -0.0197514837056128   0
0.141325564048052   0.231060671077425   0.028736953182121   -0.156336075618065   0
0.0810848294389894   0.399193177009891   -0.0602407346090624   0.168132505932466   0
0.115079288838305   0.399371986550446   0.0339944593993155   0.000178809540555658   0
0.130236947572415   0.48501044830524   0.0151576587341102   0.0856384617547936   0
0.0957422988424134   0.374289764002771   -0.0344946487300017   -0.110720684302469   0
0.086856736526593   0.337469117213709   -0.0088855623158204   -0.0368206467890621   0
0.0779353822512599   0.317128526003654   -0.00892135427533311   -0.0203405912100553   0
0.0783791802094153   0.33290108565233   0.00044379795815537   0.0157725596486765   0
0.113760478188956   0.390928247766134   0.035381297979541   0.0580271621138041   0
0.0313295726850543   0.351645921098909   -0.082430905503902   -0.0392823266672254   0
0.0594356498291219   0.349543345897505   0.0281060771440676   -0.00210257520140428   0
0.101975905625643   0.298577104605079   0.0425402557965208   -0.0509662412924252   0
0.138543321746124   0.426100396086709   0.0365674161204811   0.127523291481629   0
0.123583693670241   0.388485015308506   -0.0149596280758827   -0.0376153807782028   0
0.0927630083548933   0.32477846215151   -0.0308206853153478   -0.0637065531569954   0
0.089032251343544   0.277348667793555   -0.00373075701134924   -0.0474297943579549   0
0.0967011811614522   0.37601445515565   0.00766892981790813   0.0986657873620941   0
0.11084836527243   0.383136648908715   0.0141471841109775   0.0071221937530655   0
0.0438224760573841   0.378408474742903   -0.0670258892150456   -0.00472817416581245   0
0.180005525818876   0.355363992771848   0.136183049761492   -0.0230444819710546   0
0.0682459788344442   0.345034685910707   -0.111759546984432   -0.0103293068611413   0
0.149805005556974   0.372347989845856   0.0815590267225294   0.0273133039351497   0
0.033633324278608   0.369553443567706   -0.116171681278366   -0.00279454627814996   0
0.100920272990168   0.338637775500608   0.0672869487115599   -0.0309156680670988   0
0.0415391535673273   0.364533582680663   -0.0593811194228405   0.0258958071800557   0
0.164318788117001   0.394973155023224   0.122779634549674   0.0304395723425609   0
0.117538313035155   0.438431224861152   -0.0467804750818468   0.0434580698379278   0
0.155014642328555   0.399756863712495   0.0374763292934009   -0.0386743611486574   0
0.0367017437693361   0.363586483093775   -0.118312898559219   -0.0361703806187196   0
0.0850746959395095   0.329746940539139   0.0483729521701734   -0.0338395425546359   0
0.146874040547675   0.328688500212968   0.0617993446081652   -0.00105844032617142   0
0.120231321721089   0.272612276463295   -0.0266427188265858   -0.0560762237496726   0
0.166814264098638   0.223811226060044   0.0465829423775486   -0.0488010504032513   0
0.112849138155371   0.207145804368565   -0.0539651259432666   -0.0166654216914783   0
