0.0487755156339736   0.0813510525883232   0   0   0
0.0147314096710407   0.0924439035399306   -0.0340441059629329   0.0110928509516074   0
0.0219095059924887   0.0814862217095013   0.00717809632144803   -0.0109576818304293   0
0.0209995141762875   0.0741731526857427   -0.000909991816201234   -0.0073130690237586   0
0.116327372688839   0.0686981450134443   0.0953278585125517   -0.00547500767229837   0
0.104955551370425   0.120497300591424   -0.0113718213184139   0.0517991555779801   0
0.0563812114171097   0.0540310861861484   -0.0485743399533157   -0.066466214405276   0
0.0467077153054664   0.0463886466685815   -0.00967349611164329   -0.0076424395175669   0
0.0197598706401257   0.0358969472240677   -0.0269478446653407   -0.0104916994445138   0
0.0520362690294952   0.0239657680972778   0.0322763983893695   -0.0119311791267898   0
0.0338964200701195   0.0332384718519068   -0.0181398489593757   0.00927270375462896   0
0.0254249420207444   0.0579447729267544   -0.00847147804937507   0.0247063010748476   0
0.0263008038936094   0.00316434115277873   0.00087586187286498   -0.0547804317739756   0
0.0641155303751751   0.087348591053677   0.0378147264815657   0.0841842499008983   0
0.0752984215266124   0.0255023225311289   0.0111828911514373   -0.0618462685225481   0
0.08605215256506   0.011947801932252   0.0107537310384477   -0.0135545205988769   0
0.0978310838727651   0.103490506663256   0.0117789313077051   0.0915427047310038   0
0.0675441339195056   0.00752248258636403   -0.0302869499532595   -0.0959680240768918   0
0.0632016764161687   0.0106520808039721   -0.00434245750333682   0.00312959821760803   0
0.0455735134919736   0.0411787456379502   -0.0176281629241951   0.0305266648339781   0
0.00250913308889445   0.0130496384344558   -0.0430643804030792   -0.0281291072034944   0
0.0333954829666016   0.0716147996369703   0.0308863498777071   0.0585651612025145   0
0.0313597310653017   0.0210376447069295   -0.00203575190129987   -0.0505771549300408   0
0.0370128125706503   0.114142089014263   0.00565308150534859   0.0931044443073338   0
0.0160630789663713   0.0280529238549483   -0.020949733604279   -0.086089165159315   0
0.0287911179127833   0.0552322293724869   0.0127280389464119   0.0271793055175386   0
0.054952554983794   0.0256056224423485   0.0261614370710107   -0.0296266069301384   0
0.049627776053562   0.010906377866345   -0.005324778930232   -0.0146992445760035   0
0.0655555980336399   0.0110242236286178   0.0159278219800779   0.000117845762272814   0
0.0216971346497089   0.0231237679124208   -0.0438584633839309   0.012099544283803   0
0.0122452795415295   0.0096034936570292   -0.00945185510817947   -0.0135202742553916   0
0.0672804954128676   0.096549004789964   0.0550352158713381   0.0869455111329348   0
0.0153359647069898   0.0137305768319516   -0.0519445307058778   -0.0828184279580125   0
0.0327417345497287   0.0145903403537452   0.017405769842739   0.00085976352179362   0
0.0593731785729044   0.11037752480725   0.0266314440231757   0.0957871844535044   0
0.0774162111734519   0.0296336805850201   0.0180430326005474   -0.0807438442222295   0
0.0676262125257721   0.0975327705005092   -0.00978999864767977   0.0678990899154891   0
0.0275249657329069   0.0298301858695031   -0.0401012467928652   -0.0677025846310061   0
0.0281792674656386   0.0329163805125579   0.000654301732731719   0.00308619464305483   0
0.0414393830198208   0.0347701958099893   0.0132601155541821   0.00185381529743146   0
0.0506781342113036   0.0790084946444526   0.00923875119148284   0.0442382988344633   0
0.128894410134845   0.0334957257499371   0.0782162759235413   -0.0455127688945155   0
0.0553291791531774   0.0450497655353776   -0.0735652309816675   0.0115540397854405   0
0.0165128461336621   0.0289970411027143   -0.0388163330195153   -0.0160527244326634   0
0.0778862162140285   0.0431826675811665   0.0613733700803664   0.0141856264784522   0
0.0672467368888848   0.0847549969598991   -0.0106394793251437   0.0415723293787326   0
0.0148297438872086   0.0320586185797985   -0.0524169930016762   -0.0526963783801006   0
0.0395897878410999   0.0420239639164668   0.0247600439538913   0.00996534533666828   0
0.0563979206724113   0.0578052026440259   0.0168081328313114   0.0157812387275591   0
0.0524115053320356   0.112517101572261   -0.00398641534037568   0.0547118989282351   0
0.0506881679627504   0.0766411434316154   -0.00172333736928519   -0.0358759581406456   0
0.0447881041789   0.088838218150031   -0.00590006378385044   0.0121970747184156   0
0.0314303907682501   0.0659212202174876   -0.0133577134106499   -0.0229169979325434   0
0.0330939551323199   0.080591053551635   0.00166356436406978   0.0146698333341474   0
0.0370251674899821   0.0642903159237066   0.00393121235766221   -0.0163007376279284   0
0.0472706790832795   0.115154453148467   0.0102455115932975   0.0508641372247605   0
0.0699011587504099   0.126655536256425   0.0226304796671303   0.0115010831079576   0
0.0510224649824604   0.129773011268175   -0.0188786937679494   0.0031174750117508   0
0.0854713318236846   0.144246747208005   0.0344488668412242   0.0144737359398292   0
0.0822092410784822   0.167961960496454   -0.00326209074520241   0.0237152132884497   0
0.0743789103575066   0.150551818035237   -0.0078303307209756   -0.0174101424612177   0
0.094794581463763   0.153914322824624   0.0204156711062564   0.00336250478938713   0
0.165169320977747   0.276649176183935   0.0703747395139839   0.122734853359311   0
0.109157545144667   0.1956137330288   -0.05601177583308   -0.0810354431551355   0
0.142217705454771   0.223295737051225   0.0330601603101041   0.0276820040224257   0
0.111608980846928   0.216765980499339   -0.0306087246078427   -0.00652975655188592   0
0.140709226549825   0.217339175345524   0.0291002457028968   0.000573194846184732   0
0.113257738502232   0.21691918408707   -0.0274514880475929   -0.000419991258454544   0
0.132998422976515   0.224226219096898   0.0197406844742829   0.00730703500982813   0
0.127089282808374   0.243292894545833   -0.00590914016814093   0.0190666754489356   0
0.138863104808045   0.240889512426802   0.0117738219996705   -0.00240338211903121   0
0.122243018233026   0.242048692777073   -0.0166200865750184   0.0011591803502711   0
0.135960176537838   0.271842093256016   0.0137171583048114   0.0297934004789427   0
0.141113825589967   0.25557188750253   0.00515364905212917   -0.0162702057534864   0
0.13149526205476   0.250705364738392   -0.0096185635352069   -0.0048665227641379   0
0.142043636434583   0.251549285400078   0.010548374379823   0.000843920661686537   0
0.133138459037421   0.27661564258744   -0.00890517739716246   0.0250663571873621   0
0.149139644270517   0.251202360504241   0.0160011852330966   -0.0254132820831996   0
0.172857479444888   0.257314156549154   0.0237178351743712   0.0061117960449133   0
0.186892108878385   0.296211594071704   0.0140346294334963   0.0388974375225501   0
0.141750523095087   0.28623855448952   -0.0451415857832973   -0.00997303958218387   0
0.162267684827386   0.267264620503238   0.020517161732299   -0.0189739339862818   0
0.162114695408436   0.27605551966873   -0.000152989418950339   0.00879089916549153   0
0.206941574789504   0.352793381575534   0.0448268793810682   0.0767378619068037   0
0.149659158694047   0.275928254314795   -0.0572824160954571   -0.0768651272607389   0
0.149001520139091   0.289475234571543   -0.000657638554955958   0.0135469802567486   0
0.165203531989846   0.300768050389681   0.0162020118507546   0.0112928158181382   0
0.16563492103373   0.320101103523949   0.000431389043884289   0.0193330531342676   0
0.166681331699744   0.291400527642367   0.00104641066601366   -0.0287005758815819   0
0.191999307051188   0.33372910796713   0.0253179753514438   0.0423285803247629   0
0.186859595287799   0.316325530493904   -0.00513971176338865   -0.0174035774732258   0
0.218322965398741   0.321004742012108   0.0314633701109424   0.00467921151820366   0
0.188368432523711   0.309919906333975   -0.02995453287503   -0.0110848356781328   0
0.174734046270353   0.317847546753801   -0.013634386253358   0.00792764041982624   0
0.184116859225928   0.332681700180984   0.00938281295557414   0.0148341534271824   0
0.181305281261137   0.331016516804766   -0.00281157796479048   -0.00166518337621768   0
0.178460033107856   0.329453097988985   -0.00284524815328149   -0.0015634188157807   0
0.165180938030089   0.313983676378709   -0.0132790950777669   -0.0154694216102761   0
0.169795472994948   0.324236381479242   0.00461453496485925   0.0102527051005327   0
0.167458197233011   0.332086705100867   -0.00233727576193693   0.00785032362162474   0
0.186027897947082   0.335994655262777   0.0185697007140711   0.00390795016191053   0
0.175550363811301   0.332696841170291   -0.0104775341357815   -0.00329781409248597   0
0.172483358015711   0.336687052376628   -0.00306700579558913   0.00399021120633714   0
0.17801564205541   0.332477685569366   0.00553228403969894   -0.00420936680726197   0
0.1762292656877   0.342795580041841   -0.00178637636771004   0.010317894472475   0
0.178915956202263   0.338200820718213   0.00268669051456236   -0.00459475932362891   0
0.176087266927566   0.340422561784648   -0.00282868927469637   0.00222174106643558   0
0.177897699867143   0.349897017519888   0.00181043293957639   0.00947445573523947   0
0.186749098528502   0.347608388771543   0.00885139866135917   -0.00228862874834446   0
0.203930087640599   0.371362506773705   0.0171809891120971   0.0237541180021618   0
0.198906558014567   0.37841537532603   -0.00502352962603153   0.0070528685523249   0
0.211921345491694   0.383946724857421   0.0130147874771267   0.00553134953139095   0
0.20233440909269   0.402258243939139   -0.00958693639900401   0.0183115190817185   0
0.20818050431539   0.397504785924962   0.0058460952226996   -0.00475345801417709   0
0.218006934125116   0.400102693825235   0.00982642980972584   0.0025979079002732   0
0.244418089586456   0.447051152198493   0.0264111554613405   0.0469484583732576   0
0.206971276099608   0.402340392703231   -0.0374468134868485   -0.044710759495262   0
0.22232134724774   0.400927488088245   0.015350071148132   -0.00141290461498561   0
0.250189273137859   0.459643779929904   0.027867925890119   0.0587162918416588   0
0.21624870242961   0.401767156419763   -0.0339405707082486   -0.0578766235101408   0
0.218186075272598   0.404172871217874   0.00193737284298759   0.00240571479811053   0
0.217441779066053   0.402213278199216   -0.000744296206545009   -0.00195959301865767   0
0.225805245247315   0.403432107079679   0.00836346618126232   0.00121882888046343   0
0.232222781482567   0.436667929515499   0.00641753623525201   0.0332358224358192   0
0.229905196928495   0.440006456422517   -0.00231758455407197   0.00333852690701797   0
0.232221339444182   0.41875195320231   0.00231614251568713   -0.0212545032202062   0
0.239821025731732   0.438542703498918   0.00759968628754984   0.0197907502966077   0
0.227337236777194   0.438835771728341   -0.0124837889545378   0.000293068229422544   0
0.238985276250756   0.432964062052568   0.0116480394735616   -0.00587170967577261   0
0.244555781487644   0.463373576166143   0.00557050523688879   0.0304095141135745   0
0.260679102447588   0.457496025761681   0.0161233209599434   -0.00587755040446108   0
0.249289744298694   0.442320248425844   -0.0113893581488941   -0.0151757773358379   0
0.251282656278818   0.469270985832717   0.00199291198012391   0.0269507374068733   0
0.241938687066062   0.443718841630035   -0.0093439692127554   -0.025552144202682   0
0.244975324458282   0.450585891329001   0.00303663739221952   0.00686704969896573   0
0.233943138617647   0.464033912640822   -0.0110321858406347   0.0134480213118213   0
0.246498515637341   0.477685322603437   0.0125553770196941   0.0136514099626154   0
0.255682641324455   0.465202812017017   0.00918412568711402   -0.0124825105864204   0
0.258832140882947   0.470873737280494   0.00314949955849231   0.00567092526347746   0
0.261909110544441   0.4652112622001   0.00307696966149312   -0.00566247508039464   0
0.271883869462478   0.463141892083301   0.00997475891803778   -0.00206937011679886   0
0.261935561786619   0.465251432444071   -0.00994830767585897   0.00210954036077016   0
0.272464967704084   0.498385122764687   0.0105294059174647   0.0331336903206164   0
0.265278514006412   0.475163651162986   -0.00718645369767229   -0.0232214716017012   0
0.273759790744185   0.468188190156747   0.00848127673777332   -0.00697546100623941   0
0.29549870448958   0.487313685012849   0.0217389137453947   0.0191254948561025   0
0.29273506641223   0.483957855377049   -0.00276363807735014   -0.00335582963580039   0
0.288903462003227   0.484834262756099   -0.00383160440900271   0.000876407379050037   0
0.293314891344746   0.513861592914376   0.00441142934151889   0.0290273301582771   0
0.316785655765788   0.508643533355043   0.0234707644210417   -0.00521805955933341   0
0.318210091189233   0.5314466057437   0.0014244354234455   0.0228030723886575   0
0.309091613246688   0.520177910298486   -0.00911847794254522   -0.011268695445214   0
0.320059739519812   0.523694562551121   0.0109681262731243   0.00351665225263487   0
0.322203729867393   0.530545110887529   0.00214399034758095   0.00685054833640752   0
0.318552347959348   0.531863794835579   -0.00365138190804493   0.00131868394805013   0
0.327202617714834   0.540955567891853   0.00865026975548616   0.0090917730562744   0
0.317139711133628   0.550584895666645   -0.0100629065812065   0.00962932777479153   0
0.329719894975342   0.539530096113544   0.0125801838417138   -0.0110547995531007   0
0.337356950955216   0.551101642478206   0.00763705597987424   0.0115715463646621   0
0.330049931451712   0.586134744593127   -0.0073070195035036   0.0350331021149208   0
0.335407431055615   0.552092903108984   0.0053574996039023   -0.034041841484143   0
0.315958768565346   0.572509732864211   -0.0194486624902684   0.0204168297552271   0
0.337831264331737   0.568854777286128   0.0218724957663908   -0.00365495557808304   0
0.340391582610455   0.568682242295091   0.00256031827871767   -0.000172534991036755   0
0.335591724582703   0.562114629541876   -0.00479985802775212   -0.00656761275321549   0
0.340298066334765   0.572120842264062   0.00470634175206225   0.0100062127221866   0
0.348308568296058   0.574629285200902   0.00801050196129355   0.00250844293684027   0
0.34021537408236   0.573400061430649   -0.00809319421369864   -0.00122922377025303   0
0.356034666895753   0.588640991633443   0.0158192928133935   0.0152409302027932   0
0.352280423600858   0.572925529561434   -0.00375424329489515   -0.0157154620720081   0
0.34506973586834   0.576256004226854   -0.00721068773251782   0.00333047466541958   0
0.352032269030809   0.59352654993435   0.00696253316246886   0.017270545707496   0
0.342872342104288   0.596532653156223   -0.00915992692652101   0.003006103221873   0
0.346760489324   0.605878528033879   0.00388814721971198   0.00934587487765615   0
0.346046267005469   0.593485028852298   -0.000714222318531577   -0.0123934991815815   0
0.339833860561959   0.598350315113354   -0.00621240644350968   0.00486528626105631   0
0.364127156233932   0.601508719368639   0.0242932956719727   0.00315840425528502   0
0.379154993990386   0.620836448483415   0.0150278377564548   0.0193277291147761   0
0.391583930721946   0.608808490754648   0.0124289367315599   -0.0120279577287669   0
0.391560082074169   0.60421112206287   -2.38486477777688e-05   -0.00459736869177807   0
0.353772737532994   0.599047684609706   -0.0377873445411742   -0.00516343745316383   0
0.335018488906105   0.597351560260162   -0.0187542486268893   -0.00169612434954425   0
0.32006512012489   0.60985212987289   -0.0149533687812154   0.0125005696127277   0
0.303565902005693   0.554782245730025   -0.0164992181191966   -0.0550698841428646   0
0.298288057105041   0.555969631700105   -0.00527784490065236   0.0011873859700795   0
0.30348149458252   0.540605596877705   0.00519343747747919   -0.0153640348223993   0
0.272770271664857   0.525357265720433   -0.0307112229176626   -0.015248331157272   0
0.284832144192839   0.516935908724911   0.0120618725279814   -0.00842135699552182   0
0.308940784544482   0.541130452968136   0.0241086403516434   0.0241945442432244   0
0.304579666179031   0.537377842926883   -0.00436111836545089   -0.0037526100412526   0
0.312968498122415   0.540746465463021   0.00838883194338375   0.00336862253613757   0
0.323469317980478   0.544984469937906   0.0105008198580632   0.00423800447488487   0
0.315776824741668   0.528294279442102   -0.00769249323881016   -0.0166901904958034   0
0.301788606516148   0.540293405592045   -0.0139882182255199   0.0119991261499427   0
0.324520706998737   0.543651895891341   0.0227321004825888   0.00335849029929647   0
0.304184453270466   0.516492454068789   -0.0203362537282711   -0.0271594418225526   0
0.314336912517362   0.561652394200586   0.0101524592468962   0.0451599401317968   0
0.330015488549022   0.546735090301052   0.0156785760316606   -0.0149173038995332   0
0.305561994168974   0.52690509534308   -0.0244534943800486   -0.0198299949579727   0
0.306318758271543   0.547011571510832   0.000756764102569141   0.0201064761677521   0
0.317223078846039   0.534637214415766   0.0109043205744955   -0.0123743570950657   0
0.298413975826357   0.542736763731968   -0.0188091030196815   0.00809954931620183   0
0.306359488701202   0.537058774527751   0.0079455128748453   -0.00567798920421658   0
0.304902867210412   0.554712505008225   -0.00145662149079057   0.0176537304804736   0
0.306295295258042   0.570167625967355   0.00139242804762985   0.0154551209591304   0
0.301503581733567   0.548537877484773   -0.00479171352447416   -0.0216297484825823   0
0.328427574425002   0.563634412771701   0.0269239926914343   0.0150965352869278   0
0.332238024686895   0.555310341549885   0.00381045026189353   -0.00832407122181578   0
0.310482267730268   0.562848468471089   -0.021755756956627   0.00753812692120348   0
0.317832987582409   0.541567896554763   0.00735071985214114   -0.0212805719163259   0
0.31219631024309   0.536664699808689   -0.00563667733931894   -0.00490319674607387   0
0.316482926023838   0.543994414231203   0.00428661578074735   0.00732971442251451   0
0.31636019743634   0.552305496871749   -0.000122728587497845   0.00831108264054603   0
0.298244588749402   0.543151911122708   -0.0181156086869378   -0.00915358574904146   0
0.296836624045148   0.560554092244005   -0.00140796470425408   0.0174021811212967   0
0.321952495542821   0.554275214632812   0.0251158714976727   -0.00627887761119239   0
0.318283050147834   0.543970813480604   -0.00366944539498637   -0.0103044011522082   0
0.320298464609147   0.538776810812001   0.00201541446131248   -0.00519400266860337   0
0.35185361075021   0.532518704356241   0.0315551461410627   -0.00625810645575919   0
0.356949504382637   0.546308244952655   0.00509589363242713   0.0137895405964135   0
0.362740099692604   0.537001988298926   0.00579059530996684   -0.00930625665372875   0
0.345684086950878   0.530632498982818   -0.0170560127417251   -0.00636948931610837   0
0.324977430185251   0.54459339449492   -0.0207066567656271   0.0139608955121027   0
0.34689213634248   0.543162567313185   0.021914706157229   -0.00143082718173548   0
0.32658642196362   0.536536302665998   -0.0203057143788599   -0.00662626464718641   0
0.362876670112932   0.552879359344559   0.036290248149312   0.0163430566785605   0
0.351249299585195   0.557035629551647   -0.0116273705277375   0.0041562702070882   0
0.3436762549427   0.559650522903356   -0.00757304464249453   0.00261489335170895   0
0.378912601438854   0.580465914375039   0.0352363464961538   0.0208153914716827   0
0.368684545307177   0.578817946126414   -0.0102280561316769   -0.00164796824862501   0
0.38139210592802   0.591116370993267   0.0127075606208427   0.0122984248668535   0
0.402839718899726   0.586653800329675   0.0214476129717057   -0.00446257066359235   0
0.376840252212451   0.610510232973207   -0.025999466687275   0.0238564326435324   0
0.393574834797653   0.635126208950827   0.0167345825852024   0.02461597597762   0
0.408805205681496   0.609017094218216   0.0152303708838425   -0.026109114732611   0
0.382155389387615   0.598245916693127   -0.0266498162938802   -0.0107711775250893   0
0.406161345547049   0.617876328825801   0.0240059561594331   0.0196304121326744   0
0.401511835850452   0.598294112359674   -0.00464950969659689   -0.0195822164661276   0
0.394282627584782   0.624389317998394   -0.00722920826566953   0.0260952056387204   0
0.388841093394513   0.615983549157159   -0.00544153419026955   -0.00840576884123534   0
0.400722539769487   0.623475972331132   0.0118814463749744   0.0074924231739727   0
0.378648852549496   0.620342150466982   -0.022073687219991   -0.00313382186414946   0
0.398445098161591   0.619010543554187   0.0197962456120951   -0.00133160691279521   0
0.413443763279167   0.633358260244153   0.0149986651175761   0.0143477166899658   0
0.402825194371305   0.62907959592666   -0.0106185689078618   -0.00427866431749258   0
0.43957203018618   0.629887312146585   0.0367468358148747   0.000807716219925259   0
0.405037665812527   0.65158128211471   -0.0345343643736535   0.021693969968125   0
0.451294718283529   0.658803601148514   0.0462570524710026   0.00722231903380333   0
0.423438482123959   0.704392266529985   -0.0278562361595701   0.0455886653814717   0
0.432379083305425   0.683528091735263   0.00894060118146622   -0.0208641747947222   0
