0.117651051539457   0.140797435638047   0   0   0
0.10054858396447   0.126332216620504   -0.0171024675749875   -0.0144652190175428   0
0.0792570818791255   0.115284087645477   -0.0212915020853442   -0.0110481289750273   0
0.10471279615601   0.124590814093576   0.025455714276884   0.00930672644809903   0
0.0789172105479534   0.113902741791175   -0.0257955856080561   -0.0106880723024012   0
0.148401062273489   0.130735985684634   0.0694838517255358   0.0168332438934596   0
0.167504243228761   0.120643548911753   0.0191031809552721   -0.0100924367728814   0
0.321940654380027   0.0883897501406837   0.154436411151266   -0.0322537987710691   0
0.109271512036898   0.0815844207563858   -0.212669142343129   -0.0068053293842979   0
0.101951054343212   0.0679393106847759   -0.00732045769368657   -0.01364511007161   0
0.107389771599327   0.0508726748861557   0.00543871725611522   -0.0170666357986201   0
0.15953392831376   0.0330878259592935   0.0521441567144334   -0.0177848489268622   0
0.105235410199847   0.0342105834639549   -0.0542985181139135   0.00112275750466136   0
0.13595341963897   0.0471793707888575   0.0307180094391238   0.0129687873249026   0
0.102225368447172   0.0435969378115883   -0.0337280511917988   -0.00358243297726917   0
0.13573625814355   0.0618082400676067   0.0335108896963785   0.0182113022560184   0
0.146804961985486   0.0530055495832512   0.0110687038419358   -0.0088026904843555   0
0.0930904960661936   0.0303171731975151   -0.0537144659192924   -0.0226883763857361   0
0.120336635628483   0.0504593516874476   0.0272461395622899   0.0201421784899326   0
0.118905327561132   0.0406652015113045   -0.00143130806735188   -0.00979415017614316   0
0.00740829331844386   0.0125321045553371   -0.111497034242688   -0.0281330969559674   0
0.0502100303607008   0.0309157719330122   0.042801737042257   0.0183836673776751   0
0.0343661249979526   0.0351029269465169   -0.0158439053627483   0.00418715501350467   0
0.0214855704355272   0.0330298163563681   -0.0128805545624254   -0.00207311059014879   0
0.0258810001307909   0.041607103113869   0.00439542969526373   0.00857728675750089   0
0.0482036597238218   0.0484585876505909   0.0223226595930309   0.00685148453672192   0
0.0446570978033011   0.0386856548831734   -0.0035465619205207   -0.00977293276741746   0
0.0427804657641779   0.023381396960107   -0.00187663203912317   -0.0153042579230665   0
0.0692218083173937   0.0500428129470656   0.0264413425532158   0.0266614159869587   0
0.0245164182086128   0.0610441393316549   -0.044705390108781   0.0110013263845893   0
0.039691279553863   0.0568748330931177   0.0151748613452502   -0.00416930623853719   0
0.0807903240463857   0.0738782730148046   0.0410990444925227   0.0170034399216868   0
0.0461285905786032   0.077285511638615   -0.0346617334677825   0.00340723862381045   0
0.047276134847372   0.0686795264605836   0.00114754426876879   -0.00860598517803145   0
0.0481475027788316   0.0906906536676327   0.00087136793145965   0.0220111272070491   0
0.0581344896027909   0.0815784309784149   0.00998698682395924   -0.00911222268921782   0
0.0584468870360946   0.047507005884343   0.000312397433303704   -0.0340714250940719   0
0.0754315556723445   0.0691785992251216   0.0169846686362499   0.0216715933407786   0
0.0865992259162286   0.0783102586088981   0.0111676702438842   0.00913165938377647   0
0.065739042409667   0.0876873841290325   -0.0208601835065616   0.00937712552013439   0
0.04205384363487   0.0656760380504564   -0.023685198774797   -0.0220113460785761   0
0.0704160457053646   0.0641832518313189   0.0283622020704946   -0.00149278621913754   0
0.074350906016941   0.0596863926003658   0.00393486031157642   -0.00449685923095309   0
0.112313016352068   0.0909812620339485   0.0379621103351274   0.0312948694335827   0
0.0577194631858267   0.0658899261615916   -0.0545935531662418   -0.0250913358723569   0
0.0792333999907867   0.0823846555410199   0.0215139368049601   0.0164947293794283   0
0.108122126839745   0.0771894176693282   0.0288887268489587   -0.00519523787169168   0
0.112299905742124   0.102188939302708   0.00417777890237885   0.0249995216333796   0
0.0894316309580117   0.0760105443019257   -0.0228682747841126   -0.0261783950007822   0
0.0845965547404745   0.0777185539462746   -0.0048350762175372   0.00170800964434899   0
0.107533697801666   0.0836034433772916   0.0229371430611914   0.00588488943101696   0
0.122149406008421   0.0977327207914013   0.0146157082067548   0.0141292774141097   0
0.0958640718766755   0.0941845486401034   -0.0262853341317452   -0.00354817215129791   0
0.103959753852777   0.0953843403213546   0.00809568197610162   0.00119979168125126   0
0.113023003305163   0.0774966972105263   0.00906324945238597   -0.0178876431108283   0
0.129178754328837   0.124104281587955   0.0161557510236738   0.046607584377429   0
0.108098431634552   0.104276376351022   -0.0210803226942845   -0.0198279052369332   0
0.129750947326677   0.125065530864983   0.0216525156921242   0.0207891545139608   0
0.135739639421357   0.125541033060719   0.00598869209468039   0.000475502195735888   0
0.147848294414545   0.146500522121331   0.0121086549931881   0.0209594890606118   0
0.141984321747192   0.128092462641299   -0.00586397266735356   -0.018408059480032   0
0.145952466743286   0.126976213607717   0.00396814499609446   -0.00111624903358198   0
0.174671556796521   0.159092909542828   0.0287190900532354   0.0321166959351115   0
0.1532767488718   0.166206829220267   -0.0213948079247212   0.00711391967743885   0
0.163258622652649   0.162111649214214   0.00998187378084867   -0.00409518000605263   0
0.162044723509777   0.149132261012876   -0.00121389914287209   -0.0129793882013386   0
0.158921724629328   0.14477060414574   -0.00312299888044867   -0.00436165686713591   0
0.173882700914985   0.168061624675088   0.0149609762856565   0.0232910205293477   0
0.158848320961161   0.143860978016313   -0.0150343799538237   -0.0242006466587749   0
0.154487872361716   0.153281591128142   -0.00436044859944448   0.00942061311182962   0
0.18265245564733   0.166973059368308   0.0281645832856139   0.0136914682401656   0
0.222487467966737   0.181899216222885   0.039835012319407   0.0149261568545774   0
0.167291618642562   0.182782680188414   -0.0551958493241754   0.000883463965528519   0
0.19777339870923   0.164562916450707   0.0304817800666678   -0.0182197637377065   0
0.17652884581722   0.166885646045758   -0.0212445528920094   0.00232272959505056   0
0.176077568652105   0.175879412299372   -0.000451277165115366   0.00899376625361412   0
0.170590038101291   0.165469974838345   -0.00548753055081388   -0.0104094374610271   0
0.181437917332833   0.177579023588092   0.0108478792315422   0.0121090487497467   0
0.203393009671645   0.180969614544127   0.0219550923388119   0.00339059095603567   0
0.164789684080649   0.167716605382122   -0.0386033255909966   -0.0132530091620051   0
0.181331056609576   0.188794394700611   0.0165413725289272   0.0210777893184885   0
0.20138474347463   0.197689994264378   0.0200536868650537   0.00889559956376779   0
0.17777997958007   0.19945571963095   -0.02360476389456   0.00176572536657119   0
0.174618393832065   0.194790530918471   -0.00316158574800512   -0.00466518871247823   0
0.178421744105616   0.187723754749499   0.00380335027355166   -0.00706677616897258   0
0.204807867240104   0.222344265767076   0.0263861231344876   0.0346205110175768   0
0.179747461301572   0.184469033030615   -0.0250604059385322   -0.0378752327364611   0
0.188062178635179   0.186797244242253   0.00831471733360739   0.00232821121163856   0
0.173323514313552   0.196283327755441   -0.0147386643216273   0.00948608351318814   0
0.183905531420238   0.200228018799193   0.0105820171066858   0.00394469104375172   0
0.175401765202207   0.191244836418529   -0.00850376621803101   -0.00898318238066381   0
0.162341987415023   0.189521307262534   -0.0130597777871832   -0.0017235291559948   0
0.174005259614645   0.189147195190016   0.0116632721996217   -0.000374112072518445   0
0.190574285414087   0.203777482115297   0.0165690257994423   0.0146302869252805   0
0.173674952818253   0.189091621620975   -0.0168993325958341   -0.0146858604943215   0
0.172843590564562   0.196714635313441   -0.00083136225369107   0.00762301369246574   0
0.173177266373008   0.201929325824656   0.000333675808445344   0.00521469051121501   0
0.180212643146811   0.213623577554656   0.00703537677380386   0.0116942517299999   0
0.166838491548473   0.195554574426808   -0.0133741515983381   -0.0180690031278477   0
0.156050064566238   0.200731877516378   -0.0107884269822358   0.00517730308956948   0
0.167920437506874   0.19018026793085   0.0118703729406366   -0.0105516095855273   0
0.18156313695858   0.195941721936013   0.0136426994517057   0.00576145400516315   0
0.163904759279833   0.182482436465129   -0.0176583776787468   -0.013459285470884   0
0.176510769313773   0.176210394609682   0.01260601003394   -0.006272041855447   0
0.168987793440976   0.187973672790899   -0.00752297587279691   0.0117632781812166   0
0.163215142570431   0.189161091150506   -0.00577265087054515   0.00118741835960681   0
0.179411412360307   0.203297082732389   0.0161962697898758   0.0141359915818836   0
0.185756773074739   0.211419015313784   0.00634536071443209   0.00812193258139443   0
0.164796099804122   0.201053606226051   -0.0209606732706172   -0.0103654090877328   0
0.170734585278935   0.19315292245977   0.00593848547481368   -0.00790068376628086   0
0.167689916311059   0.202083248723762   -0.00304466896787614   0.00893032626399215   0
0.172150326012534   0.19315292245977   0.00446040970147452   -0.00893032626399215   0
0.178336706834011   0.19315292245977   0.00618638082147743   0   0
0.175679881304405   0.195427778651091   -0.00265682552960556   0.00227485619132126   0
0.164710509255633   0.173421633664171   -0.0109693720487724   -0.0220061449869202   0
0.182724980697167   0.194144128648023   0.0180144714415338   0.0207224949838515   0
0.178857929723957   0.190056710286035   -0.00386705097320972   -0.00408741836198731   0
0.187590354870248   0.189418823654752   0.00873242514629091   -0.000637886631283502   0
0.204285376064465   0.187281504295673   0.0166950211942172   -0.0021373193590794   0
0.195046462240078   0.205255071507381   -0.00923891382438774   0.0179735672117083   0
0.177745311229523   0.189920458456297   -0.0173011510105545   -0.0153346130510839   0
0.19007937040334   0.205500004532238   0.0123340591738166   0.0155795460759415   0
0.197677798878402   0.209494267142325   0.00759842847506251   0.00399426261008703   0
0.187925738700609   0.207162545443789   -0.00975206017779306   -0.00233172169853627   0
0.195614824847735   0.219389530667487   0.0076890861471258   0.0122269852236974   0
0.205310250045096   0.231581495097298   0.00969542519736152   0.0121919644298118   0
0.264343275524459   0.24414057191145   0.0590330254793625   0.0125590768141519   0
0.215332658005876   0.260998647029539   -0.0490106175185828   0.016858075118089   0
0.22891348455128   0.264119724247357   0.0135808265454035   0.00312107721781796   0
0.218306778905695   0.263869546231656   -0.0106067056455846   -0.000250178015701263   0
0.222304486519278   0.250418857573167   0.00399770761358331   -0.0134506886584891   0
0.218224458140266   0.245930829889727   -0.00408002837901278   -0.0044880276834395   0
0.233486336872739   0.265424983034284   0.0152618787324731   0.0194941531445567   0
0.21845861501495   0.243329794089215   -0.0150277218577889   -0.0220951889450686   0
0.250195147311873   0.251284192239086   0.0317365322969236   0.00795439814987067   0
0.252371658906146   0.269903738226242   0.00217651159427251   0.0186195459871563   0
0.289465120971422   0.273396934102232   0.0370934620652762   0.00349319587598929   0
0.281619980451334   0.268671291023529   -0.00784514052008761   -0.00472564307870232   0
0.270228253869298   0.277809868566165   -0.011391726582036   0.00913857754263586   0
0.278318240338663   0.283053425958775   0.00808998646936493   0.00524355739261023   0
0.251203947547088   0.268079588172058   -0.0271142927915755   -0.0149738377867178   0
0.265033047900163   0.276146686299601   0.0138291003530749   0.00806709812754292   0
0.276250553599373   0.268146877004469   0.01121750569921   -0.00799980929513122   0
0.270106362903579   0.264294724441295   -0.00614419069579369   -0.00385215256317445   0
0.274642150151356   0.268529056257884   0.00453578724777692   0.00423433181658944   0
0.281603896191867   0.270319589597665   0.00696174604051125   0.00179053333978063   0
0.268355658731915   0.268359361929578   -0.0132482374599523   -0.0019602276680874   0
0.266895980865674   0.279598088523956   -0.00145967786624146   0.0112387265943786   0
0.250927894274451   0.245414604560324   -0.0159680865912227   -0.0341834839636326   0
0.242076631818129   0.238037341949745   -0.00885126245632181   -0.00737726261057819   0
0.258444166315454   0.267231154511408   0.0163675344973249   0.0291938125616626   0
0.26553571186219   0.244929551162166   0.00709154554673613   -0.0223016033492421   0
0.28981440898299   0.273325378006233   0.0242786971208003   0.0283958268440668   0
0.283352755056026   0.265589364170047   -0.00646165392696485   -0.00773601383618544   0
0.319971442357111   0.275354189210006   0.0366186873010855   0.00976482503995912   0
0.289659874431099   0.262664407340431   -0.0303115679260121   -0.0126897818695751   0
0.296862081359358   0.249883034390592   0.00720220692825896   -0.0127813729498389   0
0.282442121295674   0.229071636189424   -0.0144199600636842   -0.020811398201168   0
0.291977675149933   0.229845429779994   0.00953555385425969   0.000773793590569227   0
0.281834628393691   0.237703448079219   -0.0101430467562422   0.00785801829922544   0
0.28251236826817   0.232963357848933   0.000677739874478611   -0.00474009023028613   0
0.285988397139884   0.250712343566287   0.00347602887171417   0.0177489857173542   0
0.283257144842844   0.219356654801034   -0.0027312522970398   -0.0313556887652531   0
0.286581553673645   0.208018921438652   0.00332440883080037   -0.0113377333623822   0
0.303287758711162   0.208729389702313   0.0167062050375174   0.000710468263661057   0
0.284422754955084   0.190934943795   -0.0188650037560775   -0.0177944459073124   0
0.285245602629082   0.19484987956373   0.000822847673997429   0.00391493576872926   0
0.293720079334458   0.216208494842941   0.00847447670537566   0.0213586152792111   0
0.300628785797435   0.227602280648174   0.00690870646297737   0.0113937858052328   0
0.293799698878335   0.222632943537676   -0.00682908691910039   -0.00496933711049771   0
0.296515587649216   0.233244683436729   0.00271588877088169   0.0106117398990532   0
0.298622847638304   0.232004105367233   0.00210725998908823   -0.00124057806949643   0
0.287201672854529   0.213114308289002   -0.0114211747837752   -0.0188897970782302   0
0.290579669605016   0.22268056091013   0.00337799675048633   0.00956625262112723   0
0.30090417895011   0.213705973634922   0.0103245093450948   -0.00897458727520767   0
0.302875939752318   0.191516492335517   0.00197176080220818   -0.0221894812994054   0
0.314338336154914   0.214039174709327   0.011462396402596   0.0225226823738108   0
0.3058580487289   0.203694876129715   -0.00848028742601475   -0.0103442985796123   0
0.31256412692438   0.197880068501732   0.00670607819548047   -0.0058148076279835   0
0.315429671277133   0.190833657638007   0.00286554435275255   -0.00704641086372479   0
0.302742033711706   0.193844080264268   -0.0126876375654263   0.00301042262626125   0
0.31538436419076   0.207244699332697   0.0126423304790537   0.013400619068429   0
0.292956626190585   0.183633409646774   -0.0224277380001753   -0.0236112896859228   0
0.29932001457821   0.19810666694738   0.00636338838762551   0.0144732573006054   0
0.312607937545242   0.188470769949215   0.0132879229670319   -0.00963589699816444   0
0.3089334433816   0.202141313909972   -0.00367449416364241   0.0136705439607571   0
0.307565940958943   0.189695391299446   -0.00136750242265676   -0.0124459226105262   0
0.309698853248523   0.191161214587975   0.00213291228957974   0.00146582328852926   0
0.310319803463846   0.196420223068425   0.000620950215323268   0.00525900848044994   0
0.328218481384484   0.195692597032949   0.0178986779206381   -0.000727626035476797   0
0.323454525335479   0.189617472362781   -0.00476395604900509   -0.00607512467016763   0
0.333515512328887   0.196298178065921   0.0100609869934081   0.00668070570313994   0
0.339256164961656   0.196106779460196   0.00574065263276846   -0.000191398605724785   0
0.334535687369823   0.193710699243743   -0.00472047759183247   -0.00239608021645274   0
0.346790548934959   0.183762211440492   0.0122548615651357   -0.00994848780325161   0
0.345195043444949   0.195728205584939   -0.00159550549001003   0.0119659941444469   0
0.345792954512032   0.182777832830598   0.000597911067083012   -0.0129503727543407   0
0.353180977187065   0.197985459570899   0.00738802267503319   0.0152076267403009   0
0.344613847137981   0.184934814089316   -0.00856713004908349   -0.0130506454815825   0
0.34830511186068   0.19482920094085   0.00369126472269887   0.0098943868515334   0
0.356966809863382   0.189571997097409   0.00866169800270189   -0.00525720384344086   0
0.342282397936883   0.202492379881935   -0.0146844119264995   0.0129203827845264   0
0.33413694405034   0.166220430604213   -0.00814545388654264   -0.0362719492777223   0
0.343787322396347   0.170246719472065   0.00965037834600718   0.00402628886785197   0
0.358072212563109   0.167802452240723   0.0142848901667614   -0.00244426723134239   0
0.351507751960477   0.184258185550195   -0.00656446060263172   0.0164557333094721   0
0.341006918546648   0.173608491490192   -0.0105008334138291   -0.010649694060003   0
0.349057193709283   0.163717338902298   0.0080502751626354   -0.0098911525878935   0
0.354048074271052   0.172979111298156   0.00499088056176838   0.00926177239585813   0
0.345598567855887   0.141562247810813   -0.00844950641516473   -0.0314168634873435   0
0.34728447839044   0.155804029377452   0.00168591053455319   0.0142417815666394   0
0.342808100262363   0.18064104188279   -0.00447637812807744   0.0248370125053381   0
0.352513316329412   0.181722307340761   0.00970521606704938   0.00108126545797069   0
0.349406825955433   0.179254307120499   -0.00310649037397925   -0.0024680002202625   0
0.369414032807959   0.161722405696459   0.0200072068525266   -0.0175319014240397   0
0.353852029379118   0.160740371671214   -0.0155620034288415   -0.000982034025244827   0
0.358921790493082   0.176035054580643   0.0050697611139644   0.0152946829094292   0
0.326884762004915   0.171373723234952   -0.032037028488167   -0.00466133134569088   0
0.336999692488361   0.170017994669564   0.0101149304834461   -0.00135572856538793   0
0.342892925377588   0.164223118509423   0.00589323288922661   -0.00579487616014129   0
0.356172418912737   0.186825729257241   0.013279493535149   0.0226026107478182   0
0.360007995424713   0.178441795015097   0.00383557651197597   -0.00838393424214393   0
0.360602268741074   0.189366867218767   0.000594273316361527   0.0109250722036694   0
0.36804074502654   0.192747356775651   0.00743847628546607   0.00338048955688408   0
0.378209716454689   0.192400066736605   0.0101689714281489   -0.000347290039045905   0
0.371185843851073   0.181593079235553   -0.00702387260361659   -0.0108069875010514   0
0.372081841678414   0.188161224808009   0.000895997827340844   0.00656814557245528   0
0.379236907745277   0.186095464956833   0.00715506606686384   -0.00206575985117535   0
0.387794208615407   0.190162022219212   0.0085573008701299   0.0040665572623784   0
0.383221894488011   0.186659263976503   -0.00457231412739656   -0.00350275824270832   0
0.395464815339178   0.198346751685653   0.0122429208511671   0.0116874877091493   0
0.396457574831709   0.225190520331674   0.00099275949253097   0.0268437686460211   0
0.403832669289521   0.200442031542788   0.00737509445781265   -0.0247484887888859   0
0.410684220831054   0.220840117397745   0.00685155154153261   0.0203980858549575   0
0.390088658377567   0.193306262392738   -0.0205955624534872   -0.0275338550050077   0
0.383600466480947   0.201479292014093   -0.00648819189662009   0.00817302962135485   0
0.40860699900649   0.19730027641263   0.0250065325255436   -0.00417901560146311   0
0.400331159465823   0.169521834523609   -0.00827583954066757   -0.0277784418890202   0
0.403555454840794   0.173318186579626   0.00322429537497104   0.0037963520560165   0
0.4144787531525   0.160368174446335   0.010923298311706   -0.0129500121332913   0
0.43788886699391   0.176172636971523   0.02341011384141   0.0158044625251883   0
0.428667447680647   0.16282924676768   -0.00922141931326304   -0.013343390203843   0
0.439699754460075   0.169580566484754   0.011032306779428   0.00675131971707393   0
0.44522392353807   0.181738710027611   0.00552416907799574   0.012158143542857   0
0.439745197386009   0.173042466189488   -0.00547872615206146   -0.00869624383812306   0
0.446198459831553   0.174842133298156   0.00645326244554401   0.00179966710866783   0
0.448422594250267   0.184545310373503   0.0022241344187145   0.00970317707534729   0
0.447769035699187   0.17462504172114   -0.000653558551080236   -0.00992026865236253   0
0.443451842854223   0.199697134626764   -0.00431719284496379   0.0250720929056239   0
0.450118349930042   0.185327936458215   0.00666650707581895   -0.0143691981685497   0
