0.320374381820332   0.211499599001984   0   0   0
0.328422444333974   0.214704826362846   0.00804806251364221   0.0032052273608624   0
0.349852407930673   0.258200405106189   0.0214299635966986   0.0434955787433424   0
0.285270020565437   0.236939103153637   -0.0645823873652359   -0.0212613019525514   0
0.297574059044148   0.220241934319398   0.0123040384787108   -0.0166971688342394   0
0.257362473679517   0.377451575477239   -0.040211585364631   0.157209641157841   0
0.483741531180692   0.186937466930121   0.226379057501175   -0.190514108547118   1
0.261093453857139   0.12418621754905   -0.222648077323553   -0.0627512493810707   1
0.160982578805721   0.105919577313604   -0.100110875051418   -0.0182666402354463   0
0.0870355583817327   0.0811919851167743   -0.0739470204239881   -0.0247275921968295   0
0.147330144886408   0.0612549989559424   0.0602945865046755   -0.0199369861608319   0
0.0952966178838997   0.0220026274791217   -0.0520335270025084   -0.0392523714768207   0
0.07523408914435   0.025047377142947   -0.0200625287395497   0.00304474966382536   0
0.0509885030787334   0.023578109938778   -0.0242455860656166   -0.00146926720416907   0
0.0195818537026759   0.0429277037074673   -0.0314066493760575   0.0193495937686893   0
0.0841608702602944   0.0393167336569939   0.0645790165576185   -0.00361097005047333   0
0.110381877601081   0.0295254389939798   0.0262210073407865   -0.00979129466301411   0
0.103681416251713   0.027945477705284   -0.00670046134936825   -0.00157996128869584   0
0.0367274034705695   0.025068919686237   -0.0669540127811431   -0.00287655801904702   0
0.0427343328041751   0.0206752358669133   0.00600692933360565   -0.00439368381932364   0
0.0299105300518463   0.0153537588756793   -0.0128238027523288   -0.00532147699123407   0
0.0956960432598386   0.0109734805798028   0.0657855132079923   -0.00438027829587648   0
0.155718103361571   0.0112024981082141   0.0600220601017327   0.000229017528411335   0
0.0425480310453081   0.0120134778417243   -0.113170072316263   0.000810979733510145   0
0.0331563837424484   0.0201190825606162   -0.00939164730285964   0.00810560471889197   0
0.0723485056875738   0.0214387788505252   0.0391921219451253   0.00131969628990892   0
0.0237150653712766   0.0238073815339382   -0.0486334403162972   0.00236860268341301   0
0.0560684423893949   0.0172106329786255   0.0323533770181184   -0.00659674855531265   0
0.0337127680228738   0.0299959389585365   -0.0223556743665212   0.012785305979911   0
0.0713455882587655   0.0419228364734663   0.0376328202358918   0.0119268975149299   0
0.0655584106180252   0.0102787235507637   -0.00578717764074031   -0.0316441129227026   0
0.0847137830634596   0.0594544598263452   0.0191553724454344   0.0491757362755815   0
0.105264553643644   0.0100630423915944   0.0205507705801843   -0.0493914174347509   0
0.0654778869896922   0.0217467333420654   -0.0397866666539518   0.0116836909504711   0
0.0772042191288721   0.00602822264478096   0.0117263321391799   -0.0157185106972845   0
0.0181798330209741   0.030885959275681   -0.059024386107898   0.0248577366309   0
0.0279528469090073   0.0364082173523921   0.00977301388803322   0.0055222580767111   0
0.0244395389350147   0.0244152508259541   -0.00351330797399261   -0.011992966526438   0
0.0777451031063416   0.0278692902151997   0.0533055641713269   0.00345403938924564   0
0.0309902244880543   0.0445435846857042   -0.0467548786182874   0.0166742944705045   0
0.0759036165666439   0.0489201163642064   0.0449133920785896   0.00437653167850226   0
0.126813274290693   0.0731533404428732   0.050909657724049   0.0242332240786667   0
0.0302988259071618   0.0739488515762753   -0.096514448383531   0.000795511133402177   0
0.0264614436847539   0.147857927132642   -0.00383738222240794   0.0739090755563662   0
0.0793425584031603   0.083367802874521   0.0528811147184064   -0.0644901242581205   0
0.0817333925564852   0.0738064114812461   0.00239083415332488   -0.0095613913932749   0
0.0323425883871841   0.0822778472096986   -0.049390804169301   0.00847143572845242   0
0.0394096321627404   0.046154059802714   0.00706704377555626   -0.0361237874069846   0
0.0361817894877313   0.088147523935063   -0.0032278426750091   0.041993464132349   0
0.0177193429578526   0.0849603115055053   -0.0184624465298787   -0.00318721242955765   0
0.0267837239791426   0.0928383854141836   0.00906438102129004   0.00787807390867828   0
0.0337195155442972   0.0987172967133167   0.00693579156515457   0.00587891129913305   0
0.0642675398871538   0.119303768011796   0.0305480243428566   0.0205864712984796   0
0.0695057669352335   0.0828653270809271   0.00523822704807976   -0.0364384409308692   0
0.0207116299182368   0.0688020130303744   -0.0487941370169968   -0.0140633140505527   0
0.0412596905055043   0.0634892250736493   0.0205480605872675   -0.00531278795672505   0
0.135019922556997   0.0470491259836365   0.0937602320514932   -0.0164400990900128   0
0.0438536382469334   0.0844983564799636   -0.0911662843100641   0.0374492304963271   0
0.104293405519782   0.0432805354658997   0.0604397672728481   -0.0412178210140639   0
0.106685401354335   0.0895364560462525   0.00239199583455373   0.0462559205803528   0
0.138342252000356   0.0473030036708939   0.0316568506460208   -0.0422334523753586   0
0.0441922195214146   0.0467467189530185   -0.0941500324789414   -0.000556284717875374   0
0.13417809104131   0.0865513539054271   0.0899858715198951   0.0398046349524086   0
0.135207659564958   0.114251318030165   0.00102956852364833   0.0276999641247383   0
0.074829150646055   0.12949893824392   -0.060378508918903   0.0152476202137542   0
0.0807109871154485   0.154644962284558   0.00588183646939348   0.0251460240406388   0
0.12928840214269   0.0778550949171119   0.0485774150272417   -0.0767898673674465   0
0.0708813644567456   0.115826325357043   -0.0584070376859447   0.0379712304399312   0
0.0588050446433714   0.121398031652021   -0.0120763198133742   0.00557170629497754   0
0.0588078622704448   0.104857954936917   2.81762707338151e-06   -0.0165400767151037   0
0.0727063760418576   0.10133060088079   0.0138985137714128   -0.0035273540561266   0
0.0893704518043296   0.0919250739690233   0.016664075762472   -0.00940552691176705   0
0.0648918739402708   0.125467480271941   -0.0244785778640588   0.0335424063029181   0
0.0561216298085685   0.0933620300988576   -0.00877024413170237   -0.0321054501730837   0
0.0514283313036696   0.0696509108592989   -0.00469329850489888   -0.0237111192395588   0
0.0830284291735066   0.101068292739612   0.031600097869837   0.0314173818803135   0
0.0675825971907709   0.0971153919230108   -0.0154458319827356   -0.00395290081660159   0
0.0938315873788587   0.101915721512459   0.0262489901880878   0.00480032958944768   0
0.150681551793895   0.0926261868464173   0.0568499644150358   -0.00928953466604127   0
0.0986560392710958   0.118199805607222   -0.0520255125227987   0.0255736187608045   0
0.0630744213669059   0.108055953435523   -0.0355816179041899   -0.0101438521716983   0
0.0442781421034126   0.115906522872755   -0.0187962792634933   0.0078505694372317   0
0.0776553683819734   0.0812292457200607   0.0333772262785608   -0.0346772771526944   0
0.154982512719553   0.0751412318388014   0.0773271443375795   -0.00608801388125929   0
0.0524341345105419   0.108910403554573   -0.102548378209011   0.0337691717157718   0
0.0688670978924624   0.161088292902661   0.0164329633819205   0.0521778893480878   0
0.0601734997424946   0.0861209786672359   -0.00869359814996778   -0.0749673142354252   0
0.0702332257295619   0.155277240924419   0.0100597259870673   0.0691562622571829   0
0.0200997337609378   0.0905973321819689   -0.0501334919686241   -0.0646799087424499   0
0.0723225002097549   0.126668022251796   0.0522227664488171   0.0360706900698275   0
0.0585913666655626   0.120740942315563   -0.0137311335441923   -0.00592707993623391   0
0.0474367459909509   0.134352405124406   -0.0111546206746117   0.0136114628088434   0
0.0355608720425639   0.113085143017311   -0.0118758739483871   -0.0212672621070952   0
0.0387241008581942   0.114606869429741   0.00316322881563038   0.0015217264124298   0
0.078889927735358   0.0886813224323053   0.0401658268771637   -0.0259255469974352   0
0.0795039552505842   0.0986932708164175   0.000614027515226268   0.0100119483841122   0
0.0344966853317098   0.0889241754601076   -0.0450072699188745   -0.00976909535630993   0
0.101248445796713   0.114271099911082   0.0667517604650036   0.0253469244509741   0
0.0721121022151622   0.117945582964154   -0.0291363435815511   0.00367448305307272   0
0.0448051139212925   0.128607602382764   -0.0273069882938697   0.0106620194186096   0
0.0760001043732178   0.0647753251802421   0.0311949904519253   -0.063832277202522   0
0.0314450980712813   0.100696388996639   -0.0445550063019365   0.0359210638163973   0
0.0789804795144978   0.0923935404174583   0.0475353814432164   -0.00830284857918101   0
0.0453017901623059   0.0969477741509572   -0.0336786893521918   0.00455423373349885   0
0.0341918550427803   0.114607791726368   -0.0111099351195257   0.0176600175754111   0
0.0447248508383482   0.112214668422682   0.010532995795568   -0.00239312330368606   0
0.0477523230305082   0.0707800834743963   0.00302747219215991   -0.0414345849482859   0
0.034885666462867   0.0735775406035191   -0.0128666565676412   0.00279745712912285   0
0.0421990551080235   0.0907749012662641   0.00731338864515649   0.017197360662745   0
0.0638713276763526   0.119485712045332   0.0216722725683291   0.0287108107790679   0
0.0581513548518003   0.0900120951216696   -0.00571997282455224   -0.0294736169236624   0
0.0772134468292279   0.0357883571495326   0.0190620919774275   -0.054223737972137   0
0.0538279679986157   0.113487487044663   -0.0233854788306121   0.0776991298951302   0
0.054035913645001   0.125037506818594   0.00020794564638521   0.0115500197739314   0
0.0428644459115897   0.065885009042991   -0.0111714677334112   -0.0591524977756033   0
0.0541638591891309   0.0933922494982319   0.0112994132775412   0.027507240455241   0
0.0862614803849111   0.0656643414237515   0.0320976211957802   -0.0277279080744805   0
0.107842984124374   0.0391762313333608   0.021581503739463   -0.0264881100903907   0
0.131515477786001   0.0663398018494938   0.0236724936616265   0.027163570516133   0
0.121567937812772   0.0710494831141825   -0.00994753997322854   0.00470968126468867   0
0.142253974673961   0.0706843162462022   0.0206860368611892   -0.000365166867980257   0
0.156569465269491   0.0684021705816592   0.0143154905955293   -0.00228214566454303   0
0.191818701813066   0.0821988597885403   0.0352492365435757   0.0137966892068811   0
0.157211442896184   0.124529875803208   -0.0346072589168826   0.0423310160146681   0
0.140316699041849   0.139803119155341   -0.0168947438543344   0.0152732433521327   0
0.121603966659176   0.112350221548513   -0.0187127323826728   -0.0274528976068279   0
0.101608294401245   0.108761518761647   -0.0199956722579318   -0.00358870278686663   0
0.118975879466388   0.146146005533174   0.017367585065143   0.0373844867715273   0
0.0976731585423037   0.141847542414594   -0.0213027209240839   -0.00429846311858006   0
0.103471688919731   0.157790065450712   0.00579853037742732   0.0159425230361182   0
0.295010314100527   0.0612310958086453   0.191538625180796   -0.0965589696420668   0
2.16462300493903   0.377474047175432   1.86961269083851   0.316242951366786   1
1.46118374703472   0.408633432294385   -0.703439257904318   0.0311593851189537   1
0.731519371506506   0.168404587338795   -0.729664375528209   -0.24022884495559   1
0.636143926656506   0.167394867135024   -0.0953754448500006   -0.00100972020377099   0
0.668526144985378   0.182249273642181   0.0323822183288718   0.0148544065071563   0
0.5860349011013   0.244335558163057   -0.0824912438840779   0.0620862845208759   0
0.601522720134734   0.226476643645675   0.0154878190334348   -0.0178589145173819   0
0.583524669386445   0.287425471373313   -0.0179980507482893   0.0609488277276377   0
0.637726348353751   0.289470136499386   0.054201678967306   0.00204466512607321   0
0.658120223112191   0.301634047413476   0.0203938747584398   0.0121639109140899   0
0.541218769342624   0.251874330802689   -0.116901453769567   -0.0497597166107865   0
0.505867341004784   0.253407382605366   -0.0353514283378403   0.00153305180267715   0
0.485091286366772   0.237095566255487   -0.0207760546380115   -0.0163118163498794   0
0.430268989918934   0.246195280557427   -0.0548222964478377   0.00909971430193965   0
0.301748498414242   0.186762019566345   -0.128520491504693   -0.0594332609910811   0
0.2284011822849   0.189509034959418   -0.0733473161293419   0.00274701539307276   0
0.178080978644464   0.215184543932644   -0.0503202036404359   0.0256755089732258   0
0.250786663253841   0.220172181158293   0.0727056846093775   0.00498763722564857   0
0.359200126352582   0.214654239906879   0.10841346309874   -0.00551794125141347   0
0.285405794871429   0.223183171866743   -0.0737943314811522   0.00852893195986359   0
0.155934995470737   0.229674133957766   -0.129470799400692   0.00649096209102365   0
0.222388573473074   0.220425562526786   0.0664535780023368   -0.00924857143098043   0
0.267047388654692   0.187908355523377   0.0446588151816175   -0.0325172070034085   0
0.46728604123467   0.158100370746086   0.200238652579979   -0.0298079847772909   0
0.344404621435151   0.140155061545133   -0.122881419799519   -0.0179453092009536   0
0.223337770553841   0.149481071373502   -0.121066850881311   0.00932600982836909   0
0.253523360945732   0.128737545774591   0.0301855903918915   -0.0207435255989107   0
0.278895983015604   0.161738849649087   0.0253726220698717   0.0330013038744958   0
0.317994280840788   0.156858015475477   0.0390982978251843   -0.00488083417361007   0
0.351092826121825   0.173623107907768   0.0330985452810368   0.0167650924322911   0
0.275570477814896   0.19935054468943   -0.0755223483069291   0.025727436781662   0
0.268424237769114   0.194084761886791   -0.00714624004578163   -0.00526578280263884   0
0.16555013898771   0.157988881860782   -0.102874098781404   -0.0360958800260098   0
0.184216276815731   0.164235938465794   0.0186661378280212   0.00624705660501221   0
0.301269157440759   0.162859790570724   0.117052880625028   -0.00137614789507004   0
0.321557256429162   0.163458571536682   0.0202880989884032   0.000598780965957973   0
0.210213570829407   0.200079005944683   -0.111343685599756   0.0366204344080013   0
0.25185749233505   0.158846447633595   0.0416439215056437   -0.0412325583110878   0
0.356099643081498   0.1550672015139   0.104242150746447   -0.0037792461196951   0
0.31543402386022   0.173297214239186   -0.0406656192212774   0.0182300127252863   0
0.316348066861124   0.157064836190735   0.00091404300090342   -0.0162323780484512   0
0.247667251357805   0.164378751169137   -0.068680815503319   0.00731391497840159   0
0.302896878454962   0.187344968838404   0.0552296270971573   0.022966217669267   0
0.252789630749246   0.173160437229647   -0.0501072477057163   -0.0141845316087569   0
0.293792869305468   0.157834716280085   0.0410032385562227   -0.0153257209495617   0
0.208071132384968   0.159801690830119   -0.0857217369205004   0.00196697455003397   0
0.214649752460048   0.191081055506557   0.00657862007508025   0.031279364676438   0
0.240279795411516   0.384842589302513   0.0256300429514677   0.193761533795955   0
0.494090487141778   0.879128917487788   0.253810691730262   0.494286328185275   1
0.333974401429271   0.868740158317779   -0.160116085712507   -0.0103887591700088   0
0.417679100215704   0.77697800338507   0.0837046987864327   -0.0917621549327089   0
0.440430144493324   0.814179210247965   0.0227510442776198   0.0372012068628947   0
0.440315516877171   0.766782579479346   -0.000114627616153051   -0.0473966307686186   0
0.38154507218697   0.759491375664168   -0.0587704446902009   -0.00729120381517845   0
0.412762400379698   0.823121975257313   0.031217328192728   0.0636305995931447   0
0.440788702634439   0.776834711864757   0.0280263022547415   -0.0462872633925556   0
0.476922637275953   0.783310330398017   0.0361339346415134   0.00647561853325962   0
0.466620957295705   0.881258482542438   -0.0103016799802479   0.097948152144421   0
0.467632659459728   0.846956896172556   0.0010117021640228   -0.0343015863698813   0
0.502445795571433   0.837290543030016   0.0348131361117051   -0.00966635314253972   0
0.514914294795901   0.843985816421994   0.0124684992244682   0.00669527339197773   0
0.513953408548129   0.8745838529102   -0.000960886247771908   0.0305980364882055   0
0.573858135501702   0.880507894734624   0.0599047269535732   0.00592404182442452   0
0.540195404666163   0.887999987210023   -0.0336627308355387   0.00749209247539839   0
0.574591992280966   0.881590549144698   0.0343965876148028   -0.00640943806532479   0
0.586236706962512   0.904049660965176   0.0116447146815456   0.0224591118204784   0
0.603484612754261   0.903019859291173   0.0172479057917488   -0.00102980167400313   0
0.619941908222569   0.88258288803786   0.0164572954683081   -0.020436971253313   0
0.620431294880424   0.903935947674115   0.000489386657855584   0.0213530596362548   0
0.58391109821466   0.898984460017246   -0.0365201966657646   -0.0049514876568687   0
0.5688605324514   0.92423049151037   -0.01505056576326   0.0252460314931237   0
0.561138837416597   0.913108892512416   -0.00772169503480291   -0.0111215989979543   0
0.578345402432915   0.89598983469973   0.0172065650163178   -0.0171190578126853   0
0.576567514497502   0.898246431782086   -0.00177788793541234   0.00225659708235582   0
0.580056877595853   0.886131765821681   0.00348936309835024   -0.0121146659604054   0
0.569959458537438   0.758396458058383   -0.0100974190584141   -0.127735307763298   0
0.586030337135553   0.697035633838938   0.0160708785981146   -0.0613608242194446   0
0.617018423007774   0.696224644241354   0.0309880858722207   -0.000810989597583966   0
0.563393814941698   0.796470711796736   -0.0536246080660759   0.100246067555382   0
0.587750001443815   0.751671456351942   0.0243561865021175   -0.0447992554447941   0
0.588491161548379   0.77923221964059   0.000741160104563487   0.0275607632886472   0
0.604803380527226   0.780641093165899   0.0163122189788468   0.00140887352530961   0
0.632777382564358   0.797252300783761   0.0279740020371325   0.0166112076178615   0
0.612468854282403   0.745308079119299   -0.0203085282819546   -0.0519442216644612   0
0.595278832329388   0.818204598922238   -0.0171900219530151   0.0728965198029382   0
0.63062162608129   0.821114308860374   0.0353427937519013   0.00290970993813666   0
0.616180713204462   0.716351165827382   -0.0144409128768272   -0.104763143032992   0
0.630948408063198   0.792017620159583   0.0147676948587357   0.075666454332201   0
0.623071292972393   0.843272708297559   -0.0078771150908048   0.0512550881379756   0
0.634814547109823   0.860042468340517   0.0117432541374298   0.0167697600429583   0
0.634798411990767   0.857716670228287   -1.61351190557379e-05   -0.00232579811223033   0
0.619558208774519   0.820600350283255   -0.015240203216249   -0.0371163199450325   0
0.590384150077735   0.868754067214076   -0.029174058696783   0.0481537169308219   0
0.628194087122961   0.855132562890105   0.0378099370452253   -0.0136215043239711   0
0.624748736637066   0.882519440222848   -0.00344535048589478   0.0273868773327431   0
0.669235768878203   0.845170466368915   0.0444870322411373   -0.037348973853933   0
0.655082388264255   0.877792686805518   -0.0141533806139483   0.0326222204366023   0
0.678118403948226   0.880241160615942   0.0230360156839715   0.0024484738104239   0
0.71634926850304   0.895968668309473   0.0382308645548133   0.015727507693531   0
0.640180489358275   0.879883018600484   -0.0761687791447651   -0.0160856497089884   0
0.589356621579838   0.901972865102105   -0.0508238677784369   0.0220898465016206   0
0.643309262670762   0.802196566965666   0.0539526410909247   -0.0997762981364392   0
0.68799044654051   0.877970473951858   0.0446811838697473   0.0757739069861921   0
0.708932319890524   0.927406363173124   0.0209418733500142   0.049435889221266   0
0.571826877637069   0.924323473813281   -0.137105442253454   -0.00308288935984335   0
0.578326916589994   0.883851612301098   0.00650003895292461   -0.0404718615121827   0
0.599706561860882   0.898554866066202   0.0213796452708881   0.014703253765104   0
0.636945280845608   0.898340216046933   0.0372387189847256   -0.000214650019268903   0
0.681513920554819   0.902935935638432   0.0445686397092111   0.00459571959149896   0
0.637241102211408   0.939307884664155   -0.044272818343411   0.0363719490257235   0
0.669079379967259   0.933081254460189   0.0318382777558515   -0.0062266302039663   0
0.662850693742331   0.91621149669454   -0.00622868622492789   -0.0168697577656485   0
0.659693006933801   0.918560267917136   -0.00315768680853046   0.00234877122259514   0
0.675055357896669   0.913920882484365   0.0153623509628681   -0.00463938543277076   0
0.646143003590005   0.917414526736551   -0.0289123543066642   0.00349364425218623   0
0.638562549856543   0.913251572222709   -0.00758045373346194   -0.00416295451384197   0
0.636266544643045   0.92873171370477   -0.00229600521349793   0.0154801414820613   0
0.667395488542506   0.921783279806593   0.0311289438994607   -0.00694843389817734   0
0.646410712044719   0.89249234261421   -0.0209847764977872   -0.0292909371923832   0
