0.0899823953908208   0.0581501981550794   0   0   0
0.147918933948768   0.0630077683068723   0.0579365385579473   0.00485757015179289   0
0.112335300060578   0.0486315626241076   -0.0355836338881905   -0.0143762056827647   0
0.0960313142675247   0.0443250169363476   -0.0163039857930528   -0.00430654568776002   0
0.230794332414858   0.0565561340631845   0.134763018147333   0.0122311171268369   0
0.0922970327059196   0.045191256249965   -0.138497299708938   -0.0113648778132195   0
0.0982739123943379   0.052458101217281   0.00597687968841824   0.00726684496731603   0
0.126128497997439   0.0326664418729925   0.0278545856031012   -0.0197916593442885   0
0.124197667655234   0.0334981527391601   -0.00193083034220494   0.000831710866167581   0
0.118340827426294   0.0342740912662357   -0.00585684022893974   0.000775938527075609   0
0.0939390260450362   0.0441002666109004   -0.0244018013812582   0.00982617534466471   0
0.105142237053004   0.0451665147288899   0.0112032110079673   0.00106624811798944   0
0.0946237476239052   0.0251782357100776   -0.0105184894290984   -0.0199882790188123   0
0.0484472182278818   0.0329642161722374   -0.0461765293960234   0.00778598046215987   0
0.22956467046371   0.0178779909411684   0.181117452235829   -0.015086225231069   0
0.0544757413271265   0.0162378681879188   -0.175088929136584   -0.00164012275324963   0
0.0261981477578931   0.0179639019430635   -0.0282775935692334   0.0017260337551447   0
0.0367525116701767   0.0160820637597892   0.0105543639122836   -0.00188183818327428   0
0.219117549360101   0.0244282453528697   0.182365037689925   0.0083461815930805   0
0.0959905971102378   0.0101102434781463   -0.123126952249863   -0.0143180018747234   0
0.00866110425479338   0.0138188005041899   -0.0873294928554445   0.00370855702604363   0
0.0290670764278092   0.0411978780582811   0.0204059721730158   0.0273790775540912   0
0.221664909830274   0.0308785489024744   0.192597833402465   -0.0103193291558068   0
0.0709428382183184   0.0265215109639327   -0.150722071611955   -0.0043570379385417   0
0.0174727935504372   0.0106728259235197   -0.0534700446678812   -0.015848685040413   0
0.0365085837304393   0.0217219619979412   0.0190357901800021   0.0110491360744215   0
0.0685520225042267   0.0218665660386468   0.0320434387737873   0.000144604040705602   0
0.187195655875695   0.0267502019318028   0.118643633371468   0.00488363589315602   0
0.0803500008991288   0.0189449430506963   -0.106845654976566   -0.00780525888110651   0
0.0580187736941552   0.00672700487692703   -0.0223312272049736   -0.0122179381737692   0
0.0270906047677511   0.0189752273595292   -0.0309281689264041   0.0122482224826022   0
0.123616073170846   0.0156552122807613   0.096525468403095   -0.00332001507876787   0
0.112255199162088   0.0108467604472315   -0.0113608740087584   -0.00480845183352985   0
0.101041491628056   0.0161250872404803   -0.0112137075340318   0.00527832679324881   0
0.123188698917458   0.0156823761778947   0.0221472072894016   -0.000442711062585553   0
0.164143359333153   0.0361651280962836   0.0409546604156952   0.0204827519183888   0
0.0308493890886027   0.02290474039649   -0.13329397024455   -0.0132603876997936   0
0.102180226546051   0.025975175296088   0.0713308374574488   0.00307043489959801   0
0.0335578398595738   0.0248439299957374   -0.0686223866864777   -0.0011312453003506   0
0.0623223918246572   0.0317734895165466   0.0287645519650834   0.00692955952080926   0
0.0354289426696366   0.0149468982126928   -0.0268934491550206   -0.0168265913038538   0
0.0946668866649791   0.0209609324654821   0.0592379439953425   0.00601403425278924   0
0.0692080319775819   0.0184964696483707   -0.0254588546873972   -0.00246446281711132   0
0.0562590900511197   0.0170881639635341   -0.0129489419264622   -0.00140830568483665   0
0.0552927265493537   0.0306527012737556   -0.000966363501766071   0.0135645373102215   0
0.0471903338391455   0.0213281379651975   -0.00810239271020818   -0.00932456330855811   0
0.0587167288504733   0.0255619179116611   0.0115263950113278   0.00423377994646356   0
0.0580627113084637   0.0170459448218807   -0.000654017542009555   -0.00851597308978043   0
0.06106019702117   0.0182095503325178   0.00299748571270631   0.00116360551063717   0
0.0927036986530203   0.0288148415999898   0.0316435016318503   0.0106052912674719   0
0.101479413734659   0.0111875664135727   0.00877571508163823   -0.0176272751864171   0
0.104157499066414   0.0329263659256621   0.00267808533175533   0.0217387995120894   0
0.233150754065047   0.0276272932087094   0.128993254998633   -0.00529907271695268   0
0.102977158533046   0.0298420011722153   -0.130173595532001   0.00221470796350592   0
0.0830702236148429   0.0304326506248322   -0.0199069349182027   0.000590649452616894   0
0.0827947528813874   0.0260577713147268   -0.000275470733455532   -0.00437487931010538   0
0.10935164757195   0.0344785851944812   0.0265568946905628   0.00842081387975441   0
0.109046394805239   0.0188183276921729   -0.000305252766711436   -0.0156602575023084   0
0.109405438776598   0.0303090269457896   0.000359043971359566   0.0114906992536167   0
0.148523201946699   0.0559131017287818   0.0391177631701009   0.0256040747829922   0
0.124565075095309   0.0253035173920169   -0.0239581268513901   -0.0306095843367649   0
0.238176342094865   0.0339129160239591   0.113611266999556   0.0086093986319422   0
0.145412077168851   0.0302471486978112   -0.0927642649260133   -0.0036657673261479   0
0.117626280474306   0.0360251081372159   -0.0277857966945458   0.00577795943940474   0
0.162224119835029   0.0521497871560191   0.0445978393607239   0.0161246790188032   0
0.128125067990031   0.0296531740567835   -0.0340990518449987   -0.0224966130992356   0
0.089010889828717   0.0268987808022501   -0.0391141781613137   -0.0027543932545334   0
0.164845921448545   0.027078227885194   0.0758350316198284   0.000179447082943915   0
0.142541129980262   0.0203842579809887   -0.0223047914682832   -0.00669396990420537   0
0.117472941149909   0.0251164975414686   -0.0250681888303531   0.00473223956047997   0
0.154699638496022   0.0428146131060483   0.0372266973461133   0.0176981155645796   0
0.138530013160181   0.0388852676740819   -0.016169625335841   -0.00392934543196636   0
0.125508326254197   0.0145008183307012   -0.0130216869059841   -0.0243844493433807   0
0.161960616751141   0.00954941040822023   0.0364522904969439   -0.00495140792248097   0
0.132651675000393   0.0397197959034359   -0.0293089417507477   0.0301703854952156   0
0.174477164157204   0.0424641096426217   0.0418254891568108   0.00274431373918586   0
0.105015982623187   0.0265232575301263   -0.0694611815340168   -0.0159408521124955   0
0.191763032067289   0.0325843503873884   0.0867470494441013   0.00606109285726214   0
0.131640158750474   0.0194989026052263   -0.0601228733168147   -0.0130854477821621   0
0.127013255984838   0.0189552566621531   -0.00462690276563596   -0.00054364594307316   0
0.107702720833691   0.0159320377836013   -0.019310535151147   -0.00302321887855179   0
0.118520743910423   0.0292696063089444   0.0108180230767316   0.0133375685253431   0
0.142312754690962   0.0166584502357842   0.0237920107805395   -0.0126111560731602   0
0.12861233396817   0.00804757515089639   -0.0137004207227926   -0.00861087508488785   0
0.147979317099587   0.0166394530372275   0.0193669831314169   0.00859187788633113   0
0.117865886184129   0.0221120862178476   -0.0301134309154578   0.00547263318062006   0
0.212278393707933   0.0373196136926429   0.0944125075238037   0.0152075274747953   0
0.102975310236435   0.0155188569756933   -0.109303083471498   -0.0218007567169496   0
0.111703069841119   0.0179470698138505   0.0087277596046846   0.00242821283815722   0
0.112008887990373   0.0122378353994896   0.000305818149253914   -0.00570923441436096   0
0.243247249943859   0.0148824384374672   0.131238361953485   0.00264460303797759   0
0.148255231869132   0.00595951297684005   -0.0949920180747269   -0.0089229254606271   0
0.128756122595005   0.0123033868739709   -0.0194991092741265   0.00634387389713087   0
0.16592351542057   0.00374880239664616   0.0371673928255644   -0.00855458447732476   0
0.110218201934356   0.017530073727484   -0.0557053134862135   0.0137812713308378   0
0.132441534346669   0.021040188737048   0.0222233324123133   0.00351011500956396   0
0.147700779861211   0.0152142787361084   0.015259245514542   -0.00582591000093957   0
0.192169995756466   0.0224371481400823   0.0444692158952543   0.00722286940397393   0
0.137980611167294   0.0448402896279741   -0.0541893845891715   0.0224031414878918   0
0.15808595789459   0.0248168989157207   0.0201053467272957   -0.0200233907122534   0
0.201969279847208   0.031624003361999   0.0438833219526187   0.0068071044462783   0
0.218051449046343   0.015982203922116   0.0160821691991348   -0.015641799439883   0
0.114413325920629   0.00829611343347745   -0.103638123125715   -0.00768609048863855   0
0.140129613956151   0.0224332154493181   0.0257162880355227   0.0141371020158407   0
0.157143545450426   0.0238646739395807   0.0170139314942744   0.00143145849026254   0
0.171412723325429   0.0138083630166649   0.0142691778750031   -0.0100563109229157   0
0.168875358819012   0.00403686736872169   -0.00253736450641692   -0.00977149564794325   0
0.17063382936704   0.0118190580127923   0.00175847054802783   0.00778219064407061   0
0.132192503133007   0.0415904931254394   -0.0384413262340329   0.0297714351126471   0
0.203452545244929   0.0138306277539425   0.0712600421119226   -0.0277598653714969   0
0.180461211498898   0.0205282157292646   -0.0229913337460313   0.00669758797532205   0
0.179497563571013   0.0230924291426806   -0.000963647927884587   0.00256421341341605   0
0.163708633336852   0.0242708537653133   -0.015788930234161   0.00117842462263273   0
0.2125692661365   0.0130404896001732   0.0488606327996471   -0.0112303641651402   0
0.195971026361373   0.0160400498346677   -0.0165982397751265   0.00299956023449456   0
0.175285085585968   0.021277838724491   -0.0206859407754054   0.00523778888982328   0
0.180598720826035   0.031348078299909   0.00531363524006701   0.010070239575418   0
0.153542751901677   0.0229054230307415   -0.0270559689243574   -0.00844265526916746   0
0.186936881172496   0.0195492254353625   0.0333941292708191   -0.00335619759537902   0
0.191148430508179   0.0122765361551647   0.00421154933568232   -0.00727268928019786   0
0.166891946399519   0.0216129406433328   -0.0242564841086594   0.0093364044881681   0
0.170226244594833   0.0390997086387127   0.003334298195314   0.0174867679953799   0
0.269969582097984   0.0117803054224933   0.0997433375031505   -0.0273194032162194   0
0.171818570895   0.0263726403897529   -0.0981510112029842   0.0145923349672596   0
0.171254115226146   0.0290058773681301   -0.000564455668853853   0.00263323697837719   0
0.176605737413171   0.0388550562009274   0.00535162218702556   0.00984917883279731   0
0.152178223893894   0.0510671500809229   -0.0244275135192777   0.0122120938799955   0
0.170698496871912   0.0670100081212501   0.018520272978018   0.0159428580403272   0
0.229737014485699   0.0709658742847751   0.0590385176137879   0.003955866163525   0
0.21852305084931   0.0485314535897597   -0.0112139636363898   -0.0224344206950154   0
0.216605953849733   0.041690778197579   -0.00191709699957709   -0.00684067539218075   0
0.255859143623518   0.0362670825136928   0.0392531897737853   -0.00542369568388619   0
0.167738746387053   0.0434491879703145   -0.0881203972364653   0.00718210545662177   0
0.166639866250846   0.0755132592024904   -0.00109888013620627   0.0320640712321759   0
0.161335198364082   0.0743718754611562   -0.00530466788676467   -0.00114138374133423   0
0.188066362162509   0.0756001586145492   0.0267311637984272   0.00122828315339303   0
0.234316647413196   0.0668684255705039   0.046250285250687   -0.00873173304404526   0
0.258062922044237   0.084818430540816   0.0237462746310411   0.017950004970312   0
0.259494235440327   0.0769032644993516   0.00143131339609021   -0.00791516604146442   0
0.207921494072066   0.0748135596547158   -0.0515727413682617   -0.00208970484463573   0
0.237500679846374   0.0804529940036244   0.0295791857743087   0.0056394343489086   0
0.229712156742498   0.0951957374120291   -0.00778852310387623   0.0147427434084047   0
0.241511696874582   0.0808192803520127   0.011799540132084   -0.0143764570600164   0
0.186301460828262   0.0853172865540579   -0.0552102360463202   0.00449800620204518   0
0.202189873934132   0.116012772894583   0.0158884131058696   0.0306954863405247   0
0.215156194842538   0.146373032963743   0.012966320908406   0.0303602600691604   0
0.221040740436102   0.113037894633948   0.00588454559356397   -0.033335138329795   0
0.261937893810766   0.122791680245375   0.0408971533746642   0.00975378561142737   0
0.24932813065244   0.117322455607259   -0.0126097631583262   -0.00546922463811637   0
0.213664297116122   0.117627596209099   -0.0356638335363178   0.000305140601840267   0
0.205147081592817   0.114712604685155   -0.00851721552330462   -0.00291499152394442   0
0.2437350137103   0.110582608989818   0.0385879321174825   -0.0041299956953367   0
0.197066081635862   0.135133919648799   -0.0466689320744373   0.024551310658981   0
0.209655461053725   0.129862305732898   0.0125893794178626   -0.00527161391590095   0
0.19317221997029   0.15188834973605   -0.0164832410834353   0.0220260440031514   0
0.170231316520463   0.134766299607139   -0.0229409034498269   -0.0171220501289111   0
0.243281122038374   0.137199574355881   0.0730498055179107   0.00243327474874278   0
0.18371580949031   0.170611534770571   -0.0595653125480632   0.0334119604146896   0
0.171180685506959   0.202729361733938   -0.012535123983351   0.0321178269633674   0
0.252985552945302   0.173956651159578   0.0818048674383423   -0.0287727105743606   0
0.207996436319207   0.168266774283019   -0.0449891166260945   -0.00568987687655859   0
0.199473063898161   0.168662508634151   -0.00852337242104564   0.000395734351131716   0
0.172638417685925   0.202364077759122   -0.0268346462122362   0.0337015691249712   0
0.260793655491755   0.205776568484777   0.0881552378058295   0.00341249072565467   0
0.185831449597701   0.203637515270081   -0.0749622058940538   -0.00213905321469565   0
0.216537073308065   0.195436198783938   0.0307056237103644   -0.00820131648614286   0
0.308500238872428   0.221138369053609   0.0919631655643622   0.0257021702696704   0
0.301518979475737   0.216208651511711   -0.00698125939669048   -0.00492971754189761   0
0.293050437358418   0.225539069822969   -0.00846854211731923   0.0093304183112578   0
0.216411050956091   0.197179733441504   -0.0766393864023265   -0.028359336381465   0
0.208234137617446   0.19165362346285   -0.00817691333864506   -0.00552610997865352   0
0.182801777826189   0.217945333444175   -0.0254323597912578   0.0262917099813244   0
0.221216150355823   0.202854352925301   0.0384143725296343   -0.0150909805188739   0
0.241730540222588   0.232899821333385   0.0205143898667649   0.0300454684080839   0
0.210959852406202   0.218037670943974   -0.0307706878163861   -0.0148621503894111   0
0.21345393978929   0.229360637287493   0.00249408738308871   0.0113229663435196   0
0.251867157720196   0.238333943653317   0.0384132179309054   0.00897330636582383   0
0.281531567758165   0.228451329064469   0.0296644100379688   -0.00988261458884759   0
0.318073523998776   0.252107614049913   0.0365419562406115   0.0236562849854438   0
0.320333006732197   0.250652269347322   0.0022594827334213   -0.00145534470259112   0
0.308815116790439   0.229214052735783   -0.0115178899417584   -0.0214382166115387   0
0.31917498271162   0.214805070736755   0.0103598659211809   -0.014408981999028   0
0.33950470375424   0.227383288935494   0.0203297210426203   0.0125782181987389   0
0.361542280113326   0.251101540186296   0.0220375763590854   0.0237182512508016   0
0.318220122694107   0.248013639763386   -0.0433221574192181   -0.00308790042291016   0
0.371074222029905   0.252184351261795   0.052854099335798   0.00417071149840939   0
0.33675444835729   0.249741258627654   -0.034319773672616   -0.00244309263414072   0
0.345767689265253   0.239074527950961   0.00901324090796324   -0.0106667306766931   0
0.34678733165681   0.225978108190534   0.00101964239155677   -0.0130964197604278   0
0.330789183226326   0.225982496272442   -0.0159981484304834   4.38808190872386e-06   0
0.32017917234244   0.229995133406643   -0.010610010883886   0.00401263713420119   0
0.371284407374522   0.232543139193296   0.0511052350320818   0.00254800578665218   0
0.374879689408816   0.233966449376531   0.0035952820342936   0.00142331018323541   0
0.355468644644236   0.216495350748336   -0.0194110447645797   -0.0174710986281951   0
0.319874880486887   0.213419588179981   -0.0355937641573492   -0.0030757625683554   0
0.300531374876068   0.214731636859418   -0.0193435056108182   0.00131204867943757   0
0.317375975620462   0.198145138203881   0.0168446007443934   -0.0165864986555374   0
0.383267216380295   0.220660694611937   0.0658912407598333   0.0225155564080562   0
0.354353591504305   0.219135551438334   -0.0289136248759899   -0.00152514317360342   0
0.358602946092039   0.198955847315479   0.00424935458773401   -0.020179704122855   0
0.336358389893399   0.234265387973154   -0.02224455619864   0.0353095406576757   0
0.356514969491577   0.215860743685472   0.0201565795981777   -0.0184046442876824   0
0.375924374146131   0.224830664539504   0.0194094046545538   0.00896992085403217   0
0.316251542463869   0.208347978885979   -0.0596728316822616   -0.0164826856535247   0
0.34520527013829   0.217089487281156   0.0289537276744213   0.00874150839517621   0
0.321771502827721   0.231559547119699   -0.0234337673105695   0.0144700598385433   0
0.30559023760068   0.236156993007067   -0.0161812652270409   0.00459744588736841   0
0.312995717050969   0.212992861474563   0.00740547945028869   -0.023164131532504   0
0.32436337757122   0.238010041567331   0.0113676605202516   0.0250171800927674   0
0.329311259143517   0.217561738013317   0.00494788157229642   -0.0204483035540141   0
0.358490705530004   0.225291731581793   0.0291794463864873   0.00772999356847603   0
0.387356080588856   0.241203741461539   0.0288653750588517   0.0159120098797465   0
0.330343464505475   0.238237922619437   -0.0570126160833807   -0.00296581884210179   0
0.329154117574564   0.216766387249321   -0.00118934693091099   -0.0214715353701166   0
0.337444868207549   0.228231483493366   0.0082907506329849   0.0114650962440451   0
0.312495887165568   0.213336385568133   -0.0249489810419806   -0.0148950979252331   0
0.286989751351577   0.213503593166122   -0.0255061358139912   0.000167207597989383   0
0.374353558968804   0.220906719340743   0.0873638076172272   0.00740312617462136   0
0.375002743374779   0.212978307355179   0.000649184405974279   -0.00792841198556407   0
0.371054579368237   0.205517514743464   -0.00394816400654135   -0.00746079261171528   0
0.341880565499096   0.206966850637705   -0.0291740138691411   0.00144933589424065   0
0.330674648376437   0.207404568924819   -0.0112059171226594   0.000437718287114225   0
0.337475447911993   0.225508672843019   0.00680079953555596   0.0181041039182005   0
0.352312283266039   0.220550571711206   0.0148368353540468   -0.00495810113181305   0
0.373378401266731   0.232530366453529   0.0210661180006916   0.0119797947423226   0
0.39264647204437   0.215198075240213   0.0192680707776388   -0.0173322912133157   0
0.344602261320279   0.220313983957573   -0.0480442107240905   0.00511590871735992   0
0.383214351342666   0.252786144753822   0.0386120900223865   0.0324721607962483   0
0.354001289198669   0.233086175468413   -0.0292130621439963   -0.0196999692854082   0
0.383609426028728   0.244236018550746   0.0296081368300585   0.0111498430823323   0
0.379680648408962   0.243281305973267   -0.00392877761976562   -0.000954712577478506   0
0.349484291738913   0.219888014581093   -0.0301963566700488   -0.0233932913921741   0
0.376099784330715   0.222584367525041   0.0266154925918011   0.00269635294394791   0
0.386717386215735   0.234196667264598   0.0106176018850204   0.0116122997395573   0
0.424681504879174   0.251559047771318   0.0379641186634391   0.0173623805067202   0
0.425679852685607   0.254599022070731   0.000998347806432764   0.00303997429941233   0
0.415299024464987   0.224101014576117   -0.0103808282206197   -0.0304980074946138   0
0.404855926491434   0.250470028890429   -0.0104430979735529   0.0263690143143124   0
0.448091371791346   0.255230437639602   0.0432354452999115   0.00476040874917216   0
0.457492642667191   0.250740747720375   0.00940127087584519   -0.00448968991922699   0
0.448458347932039   0.25007657556673   -0.00903429473515149   -0.000664172153644393   0
0.475259337545818   0.237671029173404   0.0268009896137789   -0.0124055463933262   0
0.454211476559994   0.245469219691599   -0.0210478609858242   0.00779819051819514   0
0.420297628830963   0.240920565941873   -0.033913847729031   -0.00454865374972577   0
0.409589275606137   0.22585716360362   -0.0107083532248262   -0.015063402338253   0
0.446244096638173   0.231651922472753   0.0366548210320359   0.00579475886913305   0
0.379611574653666   0.226701922688147   -0.0666325219845071   -0.00494999978460656   0
0.456687027480757   0.22617859785298   0.0770754528270917   -0.000523324835166844   0
0.412946005660849   0.224555339545267   -0.0437410218199083   -0.00162325830771326   0
0.417501009431155   0.227350224877852   0.00455500377030621   0.00279488533258565   0
