1.48868880380555e-09   0.002812045   0   0   0
0.0411813420685254   0.00650515   0.0411813405798366   0.003693105   0
0.0289656051965085   0.0350322020866531   -0.0122157368720169   0.0285270520866531   0
0.0422880257524515   0.00409154   0.013322420555943   -0.0309406620866531   0
0.0424651895249509   0.0183160888514033   0.000177163772499427   0.0142245488514033   0
0.0208811816960172   0.0214647   -0.0215840078289337   0.00314861114859671   0
0.0292714367809303   0.0239451878040244   0.00839025508491311   0.00248048780402442   0
0.0404607079509244   0.014497748932593   0.0111892711699941   -0.00944743887143147   0
0.0531774166511499   0.0198712442981057   0.0127167087002255   0.00537349536551279   0
0.0369937174374244   0.051604473510782   -0.0161836992137255   0.0317332292126763   0
0.040597563607931   0.0291375261666978   0.00360384617050653   -0.0224669473440842   0
0.0705777374684114   0.038820325202676   0.0299801738604804   0.00968279903597822   0
0.101641408809894   0.0378636168845886   0.0310636713414826   -0.000956708318087474   0
0.0959134185893715   0.0272328666153492   -0.00572799022052249   -0.0106307502692394   0
0.110809757342934   0.0299470003570541   0.0148963387535629   0.00271413374170494   0
0.086169951020701   0.03432775215188   -0.0246398063222334   0.00438075179482584   0
0.0812907924632304   0.0216757338498031   -0.00487915855747054   -0.0126520183020769   0
0.103379251926922   0.03631121756059   0.0220884594636915   0.0146354837107869   0
0.118432404269862   0.0415540662695602   0.0150531523429399   0.00524284870897018   0
0.105878091645345   0.0532684975062926   -0.0125543126245172   0.0117144312367324   0
0.109832853103295   0.0540132109989075   0.00395476145795044   0.000744713492614901   0
0.0974636075960663   0.0503591924588252   -0.0123692455072288   -0.00365401854008225   0
0.0995997424426389   0.0438540420806908   0.00213613484657256   -0.00650515037813443   0
0.109912869113721   0.0643003388167006   0.0103131266710823   0.0204462967360098   0
0.0971202031093943   0.0718951621875214   -0.0127926660043269   0.00759482337082072   0
0.110573583428683   0.0699653162915919   0.0134533803192891   -0.00192984589592943   0
0.129854572382416   0.08704501487772   0.0192809889537322   0.0170796985861281   0
0.0883398270052641   0.0442261774589157   -0.0415147453771514   -0.0428188374188043   0
0.0556606832644013   0.106364055466238   -0.0326791437408629   0.0621378780073225   0
0.0727881096725282   0.0700198208111817   0.017127426408127   -0.0363442346550565   0
0.108804118461803   0.0873445015636502   0.0360160087892745   0.0173246807524685   0
0.0599452666248971   0.0860388095051442   -0.0488588518369056   -0.001305692058506   0
0.0657869648384845   0.0970321040511464   0.00584169821358746   0.0109932945460022   0
0.0569939050322927   0.0977026821044847   -0.00879305980619183   0.000670578053338325   0
0.0569852199977327   0.102135200315085   -8.68503455996039e-06   0.00443251821060008   0
0.0604879070795147   0.0915273529170652   0.00350268708178193   -0.0106078473980196   0
0.061941270488181   0.0983829217563953   0.00145336340866632   0.00685556883933013   0
0.0590235603917622   0.0969114649396164   -0.00291771009641878   -0.0014714568167789   0
0.0533804279403978   0.170623360216164   -0.00564313245136443   0.073711895276548   0
0.0676244124469123   0.124356769557119   0.0142439845065145   -0.046266590659045   0
0.0730382685395814   0.10756555052977   0.0054138560926691   -0.0167912190273494   0
0.0898387967534628   0.108715600582127   0.0168005282138815   0.00115005005235669   0
0.0669131528710911   0.096130729900446   -0.0229256438823718   -0.0125848706816807   0
0.062037757311576   0.098696767121345   -0.00487539555951506   0.00256603722089897   0
0.0981580106967842   0.112070399019556   0.0361202533852082   0.013373631898211   0
0.0815696033469576   0.115248666171642   -0.0165884073498266   0.00317826715208566   0
0.0602669482090308   0.123632870570795   -0.0213026551379268   0.00838420439915355   0
0.0471987140669489   0.162671798397648   -0.0130682341420819   0.0390389278268527   0
0.0584448620861208   0.128877315739524   0.0112461480191719   -0.0337944826581237   0
0.0938971440934707   0.081712172293438   0.0354522820073499   -0.0471651434460861   0
0.0680964547160863   0.131803639670771   -0.0258006893773844   0.0500914673773332   0
0.0766379839641545   0.132888383066702   0.00854152924806813   0.00108474339593065   0
0.464569975701411   0.259405485485586   0.387931991737257   0.126517102418884   0
0.479461104781785   0.268392437179892   0.0148911290803737   0.00898695169430647   0
0.369073843144119   0.20753150233072   -0.110387261637666   -0.0608609348491721   0
0.381008421936117   0.2402118868233   0.0119345787919975   0.03268038449258   0
0.410008867059299   0.225469573625074   0.0290004451231822   -0.0147423131982266   0
0.391202399772049   0.230663038365843   -0.0188064672872501   0.0051934647407697   0
0.389842535866855   0.238725525515313   -0.0013598639051941   0.00806248714946992   0
0.384762470771579   0.244053929780597   -0.00508006509527614   0.00532840426528361   0
0.374321760976636   0.239525245964935   -0.0104407097949425   -0.00452868381566213   0
0.349220998562515   0.244958081410131   -0.0251007624141213   0.00543283544519652   0
0.332278425600881   0.221379787955834   -0.0169425729616342   -0.0235782934542973   0
0.361759540007226   0.301787084281323   0.0294811144063456   0.0804072963254893   0
0.298969875631727   0.248763844221407   -0.0627896643754998   -0.0530232400599161   0
0.141727188627624   0.187791948802751   -0.157242687004103   -0.0609718954186563   0
0.188718672769443   0.231772911896499   0.0469914841418191   0.0439809630937486   0
0.164977839841265   0.229354153654043   -0.023740832928178   -0.00241875824245619   0
0.138903719528384   0.224637678430456   -0.0260741203128806   -0.00471647522358723   0
0.12588884474877   0.219623216134298   -0.0130148747796138   -0.00501446229615826   0
0.158339845156707   0.248402206086208   0.0324510004079368   0.0287789899519103   0
0.167784106736872   0.248794500836378   0.0094442615801647   0.000392294750169941   0
0.162753202536755   0.246927575133383   -0.00503090420011681   -0.00186692570299504   0
0.138192134229051   0.230808760819298   -0.0245610683077042   -0.0161188143140848   0
0.16439602870611   0.291359625133841   0.0262038944770587   0.0605508643145431   0
0.178914035493809   0.267671577314907   0.0145180067876996   -0.0236880478189347   0
0.188136220031976   0.269900135735423   0.00922218453816662   0.00222855842051695   0
0.147471372229223   0.265616840102317   -0.0406648478027529   -0.0042832956331062   0
0.122081065459841   0.246092635864018   -0.0253903067693818   -0.0195242042382996   0
0.153887162225866   0.263751518844295   0.031806096766025   0.0176588829802773   0
0.164296346381196   0.248511371366081   0.0104091841553302   -0.0152401474782144   0
0.176706774952999   0.257411526898098   0.0124104285718033   0.00890015553201703   0
0.198816141963096   0.338334058167224   0.0221093670100967   0.0809225312691264   0
0.14237160150353   0.271656763724005   -0.056444540459566   -0.0666772944432188   0
0.129101958083563   0.264958856835849   -0.0132696434199674   -0.00669790688815608   0
0.153405761240378   0.299461916799382   0.0243038031568157   0.0345030599635329   0
0.189606218817211   0.31090866766046   0.0362004575768323   0.0114467508610782   0
0.15932503651655   0.265500871950174   -0.0302811823006607   -0.0454077957102866   0
0.184203442589138   0.341372822821238   0.0248784060725883   0.0758719508710639   0
0.170287435513781   0.298852487806694   -0.0139160070753577   -0.0425203350145439   0
0.153951629852041   0.282744431136035   -0.0163358056617391   -0.0161080566706587   0
0.136390539867727   0.295925657281271   -0.0175610899843146   0.0131812261452364   0
0.16531727334701   0.315456199701912   0.028926733479283   0.0195305424206405   0
0.183073690487082   0.311906776812576   0.0177564171400723   -0.00354942288933602   0
0.162541608565345   0.29625764008783   -0.0205320819217368   -0.0156491367247462   0
0.139648041082036   0.302127202256719   -0.0228935674833095   0.00586956216888956   0
0.122942007419759   0.26498318119934   -0.0167060336622773   -0.0371440210573788   0
0.284433508935463   0.338853446861652   0.161491501515704   0.0738702656623117   0
0.215999624191363   0.319781550245668   -0.0684338847440999   -0.0190718966159844   0
0.417117894173686   0.407324436637188   0.201118269982323   0.0875428863915202   0
0.346972385972212   0.404437127206133   -0.0701455082014731   -0.0028873094310547   0
0.296348692679013   0.386925484920727   -0.0506236932931996   -0.017511642285406   0
0.267100965047021   0.368864568554382   -0.0292477276319918   -0.0180609163663457   0
0.266784748491382   0.359516753407352   -0.00031621655563896   -0.00934781514702987   0
0.30013706862472   0.405892954926311   0.0333523201333381   0.0463762015189594   0
0.287459352556566   0.376738794804919   -0.0126777160681544   -0.0291541601213926   0
0.268690021275372   0.361058398715585   -0.0187693312811936   -0.0156803960893334   0
0.226991678485292   0.376960361117137   -0.0416983427900807   0.0159019624015521   0
0.269466919336103   0.415883310296638   0.0424752408508117   0.0389229491795011   0
0.202815138095853   0.344499810419759   -0.0666517812402501   -0.0713834998768791   0
0.177905689190453   0.337376170690077   -0.0249094489054004   -0.00712363972968211   0
0.19632107589286   0.380066374960019   0.0184153867024069   0.0426902042699422   0
0.241485828302718   0.415595256891152   0.0451647524098587   0.0355288819311326   0
0.232066906418839   0.396634151300481   -0.00941892188387983   -0.0189611055906713   0
0.236709531983737   0.431165114400565   0.00464262556489878   0.0345309631000847   0
0.200765222370509   0.400218316924413   -0.0359443096132282   -0.030946797476152   0
0.259658726869019   0.416105836780347   0.0588935044985103   0.0158875198559334   0
0.239895832254939   0.379862972840865   -0.0197628946140801   -0.0362428639394813   0
0.206265537796889   0.35501098722916   -0.03363029445805   -0.0248519856117058   0
0.172507854406633   0.342064081442282   -0.0337576833902566   -0.0129469057868771   0
0.265555452717149   0.410292970546329   0.0930475983105163   0.0682288891040464   0
0.193148952548546   0.39607288911439   -0.0724065001686033   -0.0142200814319388   0
0.175000276324446   0.387546131901894   -0.0181486762241   -0.00852675721249641   0
0.173358426586913   0.373231983188934   -0.00164184973753317   -0.0143141487129593   0
0.164320646299392   0.383311130546844   -0.00903778028752034   0.01007914735791   0
0.187470444529931   0.428703114967188   0.0231497982305388   0.0453919844203435   0
0.13717184056285   0.397771925611744   -0.0502986039670809   -0.0309311893554437   0
0.183055208901823   0.453349293704309   0.0458833683389726   0.0555773680925652   0
0.164160194437172   0.426519837439014   -0.0188950144646512   -0.0268294562652959   0
0.206024110697874   0.469818180971546   0.0418639162607027   0.0432983435325326   0
0.166802970811554   0.421824031489782   -0.0392211398863208   -0.0479941494817643   0
0.168340744121232   0.420713667927205   0.00153777330967808   -0.00111036356257682   0
0.139647490825614   0.430282569165185   -0.0286932532956175   0.00956890123798027   0
0.194428855644938   0.44053272171074   0.0547813648193234   0.0102501525455549   0
0.205818203122659   0.450054036737582   0.0113893474777211   0.00952131502684128   0
0.227773621772254   0.49433799044013   0.0219554186495957   0.044283953702548   0
0.213998256976102   0.468526669022607   -0.0137753647961519   -0.0258113214175221   0
0.190914243688102   0.443582149335512   -0.0230840132880004   -0.0249445196870954   0
0.213992238425813   0.494943350245846   0.023077994737711   0.0513612009103342   0
0.238740036984269   0.513320279172823   0.0247477985584557   0.0183769289269768   0
0.235598373674692   0.465159769891284   -0.00314166330957633   -0.0481605092815388   0
0.522185821363013   0.534917864077872   0.286587447688321   0.0697580941865875   0
0.830385305015112   0.65268543160862   0.308199483652098   0.117767567530748   0
0.743580332526459   0.619050613155752   -0.0868049724886523   -0.0336348184528674   0
0.725599633935003   0.594331884681867   -0.0179806985914568   -0.0247187284738853   0
1.1878338909115   0.867197957734709   0.4622342569765   0.272866073052842   1
0.90627111477527   0.71586677142222   -0.281562776136233   -0.151331186312489   0
0.717735904212887   0.631264060327073   -0.188535210562383   -0.0846027110951464   0
0.636976756234605   0.597000638295825   -0.0807591479782812   -0.0342634220312482   0
0.654071950880215   0.593041095991037   0.0170951946456093   -0.00395954230478823   0
0.634304242442852   0.604557799738164   -0.0197677084373631   0.0115167037471273   0
0.606573076088356   0.607892693306277   -0.0277311663544961   0.00333489356811345   0
0.505439710426318   0.595316311169323   -0.101133365662038   -0.0125763821369547   0
0.48087704796246   0.585240538651844   -0.024562662463858   -0.0100757725174793   0
0.487026866544352   0.564945654488111   0.00614981858189206   -0.0202948841637328   0
0.458309731559967   0.569540878981948   -0.0287171349843851   0.00459522449383742   0
0.451429534767575   0.594979809710019   -0.00688019679239221   0.0254389307280705   0
0.306511711726338   0.524516676363679   -0.144917823041237   -0.0704631333463399   0
0.288508934357382   0.537837391129977   -0.0180027773689554   0.0133207147662985   0
0.276816653920068   0.511167552562034   -0.0116922804373147   -0.0266698385679429   0
0.258978047039123   0.533047019218389   -0.0178386068809443   0.0218794666563551   0
0.283158992019684   0.544354448275912   0.0241809449805608   0.0113074290575226   0
0.303214397117634   0.527269995255571   0.0200554050979494   -0.0170844530203409   0
0.302767332249486   0.525934873842798   -0.000447064868147995   -0.00133512141277292   0
0.274202345034538   0.510891393319647   -0.0285649872149473   -0.0150434805231515   0
0.24755906882522   0.526357795015577   -0.0266432762093183   0.0154664016959303   0
0.245765187084827   0.525682860092547   -0.00179388174039299   -0.000674934923029613   0
0.26019420270398   0.498381281289298   0.0144290156191534   -0.0273015788032492   0
0.280410487490679   0.515486995390146   0.0202162847866983   0.0171057141008475   0
0.248852494650968   0.529701440380619   -0.0315579928397107   0.0142144449904734   0
0.283451633962921   0.588450714050769   0.0345991393119535   0.05874927367015   0
0.28732574378341   0.5686921823231   0.00387410982048897   -0.0197585317276692   0
0.287777673939119   0.560584403843045   0.000451930155708768   -0.00810777848005473   0
0.274731139400414   0.555275139253695   -0.0130465345387047   -0.00530926458935066   0
0.246348195101588   0.562441057649046   -0.0283829442988266   0.00716591839535163   0
0.302145467672262   0.583477197998828   0.0557972725706742   0.0210361403497823   0
0.28676716923527   0.561618701205331   -0.0153782984369921   -0.0218584967934978   0
0.303412102014801   0.563389129965148   0.0166449327795309   0.00177042875981703   0
0.388151081633131   0.597510263645412   0.0847389796183302   0.0341211336802646   0
0.347089783189249   0.582544979839334   -0.041061298443882   -0.0149652838060782   0
0.37029577298457   0.600333082914787   0.0232059897953206   0.0177881030754529   0
0.346778555547831   0.572991952716068   -0.0235172174367388   -0.027341130198719   0
0.322329871060083   0.566401098705158   -0.0244486844877473   -0.00659085401090997   0
0.341349731274378   0.606854188139023   0.0190198602142944   0.0404530894338648   0
0.347775686008956   0.576607131002776   0.00642595473457813   -0.0302470571362466   0
0.332886915365879   0.577568686841294   -0.0148887706430769   0.000961555838517425   0
0.501571968885264   0.649215030946743   0.168685053519385   0.0716463441054496   0
0.369454311683881   0.6170353697597   -0.132117657201383   -0.032179661187043   0
0.387291302600459   0.61477508422143   0.0178369909165779   -0.0022602855382704   0
0.363012760115688   0.602867189721171   -0.0242785424847706   -0.0119078945002589   0
0.387707376731795   0.634190207515657   0.024694616616107   0.0313230177944865   0
0.37989802405289   0.617773111496569   -0.00780935267890531   -0.0164170960190883   0
0.34108678140872   0.610085876920877   -0.0388112426441696   -0.0076872345756922   0
0.394837277993112   0.608426317695637   0.053750496584392   -0.00165955922523975   0
0.346679584289643   0.602039553297987   -0.0481576937034686   -0.00638676439765007   0
0.333769902800477   0.601030143801892   -0.0129096814891663   -0.0010094094960954   0
0.382123608563983   0.631539271358181   0.0483537057635057   0.0305091275562894   0
0.369623129743919   0.622618242123989   -0.0125004788200638   -0.00892102923419269   0
0.323472497231851   0.625706778330164   -0.0461506325120678   0.00308853620617511   0
0.350799256508976   0.628707967091441   0.0273267592771243   0.00300118876127731   0
0.354501364079534   0.634255760060219   0.003702107570558   0.00554779296877772   0
0.351225041204937   0.641684245145073   -0.00327632287459612   0.00742848508485472   0
0.37194355513009   0.639303835883317   0.0207185139251521   -0.00238040926175676   0
0.34698050907855   0.622429417594365   -0.0249630460515391   -0.016874418288952   0
0.322172736990407   0.64960081781131   -0.0248077720881434   0.0271714002169452   0
0.322523661462597   0.609214052882121   0.000350924472190151   -0.0403867649291887   0
0.316371001755155   0.609072885170806   -0.00615265970744266   -0.000141167711315004   0
0.327265092573834   0.604445533670779   0.0108940908186793   -0.00462735150002735   0
0.311346344762549   0.582133503952961   -0.0159187478112849   -0.0223120297178174   0
0.31395128915964   0.600004827649545   0.00260494439709125   0.0178713236965834   0
0.321260138053276   0.615728760764908   0.00730884889363587   0.0157239331153637   0
0.365001575052547   0.649110412859494   0.0437414369992708   0.0333816520945853   0
0.334151039708094   0.587038675349632   -0.0308505353444532   -0.0620717375098623   0
0.370897182909172   0.564766507577246   0.0367461432010786   -0.0222721677723851   0
0.323540470003198   0.599146998198272   -0.0473567129059747   0.0343804906210254   0
0.332746798483471   0.620083342330287   0.00920632848027392   0.0209363441320151   0
0.352827423106538   0.616910348537016   0.0200806246230665   -0.00317299379327118   0
0.386888648989357   0.653765009463071   0.0340612258828191   0.0368546609260557   0
0.390907105738895   0.60718690982205   0.00401845674953832   -0.0465780996410218   0
0.398134761071939   0.649425646936776   0.00722765533304365   0.0422387371147265   0
0.366841750493983   0.611395940165953   -0.0312930105779557   -0.038029706770823   0
0.301185737970936   0.611573951194424   -0.065656012523047   0.000178011028471037   0
0.315897219126797   0.598083224246425   0.0147114811558606   -0.0134907269479988   0
0.31552588964166   0.592434623968122   -0.000371329485137184   -0.00564860027830349   0
0.302029628317727   0.611605401048388   -0.0134962613239327   0.0191707770802664   0
0.313752496761444   0.611180197624491   0.0117228684437169   -0.000425203423896847   0
0.312431940677646   0.603558731348543   -0.00132055608379761   -0.00762146627594851   0
0.32566275710765   0.612978377389154   0.0132308164300033   0.00941964604061085   0
0.368318175464163   0.600313568463391   0.0426554183565133   -0.0126648089257632   0
0.352576170141205   0.615430181845187   -0.0157420053229579   0.0151166133817964   0
0.328746151632289   0.610306442155949   -0.0238300185089161   -0.0051237396892384   0
0.344588969507572   0.624394100783311   0.0158428178752824   0.0140876586273627   0
0.388212097145311   0.647895882456626   0.043623127637739   0.0235017816733145   0
0.34531783289267   0.633094144364209   -0.0428942642526405   -0.0148017380924166   0
0.358011128275589   0.650037723454762   0.0126932953829186   0.016943579090553   0
0.37573044366169   0.625541688917943   0.0177193153861008   -0.0244960345368195   0
0.362610411597199   0.641347792275837   -0.0131200320644906   0.0158061033578942   0
0.461079576291338   0.622608351651263   0.0984691646941394   -0.0187394406245742   0
0.913792771753662   0.817736933134251   0.452713195462324   0.195128581482988   1
1.35912517634433   1.06878710344245   0.445332404590666   0.251050170308199   1
0.813750600409493   0.997666366524431   -0.545374575934835   -0.0711207369180191   1
0.83840020506396   0.986993520558419   0.0246496046544671   -0.0106728459660118   0
0.865958292165252   0.996311117918138   0.0275580871012922   0.00931759735971882   0
0.852588458623409   1.01492671508121   -0.0133698335418433   0.0186155971630743   0
0.848594162339248   1.00477195416947   -0.0039942962841607   -0.0101547609117401   0
0.89527700695506   1.03179180360455   0.0466828446158115   0.0270198494350826   0
0.899285276736787   1.03311245728008   0.00400826978172764   0.00132065367552769   0
0.873245188134902   0.995694074736015   -0.0260400886018854   -0.0374183825440672   0
1.85120131374116   1.30047860321378   0.977956125606259   0.304784528477762   1
3.4856131170794   1.41939431388092   1.63441180333824   0.118915710667143   1
