0.246591718568183   0.428377713952885   0   0   0
0.379528925691314   0.551903448948002   0.132937207123131   0.123525734995117   1
0.0424955631562884   0.076447507329187   -0.337033362535026   -0.475455941618815   1
0.146890379037506   0.031227778464894   0.104394815881217   -0.045219728864293   0
0.181751461529199   0.0543687132750537   0.0348610824916935   0.0231409348101596   0
0.160459142084519   0.0721369615064982   -0.0212923194446798   0.0177682482314445   0
0.160578655207503   0.16442449010501   0.000119513122983111   0.0922875285985117   0
0.176065773319234   0.164000930756269   0.0154871181117317   -0.000423559348741026   0
0.177675977227002   0.239944149489584   0.00161020390776737   0.0759432187333154   0
0.21428178544748   0.249089469059985   0.0366058082204787   0.00914531957040018   0
0.151425701440727   0.198305251737971   -0.0628560840067537   -0.0507842173220136   0
0.24209298484351   0.131349293695256   0.0906672834027834   -0.0669559580427153   0
0.107592845161609   0.0736161418661865   -0.134500139681901   -0.057733151829069   0
0.0654982023073153   0.151981533882319   -0.0420946428542939   0.0783653920161326   0
0.11982174826704   0.102836878490172   0.0543235459597251   -0.0491446553921466   0
0.102615430996561   0.0757752894164219   -0.0172063172704793   -0.0270615890737506   0
0.117698645710688   0.0973008163480785   0.0150832147141266   0.0215255269316566   0
0.181057234758543   0.0642560942457212   0.0633585890478548   -0.0330447221023574   0
0.171943826773572   0.0716661991748028   -0.00911340798497096   0.0074101049290816   0
0.16382225308892   0.100069065478049   -0.00812157368465211   0.0284028663032459   0
0.173563425193501   0.0695168644337473   0.00974117210458145   -0.0305522010443014   0
0.15487596271223   0.04072080842573   -0.0186874624812711   -0.0287960560080173   0
0.15831165365784   0.0298948605022251   0.00343569094561053   -0.0108259479235048   0
0.199743455249002   0.0369402538259079   0.0414318015911615   0.00704539332368273   0
0.144501345325121   0.0591064442658117   -0.0552421099238804   0.0221661904399038   0
0.0994588851339588   0.0581351574014168   -0.0450424601911627   -0.000971286864394898   0
0.121060097643799   0.0786725735780901   0.02160121250984   0.0205374161766733   0
0.160993705803705   0.044227720327782   0.0399336081599065   -0.0344448532503081   0
0.206837010716772   0.0615497851346575   0.0458433049130666   0.0173220648068755   0
0.173116802104302   0.168592196025298   -0.03372020861247   0.107042410890641   0
0.162475310580839   0.0918319029121144   -0.0106414915234631   -0.0767602931131836   0
0.141628091298989   0.103374245862364   -0.0208472192818492   0.0115423429502497   0
0.138162738596085   0.100073623164982   -0.00346535270290491   -0.00330062269738256   0
0.183215237281428   0.10689121641705   0.0450524986853435   0.00681759325206896   0
0.17780931412637   0.0873017615865609   -0.00540592315505842   -0.0195894548304896   0
0.131596989599307   0.117240284449821   -0.0462123245270631   0.0299385228632603   0
0.120991274368568   0.0807404180354703   -0.010605715230739   -0.0364998664143509   0
0.145823119926471   0.0737602966863897   0.0248318455579036   -0.00698012134908066   0
0.123601671170296   0.109146093913158   -0.0222214487561751   0.0353857972267688   0
0.127503946039956   0.118287745282214   0.0039022748696599   0.00914165136905581   0
0.104475992641611   0.0997746874976314   -0.0230279533983447   -0.0185130577845829   0
0.0949117626188661   0.186749243814828   -0.00956423002274506   0.0869745563171964   0
0.119215186062054   0.18516547319534   0.0243034234431876   -0.00158377061948803   0
0.140333440944701   0.199278333514878   0.0211182548826476   0.0141128603195381   0
0.156388342892461   0.111022261814891   0.0160549019477597   -0.0882560716999874   0
0.130908237767529   0.164827782919181   -0.0254801051249318   0.05380552110429   0
0.111011299597744   0.164590682811741   -0.0198969381697857   -0.000237100107439964   0
0.123856115407678   0.143461020336545   0.0128448158099342   -0.0211296624751958   0
0.183453217929177   0.156435741876729   0.0595971025214989   0.012974721540184   0
0.149284169766288   0.128056624710409   -0.0341690481628884   -0.0283791171663199   0
0.121190217585455   0.116774174133988   -0.028093952180833   -0.0112824505764207   0
0.088730369953641   0.118830939024187   -0.0324598476318143   0.0020567648901986   0
0.13296994487481   0.162442723919463   0.0442395749211689   0.0436117848952766   0
0.151125801903216   0.178265498887414   0.0181558570284058   0.0158227749679504   0
0.101616007350395   0.166244368091388   -0.0495097945528204   -0.0120211307960255   0
0.141481933849131   0.164098736548122   0.0398659264987361   -0.00214563154326614   0
0.169311669640725   0.0817547696449102   0.0278297357915936   -0.082343966903212   0
0.132814434262433   0.07927687471175   -0.0364972353782925   -0.00247789493316018   0
0.134431172103534   0.0845191544069449   0.00161673784110158   0.00524227969519497   0
0.111140266309795   0.0862117511729839   -0.0232909057937393   0.001692596766039   0
0.14579494234321   0.046406560572348   0.0346546760334155   -0.039805190600636   0
0.166108408148835   0.0952950330660523   0.0203134658056249   0.0488884724937044   0
0.219773888710761   0.294246409968282   0.053665480561926   0.19895137690223   0
0.168198934076944   0.312503735905525   -0.0515749546338176   0.0182573259372424   0
0.140362798252564   0.124625079153726   -0.0278361358243795   -0.187878656751799   0
0.0981717936653905   0.108206199903728   -0.0421910045871736   -0.0164188792499978   0
0.0954393115475882   0.0736150779845279   -0.00273248211780229   -0.0345911219192004   0
0.136405557946625   0.0545344030571331   0.0409662463990366   -0.0190806749273948   0
0.100624511308627   0.085742699281094   -0.0357810466379977   0.0312082962239609   0
0.227078931061977   0.0745523477354838   0.12645441975335   -0.0111903515456102   0
0.155085044215873   0.0751630907957199   -0.0719938868461036   0.000610743060236035   0
0.0878030357587937   0.112784119531708   -0.0672820084570795   0.0376210287359877   0
0.122304525932117   0.110720620564961   0.0345014901733238   -0.00206349896674685   0
0.084614421504139   0.113304418109161   -0.0376901044279785   0.00258379754420052   0
0.115685477297931   0.0733656609616686   0.0310710557937915   -0.0399387571474926   0
0.121043326215061   0.0680258342969235   0.00535784891713016   -0.00533982666474503   0
0.102877198559205   0.12057761748376   -0.0181661276558561   0.0525517831868367   0
0.155898207442292   0.0845247052159132   0.0530210088830877   -0.036052912267847   0
0.101038037056653   0.0725735647717714   -0.0548601703856392   -0.0119511404441418   0
0.139861855313519   0.0562010758354767   0.0388238182568655   -0.0163724889362947   0
0.0946618326112399   0.0995505875789415   -0.0452000227022787   0.0433495117434648   0
0.158213724514531   0.182289166642306   0.0635518919032914   0.0827385790633645   0
0.21971436285498   0.686130750332376   0.0615006383404491   0.50384158369007   0
0.165914978358194   0.408287376995545   -0.0537993844967863   -0.277843373336831   0
0.107355085124134   0.131300296308691   -0.0585598932340603   -0.276987080686854   0
0.18902967936057   0.114978571942167   0.0816745942364365   -0.0163217243665241   0
0.170630599395331   0.246428613662729   -0.018399079965239   0.131450041720562   0
0.211789452474598   0.419669435325912   0.0411588530792668   0.173240821663184   0
0.22959333718721   0.686854300021273   0.0178038847126122   0.267184864695361   0
0.176975091812831   0.518168331689281   -0.0526182453743791   -0.168685968331992   0
0.16322893480474   0.537575790264312   -0.0137461570080913   0.0194074585750311   0
0.222856372543932   0.575597066435421   0.0596274377391926   0.0380212761711086   0
0.177170526066301   0.433311696534322   -0.045685846477631   -0.142285369901099   0
0.163530303433462   0.345725000653532   -0.0136402226328399   -0.0875866958807895   0
0.142418840841021   0.216461908956066   -0.0211114625924408   -0.129263091697466   0
0.123060037993323   0.167790894905092   -0.0193588028476978   -0.0486710140509745   0
0.178201188010743   0.363940049825366   0.0551411500174195   0.196149154920274   0
0.129823668139519   0.176443736816697   -0.0483775198712234   -0.187496313008669   0
0.160152077321526   0.075591550031485   0.0303284091820067   -0.100852186785212   0
0.196327209597167   0.161748683022776   0.0361751322756413   0.0861571329912911   0
0.140650476073314   0.164596406530459   -0.0556767335238527   0.00284772350768256   0
0.120733030308041   0.184158202072708   -0.0199174457652732   0.0195617955422498   0
0.140311624636058   0.218774310175717   0.0195785943280166   0.0346161081030087   0
0.147795395570938   0.25348577624745   0.00748377093488004   0.0347114660717333   0
0.129216948563298   0.182251432276436   -0.0185784470076399   -0.071234343971014   0
0.12595930137721   0.200367056304648   -0.00325764718608768   0.0181156240282116   0
0.185474271927295   0.154260738479044   0.0595149705500842   -0.0461063178256041   0
0.136821916308317   0.11449142638212   -0.0486523556189779   -0.0397693120969236   0
0.186900611015079   0.164416609633121   0.0500786947067627   0.0499251832510003   0
0.15658885613453   0.207976647021631   -0.0303117548805497   0.0435600373885101   0
0.127092239218247   0.158649217371565   -0.0294966169162827   -0.049327429650066   0
0.130153860515007   0.175941129149068   0.00306162129676046   0.0172919117775033   0
0.148855220760174   0.130049058461768   0.0187013602451662   -0.0458920706873005   0
0.14701733347456   0.216575539335009   -0.00183788728561349   0.0865264808732414   0
0.121255351751747   0.193915749152796   -0.0257619817228126   -0.0226597901822132   0
0.13553286482492   0.211071977037325   0.0142775130731724   0.0171562278845289   0
0.116766029930414   0.127381397534903   -0.0187668348945056   -0.0836905795024221   0
0.141706864060638   0.190909993059066   0.0249408341302232   0.063528595524163   0
0.115904154770828   0.171759009191374   -0.0258027092898097   -0.0191509838676916   0
0.127944653368791   0.210769853663172   0.0120404985979629   0.0390108444717979   0
0.138199947716054   0.199661433131971   0.0102552943472635   -0.011108420531201   0
0.128654245100968   0.214349688339877   -0.00954570261508594   0.0146882552079063   0
0.123728411694875   0.228348060711828   -0.00492583340609355   0.0139983723719504   0
0.15917980537207   0.274472126180492   0.0354513936771951   0.0461240654686645   0
0.15059449028009   0.254078991201832   -0.00858531509198013   -0.0203931349786601   0
0.140907179220271   0.246881341305823   -0.00968731105981846   -0.00719764989600855   0
0.203957297400706   0.227364822697251   0.0630501181804348   -0.0195165186085722   0
0.138201643655421   0.181424428497102   -0.0657556537452848   -0.0459403942001494   0
0.138850711974156   0.225099415962486   0.000649068318734763   0.0436749874653846   0
0.152966238378016   0.237254072620345   0.0141155264038601   0.0121546566578589   0
0.133745695549277   0.169902991412718   -0.0192205428287386   -0.0673510812076277   0
0.167309981104685   0.25955130716053   0.0335642855554075   0.0896483157478128   0
0.140458329511104   0.159195389255349   -0.0268516515935804   -0.100355917905182   0
0.129612272726775   0.188288693551843   -0.0108460567843291   0.0290933042964946   0
0.149724877687611   0.230131181029565   0.0201126049608354   0.0418424874777218   0
0.132003766207825   0.218821657768528   -0.0177211114797862   -0.0113095232610369   0
0.135336160369393   0.155466477259159   0.00333239416156825   -0.0633551805093696   0
0.121190983096899   0.187030208653074   -0.0141451772724936   0.0315637313939156   0
0.245547015933813   0.262608451859232   0.124356032836913   0.0755782432061576   0
0.195480785281444   0.214630223741984   -0.0500662306523686   -0.0479782281172479   0
0.124416557172307   0.126244742605081   -0.0710642281091367   -0.0883854811369027   0
0.127517104524138   0.0738223547176768   0.003100547351831   -0.0524223878874045   0
0.127407129687549   0.153413226249801   -0.000109974836588977   0.0795908715321238   0
0.226751068222193   0.0827162784098299   0.0993439385346437   -0.0706969478399706   0
0.137299506050677   0.104716308231622   -0.0894515621715155   0.0220000298217918   0
0.111346518736045   0.0813746409925162   -0.0259529873146321   -0.0233416672391055   0
0.112242607469313   0.0950368171388068   0.000896088733267339   0.0136621761462906   0
0.11071639336241   0.0948166628667926   -0.00152621410690225   -0.000220154272014203   0
0.18505252591359   0.120486539235396   0.0743361325511798   0.0256698763686029   0
0.174538156132835   0.103077304646622   -0.0105143697807549   -0.0174092345887736   0
0.142683291946219   0.10096883288264   -0.0318548641866162   -0.00210847176398184   0
0.130767844181397   0.0912232256782367   -0.0119154477648226   -0.0097456072044034   0
0.142046689925003   0.154984656442985   0.0112788457436067   0.0637614307647484   0
0.172737377647572   0.173652484510732   0.030690687722569   0.0186678280677469   0
0.154106736642951   0.162614087419882   -0.0186306410046208   -0.0110383970908503   0
0.13690647561854   0.144615075307694   -0.0172002610244111   -0.0179990121121877   0
0.142097477146957   0.133045528977161   0.00519100152841673   -0.0115695463305333   0
0.123538209339661   0.141807979484583   -0.0185592678072957   0.00876245050742269   0
0.119860842866634   0.117014443892421   -0.00367736647302708   -0.0247935355921625   0
0.13429010232221   0.100579549471003   0.0144292594555756   -0.0164348944214175   0
0.162866507389974   0.105123049119365   0.0285764050677639   0.00454349964836204   0
0.174207140225939   0.10229719846115   0.0113406328359653   -0.00282585065821492   0
0.162079979826504   0.0986042175145668   -0.0121271603994349   -0.00369298094658363   0
0.184028748473954   0.131041131029536   0.0219487686474503   0.0324369135149691   0
0.118013916279342   0.100286318112255   -0.0660148321946122   -0.0307548129172805   0
0.123212211472768   0.255478652392211   0.00519829519342535   0.155192334279955   0
0.115854365305804   0.256462224806578   -0.00735784616696394   0.000983572414367861   0
0.139057786652924   0.374502010523896   0.0232034213471199   0.118039785717317   0
0.167325635170257   0.130117627463816   0.0282678485173336   -0.244384383060079   0
0.152655435222214   0.135185567277215   -0.0146701999480431   0.0050679398133989   0
0.126703446221482   0.342098564044929   -0.025951989000732   0.206912996767714   0
0.120180639497199   0.422036251676026   -0.0065228067242835   0.0799376876310968   0
0.132997390130183   0.221469681298231   0.0128167506329841   -0.200566570377795   0
0.192210900157639   0.153438646226928   0.0592135100274567   -0.0680310350713025   0
0.165379593992125   0.133696082736416   -0.0268313061655147   -0.0197425634905128   0
0.168180232959049   0.114453418559484   0.00280063896692434   -0.0192426641769314   0
0.124116665967951   0.112959491765644   -0.0440635669910977   -0.00149392679384069   0
0.123175474781305   0.165195887769498   -0.000941191186645915   0.0522363960038542   0
0.116644765642355   0.1318729887769   -0.00653070913895003   -0.0333228989925974   0
0.0972799710724669   0.347948191710346   -0.0193647945698884   0.216075202933446   0
0.152879768060918   0.696184190448368   0.0555997969884508   0.348235998738022   0
0.115165438980382   0.482100714110084   -0.0377143290805357   -0.214083476338285   0
0.276669611719466   0.233706965272117   0.161504172739084   -0.248393748837967   0
0.150696289312245   0.197460539642   -0.12597332240722   -0.0362464256301166   0
0.119542682797148   0.186171361556531   -0.0311536065150973   -0.0112891780854696   0
0.145631079941508   0.466667558069781   0.0260883971443601   0.28049619651325   0
0.108744526027991   0.603821182596719   -0.036886553913517   0.137153624526938   0
0.155956192114837   0.438367073839804   0.0472116660868458   -0.165454108756914   0
0.352234624632503   0.508996094674932   0.196278432517665   0.0706290208351277   1
0.264827352143316   0.291680927086174   -0.0874072724891864   -0.217315167588758   0
0.214561807668466   0.254624469250488   -0.0502655444748497   -0.0370564578356865   0
0.151173611212672   0.0980119207797194   -0.0633881964557948   -0.156612548470768   0
0.155009156811751   0.181064132580393   0.00383554559907934   0.0830522118006732   0
0.0982805824471955   0.182839416785092   -0.0567285743645555   0.00177528420469913   0
0.123574850247694   0.24584705110762   0.0252942678004985   0.0630076343225278   0
0.133638664098119   0.59950819624026   0.0100638138504254   0.35366114513264   0
0.111925067675164   0.497434395075984   -0.0217135964229556   -0.102073801164276   0
0.108997624948436   0.445051209174506   -0.00292744272672742   -0.0523831859014777   0
0.120971418779561   0.542108488352885   0.0119737938311249   0.0970572791783788   0
0.137293253707893   0.371018158065539   0.0163218349283322   -0.171090330287346   0
0.162453499989874   0.439465123843758   0.0251602462819806   0.0684469657782198   0
0.118494395578989   0.530917926690331   -0.0439591044108847   0.0914528028465729   0
0.120549776676234   0.523483293442265   0.00205538109724514   -0.00743463324806681   0
0.0930935517352819   0.492210547289646   -0.0274562249409526   -0.0312727461526189   0
0.16162767131965   0.497138625367927   0.0685341195843684   0.00492807807828172   0
0.149836252777891   0.500309217407307   -0.0117914185417594   0.00317059203938014   0
0.123493717570652   0.434804195386282   -0.0263425352072387   -0.065505022021025   0
0.0990065387999197   0.482329396206576   -0.0244871787707325   0.0475252008202934   0
0.11170175561454   0.684792055387984   0.0126952168146203   0.202462659181408   0
0.210140809237259   0.971232638422047   0.0984390536227189   0.286440583034062   0
0.125365738076478   0.669752244909244   -0.0847750711607812   -0.301480393512802   0
0.134821049511009   0.639766456363961   0.00945531143453157   -0.0299857885452836   0
0.430564662996164   0.424460417574183   0.295743613485154   -0.215306038789778   1
0.376555963915604   0.169121038904279   -0.0540086990805593   -0.255339378669905   0
0.312861161008665   0.0662145989445115   -0.0636948029069391   -0.102906439959767   0
0.287012333228034   0.0703832090802558   -0.0258488277806314   0.00416861013574431   0
0.28503115673554   0.0684451408263216   -0.00198117649249391   -0.00193806825393415   0
0.172496102401069   0.351272759983606   -0.112535054334471   0.282827619157284   0
0.160822750381406   0.346561181748303   -0.0116733520196628   -0.00471157823530338   0
0.213754020207808   0.292444024876698   0.0529312698264021   -0.0541171568716051   0
0.249637883619454   0.332649800265719   0.0358838634116458   0.0402057753890211   0
0.120404248194675   0.836320333120031   -0.129233635424778   0.503670532854313   0
0.173918899594754   1.28117518080179   0.0535146514000782   0.444854847681759   0
0.222353919443216   0.627417172130704   0.0484350198484619   -0.653758008671086   1
0.282087411524938   0.500017148417744   0.0597334920817229   -0.12740002371296   0
0.227580573877935   0.175645599762732   -0.054506837647004   -0.324371548655012   0
0.3352277615085   0.0906513182708338   0.107647187630566   -0.0849942814918987   0
0.510353681671486   0.396443620573897   0.175125920162985   0.305792302303063   0
0.332297640694679   0.124629220002775   -0.178056040976807   -0.271814400571122   0
0.26462898380374   0.229630186800974   -0.0676686568909391   0.105000966798199   0
0.257566167183425   0.188743800394212   -0.00706281662031488   -0.0408863864067619   0
0.207443110079005   0.363113217292265   -0.0501230571044204   0.174369416898054   0
0.269117522022499   0.350338647103256   0.061674411943494   -0.0127745701890091   0
0.20258472536023   0.421926337863142   -0.0665327966622681   0.0715876907598859   0
0.109983869210941   0.513950794044731   -0.0926008561492893   0.0920244561815892   0
0.325464861909608   1.49264360151254   0.215480992698667   0.978692807467807   1
0.252965350252994   1.38775819302705   -0.0724995116566136   -0.104885408485493   0
0.201124389288047   0.749401241483119   -0.0518409609649468   -0.638356951543927   0
0.274828691325433   0.558023493426917   0.0737043020373855   -0.191377748056201   0
0.199545719056586   0.639539534074868   -0.0752829722688466   0.0815160406479509   0
0.162232151460708   0.714572816393998   -0.0373135675958784   0.0750332823191294   0
0.203431799444458   0.597652401431769   0.0411996479837499   -0.116920414962229   0
0.13765117101823   0.724733190874354   -0.0657806284262276   0.127080789442585   0
0.34048251369784   1.53980654317336   0.20283134267961   0.815073352299009   0
0.326076865755607   1.7208178369059   -0.0144056479422335   0.181011293732537   0
0.179608541323513   1.27213599598903   -0.146468324432094   -0.44868184091687   0
0.122672562656896   1.2437146512032   -0.0569359786666171   -0.0284213447858288   0
0.221518287033306   0.705038532125195   0.0988457243764099   -0.538676119078005   0
0.221105911137378   0.653543720086707   -0.000412375895927852   -0.051494812038488   0
0.196725630316774   0.644548033433181   -0.0243802808206036   -0.00899568665352679   0
