0.257239450875658   0.279483615596876   0   0   0
0.252059875243086   0.220425490347539   -0.00517957563257199   -0.0590581252493371   0
0.299682869733991   0.237938894212338   0.0476229944909048   0.0175134038647983   0
0.215616707666529   0.2258838610511   -0.0840661620674612   -0.0120550331612379   0
0.212249109883293   0.197139611935964   -0.00336759778323692   -0.0287442491151357   0
0.223152078623525   0.185015347334106   0.0109029687402327   -0.0121242646018577   0
0.280081175304589   0.175818166599281   0.0569290966810639   -0.00919718073482539   0
0.131131637799922   0.147998265016224   -0.148949537504667   -0.0278199015830568   0
0.15784228481969   0.124059478904948   0.0267106470197673   -0.0239387861112761   0
0.268943558677727   0.0816544549640434   0.111101273858037   -0.0424050239409046   0
0.157866058347005   0.0898071263921466   -0.111077500330722   0.00815267142810319   0
0.12123820203294   0.0524462009993813   -0.0366278563140649   -0.0373609253927654   0
0.332643458278154   0.105672750031113   0.211405256245214   0.0532265490317319   1
0.135508634033924   0.0980400168304887   -0.19713482424423   -0.00763273320062451   1
0.0734653588708311   0.076852017773421   -0.0620432751630931   -0.0211879990570676   0
0.188154744569277   0.0676725294590981   0.114689385698446   -0.00917948831432294   0
0.0803562747524479   0.0420908463614121   -0.107798469816829   -0.025581683097686   0
0.145230014278779   0.0379223305125423   0.0648737395263312   -0.00416851584886978   0
0.125385898617532   0.0161983931086122   -0.0198441156612468   -0.0217239374039302   0
0.070557662024963   0.0242557667958055   -0.0548282365925694   0.00805737368719329   0
0.00662786084580085   0.0240678554895321   -0.0639298011791621   -0.000187911306273401   0
0.0796274042007084   0.0156209376624172   0.0729995433549076   -0.00844691782711486   0
0.203774054275051   0.0205486878027528   0.124146650074343   0.00492775014033553   0
0.0628199739036877   0.0336062761546207   -0.140954080371364   0.0130575883518679   0
0.14003436692616   0.03430364024987   0.0772143930224726   0.000697364095249335   0
0.139565601493957   0.0392783149092155   -0.000468765432203339   0.0049746746593455   0
0.0950752535890386   0.0511495526481415   -0.0444903479049183   0.011871237738926   0
0.128210522301916   0.04871999884121   0.033135268712877   -0.00242955380693155   0
0.107118144707701   0.0547292305771103   -0.0210923775942145   0.00600923173590029   0
0.167827230395338   0.0537930553060755   0.0607090856876373   -0.000936175271034734   0
0.0613229737857681   0.0667853863136697   -0.10650425660957   0.0129923310075942   0
0.124825640829238   0.110733062891679   0.0635026670434702   0.0439476765780091   0
0.24394182576225   0.124366746909986   0.119116184933012   0.0136336840183071   0
0.132873910929309   0.111270635853715   -0.111067914832941   -0.0130961110562712   0
0.168270204893944   0.146426144469524   0.0353962939646351   0.0351555086158095   0
0.125529467086457   0.131448601877464   -0.0427407378074869   -0.0149775425920604   0
0.209027403812921   0.134400575990665   0.0834979367264637   0.00295197411320103   0
0.189392706019213   0.136940861498824   -0.0196346977937082   0.00254028550815871   0
0.15963432876634   0.148608117684407   -0.0297583772528727   0.0116672561855831   0
0.115647139468514   0.13792839532715   -0.0439871892978259   -0.0106797223572571   0
0.201952046144376   0.132271988660912   0.0863049066758613   -0.00565640666623746   0
0.192863641310175   0.132023895647616   -0.00908840483420018   -0.000248093013296674   0
0.117758627988865   0.131822218185138   -0.07510501332131   -0.000201677462478095   0
0.164651059163614   0.126117475461016   0.0468924311747489   -0.00570474272412139   0
0.160319161487827   0.118151548039203   -0.00433189767578712   -0.00796592742181351   0
0.166657503080329   0.11732998420324   0.00633834159250224   -0.00082156383596281   0
0.299718404649364   0.122875307871161   0.133060901569035   0.00554532366792079   0
0.192777236437293   0.123980262851996   -0.106941168212071   0.00110495498083532   0
0.215351826626221   0.134612948233528   0.022574590188928   0.0106326853815321   0
0.123386879800447   0.133779408371702   -0.091964946825774   -0.000833539861826466   0
0.177596041533166   0.135603213310526   0.0542091617327188   0.00182380493882436   0
0.251978154650835   0.130391301028635   0.0743821131176688   -0.00521191228189138   0
0.352974753414759   0.0978823648644254   0.100996598763924   -0.0325089361642092   0
0.144017193439047   0.116516439635326   -0.208957559975712   0.0186340747709003   0
0.172303975400337   0.118953332108615   0.0282867819612898   0.00243689247328947   0
0.1362123096626   0.12251960177188   -0.0360916657377373   0.00356626966326455   0
0.155088993768417   0.126634463422097   0.0188766841058168   0.00411486165021757   0
0.289894236299672   0.156027852631541   0.134805242531255   0.0293933892094441   0
0.219294333636075   0.15230573786139   -0.0705999026635973   -0.00372211477015125   0
0.132876654652689   0.152804093551097   -0.0864176789833855   0.000498355689707158   0
0.197672088516209   0.156371900465685   0.06479543386352   0.00356780691458738   0
0.215077607568175   0.157667300127817   0.0174055190519662   0.00129539966213194   0
0.138832883276045   0.171373006382459   -0.0762447242921301   0.0137057062546428   0
0.25483401711263   0.159976026616584   0.116001133836584   -0.0113969797658755   0
0.182655416131469   0.171415332826617   -0.0721786009811609   0.0114393062100333   0
0.198844192543433   0.163811749181408   0.0161887764119647   -0.00760358364520941   0
0.18473411209238   0.179567567579727   -0.0141100804510534   0.0157558183983196   0
0.172664238968844   0.165095559517057   -0.0120698731235361   -0.0144720080626708   0
0.337484533081147   0.164013620318985   0.164820294112304   -0.00108193919807217   0
0.194562541022161   0.16517721641229   -0.142921992058987   0.00116359609330552   0
0.206582600796873   0.1615098040737   0.0120200597747118   -0.00366741233858989   0
0.184465956795854   0.167355207088874   -0.0221166440010182   0.00584540301517417   0
0.200484335358152   0.168928594679535   0.0160183785622978   0.00157338759066034   0
0.215663817315284   0.179977428083357   0.0151794819571315   0.0110488334038225   0
0.161531211638154   0.166737750487292   -0.0541326056771299   -0.013239677596065   0
0.200832608037141   0.17058621741604   0.0393013963989875   0.00384846692874793   0
0.293760478197136   0.176987260302825   0.0929278701599948   0.00640104288678506   0
0.190852930566968   0.163325277130348   -0.102907547630168   -0.0136619831724771   0
0.147683508428844   0.141463157748443   -0.043169422138124   -0.0218621193819049   0
0.1585732471188   0.16215728476221   0.0108897386899557   0.020694127013767   0
0.262284418040798   0.150061370495574   0.103711170921998   -0.0120959142666359   0
0.197544092046333   0.13088850963253   -0.064740325994465   -0.0191728608630439   0
0.2105285763881   0.146048626023133   0.012984484341767   0.0151601163906028   0
0.146534869127556   0.163887026455238   -0.0639937072605434   0.0178384004321052   0
0.159988471567048   0.14974263081748   0.0134536024394912   -0.0141443956377587   0
0.281583189278053   0.162332585703556   0.121594717711006   0.0125899548860768   0
0.236911358288285   0.155662974634593   -0.0446718309897686   -0.00666961106896327   0
0.261041705671718   0.168271890328569   0.0241303473834336   0.0126089156939759   0
0.222303345624847   0.178150453203219   -0.0387383600468716   0.00987856287465036   0
0.245846851549903   0.172126153594311   0.0235435059250563   -0.00602429960890802   0
0.271873169580965   0.17948334979184   0.0260263180310618   0.00735719619752856   0
0.278657788927943   0.182665789963016   0.00678461934697822   0.0031824401711755   0
0.210594265826399   0.16835668688086   -0.0680635231015439   -0.0143091030821553   0
0.21249187687507   0.164563796406295   0.00189761104867123   -0.00379289047456521   0
0.229091085913529   0.17273732802365   0.016599209038459   0.00817353161735485   0
0.302690788802699   0.177657865817278   0.0735997028891696   0.00492053779362828   0
0.284907825386756   0.180944402355454   -0.0177829634159432   0.00328653653817609   0
0.185509618590412   0.174626005288044   -0.0993982067963439   -0.00631839706741011   0
0.207973775309196   0.179454069128426   0.0224641567187845   0.00482806384038217   0
0.190985032149773   0.184862572140286   -0.0169887431594227   0.00540850301185988   0
0.235258895566671   0.181083092864774   0.044273863416898   -0.00377947927551178   0
0.144218417233064   0.181807205661657   -0.0910404783336079   0.000724112796882503   0
0.22350061659246   0.18111157142698   0.0792821993593969   -0.000695634234677112   0
0.216359063701986   0.181355659328569   -0.00714155289047455   0.000244087901589335   0
0.191071128759318   0.183028946849262   -0.0252879349426676   0.00167328752069298   0
0.26619734326255   0.198412948386062   0.075126214503232   0.0153840015367996   0
0.183354698047418   0.194683988159376   -0.0828426452151318   -0.00372896022668587   0
0.272583578484912   0.197531961428676   0.0892288804374932   0.00284797326930028   0
0.298270612542972   0.198874527395567   0.0256870340580608   0.00134256596689053   0
0.16961495179547   0.194949301224504   -0.128655660747502   -0.00392522617106239   0
0.256075547356322   0.19970406252002   0.0864605955608522   0.00475476129551558   0
0.217828782471463   0.206258259091606   -0.038246764884859   0.00655419657158601   0
0.240926643778993   0.18141045328412   0.0230978613075303   -0.0248478058074856   0
0.304104472372834   0.187195498240476   0.063177828593841   0.00578504495635554   0
0.183949307629711   0.184977011023667   -0.120155164743124   -0.00221848721680837   0
0.184800402645232   0.192321920388707   0.000851095015521469   0.00734490936503915   0
0.170673906628283   0.197361093102845   -0.0141264960169489   0.00503917271413873   0
0.247627615179345   0.196761472466976   0.076953708551062   -0.000599620635869519   0
0.298380203548778   0.206586047623623   0.0507525883694323   0.00982457515664756   0
0.226882313907982   0.194158805798945   -0.0714978896407959   -0.0124272418246782   0
0.383504587939975   0.248190460336915   0.156622274031993   0.0540316545379703   1
0.47751310409349   0.20668272934888   0.0940085161535149   -0.0415077309880351   1
0.538244291823889   0.228867279571589   0.0607311877303994   0.022184550222709   0
0.562396776944001   0.262383775859427   0.0241524851201115   0.0335164962878376   0
0.593569167073223   0.248406758185541   0.0311723901292226   -0.0139770176738856   0
0.549587704097617   0.262742833046403   -0.0439814629756061   0.0143360748608617   0
0.550921354404601   0.262737434248529   0.00133365030698385   -5.39879787420094e-06   0
1.04876333631234   0.209768354603858   0.497841981907744   -0.0529690796446706   1
1.01618907713992   0.258688507046003   -0.0325742591724292   0.0489201524421449   0
0.834658376164164   0.258396908683541   -0.181530700975751   -0.000291598362462508   0
0.893241009518489   0.304299624362338   0.0585826333543248   0.0459027156787973   0
0.586281971307322   0.277953222858744   -0.306959038211167   -0.0263464015035941   0
0.29356165608267   0.159259582038225   -0.292720315224652   -0.118693640820519   0
0.230675941348226   0.076688646288287   -0.0628857147344447   -0.0825709357499376   0
0.29206198648061   0.113749405907657   0.0613860451323843   0.0370607596193705   0
0.319976629866933   0.136387170245246   0.0279146433863227   0.0226377643375881   0
0.30593473119932   0.155367538466554   -0.0140418986676129   0.0189803682213081   0
0.241718350398579   0.154313620653079   -0.0642163808007412   -0.00105391781347422   0
0.326512412252582   0.154530274350764   0.0847940618540034   0.000216653697684949   0
0.217052986977005   0.115201980899039   -0.109459425275577   -0.0393282934517256   0
0.289924611243492   0.0942389011833754   0.0728716242664868   -0.0209630797156634   0
0.242837554006938   0.0936234318787236   -0.0470870572365541   -0.000615469304651825   0
0.302440042403862   0.0991422527160342   0.0596024883969243   0.00551882083731065   0
0.310060728615879   0.117046557902571   0.00762068621201706   0.0179043051865372   0
0.276325599584349   0.135067879320372   -0.0337351290315303   0.0180213214178003   0
0.265781810607874   0.136964928730177   -0.0105437889764747   0.0018970494098054   0
0.286857089077471   0.142391309930496   0.0210752784695964   0.00542638120031863   0
0.347291190377758   0.140971483400899   0.060434101300287   -0.00141982652959655   0
0.291050337898172   0.134994219886084   -0.0562408524795859   -0.00597726351481484   0
0.185505916812106   0.130175745990603   -0.105544421086066   -0.00481847389548132   0
0.358107627021542   0.126933417039852   0.172601710209436   -0.00324232895075141   0
0.342102533679597   0.140990363762422   -0.016005093341945   0.0140569467225701   0
0.247690978714284   0.142634787527877   -0.094411554965313   0.00164442376545487   0
0.274032005170929   0.128103555444306   0.0263410264566447   -0.0145312320835701   0
0.253119905940663   0.139068002934913   -0.020912099230266   0.0109644474906063   0
0.270118275525741   0.145129579767444   0.0169983695850779   0.00606157683253125   0
0.279249540945388   0.143281572780566   0.00913126541964737   -0.00184800698687845   0
0.327549924690405   0.154012268107122   0.0483003837450169   0.0107306953265563   0
0.490025344508833   0.150860002711951   0.162475419818428   -0.00315226539517044   0
0.426809568423682   0.154335157865925   -0.0632157760851502   0.00347515515397362   0
0.480294755970748   0.14790021753636   0.0534851875470653   -0.00643494032956543   0
0.442164096080007   0.0970638611639909   -0.0381306598907402   -0.0508363563723687   0
0.531872344282573   0.126224857448919   0.0897082482025658   0.0291609962849284   0
0.431718517473979   0.0932559699567808   -0.100153826808595   -0.0329688874921385   0
0.461657102996163   0.105801204398367   0.0299385855221846   0.012545234441586   0
0.517246720532861   0.110577059691805   0.0555896175366982   0.00477585529343813   0
0.4842918757832   0.127656505098144   -0.0329548447496618   0.0170794454063392   0
0.456335482073102   0.128993883137981   -0.027956393710098   0.00133737803983647   0
0.456124983374601   0.13087235882673   -0.000210498698500539   0.00187847568874988   0
0.458763442054941   0.1330135108612   0.00263845868033968   0.00214115203446927   0
0.479553796167854   0.133982899517522   0.0207903541129137   0.000969388656322651   0
0.473355614623678   0.136521285096867   -0.00619818154417634   0.00253838557934447   0
0.471848935681538   0.144440392560357   -0.00150667894214024   0.00791910746349   0
0.451808886243465   0.122219013573881   -0.0200400494380731   -0.0222213789864759   0
0.427106315634936   0.112574374864731   -0.0247025706085282   -0.00964463870914987   0
0.444515872560531   0.133344415839209   0.0174095569255943   0.0207700409744783   0
0.482210531482215   0.136295282821894   0.037694658921684   0.00295086698268432   0
0.454205226574948   0.137819842702348   -0.0280053049072665   0.0015245598804545   0
0.449880527137461   0.135050731463226   -0.00432469943748698   -0.00276911123912174   0
0.454844689838301   0.147080742039611   0.00496416270083955   0.0120300105763842   0
0.50017158662544   0.129336817540568   0.0453268967871393   -0.0177439244990425   0
0.421752559821372   0.136604236127069   -0.078419026804068   0.00726741858650073   0
0.459305464434074   0.152183539247016   0.0375529046127016   0.0155793031199472   0
0.327052191370139   0.108364371604324   -0.132253273063935   -0.0438191676426923   0
0.387041977210018   0.101698658473559   0.0599897858398789   -0.00666571313076486   0
0.543121032510526   0.148361533007717   0.156079055300508   0.0466628745341583   0
0.513861231522519   0.154811196846651   -0.029259800988007   0.00644966383893361   0
0.485221578619047   0.15674763586635   -0.0286396529034721   0.0019364390196995   0
0.479900633557615   0.157556105944073   -0.00532094506143238   0.000808470077722695   0
0.509424789233897   0.151155477664762   0.029524155676282   -0.0064006282793107   0
0.466758217296707   0.140437478058743   -0.0426665719371896   -0.0107179996060192   0
0.483586434166634   0.143926789244819   0.0168282168699267   0.00348931118607557   0
0.502461452722495   0.173510901800499   0.0188750185558613   0.0295841125556804   0
0.453010213848165   0.128705400010693   -0.0494512388743302   -0.0448055017898062   0
0.409360176034028   0.131492523506719   -0.0436500378141373   0.00278712349602578   0
0.464508485900957   0.132392212111835   0.0551483098669299   0.000899688605115773   0
0.525272748588769   0.119314196826761   0.0607642626878115   -0.0130780152850739   0
0.446536756670714   0.137579758639498   -0.0787359919180554   0.0182655618127372   0
0.45063681451071   0.138775427036377   0.00410005783999634   0.00119566839687946   0
0.489297138509924   0.117906139221119   0.0386603239992144   -0.0208692878152579   0
0.307170462899088   0.113129757811163   -0.182126675610836   -0.00477638140995597   0
0.440067190033886   0.1059205287665   0.132896727134798   -0.00720922904466324   0
0.473116013952223   0.115669375139241   0.0330488239183374   0.00974884637274091   0
0.447724166073142   0.124647959708486   -0.0253918478790814   0.00897858456924509   0
0.445092764185636   0.124924310466   -0.00263140188750577   0.000276350757513921   0
0.477297313625375   0.119182747226082   0.0322045494397397   -0.00574156323991788   0
0.436860065793384   0.122891868901852   -0.0404372478319912   0.00370912167576982   0
0.438584919063572   0.12577760049345   0.00172485327018779   0.00288573159159823   0
0.469752905618518   0.155599870720833   0.0311679865549457   0.0298222702273828   0
0.45556853851222   0.125698626155271   -0.0141843671062977   -0.0299012445655625   0
0.438538453603341   0.143249593011429   -0.0170300849088786   0.0175509668561581   0
0.4999707700423   0.143845751443213   0.0614323164389582   0.000596158431783761   0
0.387098848735371   0.136146843677149   -0.112871921306928   -0.00769890776606377   0
0.442763991964399   0.1465229914621   0.0556651432290271   0.0103761477849507   0
0.495816987932039   0.173501743485253   0.0530529959676407   0.0269787520231534   0
0.46310691559255   0.139637964277287   -0.0327100723394896   -0.0338637792079655   0
0.43811144681833   0.121431745068454   -0.0249954687742202   -0.0182062192088334   0
0.897568485677661   0.243644379078402   0.459457038859332   0.122212634009948   1
0.979291493232735   0.220144881251166   0.0817230075550739   -0.0234994978272358   0
0.793132974411605   0.197489678684033   -0.18615851882113   -0.0226552025671333   0
0.677744259264511   0.171020799769406   -0.115388715147095   -0.0264688789146263   0
0.469391075778886   0.0858509367678216   -0.208353183485624   -0.0851698630015848   0
0.558955342627423   0.103068112605257   0.0895642668485371   0.0172171758374357   0
0.570648241151237   0.116750512727878   0.0116928985238136   0.0136824001226211   0
0.543077444665168   0.114143550356437   -0.0275707964860685   -0.0026069623714413   0
0.529117464928545   0.126897754059124   -0.0139599797366233   0.0127542037026872   0
0.558047683236836   0.134784361081182   0.0289302183082909   0.0078866070220579   0
0.528785292362827   0.151351878471164   -0.0292623908740092   0.0165675173899818   0
0.498970788873457   0.137912447032529   -0.0298145034893698   -0.0134394314386355   0
0.519254191629687   0.134599705542258   0.0202834027562303   -0.0033127414902708   0
0.51439098981028   0.144275038720806   -0.0048632018194068   0.00967533317854802   0
0.533948220405312   0.131835426789426   0.0195572305950318   -0.0124396119313802   0
0.48125019321139   0.128571981755513   -0.0526980271939224   -0.00326344503391246   0
0.440152620641192   0.116903846219885   -0.041097572570198   -0.0116681355356282   0
0.478884798291823   0.128801058898365   0.0387321776506312   0.0118972126784797   0
0.491982357314772   0.132248492514093   0.013097559022949   0.00344743361572791   0
0.452185352807895   0.106876094319088   -0.0397970045068775   -0.025372398195005   0
0.482183749564633   0.141517900470082   0.0299983967567387   0.0346418061509943   0
0.485518631046225   0.146899020883599   0.00333488148159145   0.00538112041351693   0
0.472428080225223   0.154634246507695   -0.0130905508210013   0.00773522562409593   0
0.532984885153416   0.133180107530413   0.0605568049281926   -0.0214541389772812   0
0.467342565124342   0.122564206287205   -0.0656423200290737   -0.0106159012432087   0
0.487724025097185   0.137814773318112   0.0203814599728433   0.0152505670309068   0
0.501668755054568   0.125923401583066   0.0139447299573824   -0.0118913717350461   0
0.489807360917535   0.116382176147854   -0.0118613941370332   -0.00954122543521205   0
0.509736294372884   0.138910860345988   0.0199289334553499   0.0225286841981342   0
0.463428448308571   0.145845112869133   -0.0463078460643134   0.00693425252314481   0
0.512401566758924   0.117793584795332   0.0489731184503529   -0.0280515280738008   0
0.405291794059912   0.131839744024744   -0.107109772699012   0.0140461592294122   0
0.360011142932674   0.129485916157897   -0.0452806511272387   -0.00235382786684663   0
