0.122594366020996   0.185914711712212   0   0   0
0.104736497688615   0.156901818962767   -0.017857868332381   -0.0290128927494449   0
0.173037737114596   0.176779637454374   0.0683012394259807   0.0198778184916069   0
0.191664979577387   0.182502463802787   0.0186272424627907   0.00572282634841279   0
0.133915949397897   0.178835301665446   -0.05774903017949   -0.00366716213734114   0
0.336708285152712   0.304326484219399   0.202792335754815   0.125491182553953   0
0.212543216598343   0.170149509213662   -0.124165068554369   -0.134176975005737   0
0.0996809601323141   0.0483391630223621   -0.112862256466029   -0.1218103461913   0
0.143891211090219   0.0316408422905428   0.044210250957905   -0.0166983207318193   0
0.234226540754885   0.0345302225871048   0.0903353296646663   0.00288938029656201   0
0.259533299771001   0.17203443824784   0.0253067590161158   0.137504215660736   0
0.0914868913703488   0.284928954399601   -0.168046408400652   0.112894516151761   0
0.0904091850313894   0.164991638295278   -0.00107770633895941   -0.119937316104323   0
0.151307850423174   0.0909569623670585   0.0608986653917846   -0.0740346759282199   0
0.054679320421984   0.0365986885890055   -0.09662853000119   -0.0543582737780531   0
0.143851244311546   0.0459094940569214   0.0891719238895617   0.00931080546791591   0
0.0855215165413944   0.0536546381744626   -0.0583297277701513   0.00774514411754122   0
0.0394900872609178   0.0218741311171233   -0.0460314292804767   -0.0317805070573394   0
0.0285993152970923   0.0398675805816581   -0.0108907719638254   0.0179934494645348   0
0.0192085966746246   0.0601099664231315   -0.00939071862246772   0.0202423858414735   0
0.011604871666184   0.0214600738164504   -0.00760372500844063   -0.0386498926066811   0
0.0754252395140672   0.0220554927020465   0.0638203678478832   0.000595418885596069   0
0.0564070385761387   0.0235198981480044   -0.0190182009379285   0.00146440544595791   0
0.084383916624656   0.038694692419956   0.0279768780485173   0.0151747942719516   0
0.0512723217501412   0.0626225820821251   -0.0331115948745149   0.0239278896621692   0
0.132124771309168   0.0835654176083026   0.080852449559027   0.0209428355261774   0
0.080044942580153   0.127504703808663   -0.0520798287290152   0.0439392862003609   0
0.0928672543866782   0.0925139883186591   0.0128223118065252   -0.0349907154900043   0
0.116867571212334   0.0924256360133648   0.024000316825656   -8.83523052943036e-05   0
0.183321894525586   0.094021525336183   0.0664543233132516   0.00159588932281815   0
0.134824443144743   0.112974182887607   -0.0484974513808429   0.0189526575514241   0
0.11469788406091   0.106751066812693   -0.0201265590838327   -0.00622311607491374   0
0.104589624106601   0.129203015367425   -0.0101082599543096   0.0224519485547314   0
0.0999154959095435   0.124113672846367   -0.00467412819705706   -0.00508934252105785   0
0.128392861406933   0.113585336306948   0.0284773654973899   -0.0105283365394188   0
0.228235173035819   0.085462372616345   0.0998423116288852   -0.028122963690603   0
0.114397952008539   0.093796998892342   -0.113837221027279   0.00833462627599696   0
0.153754473641907   0.120282547802809   0.0393565216333683   0.0264855489104669   0
0.119684289083447   0.106016496037927   -0.0340701845584609   -0.0142660517648822   0
0.134018371008791   0.10981610018136   0.0143340819253446   0.00379960414343333   0
0.128821669745505   0.139057588010741   -0.005196701263286   0.029241487829381   0
0.0907967830120099   0.138752339566654   -0.0380248867334953   -0.000305248444087275   0
0.176642968673537   0.149036824992902   0.0858461856615267   0.0102844854262485   0
0.0753123827558955   0.187184902622489   -0.101330585917641   0.0381480776295868   0
0.0962240824203713   0.197320604771208   0.0209116996644758   0.0101357021487188   0
0.106136025866903   0.179694545954503   0.00991194344653221   -0.0176260588167048   0
0.0888548192282467   0.232042719762035   -0.0172812066386568   0.0523481738075324   0
0.154218826027467   0.218468640534065   0.0653640067992199   -0.0135740792279705   0
0.181936702396136   0.247320143353049   0.027717876368669   0.0288515028189836   0
0.191783293299104   0.264300748615384   0.00984659090296805   0.0169806052623356   0
0.206007781414586   0.269788688733646   0.0142244881154827   0.00548794011826159   0
0.216591144969935   0.285813240170264   0.0105833635553491   0.0160245514366182   0
0.108108366117429   0.30533536250265   -0.108482778852507   0.0195221223323865   0
0.0885904723921822   0.289878469221263   -0.0195178937252465   -0.0154568932813878   0
0.146291924170475   0.286757836326394   0.0577014517782928   -0.00312063289486858   0
0.198106490299536   0.268492258335771   0.0518145661290606   -0.0182655779906229   0
0.0963690585483225   0.311320717433104   -0.101737431751213   0.0428284590973327   0
0.183391067239165   0.316804369095602   0.0870220086908427   0.00548365166249826   0
0.129414939763731   0.317998914780086   -0.0539761274754347   0.00119454568448402   0
0.145037675450243   0.318476705377552   0.0156227356865124   0.000477790597465722   0
0.254499356946732   0.316191133021741   0.109461681496489   -0.00228557235581062   0
0.0571367010034391   0.338127349407886   -0.197362655943293   0.0219362163861446   0
0.106683753651763   0.335962544743566   0.0495470526483236   -0.00216480466431995   0
0.119226800247008   0.316659621233909   0.0125430465952455   -0.0193029235096572   0
0.094579835176215   0.385527167870583   -0.0246469650707932   0.0688675466366741   0
0.195234027061473   0.404648201090543   0.100654191885258   0.0191210332199602   0
0.142446723661059   0.376292049407066   -0.0527873034004145   -0.0283561516834765   0
0.284118728261356   0.337973556212705   0.141672004600297   -0.0383184931943613   0
0.141910781627225   0.404913186938416   -0.14220794663413   0.0669396307257114   0
0.236310239361311   0.434800202576968   0.0943994577340856   0.0298870156385517   0
0.199984790932236   0.446752301406658   -0.0363254484290752   0.0119520988296895   0
0.170259602400863   0.4339891323682   -0.0297251885313725   -0.012763169038458   0
0.242752431131822   0.423843223757134   0.0724928287309589   -0.0101459086110654   0
0.131916334741229   0.464712696257992   -0.110836096390593   0.0408694725008576   0
0.117369376966141   0.447171525272353   -0.0145469577750885   -0.0175411709856388   0
0.203511566090775   0.545513075594894   0.0861421891246347   0.0983415503225407   0
0.277294102727068   0.50806653485827   0.0737825366362932   -0.0374465407366233   0
0.188231797506638   0.494326524688492   -0.0890623052204304   -0.013740010169778   0
0.200656579493273   0.499359606904824   0.0124247819866345   0.00503308221633142   0
0.219271470986834   0.529018917154493   0.0186148914935615   0.0296593102496695   0
0.237335905682811   0.531377051025035   0.0180644346959766   0.00235813387054185   0
0.212828329481157   0.527340347441434   -0.0245075762016535   -0.00403670358360086   0
0.203854640166002   0.489299229581145   -0.00897368931515552   -0.0380411178602886   0
0.236603683205165   0.526765746703269   0.0327490430391632   0.0374665171221235   0
0.277456994428254   0.562473362561366   0.0408533112230889   0.0357076158580971   0
0.331242338490251   0.533337867567914   0.0537853440619973   -0.0291354949934518   0
0.184285027204491   0.51936852952557   -0.14695731128576   -0.0139693380423447   0
0.164333367742469   0.526065997822424   -0.0199516594620216   0.00669746829685447   0
0.307065312419703   0.57425796547354   0.142731944677234   0.0481919676511164   0
0.257716373271956   0.573557937034614   -0.0493489391477476   -0.000700028438926248   0
0.234841829080873   0.559214578089862   -0.0228745441910826   -0.0143433589447519   0
0.292622546593457   0.585853846834099   0.0577807175125841   0.0266392687442372   0
0.264787424193295   0.587478123632029   -0.0278351224001621   0.00162427679792987   0
0.244177106471102   0.642205275621907   -0.0206103177221929   0.0547271519898779   0
0.268486263666058   0.603190218583624   0.0243091571949557   -0.0390150570382833   0
0.256342113289214   0.629327643446687   -0.0121441503768444   0.0261374248630629   0
0.279705462772413   0.633590714960456   0.0233633494831999   0.0042630715137697   0
0.327473840789535   0.640262167636252   0.047768378017122   0.00667145267579583   0
0.371214079183549   0.664169978519665   0.0437402383940133   0.0239078108834128   0
0.347890441146189   0.646454403640638   -0.0233236380373598   -0.0177155748790274   0
0.387347037048497   0.640650686582603   0.0394565959023084   -0.00580371705803506   0
0.340218343259164   0.654605407538266   -0.0471286937893339   0.0139547209556637   0
0.365592397400438   0.666089603343929   0.0253740541412748   0.0114841958056625   0
0.356268025058508   0.694737734063382   -0.00932437234192984   0.0286481307194532   0
0.361987988575436   0.628084280122572   0.00571996351692755   -0.0666534539408097   0
0.264241546010028   0.633828987142163   -0.0977464425654075   0.00574470701959051   0
0.266542478916157   0.673855044812913   0.00230093290612854   0.0400260576707497   0
0.350225694560251   0.669650607661592   0.0836832156440936   -0.00420443715132013   0
0.306976929363837   0.676334860056742   -0.0432487651964139   0.00668425239514936   0
0.361459028553735   0.704348347626267   0.0544820991898985   0.028013487569525   0
0.350919207640049   0.719094701435673   -0.010539820913686   0.0147463538094064   0
0.385172921360316   0.697595717850463   0.0342537137202665   -0.0214989835852105   0
0.278886227724067   0.661653272545034   -0.106286693636249   -0.0359424453054291   0
0.282768887349015   0.711979741868617   0.00388265962494838   0.0503264693235834   0
0.350796997443678   0.765348338713092   0.0680281100946632   0.0533685968444751   0
0.327747779267244   0.719286420312701   -0.0230492181764344   -0.0460619184003909   0
0.302398783348975   0.703097413800506   -0.0253489959182693   -0.0161890065121952   0
0.411304059591259   0.765833571626729   0.108905276242285   0.062736157826223   0
0.371776737939923   0.765772538954168   -0.0395273216513363   -6.10326725611898e-05   0
0.350987555698546   0.758730418005137   -0.0207891822413767   -0.00704212094903089   0
0.36242674897281   0.720255775243809   0.0114391932742636   -0.0384746427613282   0
0.38378305715026   0.752589100830699   0.0213563081774507   0.0323333255868902   0
0.314727943452754   0.701610066431668   -0.0690551136975063   -0.0509790343990307   0
0.40591309200537   0.743048199258509   0.0911851485526159   0.0414381328268405   0
0.350274865975979   0.754824490357335   -0.0556382260293911   0.0117762910988261   0
0.366101134514344   0.727735466911956   0.0158262685383654   -0.027089023445379   0
0.460473899818915   0.715476988151967   0.0943727653045704   -0.0122584787599888   0
0.383421342748257   0.75154097095219   -0.0770525570706581   0.0360639828002226   0
0.36536090282871   0.73452341266136   -0.0180604399195466   -0.0170175582908301   0
0.337320232588619   0.702728272970634   -0.0280406702400911   -0.0317951396907256   0
0.392834377096812   0.745265322509816   0.0555141445081927   0.042537049539182   0
0.388653116100453   0.748582812340899   -0.00418126099635874   0.00331748983108315   0
0.397117262258402   0.721186007831031   0.00846414615794866   -0.0273968045098681   0
0.378744498657018   0.730020053981231   -0.0183727636013833   0.00883404615020045   0
0.389382459937797   0.746745995031302   0.0106379612807786   0.016725941050071   0
0.393390228860891   0.747697477361367   0.00400776892309396   0.000951482330065034   0
0.290687980987346   0.720034034750615   -0.102702247873545   -0.0276634426107524   0
0.394775224168589   0.740102167076316   0.104087243181243   0.0200681323257014   0
0.35035226163864   0.746404617462106   -0.0444229625299489   0.00630245038578936   0
0.318072807781956   0.725615945028429   -0.0322794538566848   -0.0207886724336771   0
0.331396031419041   0.729152173309756   0.0133232236370854   0.00353622828132683   0
0.304931700439837   0.696145750053947   -0.0264643309792041   -0.0330064232558085   0
0.328463557499742   0.744306972248339   0.0235318570599048   0.0481612221943921   0
0.366979134832556   0.729398062882211   0.0385155773328147   -0.0149089093661278   0
0.320866921338302   0.723015246856885   -0.0461122134942545   -0.00638281602532642   0
0.410038865090967   0.765496375135278   0.0891719437526653   0.0424811282783928   0
0.384845121353523   0.745451875827811   -0.0251937437374439   -0.0200444993074664   0
0.358216397042293   0.753341372563203   -0.0266287243112305   0.00788949673539119   0
0.358653130432752   0.75631451617486   0.000436733390458965   0.00297314361165746   0
0.407258599783007   0.765621564212431   0.0486054693502548   0.00930704803757121   0
0.333030027483544   0.711852716054213   -0.0742285722994627   -0.0537688481582183   0
0.401175698744065   0.718158824435793   0.0681456712605211   0.00630610838157997   0
0.34762760603691   0.665088588750831   -0.0535480927071553   -0.0530702356849616   0
0.359222937515187   0.67238535462432   0.0115953314782773   0.00729676587348871   0
0.244853432239963   0.529657867142614   -0.114369505275224   -0.142727487481706   0
0.291575642322811   0.429563011963484   0.0467222100828486   -0.10009485517913   0
0.29548351512565   0.595190283646129   0.00390787280283833   0.165627271682646   0
0.331918706476827   0.657427814869361   0.0364351913511773   0.0622375312232313   0
0.347703618903974   0.687882642514021   0.015784912427147   0.0304548276446605   0
0.406603788568294   0.707459581707501   0.0589001696643201   0.0195769391934799   0
0.362407522122044   0.711548633284163   -0.0441962664462499   0.00408905157666162   0
0.326649749888547   0.687142464537457   -0.0357577722334977   -0.0244061687467061   0
0.422377038583077   0.721536586280039   0.0957272886945303   0.0343941217425825   0
0.364672334497985   0.70968606679763   -0.0577047040850922   -0.0118505194824093   0
0.45834352913736   0.724038957257565   0.0936711946393753   0.0143528904599355   0
0.347779653281744   0.7342501094483   -0.110563875855616   0.0102111521907343   0
0.378825291453937   0.735903017822433   0.0310456381721927   0.00165290837413334   0
0.375642179349657   0.676504642264303   -0.00318311210427941   -0.05939837555813   0
0.339938521531203   0.733733452902578   -0.0357036578184544   0.0572288106382753   0
0.289911358916497   0.726754623448202   -0.0500271626147056   -0.006978829454376   0
0.262742991318132   0.703426126027149   -0.0271683675983651   -0.0233284974210533   0
0.411675370103204   0.772244838614738   0.148932378785072   0.0688187125875888   0
0.412785988912463   0.781820075634447   0.00111061880925895   0.0095752370197093   0
0.395223070053723   0.779513420407566   -0.01756291885874   -0.00230665522688123   0
0.320840602366471   0.758980776324785   -0.0743824676872519   -0.0205326440827813   0
0.329297747574274   0.746997350568889   0.0084571452078025   -0.0119834257558953   0
0.358482761313302   0.752670544401732   0.0291850137390286   0.00567319383284304   0
0.397250256655436   0.789741968396824   0.0387674953421341   0.0370714239950918   0
0.38149952116295   0.866988144061636   -0.0157507354924865   0.0772461756648117   0
0.361628220951974   0.836417125267387   -0.0198713002109754   -0.0305710187942487   0
0.396396934411708   0.781332437551174   0.0347687134597337   -0.0550846877162127   0
0.399882353679979   0.809614439343407   0.00348541926827117   0.0282820017922331   0
0.351631734365998   0.791028545722441   -0.0482506193139809   -0.0185858936209664   0
0.316241451909471   0.799227563002866   -0.0353902824565277   0.00819901728042483   0
0.474483662192662   0.826939570596885   0.158242210283191   0.0277120075940189   0
0.288939220539355   0.538454982511537   -0.185544441653307   -0.288484588085347   0
0.309396705471939   0.70117667648287   0.0204574849325845   0.162721693971332   0
0.397672615267245   0.826256747041112   0.0882759097953053   0.125080070558242   0
0.412678429855935   0.809855903480959   0.0150058145886905   -0.016400843560153   0
0.323052845052957   0.793274571750513   -0.0896255848029779   -0.0165813317304457   0
0.245006872353022   0.738000401035103   -0.0780459726999353   -0.0552741707154101   0
0.230276700708713   0.726007684379561   -0.0147301716443094   -0.0119927166555418   0
0.307130079362947   0.773793735651795   0.0768533786542343   0.0477860512722337   0
0.285588912889296   0.757794955215767   -0.0215411664736506   -0.0159987804360282   0
0.261226074091485   0.782574249282873   -0.0243628387978112   0.0247792940671064   0
0.426072244961215   0.79487666797221   0.16484617086973   0.0123024186893367   0
0.328746608919758   0.782402928121736   -0.0973256360414579   -0.012473739850474   0
0.363301167907688   0.782308103720789   0.0345545589879303   -9.48244009473242e-05   0
0.375843471328012   0.822162596216164   0.012542303420324   0.0398544924953751   0
0.323858534206643   0.817660145761367   -0.0519849371213685   -0.00450245045479647   0
0.293842701057385   0.836115759450412   -0.0300158331492579   0.0184556136890452   0
0.305181551046737   0.813196128475099   0.0113388499893515   -0.0229196309753131   0
0.318905138673679   0.832639696583832   0.0137235876269419   0.0194435681087329   0
0.379261276805107   0.833484534521463   0.0603561381314281   0.000844837937630905   0
0.26530995551023   0.770865262148944   -0.113951321294877   -0.0626192723725191   0
0.275377918583957   0.825743859391767   0.0100679630737274   0.054878597242823   0
0.344395969142555   0.829705843740714   0.0690180505585984   0.00396198434894701   0
0.353239290118412   0.878505812775328   0.00884332097585711   0.0487999690346141   0
0.326502990825337   0.8795458495725   -0.0267362992930756   0.00104003679717157   0
0.333132809200535   0.823086717071538   0.0066298183751981   -0.0564591325009614   0
0.392600136845315   0.848682699013153   0.05946732764478   0.0255959819416146   0
0.349786439893801   0.871533002729242   -0.0428136969515134   0.0228503037160894   0
0.261854931336895   0.814935593644996   -0.0879315085569065   -0.0565974090842463   0
0.414859822419381   0.89410380400948   0.153004891082486   0.0791682103644836   0
0.319602479006171   0.8467414220265   -0.0952573434132096   -0.0473623819829795   0
0.326037927239774   0.847708722052187   0.00643544823360331   0.000967300025686901   0
0.285941904680391   0.81961552910231   -0.0400960225593829   -0.0280931929498768   0
0.395637438319682   0.845511276705409   0.10969553363929   0.0258957476030982   0
0.373460873350395   0.841599286551933   -0.0221765649692865   -0.00391199015347565   0
0.320815738328421   0.836449770950115   -0.0526451350219742   -0.00514951560181787   0
0.400464918712301   0.855245285207408   0.0796491803838801   0.0187955142572925   0
0.379509022080951   0.849543016547851   -0.0209558966313499   -0.00570226865955636   0
0.254723378805362   0.798229685095844   -0.124785643275589   -0.0513133314520074   0
0.154598186110259   0.501895702255459   -0.100125192695103   -0.296333982840385   1
0.10929678666132   0.391405768837545   -0.0453013994489395   -0.110489933417913   0
0.0314441801432157   0.359934821963189   -0.0778526065181039   -0.0314709468743564   0
0.139243900593168   0.425641583544724   0.107799720449952   0.0657067615815348   0
0.153373322864962   0.416212099850845   0.0141294222717946   -0.00942948369387842   0
0.205747544210302   0.521752467751761   0.0523742213453391   0.105540367900916   0
0.143824228005649   0.502394927648859   -0.0619233162046526   -0.0193575401029018   0
0.306100949902087   0.591424482389022   0.162276721896438   0.0890295547401627   0
0.251917112555479   0.60380708862091   -0.0541838373466078   0.0123826062318885   0
0.312674656457091   0.666603248352489   0.0607575439016119   0.0627961597315784   0
0.346722465449313   0.686293699303893   0.0340478089922218   0.0196904509514043   0
0.297902900208373   0.697907361240052   -0.0488195652409397   0.0116136619361588   0
0.348182149414642   0.678873995874971   0.0502792492062686   -0.019033365365081   0
0.344922806397084   0.709087405614549   -0.00325934301755831   0.0302134097395785   0
0.380026765452435   0.708471919035081   0.0351039590553514   -0.000615486579468749   0
0.357802702357612   0.788085040069281   -0.0222240630948228   0.0796131210342002   0
0.316175662125803   0.753145947865035   -0.0416270402318091   -0.0349390922042455   0
0.357396773634514   0.777615601725075   0.0412211115087108   0.0244696538600394   0
0.336256923334316   0.768669477516344   -0.021139850300198   -0.00894612420873031   0
0.353819072141243   0.75374270957671   0.017562148806927   -0.0149267679396347   0
0.393909903597967   0.756699297564098   0.0400908314567245   0.00295658798738874   0
0.331475550978289   0.742648527999787   -0.0624343526196788   -0.0140507695643115   0
0.346211638438817   0.733193785880138   0.0147360874605281   -0.0094547421196487   0
0.252115557881718   0.582088584017502   -0.0940960805570986   -0.151105201862637   0
0.175045323648734   0.504132557768788   -0.0770702342329843   -0.077956026248714   0
0.196600604409447   0.53575342679842   0.0215552807607134   0.0316208690296323   0
0.285686860287693   0.615652198407916   0.089086255878246   0.0798987716094961   0
