0.0882430881029217   0.0806731515456816   0   0   0
0.114415428058457   0.0608479466122728   0.0261723399555355   -0.0198252049334088   0
0.0797780648064366   0.0604236046601202   -0.0346373632520206   -0.000424341952152553   0
0.0567012921953283   0.0626068637153469   -0.0230767726111083   0.00218325905522672   0
0.0545829983886924   0.0723801522624815   -0.00211829380663589   0.00977328854713451   0
0.0540098009547341   0.0870475401778385   -0.00057319743395829   0.014667387915357   0
0.0635295348099606   0.0876283489773715   0.0095197338552265   0.000580808799532997   0
0.0622572262496491   0.107697517895133   -0.00127230856031152   0.0200691689177616   0
0.0784002414727149   0.0778112614025277   0.0161430152230657   -0.0298862564926053   0
0.074315758284633   0.0837082460361582   -0.00408448318808184   0.0058969846336305   0
0.0579297821212578   0.0502336327011346   -0.0163859761633752   -0.0334746133350236   0
0.0446509028681213   0.0338347167117374   -0.0132788792531365   -0.0163989159893972   0
0.0501379395748369   0.0382158144025746   0.00548703670671567   0.00438109769083712   0
0.088358817846911   0.0222469833771907   0.0382208782720741   -0.0159688310253838   0
0.0628312668575925   0.022331617136351   -0.0255275509893185   8.46337591602526e-05   0
0.0598776209846918   0.0215544285483633   -0.00295364587290073   -0.000777188587987643   0
0.0467937556228392   0.0124371867563801   -0.0130838653618525   -0.0091172417919832   0
0.0219667365859929   0.0177067422291094   -0.0248270190368463   0.00526955547272925   0
0.0358241749750546   0.0439017512918793   0.0138574383890617   0.0261950090627699   0
0.0332118711617759   0.00770320423166555   -0.00261230381327874   -0.0361985470602137   0
0.00459301569875436   0.00729505879908791   -0.0286188554630215   -0.000408145432577635   0
0.0355441074743677   0.0067197336234147   0.0309510917756133   -0.000575325175673217   0
0.0262809350063882   0.0123396070846695   -0.00926317246797949   0.00561987346125478   0
0.0715283272069431   0.0055858022374812   0.0452473922005549   -0.00675380484718827   0
0.072381691683329   0.0244459440390962   0.000853364476385857   0.018860141801615   0
0.0349636929580533   0.0286264487681191   -0.0374179987252757   0.0041805047290229   0
0.00631935066073477   0.0275756796702275   -0.0286443422973185   -0.00105076909789161   0
0.022889926253575   0.031877638516873   0.0165705755928402   0.00430195884664546   0
0.0688517474460896   0.0326567629961165   0.0459618211925146   0.000779124479243519   0
0.0997291367183339   0.0176957293628293   0.0308773892722444   -0.0149610336332872   0
0.0139042209067398   0.0371660780303293   -0.0858249158115941   0.0194703486675   0
0.00479415246971767   0.039916967965887   -0.00911006843702216   0.00275088993555773   0
0.0315697129979776   0.0214467383000545   0.0267755605282599   -0.0184702296658325   0
0.00716488487706181   0.0378376244224664   -0.0244048281209158   0.0163908861224119   0
0.0150440799155723   0.00405533050082851   0.00787919503851047   -0.0337822939216379   0
0.040505714115366   0.0444117489824889   0.0254616341997938   0.0403564184816604   0
0.0692366908146432   0.0390230412071509   0.0287309766992772   -0.00538870777533793   0
0.0452390567113935   0.0325989130433045   -0.0239976341032497   -0.00642412816384647   0
0.0395763782153438   0.0482357713590122   -0.00566267849604978   0.0156368583157077   0
0.0543453881037241   0.0183623265265877   0.0147690098883804   -0.0298734448324245   0
0.0367875951532429   0.0341738460617546   -0.0175577929504812   0.0158115195351669   0
0.0168114201794792   0.0299329286550402   -0.0199761749737637   -0.00424091740671442   0
0.0238401741960834   0.0403947253806113   0.0070287540166042   0.0104617967255711   0
0.0226887911166717   0.0342581433474583   -0.00115138307941168   -0.00613658203315298   0
0.0292678163362575   0.046298254641537   0.00657902521958578   0.0120401112940787   0
0.0194097102086069   0.0465029389713062   -0.00985810612765055   0.000204684329769195   0
0.0190016987095575   0.0493980223304272   -0.000408011499049381   0.00289508335912105   0
0.043420687778073   0.10259189921758   0.0244189890685155   0.0531938768871523   0
0.0180253359865404   0.0544138929272344   -0.0253953517915326   -0.0481780062903452   0
0.0296097025894488   0.108635107083956   0.0115843666029084   0.0542212141567212   0
0.0417521514115141   0.0415162682608577   0.0121424488220653   -0.0671188388230979   0
0.0301219400532237   0.0372494360203614   -0.0116302113582905   -0.00426683224049626   0
0.0438680709314914   0.0934829661049274   0.0137461308782677   0.0562335300845659   0
0.0661871546758161   0.0585592093724858   0.0223190837443246   -0.0349237567324416   0
0.045527413818343   0.0586219023544102   -0.0206597408574731   6.26929819243921e-05   0
0.0772764195282703   0.0433408554661765   0.0317490057099273   -0.0152810468882337   0
0.0513856992500937   0.0694112589003398   -0.0258907202781766   0.0260704034341633   0
0.0421090604592371   0.0462688707655471   -0.00927663879085657   -0.0231423881347927   0
0.039484141605537   0.0713032039297674   -0.00262491885370011   0.0250343331642203   0
0.0290584003656533   0.0588906148679906   -0.0104257412398837   -0.0124125890617768   0
0.050871289912598   0.0599349186715891   0.0218128895469447   0.00104430380359846   0
0.0607236251838958   0.132111564762297   0.00985233527129778   0.0721766460907076   0
0.0753816860779195   0.0627241236215294   0.0146580608940237   -0.0693874411407673   0
0.025664052904896   0.0545593622726888   -0.0497176331730235   -0.00816476134884057   0
0.0226147396857497   0.0551754038224008   -0.00304931321914624   0.000616041549711968   0
0.0337924034937115   0.0669529743104248   0.0111776638079618   0.011777570488024   0
0.0271701389036678   0.0705625408144789   -0.00662226459004378   0.00360956650405414   0
0.0540758638565016   0.0452059105265285   0.0269057249528339   -0.0253566302879504   0
0.0475014790922546   0.0500628047614444   -0.00657438476424701   0.00485689423491589   0
0.0344989056325632   0.0658294765666757   -0.0130025734596914   0.0157666718052313   0
0.0439635224932398   0.139307351760891   0.00946461686067659   0.0734778751942149   0
0.0695930741150842   0.075709093212177   0.0256295516218444   -0.0635982585487136   0
0.063297914455158   0.0572103001635414   -0.00629515965992618   -0.0184987930486356   0
0.0469867030765769   0.0521208893508793   -0.0163112113785811   -0.00508941081266209   0
0.0304039976721549   0.0550809704264776   -0.016582705404422   0.00296008107559833   0
0.0623684154178387   0.048215596773399   0.0319644177456838   -0.00686537365307863   0
0.0528433976097298   0.0367655982878696   -0.00952501780810887   -0.0114499984855294   0
0.0401256089250057   0.109337497846084   -0.0127177886847241   0.0725718995582147   0
0.0642391570707462   0.0902811590878739   0.0241135481457405   -0.0190563387582104   0
0.086305760193304   0.159443428383298   0.0220666031225578   0.0691622692954244   0
0.0847406322948566   0.127020802165551   -0.0015651278984474   -0.0324226262177475   0
0.0192529305736789   0.0830143200975386   -0.0654877017211777   -0.0440064820680122   0
0.0331611561652546   0.150075915321047   0.0139082255915756   0.0670615952235082   0
0.0239788365231197   0.0938072120560862   -0.00918231964213485   -0.0562687032649606   0
0.0576049591259294   0.0883305662805492   0.0336261226028097   -0.00547664577553698   0
0.0182700868340602   0.164055954508035   -0.0393348722918692   0.0757253882274859   0
0.0267890775238716   0.0607974778879026   0.00851899068981135   -0.103258476620133   0
0.0345567294334982   0.0898470586749644   0.00776765190962664   0.0290495807870619   0
0.0537839166005043   0.146835135402677   0.0192271871670061   0.0569880767277126   0
0.0584325527261132   0.0795705124282231   0.00464863612560893   -0.0672646229744539   0
0.0624443050976628   0.0677668262748264   0.00401175237154962   -0.0118036861533967   0
0.0518086992936515   0.0552492888588849   -0.0106356058040114   -0.0125175374159415   0
0.0467236214309208   0.0546453254359648   -0.00508507786273067   -0.000603963422920087   0
0.038059946023673   0.0726756729472311   -0.00866367540724781   0.0180303475112663   0
0.0578758958823101   0.125499705954407   0.0198159498586371   0.0528240330071754   0
0.0361584867323786   0.0948550152703721   -0.0217174091499315   -0.0306446906840344   0
0.0249935296802392   0.105497150227163   -0.0111649570521394   0.0106421349567904   0
0.0395696097903126   0.0759555923804568   0.0145760801100733   -0.0295415578467058   0
0.0520196716565954   0.0894005508228115   0.0124500618662829   0.0134449584423547   0
0.0418422212347767   0.0940892660608797   -0.0101774504218187   0.00468871523806817   0
0.0664535831427471   0.0797900900281639   0.0246113619079704   -0.0142991760327158   0
0.0519708357085972   0.129692367912956   -0.0144827474341499   0.0499022778847923   0
0.0512344739316215   0.196966934069198   -0.000736361776975711   0.0672745661562413   0
0.0695493647055097   0.110722001577385   0.0183148907738882   -0.0862449324918123   0
0.0363294976768204   0.158108061242058   -0.0332198670286893   0.0473860596646732   0
0.0708879311286484   0.196008602631549   0.034558433451828   0.0379005413894906   0
0.0907375117876284   0.172582811770292   0.01984958065898   -0.0234257908612572   0
0.144522711614646   0.200567823753587   0.0537851998270171   0.0279850119832953   0
0.184127601401311   0.336106824325615   0.0396048897866653   0.135539000572028   0
0.141711632503899   0.256425809448854   -0.0424159688974123   -0.0796810148767612   0
0.209906226029583   0.343595588099007   0.0681945935256847   0.087169778650153   0
0.205816893474858   0.367137245333544   -0.00408933255472563   0.0235416572345364   0
0.11614431467093   0.264020052378489   -0.0896725788039276   -0.103117192955055   0
0.0624453979148984   0.245357240824176   -0.0536989167560316   -0.0186628115543132   0
0.0778507878206766   0.243900286989976   0.0154053899057781   -0.00145695383419991   0
0.0962989609317774   0.279491003167942   0.0184481731111009   0.0355907161779662   0
0.0742325263336093   0.223000032727133   -0.0220664345981681   -0.0564909704408087   0
0.0951327102607216   0.267717650438298   0.0209001839271123   0.0447176177111644   0
0.0342724576225575   0.179859390663193   -0.0608602526381641   -0.0878582597751048   0
0.068051682391694   0.142465159599365   0.0337792247691365   -0.0373942310638279   0
0.064994314322639   0.259130700661601   -0.003057368069055   0.116665541062237   0
0.0517966832699778   0.1963015321121   -0.0131976310526612   -0.0628291685495014   0
0.0565466101692901   0.165239390613543   0.00474992689931229   -0.0310621414985573   0
0.160363074979903   0.345458251427828   0.103816464810613   0.180218860814285   0
0.195734085775101   0.421124060950066   0.0353710107951975   0.0756658095222381   0
0.175438532326795   0.34600862429665   -0.0202955534483052   -0.0751154366534165   0
0.154804152275456   0.373513267927995   -0.0206343800513395   0.0275046436313451   0
0.197547843302933   0.420888137555957   0.0427436910274768   0.0473748696279627   0
0.144323579628833   0.358865033711143   -0.0532242636740999   -0.0620231038448141   0
0.176258585827636   0.401407993811645   0.0319350061988038   0.0425429601005022   0
0.132580578883711   0.323825736994359   -0.0436780069439252   -0.0775822568172861   0
0.138171402124341   0.385957874989616   0.00559082324062987   0.0621321379952566   0
0.0607093830374358   0.318336533441357   -0.0774620190869054   -0.0676213415482593   0
0.057358443144253   0.111729400820062   -0.00335093989318285   -0.206607132621295   0
0.0547565456237882   0.107559958691374   -0.00260189752046475   -0.00416944212868806   0
0.0635774445809204   0.178976369122211   0.00882089895713214   0.0714164104308376   0
0.0616819446039925   0.208749612654132   -0.00189549997692785   0.0297732435319205   0
0.120572938772678   0.30393544278779   0.0588909941686857   0.0951858301336583   0
0.0549306393934205   0.210435649284074   -0.0656422993792577   -0.0934997935037155   0
0.057588636396949   0.230112293459662   0.00265799700352851   0.0196766441755876   0
0.045694032830408   0.200207338581919   -0.011894603566541   -0.0299049548777434   0
0.0667631454461217   0.232797545175873   0.0210691126157137   0.0325902065939541   0
0.0853808124845389   0.184575800007504   0.0186176670384172   -0.0482217451683691   0
0.031225546561596   0.182510184728997   -0.0541552659229429   -0.00206561527850696   0
0.0399069921720442   0.167503397637404   0.00868144561044823   -0.0150067870915929   0
0.0881605417250824   0.174662546592057   0.0482535495530382   0.00715914895465322   0
0.136716347592854   0.164498770184734   0.0485558058677713   -0.0101637764073228   0
0.0356757524855468   0.230445566434353   -0.101040595107307   0.0659467962496192   0
0.0494591837136441   0.28976738559093   0.0137834312280973   0.0593218191565762   0
0.0430147488894216   0.50119070084093   -0.00644443482422248   0.21142331525   0
0.0361677530021758   0.439062311972131   -0.00684699588724579   -0.0621283888687993   0
0.129973415726486   0.347644452188223   0.0938056627243103   -0.0914178597839071   0
0.104060159792161   0.358101360009607   -0.0259132559343255   0.0104569078213834   0
0.0811789161745832   0.326164202306143   -0.0228812436175774   -0.0319371577034638   0
0.0561249795215107   0.340892198149316   -0.0250539366530724   0.014727995843173   0
0.0861982258816271   0.406045448759954   0.0300732463601163   0.065153250610638   0
0.128818756019223   0.465870512680176   0.0426205301375955   0.059825063920222   0
0.0558900919141309   0.399841594970199   -0.0729286641050917   -0.0660289177099772   0
0.0468987248631911   0.349855988250455   -0.00899136705093979   -0.0499856067197438   0
0.105105100333809   0.199673330293989   0.0582063754706176   -0.150182657956466   0
0.0876051916032948   0.21142604627863   -0.0174999087305139   0.0117527159846404   0
0.0725117737236244   0.225206729125292   -0.0150934178796705   0.0137806828466621   0
0.112932416458517   0.27222856269009   0.040420642734893   0.0470218335647987   0
0.110905333777315   0.263413813238073   -0.00202708268120258   -0.00881474945201721   0
0.0782253742171937   0.406449134390765   -0.032679959560121   0.143035321152692   0
0.0622135540515891   0.301981340840808   -0.0160118201656046   -0.104467793549957   0
0.069982273116983   0.360459937313583   0.00776871906539386   0.058478596472775   0
0.12107897574414   0.346331368417084   0.0510967026271569   -0.0141285688964993   0
0.102867312988626   0.354835433145078   -0.0182116627555136   0.00850406472799381   0
0.0640477265154853   0.279015511504669   -0.038819586473141   -0.0758199216404088   0
0.0274826714729773   0.326643161206955   -0.036565055042508   0.0476276497022856   0
0.0948498866676181   0.35881056005075   0.0673672151946408   0.0321673988437949   0
0.10548870070818   0.397072348882102   0.010638814040562   0.0382617888313528   0
0.0915482918362216   0.33151600222892   -0.0139404088719585   -0.0655563466531828   0
0.134921147660213   0.313779099327795   0.043372855823991   -0.0177369029011242   0
0.0588904960098826   0.349062944786195   -0.07603065165033   0.0352838454583993   0
0.0699034992076935   0.378484996206366   0.0110130031978108   0.0294220514201708   0
0.0708484085013206   0.417656876592137   0.000944909293627172   0.0391718803857719   0
0.0907299707459999   0.279377002561118   0.0198815622446793   -0.138279874031019   0
0.0940409882388525   0.468179294875307   0.00331101749285262   0.188802292314189   0
0.071937316039452   0.419547386356416   -0.0221036721994005   -0.0486319085188911   0
0.0489240644156646   0.3932495823281   -0.0230132516237874   -0.0262978040283166   0
0.0864419614349998   0.467445701419416   0.0375178970193352   0.0741961190913165   0
0.0968157294264728   0.479339890404575   0.010373767991473   0.0118941889851588   0
0.127776854396874   0.568331105640475   0.0309611249704014   0.0889912152359002   0
0.121149376894353   0.579708272146836   -0.00662747750252123   0.0113771665063606   0
0.128786398695825   0.542733233735942   0.00763702180147201   -0.0369750384108939   0
0.193916254458387   0.562466773535366   0.0651298557625622   0.0197335397994245   0
0.175036734017777   0.589822385615216   -0.0188795204406103   0.0273556120798499   0
0.0972856582401024   0.503529256352409   -0.0777510757776746   -0.0862931292628073   0
0.118806392448218   0.526981571763484   0.0215207342081157   0.0234523154110755   0
0.0675742963001466   0.453076988593705   -0.0512320961480715   -0.0739045831697792   0
0.129438706328517   0.521438885871787   0.0618644100283702   0.0683618972780812   0
0.0826527410687026   0.470454138717721   -0.0467859652598141   -0.0509847471540658   0
0.109467618596688   0.682828756518655   0.0268148775279856   0.212374617800934   0
0.134319873877398   0.927841626841997   0.0248522552807094   0.245012870323343   0
0.200074010155492   0.853366046592949   0.0657541362780946   -0.0744755802490489   0
0.192980913870388   0.690145137623473   -0.00709309628510454   -0.163220908969476   0
0.148548847919767   0.676965454497532   -0.0444320659506209   -0.0131796831259411   0
0.139836568860259   0.638151145608   -0.00871227905950761   -0.0388143088895321   0
0.109974779954179   0.671047182300176   -0.0298617889060806   0.0328960366921758   0
0.179414733677616   0.745606858339735   0.0694399537234378   0.0745596760395596   0
0.157387920968542   0.638286982771451   -0.0220268127090744   -0.107319875568284   0
0.124558520090197   0.630619960437182   -0.032829400878345   -0.00766702233426941   0
0.126771418670614   0.632571430463422   0.00221289858041664   0.00195147002624052   0
0.0993467569741962   0.615312134549102   -0.0274246616964174   -0.01725929591432   0
0.125147751367454   0.440903128539876   0.0258009943932575   -0.174409006009227   0
0.111230015203451   0.272221535671317   -0.0139177361640024   -0.168681592868559   0
0.0737339119826149   0.327563565748177   -0.0374961032208364   0.0553420300768598   0
0.0970057162523472   0.549082301699447   0.0232718042697323   0.22151873595127   0
0.0855593935696718   0.403442084376444   -0.0114463226826754   -0.145640217323003   0
0.1486955206594   0.582784101508794   0.063136127089728   0.17934201713235   0
0.174687456099286   0.556559646648717   0.0259919354398863   -0.026224454860077   0
0.145322014701318   0.498940193282717   -0.0293654413979684   -0.0576194533660002   0
0.187992816608933   0.456922411701691   0.0426708019076155   -0.0420177815810255   0
0.123704997745322   0.500819497424721   -0.0642878188636117   0.0438970857230294   0
0.122879812518493   0.483400479421672   -0.000825185226828451   -0.0174190180030488   0
0.157777937288738   0.554315481789569   0.0348981247702448   0.0709150023678973   0
0.177381870710312   0.579790815804752   0.0196039334215746   0.0254753340151828   0
0.220873668145051   0.54142829540652   0.0434917974347382   -0.0383625203982318   0
0.189328294259601   0.589175375469181   -0.0315453738854499   0.0477470800626604   0
0.180710789336221   0.480830114399005   -0.00861750492337995   -0.108345261070176   0
0.151294779442253   0.438978936892424   -0.0294160098939678   -0.0418511775065809   0
0.109836824733875   0.445626536593603   -0.041457954708378   0.00664759970117934   0
0.15309633069228   0.464232326152781   0.043259505958405   0.0186057895591784   0
0.151038195601245   0.442374935367017   -0.00205813509103497   -0.0218573907857644   0
0.145059311275879   0.488439450912802   -0.005978884325366   0.0460645155457854   0
0.106871618864177   0.45151705199966   -0.0381876924117018   -0.036922398913142   0
0.147712780158903   0.461551081290305   0.0408411612947259   0.0100340292906448   0
0.128863648627415   0.454607479477156   -0.0188491315314878   -0.00694360181314957   0
0.181940154110905   0.475468226160792   0.0530765054834899   0.0208607466836362   0
0.154449689152941   0.403816941859323   -0.0274904649579647   -0.0716512843014692   0
0.129974949451192   0.425201590011444   -0.0244747397017483   0.0213846481521211   0
0.149145490290991   0.435355869647751   0.0191705408397984   0.0101542796363077   0
0.129714128943612   0.484133366101573   -0.0194313613473787   0.0487774964538218   0
0.141783146396275   0.49230491010577   0.0120690174526632   0.00817154400419645   0
0.125055909671834   0.547077808776048   -0.0167272367244408   0.0547728986702786   0
0.154918233041337   0.451569783101693   0.0298623233695026   -0.0955080256743555   0
0.171460481413182   0.445829067756635   0.0165422483718446   -0.00574071534505816   0
0.226899980789686   0.408224217467587   0.0554394993765047   -0.037604850289048   0
0.128904812656394   0.447536438968661   -0.0979951681332925   0.0393122215010741   0
0.13797788236511   0.399490833752043   0.00907306970871566   -0.0480456052166177   0
0.096636624460398   0.5406267784443   -0.0413412579047115   0.141135944692257   0
0.18420936902098   0.578562211204294   0.087572744560582   0.0379354327599941   0
0.164755493304472   0.584695349023492   -0.0194538757165078   0.00613313781919722   0
0.187217931205774   0.563042335684769   0.0224624379013019   -0.0216530133387227   0
0.147488442149418   0.604942521979023   -0.0397294890563566   0.0419001862942537   0
0.153865048198413   0.503708479241059   0.00637660604899559   -0.101234042737964   0
0.186892256456494   0.484125075371388   0.0330272082580811   -0.0195834038696702   0
0.117380847332902   0.517936784320732   -0.0695114091235924   0.0338117089493432   0
