0.00475368229689238   0.0709609864549176   0   0   0
0.0488031520815982   0.0656322410272573   0.0440494697847058   -0.00532874542766026   0
0.0481134171186096   0.0729861985323938   -0.000689734962988527   0.00735395750513645   0
0.0233334384719553   0.0718438912681414   -0.0247799786466544   -0.00114230726425238   0
0.0323114830618168   0.0517035653238972   0.00897804458986152   -0.0201403259442443   0
0.0174737647076324   0.083998400645548   -0.0148377183541844   0.0322948353216509   0
0.0146573610488553   0.0612558059990186   -0.00281640365877713   -0.0227425946465294   0
0.0487456025806242   0.03163336216229   0.0340882415317689   -0.0296224438367286   0
0.0266662234989584   0.0262272461738266   -0.0220793790816658   -0.00540611598846342   0
0.0271773670812682   0.0273273055437853   0.000511143582309814   0.00110005936995876   0
0.019004123757807   0.0524451362096858   -0.00817324332346116   0.0251178306659005   0
0.0234067066420166   0.0409346803887306   0.00440258288420959   -0.0115104558209553   0
0.0616665534745603   0.0409306338009821   0.0382598468325436   -4.04658774848243e-06   0
0.0301747799477559   0.0056156396187901   -0.0314917735268044   -0.035314994182192   0
0.0501244208954355   0.0311220753356842   0.0199496409476796   0.0255064357168941   0
0.0788592795296696   0.0191458761680357   0.0287348586342341   -0.0119761991676485   0
0.0700386052642702   0.0321972426398985   -0.00882067426539938   0.0130513664718629   0
0.0683674085803616   0.0106988434348064   -0.0016711966839086   -0.0214983992050921   0
0.0905100263178356   0.0249391032641137   0.022142617737474   0.0142402598293073   0
0.0645567839066786   0.00803172095181039   -0.025953242411157   -0.0169073823123033   0
0.00480101563489192   0.00753237890786171   -0.0597557682717867   -0.000499342043948679   0
0.0410393937000292   0.0116274791019475   0.0362383780651373   0.00409510019408575   0
0.0578671210863682   0.0110867643407308   0.016827727386339   -0.000540714761216666   0
0.0785177044215386   0.0154609481308554   0.0206505833351704   0.00437418379012457   0
0.0798069783647395   0.0290637126830366   0.0012892739432009   0.0136027645521812   0
0.0866753685145894   0.036190881828024   0.0068683901498499   0.00712716914498747   0
0.075487453806328   0.0481506931415193   -0.0111879147082614   0.0119598113134952   0
0.0482156185594461   0.0196272059458931   -0.0272718352468819   -0.0285234871956262   0
0.10159843459559   0.0415170690850763   0.053382816036144   0.0218898631391833   0
0.125132430873682   0.0460392702391393   0.0235339962780923   0.00452220115406299   0
0.0397805240840188   0.042614554916931   -0.0853519067896636   -0.00342471532220836   0
0.111454348258419   0.0343034997206247   0.0716738241744   -0.00831105519630624   0
0.0978590490471209   0.0371997059741189   -0.0135952992112979   0.00289620625349421   0
0.0279602274063034   0.0255732327552076   -0.0698988216408175   -0.0116264732189113   0
0.0724900904854684   0.0278998180627047   0.044529863079165   0.00232658530749709   0
0.0874940606002967   0.0126877152711048   0.0150039701148283   -0.0152121027916   0
0.0618313089501513   0.0361810930283691   -0.0256627516501455   0.0234933777572643   0
0.102384144103331   0.0208062430504044   0.0405528351531795   -0.0153748499779647   0
0.0698245043684873   0.0294234389450825   -0.0325596397348435   0.00861719589467817   0
0.0982631010516158   0.0312279417864791   0.0284385966831285   0.00180450284139652   0
0.119196112053018   0.0402062881954428   0.0209330110014021   0.0089783464089637   0
0.0889599939784888   0.0302446635331756   -0.0302361180745291   -0.00996162466226719   0
0.0921772441757229   0.0358660637822859   0.00321725019723403   0.00562140024911032   0
0.154176404181058   0.0383457306897065   0.0619991600053353   0.00247966690742062   0
0.135081596877828   0.0351534895543458   -0.0190948073032299   -0.0031922411353607   0
0.130161322865697   0.0479385009550061   -0.00492027401213171   0.0127850114006603   0
0.148633977329815   0.047277008421589   0.0184726544641186   -0.000661492533417116   0
0.110272439204982   0.0329383738107242   -0.0383615381248334   -0.0143386346108649   0
0.14784202396237   0.0307068671811197   0.0375695847573883   -0.00223150662960448   0
0.100695357447998   0.0323095467145548   -0.0471466665143725   0.00160267953343514   0
0.100503293913599   0.0274953455693868   -0.000192063534398393   -0.00481420114516799   0
0.142595835836053   0.0260100333400882   0.0420925419224536   -0.00148531222929862   0
0.162709869149197   0.0499476709701513   0.0201140333131445   0.0239376376300631   0
0.179944574926736   0.0427507875805486   0.0172347057775385   -0.00719688338960279   0
0.170022356032265   0.037676935603264   -0.00992221889447037   -0.00507385197728458   0
0.182628139862466   0.0596542817999574   0.0126057838302008   0.0219773461966934   0
0.189943170673499   0.0579867797911535   0.00731503081103291   -0.0016675020088039   0
0.130792616792347   0.053221249101017   -0.0591505538811526   -0.00476553069013649   0
0.184926512391144   0.0430155905454639   0.0541338955987979   -0.0102056585555531   0
0.15747824018416   0.0730379027835719   -0.0274482722069844   0.030022312238108   0
0.188390875122317   0.0641064320333771   0.0309126349381571   -0.00893147075019476   0
0.210767576408825   0.0697476062030985   0.0223767012865081   0.00564117416972135   0
0.191712175393636   0.100836741710611   -0.0190554010151889   0.0310891355075126   0
0.247063545987059   0.0982250691016555   0.0553513705934226   -0.00261167260895558   0
0.247386063775165   0.101907602963224   0.000322517788105992   0.00368253386156799   0
0.193229152430579   0.091965487133503   -0.0541569113445856   -0.00994211582972053   0
0.211810339742579   0.0857754482698283   0.0185811873119992   -0.00619003886367463   0
0.19141171299897   0.0345994065807222   -0.0203986267436088   -0.0511760416891061   0
0.144976838354325   0.043908887404027   -0.0464348746446448   0.0093094808233048   0
0.194674716518928   0.0491044552615198   0.0496978781646027   0.00519556785749276   0
0.17284832372239   0.0365011801469079   -0.0218263927965382   -0.0126032751146119   0
0.179289033573509   0.0566104807593302   0.00644070985111958   0.0201093006124223   0
0.188781002870777   0.0410533144546153   0.00949196929726803   -0.0155571663047149   0
0.182033366860024   0.0511549528629438   -0.00674763601075315   0.0101016384083285   0
0.225059922254623   0.052034453489078   0.0430265553945988   0.000879500626134268   0
0.194805714320814   0.0426231673005365   -0.0302542079338091   -0.00941128618854152   0
0.188967180931002   0.0638817715372116   -0.00583853338981188   0.0212586042366751   0
0.208545366528077   0.055677220833771   0.0195781855970752   -0.00820455070344064   0
0.186875712001379   0.0450687141700593   -0.0216696545266977   -0.0106085066637117   0
0.196835742697738   0.0702737046522881   0.00996003069635829   0.0252049904822289   0
0.218378137945125   0.0655191399015013   0.0215423952473872   -0.00475456475078684   0
0.185445035615651   0.0650172667163308   -0.0329331023294741   -0.000501873185170476   0
0.215201239052456   0.0701477844349342   0.0297562034368056   0.00513051771860339   0
0.201846996700471   0.0675177210070143   -0.0133542423519853   -0.00263006342791988   0
0.156244075298578   0.0397381982280274   -0.0456029214018935   -0.0277795227789869   0
0.132260491953282   0.0423099607234514   -0.0239835833452959   0.00257176249542401   0
0.144224538873661   0.0478877611495098   0.0119640469203791   0.0055778004260584   0
0.196131573531341   0.0456165053209088   0.0519070346576806   -0.00227125582860102   0
0.179371750387066   0.0385721664288023   -0.0167598231442752   -0.00704433889210646   0
0.21263572899694   0.038554135421022   0.0332639786098735   -1.80310077803544e-05   0
0.204747225748971   0.0335021621178022   -0.00788850324796891   -0.00505197330321978   0
0.163014900484741   0.0529284999644332   -0.0417323252642298   0.019426337846631   0
0.215621180992267   0.03704192823133   0.0526062805075261   -0.0158865717331032   0
0.195805331821378   0.0355836825798708   -0.019815849170889   -0.00145824565145917   0
0.175975256973814   0.054417338477525   -0.0198300748475638   0.0188336558976542   0
0.233062909037453   0.0436718806236061   0.0570876520636385   -0.0107454578539189   0
0.202293933549427   0.0394887217939819   -0.0307689754880258   -0.00418315882962419   0
0.209779538865448   0.0564049652701338   0.00748560531602097   0.0169162434761519   0
0.195578624366263   0.0569074085207058   -0.0142009144991845   0.00050244325057202   0
0.235197093675708   0.0517182561589474   0.039618469309445   -0.00518915236175842   0
0.221979872018079   0.0647017924019497   -0.0132172216576291   0.0129835362430023   0
0.18819276514298   0.0556780829654048   -0.0337871068750992   -0.00902370943654492   0
0.205309472008624   0.0635469504814157   0.0171167068656439   0.00786886751601091   0
0.229582079254501   0.0574553630112325   0.024272607245877   -0.00609158747018323   0
0.197989964479516   0.0578735190769708   -0.0315921147749851   0.0004181560657383   0
0.23291781769957   0.0581369009559763   0.0349278532200538   0.000263381879005542   0
0.1840799494134   0.0561953945745779   -0.0488378682861695   -0.00194150638139842   0
0.207750309647545   0.0660904466823685   0.0236703602341449   0.00989505210779065   0
0.223575929325878   0.052947335792984   0.0158256196783328   -0.0131431108893846   0
0.171208920587142   0.062800688611989   -0.0523670087387357   0.00985335281900501   0
0.204056068562368   0.062827756119688   0.0328471479752261   2.70675076990828e-05   0
0.184088811644869   0.0749095661076074   -0.0199672569174996   0.0120818099879193   0
0.176003707556091   0.0837126522703707   -0.0080851040887778   0.00880308616276332   0
0.217082280439284   0.0696181862098008   0.0410785728831931   -0.0140944660605699   0
0.210865619151629   0.0867066329626661   -0.00621666128765475   0.0170884467528653   0
0.222929593698638   0.116715365426965   0.0120639745470091   0.030008732464299   0
0.111033734227846   0.138145446470522   -0.111895859470792   0.0214300810435574   0
0.157870589280524   0.128400437394933   0.0468368550526781   -0.00974500907558989   0
0.155858704007398   0.113528686707821   -0.00201188527312668   -0.0148717506871119   0
0.0841713579605913   0.130870324180255   -0.0716873460468063   0.0173416374724342   0
0.104537860182998   0.191647432972633   0.0203665022224065   0.0607771087923785   0
0.162485964899126   0.18969771059085   0.0579481047161282   -0.00194972238178301   0
0.117093431759087   0.205751112336629   -0.0453925331400389   0.0160534017457784   0
0.113839148629327   0.193767645892213   -0.00325428312976016   -0.0119834664444158   0
0.141900359042851   0.192745667876323   0.0280612104135239   -0.00102197801588941   0
0.122204914648389   0.18008994573493   -0.0196954443944621   -0.0126557221413936   0
0.12947754814658   0.16264209806978   0.00727263349819141   -0.0174478476651497   0
0.0934612500980487   0.167775637229314   -0.0360162980485316   0.00513353915953416   0
0.155910958702235   0.148686733044647   0.0624497086041862   -0.0190889041846678   0
0.141792306680511   0.152609619383904   -0.0141186520217242   0.00392288633925725   0
0.119506255070285   0.153903547509666   -0.0222860516102254   0.00129392812576209   0
0.17093844893847   0.134884265901031   0.0514321938681849   -0.0190192816086351   0
0.197260052685738   0.14554161169748   0.0263216037472674   0.0106573457964489   0
0.126234491993155   0.16159794627872   -0.0710255606925823   0.0160563345812399   0
0.134325976402816   0.18464690273736   0.00809148440966106   0.0230489564586401   0
0.0537885291653304   0.216451896357158   -0.080537447237486   0.0318049936197985   0
0.141467480549418   0.21501235966302   0.0876789513840877   -0.00143953669413796   0
0.112028606866996   0.215172004241374   -0.0294388736824219   0.00015964457835399   0
0.152254869351886   0.206095107543217   0.0402262624848902   -0.00907689669815775   0
0.131262271965929   0.180741958018884   -0.0209925973859571   -0.0253531495243327   0
0.141841831879351   0.189315726062311   0.0105795599134214   0.00857376804342713   0
0.144678110219843   0.205212933176128   0.00283627834049174   0.015897207113817   0
0.130954179317538   0.211315802836063   -0.0137239309023041   0.00610286965993531   0
0.129832480896769   0.202472671048465   -0.00112169842076895   -0.00884313178759813   0
0.151155734955873   0.204814257991235   0.0213232540591031   0.00234158694276937   0
0.13369229687697   0.198895878824198   -0.0174634380789021   -0.00591837916703675   0
0.142470254105901   0.18376780948387   0.00877795722893057   -0.0151280693403277   0
0.149697242564584   0.190772700817622   0.0072269884586833   0.00700489133375207   0
0.140835713037461   0.198414874664804   -0.00886152952712355   0.00764217384718205   0
0.168795621760311   0.201326009259236   0.0279599087228503   0.00291113459443176   0
0.170092939534391   0.197347829757138   0.00129731777407996   -0.00397817950209761   0
0.130726348788257   0.200664748773296   -0.0393665907461345   0.00331691901615755   0
0.176402141165917   0.198253403966994   0.0456757923776601   -0.00241134480630228   0
0.148046313743301   0.204171257096218   -0.0283558274226154   0.00591785312922444   0
0.163494640026057   0.184541196246936   0.0154483262827559   -0.0196300608492825   0
0.180316667020717   0.199322821172715   0.0168220269946595   0.0147816249257791   0
0.160985404597125   0.191132489740102   -0.0193312624235918   -0.00819033143261316   0
0.183831687367004   0.175326544037832   0.0228462827698794   -0.0158059457022691   0
0.18359297885227   0.173033600758465   -0.000238708514734398   -0.00229294327936705   0
0.146956591474251   0.183077577624214   -0.0366363873780185   0.0100439768657483   0
0.180537598841781   0.172291478849797   0.0335810073675294   -0.0107860987744169   0
0.183895779135738   0.171904042327398   0.00335818029395693   -0.000387436522398421   0
0.148428464838688   0.173210973478876   -0.0354673142970498   0.00130693115147784   0
0.197843752425519   0.16923197493751   0.049415287586831   -0.00397899854136632   0
0.201712681712802   0.203236217164904   0.00386892928728277   0.034004242227394   0
0.165308693227338   0.195385171825423   -0.0364039884854641   -0.00785104533948114   0
0.192517092786822   0.208817882371075   0.0272083995594849   0.0134327105456519   0
0.230190941336643   0.169750573275203   0.0376738485498209   -0.0390673090958719   0
0.198198633136382   0.19754064409245   -0.0319923082002617   0.0277900708172472   0
0.18405834575687   0.189949688048184   -0.0141402873795114   -0.0075909560442658   0
0.226751319215567   0.169313363488415   0.0426929734586968   -0.0206363245597696   0
0.210545829720916   0.172307165737992   -0.0162054894946512   0.00299380224957788   0
0.200232040867415   0.168851802315403   -0.0103137888535013   -0.00345536342258929   0
0.234257199900067   0.1779619519628   0.0340251590326525   0.00911014964739698   0
0.197333357958354   0.174844095357121   -0.0369238419417128   -0.0031178566056792   0
0.218807594899839   0.154117826354027   0.0214742369414848   -0.020726269003094   0
0.221201884646854   0.16724325861691   0.00239428974701469   0.0131254322628826   0
0.19423946647706   0.177776661053054   -0.0269624181697938   0.0105334024361446   0
0.232599306935881   0.170100074741489   0.0383598404588209   -0.00767658631156556   0
0.218032158211811   0.165412531423155   -0.0145671487240702   -0.00468754331833363   0
0.195506344345957   0.164421022755159   -0.0225258138658534   -0.000991508667995994   0
0.239003426926164   0.159802801084857   0.0434970825802063   -0.00461822167030243   0
0.229530765716499   0.162029652451056   -0.00947266120966422   0.00222685136619949   0
0.190515678323881   0.167916049367563   -0.0390150873926186   0.00588639691650741   0
0.247382092531978   0.161409577592417   0.056866414208097   -0.00650647177514638   0
0.127808713379644   0.168833264397334   -0.119573379152334   0.00742368680491667   0
0.171905711349245   0.197683236225448   0.0440969979696012   0.0288499718281142   0
0.180884727166664   0.206688853206269   0.00897901581741858   0.00900561698082081   0
0.182848115569836   0.231875664100267   0.00196338840317195   0.0251868108939986   0
0.226462141000963   0.210924662395392   0.0436140254311272   -0.0209510017048755   0
0.24046334576182   0.194641082486618   0.0140012047608567   -0.0162835799087736   0
0.20912861480259   0.23463083944851   -0.0313347309592298   0.0399897569618919   0
0.236226023266553   0.21725551771718   0.0270974084639631   -0.0173753217313298   0
0.227706163560695   0.200011919036637   -0.00851985970585784   -0.0172435986805435   0
0.229384555600372   0.209650068533855   0.0016783920396766   0.00963814949721806   0
0.237128964426196   0.216330908042656   0.00774440882582406   0.00668083950880108   0
0.232250139370249   0.219709551523847   -0.00487882505594692   0.00337864348119118   0
0.212071213182954   0.22737221396745   -0.0201789261872946   0.00766266244360334   0
0.232213920102521   0.24969215080787   0.0201427069195668   0.0223199368404195   0
0.238133050179369   0.223986499140149   0.0059191300768483   -0.0257056516677208   0
0.196850918875707   0.239567502194183   -0.0412821313036627   0.0155810030540342   0
0.243140997362539   0.229233395626188   0.0462900784868321   -0.0103341065679951   0
0.217828952970903   0.23971233337025   -0.0253120443916353   0.0104789377440621   0
0.196546303003955   0.254673928302565   -0.0212826499669483   0.0149615949323146   0
0.242784197730989   0.244451599583762   0.046237894727034   -0.0102223287188027   0
0.194055796997281   0.262071881914886   -0.0487284007337078   0.0176202823311239   0
0.21523406092143   0.251790543311544   0.0211782639241492   -0.0102813386033421   0
0.216453908902126   0.249055981499286   0.00121984798069594   -0.00273456181225831   0
0.205768391755804   0.268333081980679   -0.0106855171463224   0.0192771004813937   0
0.189149273280708   0.330469618995831   -0.0166191184750958   0.0621365370151521   0
0.220573842278952   0.360271269661487   0.0314245689982439   0.0298016506656558   0
0.201957219379006   0.340151868040586   -0.0186166228999459   -0.0201194016209015   0
0.2505885533789   0.325711524875157   0.0486313339998942   -0.0144403431654287   0
0.225093765684548   0.297344009235935   -0.0254947876943528   -0.0283675156392216   0
0.226373137603736   0.297118492370048   0.00127937191918842   -0.000225516865887787   0
0.236073048694678   0.318561186486207   0.00969991109094243   0.0214426941161595   0
0.212960205361119   0.34264661019263   -0.0231128433335593   0.0240854237064227   0
0.245037319905152   0.317500617910422   0.0320771145440333   -0.0251459922822074   0
0.246524964132195   0.257658964519479   0.00148764422704251   -0.0598416533909437   0
0.19745375740393   0.326504796167683   -0.0490712067282651   0.0688458316482039   0
0.216985690126976   0.287908076577403   0.019531932723046   -0.0385967195902792   0
0.246163306908645   0.290535982527982   0.0291776167816696   0.00262790595057882   0
0.0659825858851409   0.31104869891787   -0.180180721023505   0.0205127163898882   0
0.271717072799189   0.343741531334955   0.205734486914048   0.0326928324170848   0
0.228808813687847   0.39320488607118   -0.0429082591113422   0.0494633547362251   0
0.272186972680509   0.394154336348403   0.0433781589926614   0.000949450277222708   0
0.228137324523739   0.461010763717345   -0.0440496481567692   0.0668564273689423   0
0.143783920745158   0.569908269782304   -0.084353403778581   0.108897506064959   0
0.184779314810939   0.568535052457544   0.0409953940657803   -0.00137321732476026   0
0.197399633837578   0.504985413944056   0.0126203190266396   -0.0635496385134878   0
0.223017236820924   0.529539698052233   0.0256176029833454   0.0245542841081765   0
0.178838740062801   0.54700618026239   -0.044178496758123   0.0174664822101568   0
0.220612623561323   0.520111068706724   0.0417738834985222   -0.0268951115556662   0
0.143231417166067   0.520137104091316   -0.0773812063952556   2.60353845920047e-05   0
0.179255620441257   0.50644123249544   0.0360242032751897   -0.0136958715958758   0
0.186060612316121   0.493804477395153   0.0068049918748643   -0.0126367551002868   0
0.21354637926104   0.449102311394074   0.0274857669449188   -0.0447021660010787   0
0.257485006345632   0.463203693851312   0.0439386270845916   0.0141013824572377   0
0.21405039917739   0.444504898143148   -0.0434346071682417   -0.0186987957081642   0
0.202515140289757   0.426242399796759   -0.0115352588876328   -0.0182624983463887   0
0.215638438335052   0.399168249862762   0.0131232980452948   -0.0270741499339974   0
0.246350844669894   0.400101767929423   0.0307124063348416   0.000933518066661643   0
0.235002802625841   0.424203472871805   -0.0113480420440525   0.0241017049423816   0
0.217504403323082   0.418994152697266   -0.0174983993027589   -0.00520932017453862   0
0.234262460629269   0.415475239184298   0.0167580573061873   -0.00351891351296768   0
0.162925149844369   0.593833706467981   -0.0713373107849007   0.178358467283682   0
0.164135603570615   0.551816862851707   0.00121045372624601   -0.0420168436162734   0
0.195678907415081   0.539196139303222   0.0315433038444667   -0.012620723548485   0
0.186095098770226   0.554329764017999   -0.00958380864485586   0.0151336247147762   0
0.17582615947128   0.54870215120865   -0.0102689392989455   -0.00562761280934876   0
