0.243799806919714   0.0211634895085002   0   0   0
0.176232122387152   0.0313398392195541   -0.0675676845325627   0.0101763497110538   0
0.171259057977206   0.202378941032961   -0.00497306440994566   0.171039101813406   0
0.11223346460419   0.305322392103924   -0.0590255933730159   0.102943451070964   0
0.046872203825295   0.205951273958945   -0.0653612607788951   -0.0993711181449791   0
0.0644972466019287   0.200890008006751   0.0176250427766337   -0.00506126595219419   0
0.0536789391737579   0.20159264094084   -0.0108183074281708   0.000702632934089092   0
0.0776734625772535   0.145485135987719   0.0239945234034956   -0.0561075049531215   0
0.0444019204606062   0.0931602026766392   -0.0332715421166473   -0.0523249333110794   0
0.0950484373403898   0.0843227957293578   0.0506465168797836   -0.00883740694728145   0
0.0352351477111151   0.141297714247551   -0.0598132896292747   0.056974918518193   0
0.0375865673471255   0.174670086891667   0.00235141963601038   0.0333723726441162   0
0.0319843006505833   0.15360372884621   -0.00560226669654223   -0.021066358045457   0
0.0533205672280406   0.130260860007218   0.0213362665774574   -0.0233428688389922   0
0.0525280247497467   0.104055948639782   -0.000792542478293932   -0.0262049113674356   0
0.0319467265022568   0.11371692509109   -0.0205812982474898   0.00966097645130745   0
0.0322496353247599   0.0709622160822222   0.000302908822503029   -0.0427547090088675   0
0.037429410130137   0.0546953424491748   0.00517977480537709   -0.0162668736330474   0
0.0518300830892045   0.124601190317769   0.0144006729590676   0.0699058478685947   0
0.0188439442058318   0.0785445527113911   -0.0329861388833728   -0.0460566376063783   0
0.00915238633349795   0.0489863312713598   -0.00969155787233381   -0.0295582214400314   0
0.0434316599483649   0.262726384090602   0.0342792736148669   0.213740052819242   1
0.298117923292797   0.664678233700525   0.254686263344432   0.401951849609923   1
0.20066644831922   0.472913163065113   -0.0974514749735774   -0.191765070635413   0
0.175699823250025   0.461984078181965   -0.0249666250691946   -0.0109290848831476   0
0.17926711705469   0.435588111274978   0.00356729380466531   -0.0263959669069872   0
0.180069593965658   0.424295015883406   0.000802476910967714   -0.0112930953915716   0
0.149469959038798   0.323858619650107   -0.0305996349268598   -0.1004363962333   0
0.16977227295174   0.344096768012535   0.0203023139129415   0.0202381483624285   0
0.159697683147533   0.376486658401095   -0.0100745898042062   0.0323898903885594   0
0.187708946879418   0.36883565616266   0.0280112637318841   -0.00765100223843457   0
0.170468236475919   0.300465704388492   -0.0172407104034981   -0.0683699517741684   0
0.118365319794482   0.160887627648151   -0.0521029166814374   -0.139578076740341   0
0.130718758783351   0.215027223301266   0.0123534389888693   0.0541395956531153   0
0.144391479538649   0.240466449608797   0.0136727207552973   0.0254392263075308   0
0.127456417003225   0.242172464391722   -0.0169350625354236   0.00170601478292551   0
0.137344418750235   0.224041759735373   0.00988800174701032   -0.0181307046563495   0
0.0934091263639694   0.13726974626638   -0.043935292386266   -0.0867720134689926   0
0.117676424015518   0.157938314561762   0.0242672976515487   0.0206685682953815   0
0.112033840762638   0.157235249347117   -0.00564258325288021   -0.000703065214644888   0
0.127870274260322   0.146788622724992   0.0158364334976843   -0.010446626622125   0
0.166261667029355   0.131017106585446   0.0383913927690325   -0.0157715161395462   0
0.181969410693693   0.160570903008616   0.0157077436643386   0.0295537964231708   0
0.29310957778319   0.162763725567923   0.111140167089497   0.00219282255930608   0
0.167175043079283   0.226679382134216   -0.125934534703908   0.0639156565662937   0
0.190546962266655   0.21965558945918   0.0233719191873723   -0.00702379267503578   0
0.187522381390196   0.228643055518033   -0.00302458087645924   0.00898746605885295   0
0.196543728897999   0.227335498052175   0.00902134750780301   -0.00130755746585842   0
0.197476273858937   0.219864791705749   0.000932544960938642   -0.00747070634642569   0
0.216234771084971   0.218246858345229   0.0187584972260341   -0.00161793336052013   0
0.214336186675605   0.245395507526707   -0.00189858440936597   0.0271486491814776   0
0.186555523447739   0.247751189837829   -0.0277806632278662   0.00235568231112221   0
0.195257427722993   0.260727420044368   0.00870190427525411   0.0129762302065388   0
0.198997490813628   0.24363421472455   0.00374006309063471   -0.0170932053198179   0
0.185558160844976   0.261423449036444   -0.013439329968652   0.0177892343118936   0
0.158819807200015   0.107902494074071   -0.0267383536449609   -0.153520954962372   0
0.108360074708672   0.104426181378929   -0.0504597324913435   -0.00347631269514236   0
0.153164115764823   0.11208722157938   0.044804041056151   0.00766104020045077   0
0.140698313016361   0.105231935370519   -0.0124658027484613   -0.00685528620886129   0
0.145541996359998   0.117933152602322   0.00484368334363638   0.0127012172318031   0
0.143733122615944   0.118354743642558   -0.0018088737440537   0.000421591040236216   0
0.171380661081961   0.112682995790403   0.027647538466017   -0.00567174785215482   0
0.129438143824068   0.188230114275718   -0.0419425172578935   0.0755471184853153   0
0.192679791415836   0.29907299594484   0.0632416475917683   0.110842881669122   0
0.188447395582958   0.270179071163016   -0.00423239583287746   -0.0288939247818246   0
0.170249305039286   0.218925611592345   -0.0181980905436719   -0.0512534595706704   0
0.151523807784651   0.187160381701337   -0.018725497254635   -0.0317652298910089   0
0.21813821995203   0.152116312075366   0.066614412167378   -0.035044069625971   0
0.147412756262815   0.15979365094784   -0.0707254636892149   0.00767733887247404   0
0.10884218286409   0.302210422276305   -0.0385705733987247   0.142416771328465   0
0.10737855138886   0.260672286067531   -0.0014636314752302   -0.0415381362087742   0
0.110088686334758   0.209023826362122   0.00271013494589779   -0.0516484597054086   0
0.150037689207379   0.313893330417532   0.0399490028726213   0.10486950405541   0
0.13525210662267   0.307125148501441   -0.0147855825847092   -0.00676818191609069   0
0.117686624214139   0.250085904763263   -0.0175654824085305   -0.0570392437381781   0
0.127229160713454   0.295446415899182   0.00954253649931526   0.0453605111359188   0
0.0860561311183579   0.412281559801493   -0.0411730295950965   0.116835143902311   0
0.127805732507936   0.264551733388146   0.0417496013895778   -0.147729826413348   0
0.157709575877145   0.216738792313467   0.0299038433692092   -0.047812941074679   0
0.226738542400368   0.239443146590689   0.0690289665232234   0.022704354277222   0
0.197157956320145   0.249707086641574   -0.0295805860802235   0.0102639400508853   0
0.186001719240683   0.183887785881288   -0.0111562370794614   -0.0658193007602857   0
0.138318820638408   0.187064106036199   -0.0476828986022757   0.00317632015491126   0
0.129174961487498   0.199404132048718   -0.00914385915091007   0.0123400260125184   0
0.132020770795843   0.383743876496147   0.00284580930834497   0.184339744447429   0
0.184290634412712   0.303217844444885   0.0522698636168697   -0.0805260320512618   0
0.293250092620794   0.187370735032849   0.108959458208082   -0.115847109412036   0
0.338504581880423   0.162499110924345   0.0452544892596288   -0.024871624108504   0
0.22141662232879   0.133157911067572   -0.117087959551633   -0.0293411998567723   0
0.206839041753944   0.13787802328337   -0.0145775805748454   0.00472011221579763   0
0.174500515684653   0.439289116555942   -0.032338526069291   0.301411093272572   0
0.155405865700108   0.940092495153668   -0.0190946499845455   0.500803378597726   0
0.202265890229371   1.04548704711945   0.0468600245292631   0.105394551965778   0
0.296613886983752   0.703874848810469   0.0943479967543809   -0.341612198308978   0
0.220553976770177   0.624479984252948   -0.0760599102135745   -0.0793948645575202   0
0.226707481520615   0.557363999376754   0.00615350475043752   -0.0671159848761944   0
0.189942059652648   0.557711781703821   -0.0367654218679673   0.000347782327066559   0
0.174478649571144   0.507671761449758   -0.0154634100815039   -0.0500400202540625   0
0.113806819414743   0.492136205199587   -0.0606718301564005   -0.0155355562501711   0
0.108914307450445   0.474020519224115   -0.00489251196429862   -0.0181156859754716   0
0.118488594978968   0.718108576813597   0.00957428752852359   0.244088057589482   0
0.121437678252262   0.581750054513526   0.00294908327329406   -0.136358522300072   0
0.126349286023072   0.490472808254698   0.00491160777080941   -0.0912772462588272   0
0.112857775238735   0.539411178794062   -0.0134915107843365   0.0489383705393641   0
0.10947182008243   0.734827709791554   -0.00338595515630498   0.195416530997491   0
0.192159509070694   0.510909942347964   0.0826876889882633   -0.22391776744359   0
0.102285769582577   0.494731935674765   -0.0898737394881168   -0.0161780066731989   0
0.152415785378943   0.391594006655406   0.0501300157963662   -0.103137929019359   0
0.184631829898206   0.304382258891895   0.0322160445192628   -0.0872117477635112   0
0.114974494505705   0.387069780046363   -0.0696573353925003   0.0826875211544684   0
0.107514840375224   0.813207449505698   -0.007459654130481   0.426137669459335   0
0.0913990378895752   0.49078235766832   -0.0161158024856493   -0.322425091837378   0
0.128843140414808   0.410039289680416   0.0374441025252331   -0.0807430679879044   0
0.119475961010155   0.455235777274436   -0.00936717940465359   0.0451964875940202   0
0.0961678249125975   0.432101482680472   -0.0233081360975572   -0.0231342945939637   0
0.171896431407199   0.650688031708405   0.0757286064946019   0.218586549027932   0
0.380739205650548   1.42663742487414   0.208842774243348   0.77594939316574   1
0.442570467424884   1.56024354651023   0.0618312617743359   0.133606121636082   0
0.117591390672362   0.740843567412583   -0.324979076752522   -0.819399979097643   1
0.187059943185974   0.625080483656697   0.0694685525136128   -0.115763083755886   0
0.16680140985797   0.665214725916564   -0.0202585333280047   0.0401342422598676   0
0.246978599446754   0.671932970025063   0.0801771895887839   0.00671824410849875   0
0.174385899313706   0.645280183092198   -0.0725927001330477   -0.0266527869328655   0
0.136884693086501   0.648487357997134   -0.0375012062272049   0.00320717490493583   0
0.144480223547342   0.606956285451351   0.00759553046084119   -0.041531072545782   0
0.109769818349535   0.570439925055612   -0.0347104051978069   -0.0365163603957394   0
0.129994877431305   0.573757721806243   0.0202250590817696   0.00331779675063071   0
0.12255839136379   0.562211461021716   -0.00743648606751461   -0.0115462607845269   0
0.180654217963739   0.604728638634555   0.0580958265999483   0.0425171776128394   0
0.117521165161952   0.727742781538649   -0.0631330528017863   0.123014142904094   0
0.100633503073579   0.66993411343915   -0.0168876620883736   -0.0578086680994989   0
0.0613728257353366   0.539438940515977   -0.0392606773382422   -0.130495172923173   0
0.0567616471912153   0.663498406124152   -0.00461117854412135   0.124059465608175   0
0.217890751900029   0.624040478325703   0.161129104708814   -0.0394579277984487   0
0.19797753513308   0.598447048766865   -0.0199132167669488   -0.0255934295588386   0
0.248260066076976   0.635685507601912   0.0502825309438956   0.037238458835047   0
0.288050083433697   0.901031030077384   0.0397900173567216   0.265345522475472   0
0.247188355459334   0.479232865479205   -0.0408617279743635   -0.421798164598179   0
0.212400562566228   0.565767436242579   -0.0347877928931062   0.0865345707633733   0
0.168936550656186   0.574958369318893   -0.043464011910042   0.00919093307631402   0
0.146070748285891   0.554065009530005   -0.0228658023702951   -0.0208933597888872   0
0.0400228013755159   0.664574133819187   -0.106047946910375   0.110509124289182   0
0.157713266258847   0.804594663593908   0.117690464883331   0.140020529774721   0
0.193072816741586   0.696067434562042   0.0353595504827385   -0.108527229031866   0
0.182657987716114   0.717030761390507   -0.010414829025472   0.020963326828465   0
0.183702280286256   0.710498762928833   0.00104429257014169   -0.00653199846167352   0
0.163295463667856   0.691117980122506   -0.0204068166183998   -0.0193807828063274   0
0.205449091624178   0.727067358460819   0.0421536279563225   0.0359493783383128   0
0.139258833204684   0.792792088587476   -0.0661902584194942   0.0657247301266576   0
0.144070011469598   1.0142011854163   0.00481117826491362   0.221409096828821   0
0.2208390551484   0.897319900346281   0.0767690436788025   -0.116881285070016   0
0.100751912355101   0.813532780508298   -0.120087142793299   -0.0837871198379831   0
0.18706623362288   1.10836460029509   0.086314321267779   0.29483181978679   0
0.228171807607995   1.3638265739775   0.0411055739851151   0.255461973682414   0
0.095485091253347   0.873834904674499   -0.132686716354648   -0.489991669303003   1
0.13731442444463   0.580341498164645   0.041829333191283   -0.293493406509853   0
0.114505673517865   0.738167755253899   -0.0228087509267645   0.157826257089253   0
0.0998855089071983   0.784069781639436   -0.0146201646106671   0.0459020263855368   0
0.173829287703108   0.77909983246971   0.07394377879591   -0.00496994916972571   0
0.16225679256971   0.777071717498625   -0.011572495133398   -0.00202811497108513   0
0.152192062518421   0.787221779650501   -0.0100647300512891   0.0101500621518766   0
0.160279479366562   0.765564660487101   0.0080874168481406   -0.0216571191634005   0
0.17959196785469   0.791711920091273   0.0193124884881282   0.0261472596041719   0
0.109115750761015   0.806920483691847   -0.0704762170936748   0.0152085636005747   0
0.167223585052588   0.889678212788584   0.0581078342915724   0.0827577290967371   0
0.146926581875098   0.850557277770394   -0.0202970031774892   -0.0391209350181909   0
0.106038617238533   0.785987752213404   -0.0408879646365659   -0.0645695255569891   0
0.181859555075256   0.828396453170005   0.0758209378367233   0.0424087009566005   0
0.126351549552746   0.706418646716669   -0.05550800552251   -0.121977806453336   0
0.0717083509600549   0.753484919248927   -0.054643198592691   0.0470662725322585   0
0.129190139940825   0.783387843189783   0.0574817889807703   0.0299029239408557   0
0.176708991489652   0.726453785420602   0.0475188515488271   -0.0569340577691809   0
0.141063248797445   0.728317971407868   -0.0356457426922068   0.00186418598726623   0
0.153574045998014   0.969744194791184   0.0125107972005681   0.241426223383316   0
0.151183367066123   1.05215527176722   -0.0023906789318909   0.0824110769760393   0
0.137355081581462   0.781573280076475   -0.013828285484661   -0.270581991690749   0
0.174814786774517   0.878730115046487   0.0374597051930557   0.0971568349700122   0
0.237441914438816   0.836846574901269   0.0626271276642985   -0.0418835401452182   0
0.145504453974337   0.768029605824679   -0.0919374604644788   -0.0688169690765894   0
0.155876310812933   0.841312250457886   0.0103718568385956   0.0732826446332066   0
0.232922483347765   1.28667384776962   0.0770461725348326   0.445361597311738   0
0.221350563846297   1.19446649274854   -0.0115719195014683   -0.0922073550210794   0
0.151203927819948   1.10006622050411   -0.0701466360263491   -0.0944002722444315   0
0.205370275603969   1.01904947277389   0.0541663477840207   -0.0810167477302188   0
0.270056873459277   0.754148989622243   0.0646865978553085   -0.264900483151652   0
0.139088523148749   0.841674233140692   -0.130968350310528   0.0875252435184496   0
0.0968707784762257   0.834348180915581   -0.042217744672523   -0.00732605222511107   0
0.184373398192093   0.834196847180204   0.087502619715867   -0.000151333735377679   0
0.192293405014343   0.812264101541372   0.0079200068222498   -0.0219327456388317   0
0.184908498380632   0.618762842739648   -0.00738490663371108   -0.193501258801724   0
0.234493077027788   0.613808603714007   0.0495845786471563   -0.00495423902564085   0
0.35901653060433   0.760475570751625   0.124523453576542   0.146666967037618   0
0.307415628784615   0.722019915253944   -0.0516009018197156   -0.038455655497681   0
0.309946832161969   0.674466794933451   0.00253120337735463   -0.0475531203204926   0
0.30968139483671   0.631037171560489   -0.000265437325259799   -0.0434296233729621   0
0.157563165407366   0.485230763128857   -0.152118229429344   -0.145806408431633   0
0.133866250150738   0.122382025046461   -0.0236969152566274   -0.362848738082396   0
0.136525824271784   0.212047271602072   0.00265957412104567   0.0896652465556112   0
0.102596479755448   0.234685476121152   -0.0339293445163361   0.0226382045190798   0
0.104046228785238   0.319216234363931   0.00144974902978984   0.0845307582427799   0
0.131544299122995   0.414034633096644   0.0274980703377575   0.0948183987327123   0
0.18415429142708   0.662817780091369   0.0526099923040852   0.248783146994725   0
0.204257751083894   0.781543018596219   0.0201034596568137   0.11872523850485   0
0.141071084446211   0.667367461684582   -0.063186666637683   -0.114175556911637   0
0.146262818074075   0.694046935753132   0.0051917336278641   0.02667947406855   0
0.159747328314341   0.717635991567731   0.0134845102402663   0.0235890558145989   0
0.166239037942626   0.676051256181029   0.00649170962828499   -0.0415847353867024   0
0.119129477663633   0.63996131055965   -0.0471095602789936   -0.0360899456213793   0
0.129847717458337   0.734069614845929   0.0107182397947037   0.0941083042862796   0
0.106899560809996   0.646945406769862   -0.0229481566483407   -0.0871242080760668   0
0.079809312557746   0.592320317635545   -0.0270902482522498   -0.0546250891343177   0
0.183352193608503   0.651219115011748   0.103542881050757   0.0588987973762038   0
0.24728692943601   0.835811324873845   0.0639347358275065   0.184592209862097   0
0.215698083092641   0.87663482267974   -0.0315888463433683   0.0408234978058952   0
0.189829828279804   0.682597091686965   -0.025868254812837   -0.194037730992776   0
0.120006482429765   0.701773358711823   -0.0698233458500389   0.0191762670248581   0
0.148278247837672   0.70066114877141   0.0282717654079063   -0.00111220994041239   0
0.139871554483676   0.589959191265588   -0.00840669335399552   -0.110701957505822   0
0.115077748637215   0.616496825045847   -0.0247938058464614   0.0265376337802588   0
0.103469052286614   0.643654023980517   -0.0116086963506011   0.0271571989346702   0
0.106541064716419   0.622727113520914   0.00307201242980493   -0.0209269104596029   0
0.121666884187317   0.631509785780793   0.0151258194708983   0.00878267225987817   0
0.12598437043336   0.658168798322605   0.00431748624604276   0.0266590125418128   0
0.111917023748043   0.791610063494806   -0.0140673466853168   0.1334412651722   0
0.164668339577589   0.201731633216317   0.0527513158295456   -0.589878430278489   1
0.140357603959422   0.326017260042168   -0.0243107356181664   0.124285626825851   0
0.136471698018087   0.359370950166833   -0.00388590594133492   0.0333536901246653   0
0.115900451302573   0.366756679995137   -0.0205712467155147   0.00738572982830332   0
0.0925351905345004   0.340756646724059   -0.0233652607680721   -0.0260000332710777   0
0.130089769754082   0.293565187423615   0.0375545792195813   -0.0471914593004433   0
0.184067215062895   0.326992528041716   0.0539774453088132   0.0334273406181006   0
0.145910595600525   0.326814461560761   -0.0381566194623697   -0.000178066480955308   0
0.143535958401961   0.379113212752724   -0.00237463719856373   0.0522987511919636   0
0.100374769979761   0.33911312343022   -0.0431611884222001   -0.0400000893225039   0
0.104316776392391   0.287138096262861   0.00394200641262916   -0.0519750271673595   0
0.12937644573171   0.310504923694472   0.0250596693393191   0.0233668274316112   0
0.133846590926852   0.289545389288148   0.00447014519514216   -0.0209595344063245   0
0.110467588609012   0.292814597445077   -0.0233790023178394   0.00326920815692916   0
0.106846877857381   0.273498414965791   -0.00362071075163181   -0.0193161824792858   0
0.118061819124093   0.271448525613033   0.0112149412667122   -0.00204988935275824   0
0.149158847161307   0.243777923172262   0.0310970280372138   -0.0276706024407703   0
0.144985748433044   0.269677725825127   -0.00417309872826224   0.0258998026528648   0
0.147871107225381   0.346513763695946   0.00288535879233628   0.0768360378708189   0
0.234656978779665   0.85256542604493   0.0867858715542841   0.506051662348984   0
0.43666476880669   1.34557798064339   0.202007790027025   0.493012554598456   0
0.419401033373787   1.4824392776499   -0.0172637354329035   0.136861297006519   0
0.296547613123087   1.24206681395306   -0.1228534202507   -0.240372463696847   0
0.276876305918365   0.998594680147556   -0.0196713072047219   -0.243472133805502   0
0.236591182342031   0.981663959361476   -0.0402851235763343   -0.0169307207860798   0
0.256829557446179   0.966638798714908   0.020238375104148   -0.0150251606465684   0
