0.104601029931058   0.0434088969765992   0   0   0
0.0558405351158995   0.0529184175690423   -0.0487604948151586   0.00950952059244313   0
0.0862169555879816   0.0574258934829272   0.0303764204720822   0.0045074759138849   0
0.00867078276176955   0.0439474642809173   -0.0775461728262121   -0.0134784292020099   0
0.0523886751964353   0.049086013318918   0.0437178924346658   0.00513854903800078   0
0.198570044655362   0.0437928134316205   0.146181369458927   -0.00529319988729752   0
0.049101553207418   0.0359725763352099   -0.149468491447944   -0.00782023709641068   0
0.109358880271536   0.0449577642248811   0.0602573270641178   0.00898518788967125   0
0.0725708071887209   0.0654242770357457   -0.0367880730828149   0.0204665128108646   0
0.0830684268533695   0.0458950673305149   0.0104976196646486   -0.0195292097052307   0
0.0528710389734153   0.0678165364762948   -0.0301973878799542   0.0219214691457799   0
0.172757472004267   0.059227892745416   0.119886433030851   -0.00858864373087882   0
0.154081641716544   0.060079362335768   -0.0186758302877229   0.000851469590352025   0
0.0566736231672636   0.0356906299121352   -0.0974080185492802   -0.0243887324236328   0
0.0874259035040925   0.0470448375423383   0.0307522803368289   0.0113542076302031   0
0.0225255927980686   0.0685979714609785   -0.064900310706024   0.0215531339186403   0
0.0941292394885505   0.0481802006679092   0.0716036466904819   -0.0204177707930693   0
0.183888007470826   0.0497912747916992   0.0897587679822753   0.00161107412378998   0
0.00956240023800306   0.014784359072229   -0.174325607232823   -0.0350069157194702   0
0.041915196771096   0.0191772283870741   0.032352796533093   0.00439286931484508   0
0.0102512298344199   0.00386454031719544   -0.0316639669366762   -0.0153126880698786   0
0.0514979899875335   0.00386454031719544   0.0412467601531136   0   0
0.113730182824125   0.00506776288783572   0.062232192836592   0.00120322257064028   0
0.109326188671499   0.00799271954854698   -0.00440399415262692   0.00292495666071126   0
0.117335955032914   0.0115543958439732   0.0080097663614158   0.00356167629542622   0
0.102142621217154   0.0194624791592695   -0.0151933338157608   0.00790808331529631   0
0.0483492916196298   0.0386232539477515   -0.0537933295975238   0.019160774788482   0
0.0206797116696558   0.0368544512813581   -0.0276695799499739   -0.00176880266639334   0
0.0468951807447471   0.0264637623744244   0.0262154690750913   -0.0103906889069337   0
0.101844797805253   0.0510999132862278   0.0549496170605061   0.0246361509118034   0
0.0478527313056423   0.0161142871766796   -0.0539920664996109   -0.0349856261095482   0
0.039401910049037   0.0314820036279856   -0.00845082125660535   0.015367716451306   0
0.0279347892874978   0.0201573850470764   -0.0114671207615392   -0.0113246185809092   0
0.0806960266107966   0.0460657644163874   0.0527612373232989   0.0259083793693109   0
0.116951570622822   0.0377867534157289   0.0362555440120253   -0.00827901100065846   0
0.0838685719741311   0.0261901523038718   -0.0330829986486909   -0.0115966011118571   0
0.113057650617152   0.0269991436820226   0.0291890786430209   0.000808991378150808   0
0.0634703130966789   0.0650645277874396   -0.0495873375204731   0.038065384105417   0
0.0761323424337916   0.0543968479682417   0.0126620293371127   -0.0106676798191979   0
0.0593976203496403   0.0339248587914526   -0.0167347220841513   -0.0204719891767891   0
0.124581208295031   0.0713976451702498   0.0651835879453911   0.0374727863787972   0
0.086201374072633   0.0371447260414248   -0.0383798342223984   -0.034252919128825   0
0.121093808856605   0.0627026702864599   0.0348924347839721   0.0255579442450351   0
0.142630051794915   0.0644498965612824   0.0215362429383095   0.0017472262748225   0
0.0983064507315771   0.0553698880072915   -0.0443236010633374   -0.00908000855399092   0
0.116115431209336   0.0619361705116647   0.0178089804777587   0.0065662825043732   0
0.10055131419708   0.061935451096787   -0.0155641170122553   -7.1941487762156e-07   0
0.0713506781351796   0.10069246780857   -0.0292006360619008   0.0387570167117834   0
0.112837313808066   0.11163735329042   0.0414866356728865   0.0109448854818493   0
0.107611719724991   0.143989570649891   -0.00522559408307527   0.0323522173594714   0
0.0804593767707655   0.121803151129692   -0.0271523429542254   -0.0221864195201996   0
0.0834306543238755   0.0981811091063856   0.00297127755310996   -0.023622042023306   0
0.0752535982723086   0.322529615825214   -0.00817705605156692   0.224348506718828   1
0.138991784217383   0.832898767410542   0.0637381859450746   0.510369151585328   1
0.171828130708929   0.627292535700133   0.0328363464915462   -0.205606231710409   0
0.237534091146518   0.526276530505705   0.065705960437589   -0.101016005194428   0
0.191700852088351   0.434278184973198   -0.0458332390581669   -0.0919983455325075   0
0.171203468323513   0.349030443269842   -0.0204973837648388   -0.0852477417033556   0
0.248512247408473   0.21904900641898   0.0773087790849602   -0.129981436850862   0
0.144497315334922   0.15494125138304   -0.10401493207355   -0.06410775503594   0
0.172212303714949   0.105474214531527   0.027714988380027   -0.0494670368515137   0
0.1372607860058   0.124930612559983   -0.0349515177091496   0.0194563980284561   0
0.123719045698843   0.10381624673736   -0.0135417403069565   -0.0211143658226222   0
0.167918016490935   0.0731558149331446   0.0441989707920919   -0.0306604318042158   0
0.10659461548052   0.08283719161355   -0.0613234010104148   0.00968137668040543   0
0.116799501513705   0.0819679122279719   0.0102048860331847   -0.000869279385578153   0
0.097026443561021   0.0880115520047368   -0.0197730579526841   0.00604363977676498   0
0.113082889581492   0.072849900475293   0.0160564460204713   -0.0151616515294438   0
0.106130853951007   0.0536843183895679   -0.00695203563048527   -0.0191655820857251   0
0.0932937212624256   0.0775845098090624   -0.0128371326885815   0.0239001914194945   0
0.164697589049901   0.0488267796280637   0.0714038677874752   -0.0287577301809987   0
0.19221223181226   0.0973565664173198   0.0275146427623592   0.048529786789256   0
0.0994915168783249   0.0922034579581075   -0.0927207149339352   -0.00515310845921227   0
0.0914728815249225   0.0724291649435674   -0.0080186353534024   -0.0197742930145401   0
0.0914991965235586   0.0721153338751545   2.63149986361455e-05   -0.000313831068412984   0
0.0918606876128543   0.0805470108729678   0.00036149108929566   0.00843167699781339   0
0.147232296430519   0.0851355897707299   0.0553716088176643   0.00458857889776201   0
0.132848243304343   0.0640029589059951   -0.0143840531261753   -0.0211326308647347   0
0.195471108307264   0.0459197313686611   0.0626228650029206   -0.018083227537334   0
0.270412833003137   0.0422294416521519   0.074941724695873   -0.00369028971650923   0
0.213910239937175   0.038041426724592   -0.0565025930659623   -0.00418801492755991   0
0.217140298181076   0.0398007677567594   0.00323005824390157   0.00175934103216745   0
0.165302735494949   0.216921978007906   -0.0518375626861276   0.177121210251147   0
0.154132434768715   0.152696676907374   -0.0111703007262338   -0.064225301100532   0
0.185177975325739   0.154385199904816   0.0310455405570243   0.00168852299744188   0
0.187256365492745   0.134923350799862   0.00207839016700601   -0.0194618491049545   0
0.168371964451126   0.119140575827927   -0.0188844010416191   -0.0157827749719346   0
0.163010767448637   0.0938044452190833   -0.00536119700248894   -0.0253361306088436   0
0.202766539763887   0.0958595296611662   0.0397557723152504   0.0020550844420829   0
0.173125246862091   0.103802071793076   -0.0296412929017959   0.00794254213191027   0
0.143439011000669   0.0822904036791958   -0.0296862358614226   -0.0215116681138807   0
0.211232960272538   0.0717357189627664   0.0677939492718691   -0.0105546847164294   0
0.153144157257617   0.0749642401621266   -0.0580888030149214   0.00322852119936026   0
0.170927889001005   0.0790960774543213   0.0177837317433888   0.0041318372921947   0
0.15084546719156   0.0730681908786751   -0.0200824218094453   -0.00602788657564622   0
0.221248018611444   0.053256893700323   0.0704025514198843   -0.0198112971783521   0
0.174776968711555   0.0616211542740194   -0.046471049899889   0.00836426057369644   0
0.187698396619797   0.0516064867586915   0.0129214279082413   -0.0100146675153279   0
0.315328083994686   0.0616091013300998   0.12762968737489   0.0100026145714083   0
0.222156516250233   0.0481268841404417   -0.0931715677444535   -0.013482217189658   0
0.210984873696211   0.0649181990526925   -0.0111716425540221   0.0167913149122507   0
0.162072152934705   0.0504071330589481   -0.0489127207615058   -0.0145110659937443   0
0.199435999766257   0.0516881205116079   0.0373638468315519   0.00128098745265977   0
0.189291150112122   0.0686467770555363   -0.0101448496541347   0.0169586565439284   0
0.183118752999004   0.0643980998412414   -0.00617239711311857   -0.00424867721429482   0
0.157030060236046   0.0999771296311436   -0.0260886927629581   0.0355790297899022   0
0.113276082153337   0.107147529316417   -0.0437539780827084   0.00717039968527365   0
0.0860139153089365   0.0991371484057565   -0.0272621668444007   -0.00801038091066075   0
0.12578364242624   0.0949432128931816   0.0397697271173031   -0.00419393551257498   0
0.167152379880342   0.0774300334005643   0.0413687374541022   -0.0175131794926173   0
0.15788788201978   0.0749629585889758   -0.00926449786056138   -0.00246707481158849   0
0.195976997760968   0.0674824780186309   0.0380891157411877   -0.00748048057034492   0
0.11041784135117   0.0442807350696948   -0.0855591564097983   -0.0232017429489361   0
0.170620161128458   0.0353761956530447   0.060202319777288   -0.0089045394166501   0
0.141307566818258   0.0384040959418719   -0.0293125943102   0.00302790028882716   0
0.115404400604355   0.0399342598068688   -0.025903166213903   0.00153016386499696   0
0.13405863565891   0.0583058818854496   0.0186542350545553   0.0183716220785808   0
0.184248153841096   0.0469345139730881   0.0501895181821857   -0.0113713679123615   0
0.126214529209834   0.0742096164224718   -0.0580336246312619   0.0272751024493837   0
0.15964220011341   0.101720129774052   0.033427670903576   0.0275105133515803   0
0.193490976857449   0.096347746066592   0.0338487767440395   -0.00537238370746008   0
0.178162483356143   0.111355047976428   -0.0153284935013059   0.0150073019098356   0
0.0885225640889282   0.112839759708048   -0.0896399192672153   0.00148471173162031   0
0.166259526886882   0.11689962372618   0.0777369627979543   0.0040598640181322   0
0.0899822873143931   0.0921517807997355   -0.0762772395724893   -0.0247478429264446   0
0.274153869473785   0.139553311952323   0.184171582159391   0.047401531152588   0
0.253741875693774   0.125617472807927   -0.0204119937800101   -0.0139358391443967   0
0.208341241797716   0.12840694835741   -0.0454006338960584   0.002789475549483   0
0.0595002461090045   0.112777805610512   -0.148840995688712   -0.0156291427468975   0
0.153629507278582   0.118194750896698   0.094129261169578   0.00541694528618573   0
0.168680008058009   0.109206177793715   0.0150505007794267   -0.00898857310298293   0
0.127302813017309   0.127924545054819   -0.0413771950406998   0.0187183672611042   0
0.149694287647659   0.123679154231109   0.0223914746303495   -0.0042453908237101   0
0.0861074996388816   0.131046698782466   -0.0635867880087771   0.00736754455135726   0
0.105193407868602   0.138311781917169   0.0190859082297201   0.00726508313470248   0
0.168465303672803   0.106388923773965   0.0632718958042009   -0.0319228581432041   0
0.167925935572115   0.159974924516875   -0.000539368100687942   0.0535860007429098   0
0.0436261517892651   0.125018528074972   -0.12429978378285   -0.0349563964419029   0
0.103281725452279   0.182860405155348   0.0596555736630142   0.0578418770803763   0
0.0738918888922654   0.179843357334895   -0.0293898365600139   -0.00301704782045326   0
0.0670282305889093   0.197581338114066   -0.0068636583033561   0.0177379807791716   0
0.063401573418379   0.162433463822752   -0.00362665717053035   -0.0351478742913139   0
0.0370982295717734   0.169118374832638   -0.0263033438466056   0.00668491100988519   0
0.0364596600604298   0.193419048541405   -0.00063856951134357   0.0243006737087677   0
0.120109877370889   0.208911367072648   0.0836502173104592   0.0154923185312423   0
0.198779812595243   0.199305512301648   0.0786699352243542   -0.00960585477099921   0
0.101227143896734   0.216480478058993   -0.0975526686985096   0.0171749657573443   0
0.0367189014920109   0.190442549232636   -0.0645082424047227   -0.0260379288263567   0
0.109294103819008   0.200580571280359   0.0725752023269966   0.0101380220477226   0
0.0521238681714395   0.16968797365816   -0.0571702356475681   -0.0308925976221983   0
0.0314057810858383   0.173673327721362   -0.0207180870856011   0.00398535406320155   0
0.0344794556302735   0.121030758488132   0.00307367454443519   -0.05264256923323   0
0.0759713205606563   0.145980906647042   0.0414918649303828   0.0249501481589105   0
0.392072602902894   0.181036305491491   0.316101282342237   0.0350553988444485   0
0.166856934635064   0.217444694749429   -0.22521566826783   0.0364083892579384   0
0.0539581514588853   0.241157209649888   -0.112898783176179   0.0237125149004586   0
0.041921756280719   0.266332501422927   -0.0120363951781663   0.0251752917730393   0
0.107142066614986   0.258812939316188   0.0652203103342666   -0.0075195621067391   0
0.072259864033985   0.239534232768154   -0.0348822025810005   -0.0192787065480341   0
0.117873521037594   0.27869462387883   0.0456136570036085   0.0391603911106761   0
0.0678658187436061   0.28486748614163   -0.0500077022939874   0.00617286226279956   0
0.194187687755275   0.301432664525749   0.126321869011668   0.0165651783841189   0
0.0820145439518504   0.30503881279542   -0.112173143803424   0.00360614826967137   0
0.098577793657446   0.30379992569357   0.0165632497055956   -0.00123888710184994   0
0.119586792849088   0.328993121096597   0.0210089991916422   0.0251931954030268   0
0.0478955855597361   0.312961010819796   -0.0716912072893521   -0.0160321102768003   0
0.0700009583997962   0.329146455261776   0.0221053728400601   0.0161854444419798   0
0.0634471232032627   0.342153372087581   -0.00655383519653349   0.0130069168258046   0
0.0305443013909322   0.312764512688219   -0.0329028218123306   -0.0293888593993619   0
0.256548720539979   0.360713239516742   0.226004419149046   0.0479487268285231   0
0.0907525906798258   0.334523606235707   -0.165796129860153   -0.0261896332810347   0
0.0508413438802516   0.345870184356839   -0.0399112467995741   0.0113465781211317   0
0.0654650182877245   0.358320094549765   0.0146236744074728   0.0124499101929259   0
0.144825753400975   0.348072090245175   0.0793607351132505   -0.0102480043045903   0
0.0464421797523813   0.29651369421071   -0.0983835736485936   -0.0515583960344646   0
0.0889690615147198   0.313041040966965   0.0425268817623385   0.0165273467562544   0
0.282680550131221   0.0534430928492401   0.193711488616502   -0.259597948117724   1
0.609550870798262   0.286525915225696   0.326870320667041   0.233082822376455   1
0.263892482852866   0.155347186427507   -0.345658387945397   -0.131178728798189   0
0.268229464822435   0.086785243840831   0.00433698196956961   -0.0685619425866756   0
0.23449725166059   0.0491079346875329   -0.0337322131618454   -0.0376773091532981   0
0.234759315218297   0.0830859745261798   0.000262063557706915   0.0339780398386469   0
0.241074278810263   0.139732213122467   0.00631496359196643   0.056646238596287   0
0.248686263297649   0.121197243392795   0.00761198448738584   -0.0185349697296714   0
0.235627872116845   0.0987681702239644   -0.0130583911808037   -0.0224290731688311   0
0.268272253184261   0.111954322168965   0.0326443810674154   0.013186151945001   0
0.255881248179001   0.0752358048143064   -0.0123910050052595   -0.036718517354659   0
0.303737858419961   0.10088578117759   0.0478566102409596   0.0256499763632832   0
0.377919222850598   0.0791369481518115   0.0741813644306373   -0.0217488330257782   0
0.29131980166101   0.083299158389581   -0.0865994211895884   0.00416221023776951   0
0.244388245028356   0.0621596133361727   -0.0469315566326532   -0.0211395450534083   0
0.277119315239663   0.0897763036954769   0.032731070211307   0.0276166903593042   0
0.34257271624029   0.128560471651671   0.0654534010006261   0.0387841679561937   0
0.268451788742076   0.16837431215979   -0.074120927498214   0.0398138405081197   0
0.24450849823843   0.271866188282229   -0.0239432905036459   0.103491876122438   0
0.261718797557608   0.242825545340194   0.0172102993191779   -0.0290406429420349   0
0.168255161218817   0.294110526900696   -0.0934636363387909   0.0512849815605022   0
0.215425819988691   0.266751769063042   0.0471706587698745   -0.027358757837654   0
0.19447116250573   0.312474706741142   -0.0209546574829613   0.0457229376780997   0
0.184680797037618   0.268157645807859   -0.00979036546811154   -0.0443170609332831   0
0.229422355752224   0.270578602020397   0.0447415587146056   0.00242095621253863   0
0.492854859155675   0.28364446102269   0.263432503403451   0.0130658590022932   1
0.409137352947943   0.19491955359876   -0.0837175062077314   -0.0887249074239301   0
0.279404431848172   0.183701085812938   -0.129732921099771   -0.0112184677858221   0
0.233370892277293   0.172042365861036   -0.0460335395708791   -0.0116587199519025   0
0.256247233419212   0.0753273877679958   0.0228763411419186   -0.09671497809304   0
0.265053701534538   0.0687983549707041   0.00880646811532632   -0.00652903279729171   0
0.3079488023387   0.0997387709647181   0.0428951008041623   0.0309404159940141   0
0.286372919407195   0.154488793757832   -0.021575882931505   0.054750022793114   0
0.311695581496466   0.0914637280787308   0.0253226620892705   -0.0630250656791014   0
0.231860138431237   0.0937392544655653   -0.0798354430652286   0.00227552638683452   0
0.385547540662316   0.0895018383576701   0.153687402231078   -0.00423741610789521   0
0.510083758860454   0.29668769825441   0.124536218198138   0.20718585989674   0
0.384133978625752   0.210550138402353   -0.125949780234702   -0.0861375598520573   0
0.260800856876353   0.142914641885463   -0.123333121749399   -0.0676354965168905   0
0.435916619593346   0.125372923071531   0.175115762716993   -0.0175417188139316   0
0.293686206268527   0.125009117753466   -0.142230413324819   -0.000363805318064597   0
0.31207342811441   0.136563689029149   0.0183872218458829   0.0115545712756823   0
0.4241261509056   0.365292846878364   0.11205272279119   0.228729157849216   0
0.428109483279686   0.351974836921835   0.00398333237408605   -0.0133180099565289   0
0.391753034502772   0.240528274211079   -0.0363564487769144   -0.111446562710756   0
0.334223710294695   0.20585545138998   -0.057529324208077   -0.0346728228210988   0
0.328974645853461   0.187610515785903   -0.00524906444123396   -0.0182449356040773   0
0.311947690938721   0.117960271883387   -0.0170269549147395   -0.0696502439025162   0
0.279283861745089   0.136385464366992   -0.0326638291936324   0.0184251924836052   0
0.307289500580869   0.130760757644116   0.0280056388357801   -0.00562470672287632   0
0.272706023674872   0.135029150801458   -0.0345834769059968   0.00426839315734295   0
0.267478511099939   0.151222149883045   -0.00522751257493365   0.0161929990815861   0
0.271576758937966   0.133745158616153   0.0040982478380272   -0.0174769912668913   0
0.342474114186883   0.122496369566622   0.0708973552489169   -0.011248789049531   0
0.258078275486082   0.122457757552349   -0.0843958387008006   -3.86120142728125e-05   0
0.321188968177318   0.08719633168547   0.0631106926912356   -0.0352614258668794   0
0.297970321294672   0.117744350475129   -0.0232186468826458   0.0305480187896589   0
0.413629708302003   0.108698697672385   0.115659387007331   -0.00904565280274422   0
0.293294798758877   0.107765121426937   -0.120334909543126   -0.00093357624544764   0
0.290513663027077   0.125495762620905   -0.00278113573179978   0.0177306411939678   0
0.260473765825735   0.165097556589589   -0.0300398972013416   0.039601793968684   0
0.322553299414593   0.134437083992931   0.0620795335888576   -0.0306604725966574   0
0.213984357165565   0.11542446984744   -0.108568942249028   -0.0190126141454918   0
0.316031724940772   0.123307314864123   0.102047367775208   0.00788284501668352   0
0.233511600754224   0.157248957235016   -0.0825201241865486   0.0339416423708932   0
0.263140737484412   0.182565752854965   0.0296291367301878   0.0253167956199482   0
0.23507722520759   0.21874785448605   -0.0280635122768216   0.0361821016310852   0
0.315934614234085   0.171991935446113   0.0808573890264949   -0.0467559190399365   0
0.297709989291189   0.154312944127348   -0.0182246249428957   -0.0176789913187654   0
0.253963182484489   0.201752962174041   -0.0437468068067   0.047440018046693   0
0.348725488744958   0.253588421662095   0.094762306260469   0.051835459488054   1
1.90427569270694   1.99916707238915   1.55555020396198   1.74557865072705   1
1.16331004113177   1.7967902132139   -0.740965651575172   -0.202376859175249   1
0.649187384667855   1.37546440374197   -0.514122656463915   -0.421325809471931   1
