0.174269637179209   0.0390627032769226   0   0   0
0.146160714213945   0.0438412609552634   -0.0281089229652647   0.00477855767834077   0
0.0899491901434477   0.0333030266014217   -0.056211524070497   -0.0105382343538417   0
0.119331053868196   0.0309092743241814   0.0293818637247488   -0.00239375227724027   0
0.120674370105006   0.0243044014597151   0.00134331623680969   -0.00660487286446634   0
0.0955027136707413   0.0355408520892156   -0.0251716564342648   0.0112364506295005   0
0.0816101405414218   0.0404436449913333   -0.0138925731293195   0.00490279290211772   0
0.088814503165134   0.05090334127798   0.0072043626237122   0.0104596962866467   0
0.0805516625969942   0.0497970839829251   -0.00826284056813978   -0.00110625729505482   0
0.0726595699685183   0.048653356577784   -0.00789209262847598   -0.00114372740514114   0
0.0766851005277042   0.0342506214983758   0.00402553055918596   -0.0144027350794083   0
0.084361442055997   0.0143521881317284   0.00767634152829282   -0.0198984333666474   0
0.0346777827144558   0.0213251849228207   -0.0496836593415412   0.00697299679109234   0
0.0496148852023452   0.0226959027186076   0.0149371024878894   0.00137071779578688   0
0.0548736680538571   0.0401508725263191   0.00525878285151197   0.0174549698077115   0
0.0304375494439356   0.0157735326447169   -0.0244361186099215   -0.0243773398816022   0
0.021631262875581   0.017622446972178   -0.00880628656835459   0.00184891432746108   0
0.011245346779317   0.0237054701959801   -0.010385916096264   0.0060830232238021   0
0.0583312112055289   0.0235880212158513   0.0470858644262119   -0.000117448980128804   0
0.0194802084681658   0.00575224570791704   -0.0388510027373631   -0.0178357755079342   0
0.00381752138015768   0.0154802583778413   -0.0156626870880082   0.00972801266992424   0
0.0218807229011073   0.0217052172770679   0.0180632015209496   0.00622495889922658   0
0.0435379239389799   0.0193356091596496   0.0216572010378726   -0.00236960811741827   0
0.0176685620709369   0.0100162786111634   -0.025869361868043   -0.00931933054848616   0
0.019540201802177   0.0173477653512556   0.0018716397312401   0.00733148674009219   0
0.0541554314127302   0.0301836610095118   0.0346152296105532   0.0128358956582562   0
0.050844723383301   0.0726661002146806   -0.00331070802942912   0.0424824392051687   0
0.0223688159029239   0.0433313166226775   -0.0284759074803772   -0.0293347835920031   0
0.0353365732168145   0.0301076996633851   0.0129677573138906   -0.0132236169592924   0
0.0366982993899657   0.0280431770765587   0.00136172617315123   -0.00206452258682645   0
0.047308400267342   0.029598322833534   0.0106101008773763   0.00155514575697534   0
0.0241812302213721   0.0315922572483706   -0.0231271700459699   0.0019939344148366   0
0.0488401519966922   0.0483529681777717   0.0246589217753201   0.0167607109294011   0
0.0369489685911529   0.0258117668601594   -0.0118911834055394   -0.0225412013176122   0
0.0289747954207946   0.0253111166727764   -0.00797417317035825   -0.000500650187383028   0
0.0606037440801309   0.018744133736236   0.0316289486593363   -0.00656698293654043   0
0.0950201827435098   0.0110352678646964   0.0344164386633789   -0.00770886587153963   0
0.0704476523484637   0.0378203320692058   -0.0245725303950461   0.0267850642045095   0
0.0345373245865122   0.0392367839427176   -0.0359103277619515   0.00141645187351173   0
0.0991891224537247   0.0273960995465705   0.0646517978672125   -0.0118406843961471   0
0.0222424509944745   0.0356283507467298   -0.0769466714592502   0.00823225120015928   0
0.0344599543846187   0.0309332412635392   0.0122175033901442   -0.00469510948319057   0
0.0375787452069704   0.0361605669814247   0.00311879082235171   0.00522732571788546   0
0.0670373562493301   0.0367395703037194   0.0294586110423597   0.000579003322294755   0
0.0445686370894377   0.0608071287453206   -0.0224687191598924   0.0240675584416012   0
0.0465540433163436   0.057502496492923   0.00198540622690595   -0.0033046322523976   0
0.0526490224864622   0.0669994634558011   0.00609497917011854   0.00949696696287804   0
0.062128715078882   0.052967042728055   0.00947969259241983   -0.0140324207277461   0
0.0611923707422747   0.0601441490138949   -0.000936344336607275   0.00717710628583997   0
0.0406169838651813   0.0376704526508257   -0.0205753868770934   -0.0224736963630693   0
0.0395407966605935   0.10178735484235   -0.00107618720458785   0.0641169021915245   0
0.026117622534703   0.0890883852864811   -0.0134231741258905   -0.0126989695558691   0
0.0309659294383618   0.0865968315907834   0.00484830690365879   -0.0024915536956977   0
0.0292363654187538   0.0818479803119173   -0.00172956401960802   -0.00474885127886611   0
0.0543250194450034   0.0851657067962217   0.0250886540262497   0.0033177264843044   0
0.0225879147217732   0.0810273305922144   -0.0317371047232302   -0.0041383762040073   0
0.0578617805730173   0.0732478764617958   0.035273865851244   -0.00777945413041856   0
0.0343740609686956   0.0810273305922144   -0.0234877196043217   0.00777945413041856   0
0.0679389182535313   0.0976671694616466   0.0335648572848357   0.0166398388694323   0
0.0672522157783667   0.0810273305922144   -0.000686702475164516   -0.0166398388694323   0
0.0274631723412154   0.0987877992136681   -0.0397890434371513   0.0177604686214537   0
0.0634753718277601   0.0867808970375969   0.0360121994865447   -0.0120069021760711   0
0.0760890552746583   0.077628322632078   0.0126136834468982   -0.00915257440551889   0
0.0544767854338892   0.0894293221475485   -0.0216122698407691   0.0118009995154704   0
0.0862182593897024   0.0793378971044261   0.0317414739558132   -0.0100914250431224   0
0.160266664297476   0.107883649212056   0.0740484049077741   0.0285457521076301   0
0.137661094199487   0.0951991428335623   -0.0226055700979896   -0.0126845063784939   0
0.170220870216429   0.0990694263401934   0.0325597760169417   0.00387028350663104   0
0.154966891148948   0.107840019447513   -0.0152539790674803   0.0087705931073197   0
0.107587659979433   0.103592696213054   -0.0473792311695157   -0.00424732323445952   0
0.154546678572644   0.119893576372715   0.0469590185932113   0.0163008801596613   0
0.210059403340615   0.162767291889188   0.055512724767971   0.0428737155164728   0
0.248402587744005   0.169418768124845   0.0383431844033901   0.00665147623565737   0
0.185520219259088   0.149755749724351   -0.0628823684849172   -0.0196630184004938   0
0.048116052691342   0.13202959764141   -0.137404166567746   -0.0177261520829416   0
0.0980649157835405   0.149567856983912   0.0499488630921985   0.0175382593425026   0
0.135623338374577   0.156414276231455   0.0375584225910365   0.00684641924754315   0
0.115438399671384   0.140289561792779   -0.0201849387031928   -0.0161247144386761   0
0.202744302154536   0.159663971861814   0.0873059024831522   0.0193744100690344   0
0.239336411037623   0.157709167256726   0.0365921088830864   -0.00195480460508748   0
0.220695224062771   0.164780975537985   -0.0186411869748515   0.00707180828125886   0
0.0945872696806018   0.134602602227827   -0.12610795438217   -0.0301783733101584   0
0.124587242548043   0.136605743727158   0.0299999728674412   0.00200314149933156   0
0.131537648873601   0.177016886746717   0.00695040632555785   0.0404111430195588   0
0.0674092982183467   0.15478212923655   -0.0641283506552542   -0.0222347575101671   0
0.10373484230693   0.162534251779433   0.0363255440885831   0.00775212254288282   0
0.144092415162699   0.163242343606063   0.0403575728557691   0.000708091826630591   0
0.142076605086609   0.169757171872796   -0.00201581007609014   0.00651482826673278   0
0.0836122572377543   0.16201158226883   -0.0584643478488545   -0.0077455896039656   0
0.140221056171131   0.168638443521932   0.0566087989333771   0.00662686125310205   0
0.114038026583231   0.166388607381185   -0.0261830295879009   -0.00224983614074786   0
0.354082754916361   0.210460940440857   0.240044728333131   0.0440723330596725   0
0.0792439710015948   0.169384262204315   -0.274838783914767   -0.0410766782365425   0
0.11952114010857   0.171035904000447   0.0402771691069755   0.00165164179613203   0
0.14570864028691   0.16148583087844   0.0261875001783392   -0.00955007312200701   0
0.293979150801787   0.197425271463027   0.148270510514878   0.0359394405845876   0
0.288402413724591   0.209644452805816   -0.00557673707719658   0.0122191813427887   0
0.28053802827429   0.208004010820104   -0.00786438545030116   -0.00164044198571178   0
0.198191781304498   0.186616470747493   -0.0823462469697915   -0.0213875400726109   0
0.219530730461592   0.184041397963203   0.0213389491570935   -0.00257507278429042   0
0.156142197659729   0.177856001930635   -0.0633885328018622   -0.00618539603256793   0
0.115165209115861   0.169657155206463   -0.0409769885438683   -0.00819884672417148   0
0.121644843244299   0.165878176995197   0.00647963412843766   -0.0037789782112661   0
0.117386403597691   0.174838827716414   -0.00425843964660771   0.00896065072121699   0
0.130300967794295   0.180280363587413   0.0129145641966044   0.00544153587099919   0
0.0978675384268451   0.176440444697501   -0.0324334293674503   -0.00383991888991214   0
0.102277951701852   0.186411796921661   0.00441041327500707   0.00997135222415943   0
0.109898912091032   0.179164111001625   0.00762096038917995   -0.00724768592003608   0
0.103179379259338   0.175356907558763   -0.00671953283169366   -0.00380720344286184   0
0.0887236217436484   0.1942291363532   -0.01445575751569   0.0188722287944373   0
0.109852586655203   0.178540559706079   0.0211289649115547   -0.015688576647121   0
0.123040404502692   0.183205225933405   0.0131878178474891   0.004664666227326   0
0.0900442163043802   0.194275997926153   -0.032996188198312   0.0110707719927476   0
0.0546889955696756   0.198327031100837   -0.0353552207347045   0.00405103317468458   0
0.0287165226135826   0.267031744803235   -0.025972472956093   0.0687047137023976   0
0.059381730654975   0.250890830060606   0.0306652080413924   -0.0161409147426287   0
0.0633002779000219   0.259328701544488   0.00391854724504687   0.00843787148388153   0
0.078616615680211   0.244011401116321   0.0153163377801891   -0.015317300428167   0
0.0514884495730839   0.24193928714349   -0.0271281661071271   -0.00207211397283102   0
0.0270071423462831   0.231972906905634   -0.0244813072268007   -0.00996638023785565   0
0.130380469914209   0.252816077294345   0.103373327567926   0.0208431703887104   0
0.159452013993278   0.254336701309504   0.0290715440790688   0.00152062401515968   0
0.145528659177668   0.254871729005984   -0.0139233548156094   0.000535027696480228   0
0.145774862090588   0.244300224790625   0.000246202912919657   -0.0105715042153593   0
0.092947571243309   0.228567357945092   -0.0528272908472792   -0.0157328668455327   0
0.0532079663402014   0.22262963623808   -0.0397396049031076   -0.00593772170701204   0
0.0476913052115372   0.21404564384904   -0.00551666112866411   -0.00858399238904056   0
0.0451373577276561   0.212521379777424   -0.0025539474838811   -0.00152426407161604   0
0.157229749789281   0.202422256922256   0.112092392061625   -0.0100991228551673   0
0.17503766770504   0.203574411784119   0.0178079179157587   0.0011521548618624   0
0.150917887785146   0.215818419184392   -0.0241197799198938   0.0122440074002733   0
0.0662602995787449   0.172825350103978   -0.0846575882064014   -0.0429930690804143   0
0.0683815610923003   0.167122619209639   0.00212126151355543   -0.00570273089433876   0
0.0430548895213877   0.169777532172701   -0.0253266715709126   0.00265491296306192   0
0.0268108825780223   0.161918560945009   -0.0162440069433654   -0.00785897122769225   0
0.0289776747018476   0.157865213024284   0.00216679212382532   -0.00405334792072493   0
0.0304453641674722   0.15367489980606   0.00146768946562457   -0.00419031321822405   0
0.0506104438931334   0.156487202619703   0.0201650797256612   0.00281230281364334   0
0.0631037556550519   0.149242371766742   0.0124933117619186   -0.00724483085296085   0
0.0329133588223688   0.147477404783445   -0.0301903968326832   -0.00176496698329748   0
0.0486477879771527   0.136722985786041   0.0157344291547839   -0.0107544189974036   0
0.0297936610180102   0.140840843465807   -0.0188541269591425   0.00411785767976605   0
0.0754979858820412   0.155485477648437   0.0457043248640311   0.0146446341826295   0
0.0861515091072983   0.158513960989245   0.010653523225257   0.00302848334080869   0
0.107783851738642   0.157095726683605   0.0216323426313439   -0.00141823430564011   0
0.079194910489885   0.15789688636813   -0.0285889412487572   0.000801159684524266   0
0.074855294693274   0.161242053573967   -0.00433961579661098   0.00334516720583733   0
0.0871956024156035   0.155045838405623   0.0123403077223295   -0.00619621516834407   0
0.234336344575029   0.162758505452288   0.147140742159426   0.00771266704666534   0
0.335018626487497   0.161639114675285   0.100682281912467   -0.00111939077700293   0
0.310033420253584   0.141151587673501   -0.0249852062339129   -0.0204875270017843   0
0.17276941093943   0.161378155942804   -0.137264009314154   0.0202265682693032   0
0.0846278263856097   0.149014141890124   -0.0881415845538202   -0.0123640140526801   0
0.102997880497139   0.153351655020414   0.0183700541115291   0.00433751313028985   0
0.0844233535610905   0.163180977323492   -0.0185745269360483   0.00982932230307818   0
0.0937063295909753   0.167588329146901   0.0092829760298848   0.00440735182340893   0
0.175463392174598   0.193213274554312   0.081757062583623   0.0256249454074113   0
0.232513562045784   0.207350606190336   0.0570501698711857   0.0141373316360243   0
0.113674820866739   0.166085138010908   -0.118838741179045   -0.0412654681794281   0
0.106154486542348   0.164402456265896   -0.00752033432439116   -0.00168268174501193   0
0.130727884116817   0.166203761643768   0.024573397574469   0.0018013053778714   0
0.0386541425326251   0.157453734878376   -0.0920737415841921   -0.00875002676539161   0
0.0560529983771573   0.157191436549642   0.0173988558445322   -0.000262298328734673   0
0.0535877095994445   0.175711473820627   -0.00246528877771277   0.0185200372709858   0
0.119796746518939   0.17053505408632   0.0662090369194944   -0.00517641973430735   0
0.0703065586670803   0.180040571654176   -0.0494901878518586   0.00950551756785606   0
0.0790041622716803   0.173258827764915   0.00869760360460006   -0.00678174388926103   0
0.159792175042585   0.16875466376625   0.0807880127709043   -0.00450416399866532   0
0.114953611269893   0.168475247778687   -0.0448385637726919   -0.000279415987562676   0
0.0203292845418254   0.171176656072287   -0.0946243267280673   0.00270140829359986   0
0.505609308287634   0.329246680194915   0.485280023745809   0.158070024122628   1
0.0494303447290589   0.19548074864165   -0.456178963558575   -0.133765931553265   1
0.10183297874839   0.203414006802629   0.0524026340193309   0.00793325816097887   0
0.128399782965588   0.177501133021884   0.0265668042171979   -0.0259128737807451   0
0.13771939901597   0.183918692603552   0.00931961605038253   0.00641755958166856   0
0.279378371625668   0.199981499591212   0.141658972609698   0.0160628069876598   0
0.464933524074681   0.201860680689678   0.185555152449013   0.00187918109846547   0
0.513447371699735   0.184685813382783   0.0485138476250537   -0.017174867306895   0
0.54750792509866   0.213590917799072   0.0340605533989253   0.0289051044162895   0
0.706608892623501   0.246655068300902   0.159100967524841   0.0330641505018295   0
0.490863174261423   0.247311534891723   -0.215745718362078   0.00065646659082147   0
0.415328264661448   0.24660909119191   -0.0755349095999746   -0.000702443699812705   0
0.448636612523989   0.236496392155864   0.0333083478625409   -0.0101126990360469   0
0.435219759839371   0.233124612479656   -0.013416852684618   -0.00337177967620708   0
0.479397739989416   0.232957577932791   0.0441779801500451   -0.000167034546865286   0
0.588737501260757   0.230549905973436   0.109339761271341   -0.00240767195935554   0
0.61163977280714   0.231899444763916   0.022902271546383   0.00134953879048025   0
0.570291752480921   0.226061097093291   -0.0413480203262192   -0.00583834767062458   0
0.326009275138975   0.217055749251776   -0.244282477341946   -0.00900534784151502   0
0.33064512613816   0.229877101050235   0.00463585099918523   0.0128213517984588   0
0.36777854422712   0.239104730722523   0.0371334180889601   0.00922762967228744   0
0.395672197080184   0.237341119954429   0.0278936528530636   -0.00176361076809384   0
0.362969298739659   0.261807940595683   -0.0327028983405248   0.024466820641254   0
0.343754302222169   0.270591131253728   -0.0192149965174906   0.00878319065804578   0
0.335045633351697   0.257288954586672   -0.00870866887047134   -0.0133021766670566   0
0.365646081192948   0.242140450145783   0.0306004478412508   -0.0151485044408887   0
0.453091119706456   0.281246331256734   0.0874450385135078   0.0391058811109507   0
0.596057496592401   0.258419183994963   0.142966376885945   -0.0228271472617709   0
0.557903626603422   0.281591512769921   -0.0381538699889793   0.0231723287749577   0
0.514241828745737   0.278903480001502   -0.0436617978576844   -0.00268803276841884   0
0.500456886948316   0.281314324343999   -0.0137849417974206   0.00241084434249761   0
0.475316445082442   0.285083532339113   -0.0251404418658746   0.00376920799511354   0
0.640415804571561   0.293476455185799   0.165099359489119   0.00839292284668569   0
0.518781047574687   0.291721812808913   -0.121634756996874   -0.00175464237688611   0
0.532201787542056   0.287572034304273   0.013420739967369   -0.00414977850463916   0
0.214933770432313   0.303770801573341   -0.317268017109744   0.0161987672690674   0
0.226687689049957   0.303228020457279   0.0117539186176445   -0.000542781116061819   0
0.274962104225746   0.286388371186646   0.048274415175789   -0.0168396492706332   0
0.27559099433033   0.258749807706228   0.000628890104584001   -0.0276385634804178   0
0.389716082532002   0.268870258751707   0.114125088201672   0.0101204510454793   0
0.424365271367639   0.274368326547089   0.0346491888356373   0.00549806779538164   0
0.341828186443745   0.275406336116746   -0.0825370849238937   0.00103800956965688   0
0.177356280178121   0.276012558540839   -0.164471906265625   0.000606222424093084   0
0.211770160228702   0.284080619461637   0.0344138800505812   0.00806806092079848   0
0.233240823467034   0.296527136975707   0.021470663238332   0.0124465175140701   0
0.234685940067572   0.291458917266671   0.00144511660053823   -0.00506821970903681   0
0.214615600440695   0.298799100322039   -0.0200703396268771   0.00734018305536838   0
0.209309451745448   0.34774493536519   -0.00530614869524695   0.0489458350431507   1
0.301319573934652   0.399012143659676   0.0920101221892037   0.0512672082944863   1
0.120457890792928   0.349888859640747   -0.180861683141723   -0.0491232840189288   1
0.339420194884465   0.398635396889579   0.218962304091536   0.0487465372488321   0
0.334505943420624   0.325200629613401   -0.00491425146384072   -0.0734347672761783   0
0.33611009064005   0.319806369320843   0.00160414721942592   -0.0053942602925578   0
0.381693089694273   0.318308389966809   0.0455829990542228   -0.00149797935403423   0
0.343747939773064   0.350810954619326   -0.0379451499212085   0.0325025646525166   0
0.413349307130752   0.339854936592504   0.0696013673576881   -0.0109560180268211   0
0.415845960112985   0.343685328664172   0.00249665298223239   0.00383039207166763   0
0.457263853605159   0.358712988277885   0.0414178934921741   0.0150276596137128   0
0.480733820852299   0.389807880958685   0.0234699672471401   0.0310948926807996   0
0.50249890590862   0.34177062386965   0.0217650850563212   -0.0480372570890342   0
0.460923777107116   0.357427644976574   -0.0415751288015043   0.015657021106924   0
0.442728583786737   0.36121627956219   -0.0181951933203784   0.00378863458561546   0
0.416105458649619   0.37415273492494   -0.026623125137118   0.0129364553627504   0
0.440551129503046   0.398352731280987   0.0244456708534272   0.0241999963560472   0
0.490340717530782   0.392253713128646   0.0497895880277359   -0.00609901815234148   0
0.471150439206358   0.409133913130909   -0.0191902783244239   0.016880200002263   0
0.538420106441658   0.38162035851765   0.0672696672352998   -0.0275135546132584   0
0.542265009052797   0.375955405162713   0.00384490261113912   -0.00566495335493694   0
0.503727708745981   0.358377758540566   -0.038537300306816   -0.0175776466221478   0
0.539388802964504   0.360328422854557   0.035661094218523   0.00195066431399149   0
0.49934731862443   0.378716080504327   -0.0400414843400743   0.01838765764977   0
0.499231082398346   0.389248808005638   -0.00011623622608381   0.0105327275013107   0
0.528769113344098   0.389584467712475   0.0295380309457522   0.000335659706837133   0
0.524530041468835   0.380471363772623   -0.00423907187526362   -0.0091131039398516   0
0.484346219014234   0.371217038191908   -0.0401838224546007   -0.00925432558071543   0
0.513996900158513   0.363305941746171   0.0296506811442786   -0.00791109644573657   0
0.543025301094812   0.363578947374738   0.0290284009362995   0.000273005628566581   0
0.504812817655985   0.383696418800723   -0.0382124834388277   0.0201174714259852   0
0.519581674339694   0.398589153392488   0.0147688566837095   0.0148927345917643   0
0.551435837963769   0.388455327345694   0.0318541636240744   -0.0101338260467939   0
