0.0321375233397115   0.127411364157559   0   0   0
0.0282150541572702   0.0895856952655947   -0.00392246918244131   -0.0378256688919639   0
0.128360111072847   0.0749173080787244   0.100145056915577   -0.0146683871868703   0
0.038362393612104   0.1034786618106   -0.0899977174607429   0.0285613537318755   0
0.0503406259069988   0.110113505909278   0.0119782322948948   0.00663484409867769   0
0.03509038167789   0.125458672504634   -0.0152502442291088   0.0153451665953564   0
0.0625156677325772   0.0955937904579712   0.0274252860546872   -0.0298648820466628   0
0.0425265044246809   0.0901668137984952   -0.0199891633078963   -0.00542697665947602   0
0.0823714917903639   0.0714211789271867   0.039844987365683   -0.0187456348713084   0
0.0334507628630461   0.087427409461339   -0.0489207289273178   0.0160062305341522   0
0.0968043529115298   0.0660205655883015   0.0633535900484836   -0.0214068438730374   0
0.0413690916430371   0.0662694726336765   -0.0554352612684927   0.00024890704537496   0
0.0425518806333845   0.0454607849552691   0.00118278899034739   -0.0208086876784074   0
0.0472842149244333   0.0308067451124218   0.00473233429104882   -0.0146540398428473   0
0.0306733734163688   0.033019724635483   -0.0166108415080645   0.00221297952306122   0
0.0156827485326256   0.038967321820894   -0.0149906248837432   0.00594759718541102   0
0.0526343709853694   0.018765804498209   0.0369516224527438   -0.0202015173226851   0
0.0511351980305647   0.0274100531794449   -0.00149917295480467   0.00864424868123597   0
0.0245126807905652   0.0291216462866971   -0.0266225172399995   0.00171159310725218   0
0.0681682782888435   0.0167661766323602   0.0436555974982783   -0.012355469654337   0
0.00450523961849268   0.0104603276049065   -0.0636630386703508   -0.00630584902745366   0
0.0149618048380117   0.0161172565701673   0.010456565219519   0.00565692896526077   0
0.0365603566911213   0.0177603364134565   0.0215985518531096   0.00164307984328926   0
0.0726844672323843   0.0232299964759446   0.036124110541263   0.0054696600624881   0
0.077504889180606   0.0356120010851679   0.00482042194822167   0.0123820046092233   0
0.0456273896363534   0.0243693786530561   -0.0318774995442525   -0.0112426224321118   0
0.0582626606024801   0.0211882377509315   0.0126352709661267   -0.00318114090212454   0
0.0560291190473526   0.021134292890466   -0.00223354155512748   -5.39448604655705e-05   0
0.0495383476460184   0.0209431938169474   -0.00649077140133415   -0.000191099073518532   0
0.0456138272231612   0.0156808279986262   -0.00392452042285726   -0.00526236581832121   0
0.109367791101183   0.0144421698716164   0.0637539638780217   -0.0012386581270098   0
0.0601561547271765   0.00937972911657101   -0.0492116363740063   -0.00506244075504541   0
0.0655945414277743   0.0128019260996783   0.0054383867005978   0.00342219698310731   0
0.0443294856541208   0.0117780860872098   -0.0212650557736535   -0.00102384001246852   0
0.122164499518993   0.0254857669467685   0.0778350138648725   0.0137076808595587   0
0.169773637726193   0.05472222311004   0.0476091382072002   0.0292364561632715   0
0.0766366552418593   0.0519446107939505   -0.0931369824843342   -0.00277761231608952   0
0.0992165290567051   0.0297659207224138   0.0225798738148458   -0.0221786900715367   0
0.115658162296874   0.0269993457912409   0.0164416332401687   -0.00276657493117289   0
0.0688140949572106   0.0233311964525504   -0.0468440673396632   -0.00366814933869055   0
0.107042510861153   0.0313472338652472   0.0382284159039421   0.00801603741269679   0
0.146856463342442   0.0340698908336232   0.0398139524812893   0.00272265696837598   0
0.100506171390467   0.0279989797484605   -0.0463502919519746   -0.00607091108516269   0
0.132942463546227   0.0392832210385901   0.03243629215576   0.0112842412901296   0
0.140638678562265   0.0271834353901287   0.00769621501603723   -0.0120997856484614   0
0.0867090793660041   0.0217587531006771   -0.0539295991962605   -0.00542468228945158   0
0.0591302708749081   0.0263094929157215   -0.027578808491096   0.00455073981504441   0
0.0859739102835855   0.0314976269440255   0.0268436394086774   0.00518813402830398   0
0.13579255236772   0.0392902827034243   0.0498186420841346   0.00779265575939878   0
0.101273891519335   0.0269626991806737   -0.0345186608483852   -0.0123275835227506   0
0.13299757181603   0.0462347114997488   0.0317236802966949   0.0192720123190751   0
0.113431946465976   0.0497865966503536   -0.019565625350054   0.00355188515060484   0
0.101644145648532   0.0456681845839639   -0.0117878008174437   -0.00411841206638967   0
0.105385473408151   0.0405448357049945   0.00374132775961844   -0.00512334887896938   0
0.143679954246582   0.0598541848443991   0.0382944808384318   0.0193093491394046   0
0.134151951476115   0.0504777464300359   -0.009528002770467   -0.00937643841436327   0
0.131643725111264   0.0504662594729142   -0.00250822636485148   -1.14869571216994e-05   0
0.130378466974497   0.0458295768672724   -0.00126525813676687   -0.00463668260564182   0
0.0963775170292538   0.0445848511158779   -0.0340009499452432   -0.00124472575139444   0
0.149111662989083   0.055067878343794   0.0527341459598297   0.0104830272279161   0
0.138853130848029   0.0577987084678585   -0.010258532141054   0.00273083012406447   0
0.13413489222719   0.0607361389935185   -0.00471823862083903   0.00293743052565999   0
0.147304552255591   0.0455620125879553   0.0131696600284001   -0.0151741264055632   0
0.17119882641391   0.0613181096275442   0.0238942741583192   0.0157560970395889   0
0.183316259712607   0.0777781098500246   0.0121174332986973   0.0164600002224805   0
0.174505406374158   0.104421226898031   -0.00881085333844911   0.026643117048006   0
0.21693057839514   0.109413177925285   0.0424251720209821   0.00499195102725403   0
0.20408631309669   0.124916755027508   -0.0128442652984505   0.0155035771022236   0
0.239885295321014   0.121543026209405   0.0357989822243242   -0.00337372881810369   0
0.224391088689146   0.120597913536351   -0.0154942066318682   -0.000945112673053403   0
0.219902545859046   0.12052048868811   -0.00448854283009917   -7.74248482409284e-05   0
0.201104582445279   0.116326537452212   -0.0187979634137675   -0.00419395123589814   0
0.195627616913091   0.112066466574484   -0.00547696553218804   -0.0042600708777278   0
0.197524248272197   0.103341396273275   0.00189663135910581   -0.00872507030120956   0
0.224017908206152   0.0986672730446753   0.0264936599339554   -0.00467412322859945   0
0.225962080079136   0.113057672043343   0.00194417187298418   0.0143903989986673   0
0.213202944989158   0.135197654196122   -0.0127591350899782   0.0221399821527796   0
0.227134829044623   0.12667142785964   0.0139318840554646   -0.00852622633648209   0
0.235717880254108   0.142623337209098   0.00858305120948527   0.0159519093494577   0
0.233247495461666   0.128988423540874   -0.00247038479244183   -0.0136349136682233   0
0.267305819051138   0.133020884276997   0.0340583235894723   0.00403246073612212   0
0.21541036071856   0.122753763146922   -0.0518954583325788   -0.0102671211300745   0
0.264382015782541   0.119849769079919   0.0489716550639818   -0.0029039940670026   0
0.278302916852627   0.126396273453384   0.0139209010700851   0.0065465043734641   0
0.301123205868379   0.124007928411357   0.0228202890157522   -0.00238834504202658   0
0.309784534819364   0.124261347217753   0.00866132895098565   0.000253418806395789   0
0.313460681472685   0.13321761618552   0.0036761466533205   0.00895626896776681   0
0.339452035696798   0.167552897934063   0.0259913542241128   0.0343352817485433   0
0.299949757024072   0.146224394324519   -0.0395022786727253   -0.0213285036095436   0
0.307448967980525   0.140293628380562   0.00749921095645284   -0.00593076594395728   0
0.317527676782875   0.138387712603974   0.01007870880235   -0.00190591577658836   0
0.290612837184337   0.139022317823434   -0.0269148395985381   0.000634605219460765   0
0.311930499134631   0.13637850642418   0.0213176619502939   -0.00264381139925476   0
0.32665477549866   0.131057512883285   0.014724276364029   -0.00532099354089427   0
0.321125981789032   0.153358444209668   -0.00552879370962756   0.0223009313263831   0
0.31651189495436   0.139809779447729   -0.00461408683467218   -0.0135486647619399   0
0.270793836456239   0.126223280253375   -0.0457180584981217   -0.0135864991943533   0
0.32607877578323   0.118755642325428   0.0552849393269914   -0.00746763792794716   0
0.318690193041267   0.134639802636516   -0.00738858274196308   0.015884160311088   0
0.344466309135596   0.136218912978338   0.025776116094329   0.00157911034182187   0
0.347227359941264   0.141568626568495   0.00276105080566791   0.0053497135901571   0
0.352379126302396   0.145148334601719   0.00515176636113218   0.00357970803322372   0
0.356168367216068   0.128967821270162   0.00378924091367211   -0.0161805133315566   0
0.341532518753281   0.144247868095763   -0.0146358484627875   0.0152800468256003   0
0.357373137677918   0.143359266056201   0.0158406189246371   -0.000888602039561953   0
0.451454480943539   0.138377266866653   0.094081343265621   -0.0049819991895472   0
0.493277623817217   0.242273492132739   0.0418231428736784   0.103896225266086   0
0.451093443588532   0.232031820871454   -0.0421841802286853   -0.0102416712612851   0
0.34674726169594   0.146276390942532   -0.104346181892592   -0.0857554299289218   0
0.373855123563246   0.183414965749516   0.0271078618673058   0.0371385748069841   0
0.430269559463704   0.209040872065752   0.056414435900458   0.0256259063162355   0
0.4190832026243   0.21196328000895   -0.0111863568394042   0.00292240794319812   0
0.420333747204778   0.192967908792116   0.0012505445804778   -0.0189953712168336   0
0.397832038929798   0.19617027195348   -0.0225017082749801   0.00320236316136421   0
0.389311780974632   0.177180171022324   -0.00852025795516542   -0.0189901009311565   0
0.398831533840743   0.190920499001423   0.00951975286611118   0.0137403279790994   0
0.407550876083269   0.196647437870297   0.00871934224252557   0.0057269388688741   0
0.399897238221321   0.210099354008145   -0.00765363786194789   0.0134519161378479   0
0.385748943498501   0.187557196170135   -0.0141482947228196   -0.0225421578380104   0
0.424358897795687   0.205039433730935   0.0386099542971857   0.0174822375608001   0
0.394886570411711   0.199089093009141   -0.0294723273839761   -0.00595034072179376   0
0.361857924611359   0.190864933560889   -0.0330286458003519   -0.00822415944825247   0
0.412017830383589   0.20244483397855   0.0501599057722301   0.0115799004176607   0
0.358062927586423   0.182899487048768   -0.053954902797166   -0.0195453469297814   0
0.349267527117481   0.155258940087487   -0.0087954004689425   -0.0276405469612807   0
0.311853056340466   0.147345218739233   -0.0374144707770143   -0.0079137213482541   0
0.312990602179698   0.139030609269047   0.0011375458392317   -0.00831460947018597   0
0.314568387846729   0.148097810061324   0.00157778566703087   0.00906720079227669   0
0.337359119012761   0.165981507208341   0.022790731166032   0.0178836971470168   0
0.367104319455982   0.177271714933524   0.0297452004432217   0.0112902077251829   0
0.360448028635808   0.180516709815186   -0.00665629082017483   0.00324499488166208   0
0.336396004750925   0.156013878289529   -0.0240520238848826   -0.0245028315256567   0
0.364129251748071   0.169473447914976   0.0277332469971459   0.0134595696254466   0
0.370394459618391   0.171132830749071   0.00626520787032031   0.00165938283409478   0
0.332594556341667   0.170995321738352   -0.0377999032767241   -0.000137509010718573   0
0.332594321195492   0.166745476337261   -2.35146175364687e-07   -0.00424984540109119   0
0.345075912597866   0.180389018999217   0.0124815914023741   0.0136435426619566   0
0.346884638343412   0.16472809189028   0.00180872574554652   -0.0156609271089375   0
0.327477455734834   0.157981819140882   -0.0194071826085787   -0.00674627274939743   0
0.362217947557006   0.175241056704936   0.0347404918221724   0.0172592375640533   0
0.369037918398855   0.164283874525355   0.00681997084184899   -0.010957182179581   0
0.360518122010531   0.150666619768854   -0.00851979638832423   -0.0136172547565005   0
0.342876407884014   0.148240279202938   -0.0176417141265166   -0.00242634056591629   0
0.359000724952262   0.168466050146676   0.0161243170682482   0.0202257709437385   0
0.328164075863243   0.170414582034109   -0.0308366490890198   0.00194853188743238   0
0.328859740477548   0.152132450284372   0.00069566461430498   -0.0182821317497369   0
0.353084383485745   0.168468476230488   0.0242246430081977   0.0163360259461161   0
0.367523232994174   0.158659960555625   0.0144388495084288   -0.00980851567486299   0
0.393779834309173   0.185766069294698   0.0262566013149992   0.0271061087390728   0
0.384351968937275   0.18380697549868   -0.00942786537189833   -0.00195909379601747   0
0.387908246866802   0.178613390254097   0.00355627792952667   -0.00519358524458299   0
0.389763926437628   0.157899387347497   0.00185567957082661   -0.0207140029066001   0
0.387489175055443   0.174438773169843   -0.00227475138218486   0.0165393858223459   0
0.391291524924078   0.16991589506945   0.00380234986863409   -0.00452287810039273   0
0.383325544035951   0.157816964022566   -0.00796598088812689   -0.0120989310468841   0
0.394664341032085   0.164044660758039   0.0113387969961345   0.00622769673547235   0
0.385712825830304   0.184006919210535   -0.00895151520178117   0.0199622584524967   0
0.383245695083206   0.165172043999045   -0.00246713074709765   -0.0188348752114903   0
0.382130798986211   0.166497527242456   -0.00111489609699533   0.00132548324341125   0
0.374805974343766   0.154028434438433   -0.00732482464244527   -0.0124690928040236   0
0.357124884413576   0.160837788634621   -0.0176810899301897   0.00680935419618814   0
0.360666330786352   0.156661645044097   0.00354144637277565   -0.0041761435905244   0
0.354323296381835   0.160754269160923   -0.00634303440451617   0.00409262411682651   0
0.367316566367486   0.157594050982461   0.0129932699856509   -0.00316021817846213   0
0.367544922385019   0.15860857369705   0.000228356017533071   0.00101452271458891   0
0.378444068339154   0.157070943654969   0.0108991459541342   -0.00153763004208066   0
0.388823368669426   0.163602904224383   0.0103793003302719   0.00653196056941338   0
0.372927250564517   0.148935446601581   -0.0158961181049086   -0.0146674576228012   0
0.359436477663648   0.14855082722767   -0.0134907729008691   -0.000384619373911571   0
0.361616951546744   0.165803166067034   0.00218047388309589   0.0172523388393643   0
0.293796292179207   0.158307982752766   -0.0678206593675367   -0.00749518331426832   0
0.362250080626478   0.176074013351921   0.0684537884472712   0.0177660305991553   0
0.334524667395754   0.15989614607324   -0.027725413230724   -0.0161778672786808   0
0.354199722646236   0.147372305218764   0.0196750552504816   -0.0125238408544764   0
0.377842794962733   0.163060695431494   0.0236430723164973   0.0156883902127303   0
0.363269106376755   0.160674544303757   -0.0145736885859779   -0.00238615112773707   0
0.380468129779618   0.16008708713708   0.0171990234028624   -0.000587457166677213   0
0.372013411392609   0.154146980407216   -0.0084547183870089   -0.00594010672986431   0
0.368686095535064   0.159047266509999   -0.00332731585754525   0.00490028610278295   0
0.34869301986813   0.15963800344001   -0.0199930756669335   0.000590736930011021   0
0.345398295206983   0.158187826475657   -0.00329472466114727   -0.00145017696435273   0
0.336589560285461   0.157695548943566   -0.00880873492152173   -0.00049227753209119   0
0.351016272138843   0.146146371461636   0.0144267118533816   -0.0115491774819296   0
0.345835207921204   0.160911332286457   -0.00518106421763853   0.0147649608248207   0
0.347636388023581   0.165137784116749   0.00180118010237662   0.00422645183029222   0
0.345808240460378   0.165117268895352   -0.00182814756320282   -2.05152213968995e-05   0
0.337534901595746   0.165117268895352   -0.00827333886463177   0   0
0.335331276025714   0.164577736470368   -0.00220362557003206   -0.00053953242498378   0
0.351017444436085   0.165031611633567   0.0156861684103708   0.000453875163198725   0
0.336071516432872   0.164308331441196   -0.0149459280032131   -0.000723280192370807   0
0.356198707972109   0.181148892975426   0.0201271915392376   0.0168405615342302   0
0.362575728410714   0.187140552788031   0.00637702043860483   0.00599165981260499   0
0.368194101469877   0.185185654382298   0.00561837305916274   -0.00195489840573326   0
0.359599598509885   0.190565187555624   -0.00859450295999209   0.0053795331733254   0
0.392622503040885   0.206870432041281   0.0330229045310005   0.0163052444856573   0
0.378987707090319   0.204434861857047   -0.0136347959505662   -0.00243557018423363   0
0.384809055032805   0.203048906735551   0.00582134794248534   -0.00138595512149628   0
0.377208387337835   0.20465053664515   -0.00760066769496975   0.00160162990959933   0
0.382238513069379   0.199716236547566   0.00503012573154443   -0.00493430009758464   0
0.364215092553822   0.204739176216643   -0.0180234205155575   0.00502293966907733   0
0.375734307890398   0.211662117374106   0.0115192153365758   0.00692294115746339   0
0.360352116550868   0.210666706947259   -0.0153821913395301   -0.000995410426846949   0
0.362884231702288   0.218696980607352   0.00253211515142071   0.00803027366009257   0
0.382410697218789   0.228230296893423   0.0195264655165004   0.00953331628607093   0
0.357828283981521   0.22061917584431   -0.0245824132372677   -0.00761112104911313   0
0.358487859504684   0.231232774158644   0.000659575523162981   0.0106135983143342   0
0.360729495832919   0.229779279280139   0.00224163632823532   -0.00145349487850532   0
0.365299272533152   0.242122743654231   0.00456977670023262   0.0123434643740924   0
0.371675032298593   0.241933931519558   0.00637575976544097   -0.000188812134673477   0
0.351953906248304   0.249656719956624   -0.0197211260502888   0.007722788437066   0
0.366367726346754   0.255558659434703   0.0144138200984499   0.00590193947807932   0
0.373941246349798   0.254290067039474   0.00757352000304357   -0.00126859239522931   0
0.376964246973423   0.259718240466953   0.00302300062362565   0.00542817342747931   0
0.378861856798535   0.263890338012502   0.00189760982511172   0.00417209754554893   0
0.384072920557086   0.26960053229436   0.00521106375855146   0.00571019428185859   0
0.383266852781988   0.26703961434694   -0.000806067775098507   -0.00256091794742036   0
0.384296054560751   0.267408262990923   0.00102920177876353   0.000368648643982616   0
0.37886070760901   0.262587370442697   -0.00543534695174108   -0.0048208925482261   0
0.367024553927707   0.27450033001257   -0.0118361536813032   0.0119129595698736   0
0.380889522404164   0.274432009470943   0.0138649684764572   -6.83205416268096e-05   0
0.401846105365425   0.282649751478557   0.0209565829612604   0.00821774200761344   0
0.373098737370967   0.270109809429077   -0.0287473679944574   -0.0125399420494796   0
0.396926311098723   0.272364574992766   0.0238275737277554   0.00225476556368853   0
0.382528653651253   0.279915296773881   -0.0143976574474701   0.00755072178111532   0
0.433587202090756   0.276449923631844   0.0510585484395034   -0.00346537314203699   0
0.404795633501598   0.302260762811269   -0.028791568589158   0.0258108391794244   0
0.409983547421125   0.293659655980052   0.00518791391952722   -0.00860110683121657   0
0.42090630189781   0.297680312155511   0.0109227544766844   0.00402065617545899   0
0.397886569868461   0.281103484728085   -0.0230197320293481   -0.0165768274274264   0
0.421096061110301   0.289116869794708   0.0232094912418391   0.00801338506662314   0
0.365196118722396   0.26598748545723   -0.0558999423879043   -0.023129384337478   0
0.393561898477307   0.284907917643969   0.0283657797549112   0.0189204321867391   0
0.409871275730369   0.28234178365184   0.0163093772530613   -0.00256613399212868   0
0.393443385758358   0.284695070749548   -0.0164278899720108   0.0023532870977076   0
0.392045736955524   0.282608611776181   -0.00139764880283377   -0.00208645897336707   0
0.396080201770189   0.294854518874535   0.0040344648146648   0.0122459070983538   0
0.374111071939658   0.292023693756213   -0.0219691298305308   -0.00283082511832145   0
0.373396384019185   0.306281698125472   -0.0007146879204733   0.0142580043692586   0
0.393193281225659   0.296938126827463   0.019796897206474   -0.00934357129800861   0
0.38824809868718   0.307474880303237   -0.00494518253847909   0.0105367534757742   0
0.395165246046613   0.320198932690289   0.00691714735943361   0.0127240523870515   0
0.381104149741786   0.319020636635316   -0.0140610963048268   -0.00117829605497233   0
0.396058300125436   0.318285862645991   0.0149541503836496   -0.000734773989325588   0
0.404448632498615   0.308101687299826   0.00839033237317932   -0.0101841753461644   0
0.396782267080687   0.304192164529599   -0.00766636541792798   -0.00390952277022755   0
0.385468335411613   0.31111377231433   -0.0113139316690741   0.00692160778473078   0
0.391992649919817   0.304931006545841   0.0065243145082034   -0.00618276576848809   0
0.358866502538548   0.301809707532747   -0.0331261473812682   -0.0031212990130941   0
0.379653239891151   0.310232106799877   0.0207867373526028   0.00842239926712918   0
0.386814741556866   0.314339071022821   0.00716150166571455   0.00410696422294426   0
