0.144125376460081   0.19893440202803   0   0   0
0.106547995149651   0.195284939322647   -0.03757738131043   -0.00364946270538313   0
0.0944636739363471   0.188914424402294   -0.0120843212133036   -0.00637051492035334   0
0.110454142285566   0.190893436739585   0.0159904683492186   0.00197901233729134   0
0.131911162399435   0.183759175755253   0.0214570201138689   -0.00713426098433206   0
0.13841437681491   0.185344637275401   0.0065032144154758   0.00158546152014799   0
0.0542535681757682   0.141496043131151   -0.0841608086391422   -0.0438485941442502   0
0.0556272008611794   0.119903567467778   0.00137363268541121   -0.0215924756633728   0
0.0723406865597479   0.0850392832443483   0.0167134856985685   -0.0348642842234297   0
0.0340777027016626   0.0673870832706209   -0.0382629838580854   -0.0176521999737274   0
0.0406141212251355   0.0928579570994943   0.00653641852347291   0.0254708738288734   0
0.0396455301066287   0.0660834535308386   -0.000968591118506806   -0.0267745035686557   0
0.0386100656518802   0.0647417250040691   -0.00103546445474846   -0.0013417285267695   0
0.0414050583617038   0.077268618724389   0.00279499270982361   0.0125268937203199   0
0.0536586739852934   0.0675648319411253   0.0122536156235896   -0.00970378678326375   0
0.0343159863442813   0.0574881770346956   -0.0193426876410121   -0.0100766549064297   0
0.0633654206997792   0.0318723639982195   0.0290494343554979   -0.025615813036476   0
0.0253613038143172   0.0318723639982195   -0.038004116885462   0   0
0.0490478794219485   0.0291672131753371   0.0236865756076313   -0.00270515082288246   0
0.0449795235784918   0.032814597099995   -0.0040683558434567   0.00364738392465793   0
0.005445053553636   0.0182120052166833   -0.0395344700248558   -0.0146025918833117   0
0.0194147522172728   0.0134152379358325   0.0139696986636368   -0.00479676728085079   0
0.0585589941222525   0.00840153386553462   0.0391442419049796   -0.00501370407029791   0
0.0532214760118507   0.0401411244358576   -0.00533751811040176   0.0317395905703229   0
0.0351330495073855   0.0108553598656378   -0.0180884265044652   -0.0292857645702197   0
0.0227771943954584   0.0184109905966518   -0.0123558551119271   0.00755563073101397   0
0.0473877151009626   0.04490623514839   0.0246105207055043   0.0264952445517383   0
0.0620106657811348   0.048665969675945   0.0146229506801722   0.00375973452755499   0
0.0533261051434473   0.0414530521941389   -0.00868456063768744   -0.00721291748180616   0
0.0490121023349336   0.0350351892054974   -0.00431400280851377   -0.00641786298864147   0
0.0474446077572584   0.0279334723817095   -0.00156749457767521   -0.00710171682378793   0
0.0444491427092098   0.0328654266184847   -0.00299546504804854   0.00493195423677521   0
0.0659739047425571   0.0481061791302583   0.0215247620333473   0.0152407525117736   0
0.0868402214636167   0.0462244638396434   0.0208663167210596   -0.00188171529061492   0
0.0477360693173412   0.0468687986531018   -0.0391041521462756   0.000644334813458443   0
0.0600938990012297   0.0552819756173972   0.0123578296838886   0.00841317696429538   0
0.0781461501179041   0.0634653161064766   0.0180522511166744   0.0081833404890794   0
0.101562031968251   0.101537157541624   0.0234158818503467   0.038071841435147   0
0.0835533176194099   0.0523085351067586   -0.0180087143488409   -0.049228622434865   0
0.0646442703497696   0.0580556134933996   -0.0189090472696403   0.00574707838664096   0
0.0468162429619251   0.062480592240511   -0.0178280273878445   0.00442497874711138   0
0.023047372436536   0.0450404611384586   -0.0237688705253891   -0.0174401311020524   0
0.0535986977666435   0.0620209568970441   0.0305513253301075   0.0169804957585855   0
0.068627794558546   0.0491284112090448   0.0150290967919025   -0.0128925456879993   0
0.0239469426072411   0.0568111811005765   -0.0446808519513049   0.00768276989153169   0
0.0468332334532061   0.0470699145368355   0.022886290845965   -0.00974126656374099   0
0.0652955877650435   0.0626073344125918   0.0184623543118374   0.0155374198757563   0
0.0262871280900463   0.0456362244720203   -0.0390084596749972   -0.0169711099405715   0
0.0604976443452545   0.0466814694299593   0.0342105162552082   0.00104524495793901   0
0.0522980400644231   0.0270199776897576   -0.0081996042808314   -0.0196614917402017   0
0.0236358844705334   0.0420928678668121   -0.0286621555938897   0.0150728901770544   0
0.0337543479963693   0.0598462991009352   0.0101184635258359   0.0177534312341231   0
0.0260503581484017   0.0560660396895929   -0.00770398984796757   -0.00378025941134236   0
0.0451028961795138   0.058196028105662   0.0190525380311121   0.00212998841606915   0
0.0364210033099035   0.0407084741485418   -0.00868189286961032   -0.0174875539571202   0
0.0303208352690027   0.050125676547529   -0.00610016804090074   0.00941720239898717   0
0.0415460983482216   0.0837050344949603   0.0112252630792189   0.0335793579474313   0
0.0275373957274994   0.0702385251386481   -0.0140087026207222   -0.0134665093563122   0
0.0205346637746154   0.0631056622874089   -0.00700273195288401   -0.00713286285123921   0
0.0340538070837051   0.0310949937228648   0.0135191433090897   -0.0320106685645441   0
0.0935504641210294   0.083987134971452   0.0594966570373243   0.0528921412485873   0
0.0939562894680415   0.087914354722366   0.000405825347012112   0.00392721975091398   0
0.0338725271508785   0.0701093948572588   -0.060083762317163   -0.0178049598651072   0
0.0473735940728731   0.0605536596486538   0.0135010669219947   -0.00955573520860502   0
0.0657652364387326   0.0790407381942382   0.0183916423658595   0.0184870785455844   0
0.0578051812596414   0.0833492767806056   -0.00796005517909117   0.00430853858636744   0
0.0477086660973255   0.0984838983315166   -0.0100965151623159   0.015134621550911   0
0.0904754923630156   0.0857524849236598   0.0427668262656901   -0.0127314134078568   0
0.0269195230344076   0.109237711072001   -0.0635559693286081   0.0234852261483414   0
0.0247938519724064   0.113334814972673   -0.00212567106200119   0.00409710390067175   0
0.0337120614569979   0.110046023652879   0.00891820948459147   -0.00328879131979391   0
0.0302709993560188   0.113875791926204   -0.00344106210097908   0.00382976827332455   0
0.109229757369958   0.1467621987368   0.0789587580139397   0.0328864068105965   0
0.102344996188822   0.115334165365645   -0.00688476118113643   -0.0314280333711548   0
0.0817878877663435   0.111548642445175   -0.0205571084224786   -0.00378552292047067   0
0.0803779327135253   0.094703791085587   -0.0014099550528182   -0.0168448513595876   0
0.0483833424041012   0.0982606299272501   -0.0319945903094241   0.00355683884166313   0
0.0606743695448086   0.132314109224687   0.0122910271407074   0.0340534792974373   0
0.0951231054182946   0.11001430750799   0.034448735873486   -0.0222998017166978   0
0.0540311272513021   0.0933221269857931   -0.0410919781669926   -0.0166921805221965   0
0.0453109089833784   0.0746582746979529   -0.00872021826792371   -0.0186638522878402   0
0.0504900137313875   0.110152456942526   0.00517910474800914   0.0354941822445728   0
0.0546883985996994   0.114430473428519   0.00419838486831185   0.00427801648599326   0
0.104200885934334   0.109519834440479   0.0495124873346342   -0.00491063898803974   0
0.0742389475553095   0.119198447343658   -0.0299619383790241   0.00967861290317908   0
0.0530657838055748   0.1176521254347   -0.0211731637497348   -0.0015463219089579   0
0.0580582649972422   0.115557502568472   0.00499248119166745   -0.00209462286622809   0
0.0620710041222953   0.0574052615634882   0.00401273912505309   -0.0581522410049841   0
0.0722420271596112   0.0864186457161445   0.0101710230373159   0.0290133841526563   0
0.0544136250010969   0.0944289467064258   -0.0178284021585143   0.00801030099028127   0
0.0523072639705319   0.100712866649724   -0.00210636103056507   0.00628391994329777   0
0.0571103604732101   0.0993581974711951   0.00480309650267825   -0.00135466917852844   0
0.0590011290096215   0.0967391072025424   0.0018907685364114   -0.00261909026865265   0
0.0448225906378737   0.105002575842357   -0.0141785383717478   0.00826346863981488   0
0.072054570146616   0.0607979142927   0.0272319795087423   -0.0442046615496573   0
0.0494740425131563   0.095386021649519   -0.0225805276334596   0.0345881073568189   0
0.0348511988147108   0.0960784990706167   -0.0146228436984455   0.000692477421097779   0
0.0526340022209978   0.107272423927005   0.017782803406287   0.0111939248563879   0
0.0464294802926977   0.0927998334462406   -0.00620452192830014   -0.014472590480764   0
0.027004376436239   0.12187270093452   -0.0194251038564587   0.0290728674882796   0
0.0473687750452806   0.109146931867609   0.0203643986090416   -0.0127257690669111   0
0.0347823278974194   0.112339603831685   -0.0125864471478612   0.0031926719640762   0
0.0561345694616642   0.137141939415902   0.0213522415642448   0.0248023355842169   0
0.0589319342128366   0.0804225584971344   0.00279736475117242   -0.0567193809187679   0
0.0633332084571751   0.123805732461637   0.00440127424433855   0.0433831739645029   0
0.0427785893334504   0.134210170676378   -0.0205546191237247   0.0104044382147407   0
0.0465233015928577   0.154120824996535   0.00374471225940731   0.0199106543201568   0
0.0587085585444746   0.151963991729497   0.0121852569516169   -0.00215683326703819   0
0.0613812860163422   0.128775164691654   0.00267272747186755   -0.023188827037843   0
0.0720288522280482   0.117273711871246   0.010647566211706   -0.0115014528204077   0
0.0366611743985118   0.138826153735526   -0.0353676778295363   0.0215524418642805   0
0.0338924209017724   0.151132556410755   -0.00276875349673943   0.0123064026752285   0
0.0476123975482489   0.161732522633545   0.0137199766464765   0.0105999662227897   0
0.0519500297156797   0.14830232594887   0.00433763216743074   -0.0134301966846742   0
0.0516077688598538   0.145849299979816   -0.00034226085582581   -0.00245302596905392   0
0.0340914781904511   0.152364134287322   -0.0175162906694028   0.00651483430750521   0
0.0640201272472778   0.164875847134541   0.0299286490568267   0.0125117128472192   0
0.0730354631770101   0.174642318058267   0.00901533592973233   0.00976647092372643   0
0.0675376004570077   0.137300515313581   -0.00549786272000245   -0.037341802744686   0
0.0754034322186331   0.139758082232889   0.00786583176162546   0.00245756691930776   0
0.0686655378653659   0.162107338056648   -0.0067378943532672   0.0223492558237593   0
0.0463331592462677   0.157601808937112   -0.0223323786190982   -0.00450552911953628   0
0.0532453274752818   0.164548406608815   0.00691216822901412   0.00694659767170311   0
0.0506517545975458   0.159670058687094   -0.00259357287773603   -0.0048783479217214   0
0.0386748272515   0.146606750679232   -0.0119769273460458   -0.0130633080078618   0
0.0543573827884493   0.177326689704342   0.0156825555369493   0.03071993902511   0
0.0554623965650602   0.155348482194871   0.00110501377661092   -0.0219782075094715   0
0.0601502216352525   0.16321645967525   0.00468782507019232   0.00786797748037946   0
0.0840897698627776   0.156665410376828   0.0239395482275251   -0.00655104929842174   0
0.0663232899117565   0.125429870843322   -0.0177664799510211   -0.031235539533506   0
0.0485390280490916   0.166279322002737   -0.0177842618626649   0.040849451159415   0
0.0545980420721256   0.14471182808582   0.00605901402303404   -0.021567493916917   0
0.0516798130460289   0.170674787305338   -0.00291822902609671   0.0259629592195181   0
0.0748554491797357   0.162225724517422   0.0231756361337068   -0.00844906278791641   0
0.0569398419771086   0.172754787694148   -0.0179156072026271   0.0105290631767256   0
0.0223659439733918   0.18223796390893   -0.0345738980037168   0.00948317621478251   0
0.0347475050004802   0.16321736222501   0.0123815610270885   -0.0190206016839204   0
0.0650331193085   0.16321736222501   0.0302856143080198   0   0
0.0730951328953002   0.157641591891829   0.00806201358680018   -0.00557577033318052   0
0.0671697392950873   0.169325752610169   -0.00592539360021289   0.0116841607183394   0
0.0681742738330413   0.158475659152881   0.00100453453795396   -0.0108500934572879   0
0.0650959718425987   0.168422483419443   -0.00307830199044261   0.00994682426656224   0
0.0671868488783996   0.165410703958178   0.00209087703580088   -0.00301177946126485   0
0.0873108553512744   0.153585473941418   0.0201240064728748   -0.0118252300167599   0
0.0756171921661364   0.142792690961197   -0.011693663185138   -0.0107927829802207   0
0.0685711949166886   0.146492064057033   -0.00704599724944779   0.00369937309583615   0
0.0546099046477432   0.152003664533754   -0.0139612902689454   0.00551160047672045   0
0.0300673529876443   0.185973876690384   -0.0245425516600989   0.0339702121566297   0
0.0593592018135352   0.147328849477962   0.0292918488258909   -0.0386450272124215   0
0.057642563574953   0.155116760289628   -0.00171663823858218   0.00778791081166622   0
0.0314548105854329   0.154332578571409   -0.0261877529895201   -0.000784181718219701   0
0.0635376410362676   0.150561742564106   0.0320828304508347   -0.00377083600730299   0
0.047797280653715   0.167370374799425   -0.0157403603825526   0.0168086322353194   0
0.0480566820847101   0.151285557374465   0.000259401430995121   -0.0160848174249601   0
0.0501127080842774   0.156430377299104   0.00205602599956724   0.00514481992463903   0
0.0706181309218107   0.16665957434918   0.0205054228375333   0.0102291970500765   0
0.0496772666459216   0.126075316601714   -0.0209408642758891   -0.0405842577474661   0
0.0720149172908641   0.161454342251339   0.0223376506449425   0.0353790256496247   0
0.0740660472379214   0.140388952320936   0.00205112994705725   -0.0210653899304031   0
0.080875628266296   0.127387161353333   0.00680958102837464   -0.0130017909676032   0
0.0849904888322055   0.169347854836989   0.00411486056590944   0.0419606934836567   0
0.0683182807479082   0.175839272884359   -0.0166722080842973   0.0064914180473695   0
0.0501539534685951   0.166674383559412   -0.0181643272793131   -0.00916488932494677   0
0.0550864797834423   0.179452814080053   0.00493252631484725   0.0127784305206408   0
0.0594427861286204   0.218935356588423   0.00435630634517804   0.0394825425083704   0
0.051521305425022   0.182715362579266   -0.00792148070359837   -0.0362199940091575   0
0.0750836700123935   0.168862003046519   0.0235623645873715   -0.0138533595327469   0
0.0593673882317557   0.153967945893106   -0.0157162817806379   -0.0148940571534125   0
0.0694198107872068   0.193542544032578   0.0100524225554512   0.039574598139472   0
0.0544329394975147   0.193542544032578   -0.0149868712896921   0   0
0.0681547853166893   0.183929447077249   0.0137218458191745   -0.00961309695532941   0
0.0704064534152232   0.1688460625647   0.00225166809853397   -0.0150833845125491   0
0.060135676752906   0.1688460625647   -0.0102707766623172   0   0
0.0761359549645895   0.159658917929136   0.0160002782116835   -0.00918714463556405   0
0.0515947075150514   0.163853676914069   -0.0245412474495381   0.00419475898493293   0
0.0460258568203787   0.17438945647952   -0.00556885069467269   0.0105357795654516   0
0.0623311950066738   0.13566855993269   0.0163053381862951   -0.0387208965468299   0
0.0382393362521579   0.18725207096802   -0.0240918587545159   0.0515835110353299   0
0.0307149877598205   0.210918292216441   -0.00752434849233742   0.0236662212484207   0
0.058948952199149   0.233472041988436   0.0282339644393285   0.022553749771995   0
0.0381886737873268   0.17748673609456   -0.0207602784118222   -0.0559853058938759   0
0.0444604838162505   0.180398647733984   0.00627181002892369   0.00291191163942381   0
0.0449090245636665   0.173975596248504   0.000448540747415953   -0.00642305148547978   0
0.0794267844643103   0.214339675553833   0.0345177599006438   0.0403640793053292   0
0.0837258217099719   0.195693058922698   0.00429903724566162   -0.0186466166311353   0
0.0731624289181954   0.216806742390983   -0.0105633927917765   0.0211136834682849   0
0.0984367319686102   0.193563913471132   0.0252743030504147   -0.0232428289198505   0
0.0485980957430433   0.177586180137025   -0.0498386362255669   -0.015977733334107   0
0.0548057496569475   0.161271133053935   0.00620765391390423   -0.0163150470830903   0
0.053592973788828   0.187820046780822   -0.00121277586811953   0.0265489137268866   0
0.0412955663869622   0.179687060885898   -0.0122974074018658   -0.00813298589492334   0
0.039813083726328   0.199174898095047   -0.00148248266063421   0.0194878372091491   0
0.0286499228758142   0.179539586501111   -0.0111631608505138   -0.0196353115939361   0
0.0658498301283306   0.184675566997613   0.0371999072525165   0.00513598049650216   0
0.0720057754354468   0.211155861962059   0.0061559453071162   0.0264802949644453   0
0.0718021216206039   0.20781460164195   -0.0002036538148429   -0.00334126032010842   0
0.104066196080668   0.206006442091874   0.0322640744600639   -0.00180815955007665   0
0.0898829604835644   0.183848735677873   -0.0141832355971034   -0.0221577064140004   0
0.0903114769914101   0.17224406351977   0.000428516507845728   -0.0116046721581034   0
0.13114830006466   0.224948722984839   0.0408368230732495   0.0527046594650696   0
0.136127448854704   0.219775844351358   0.00497914879004419   -0.00517287863348101   0
0.0939663308485545   0.186560496846472   -0.0421611180061493   -0.0332153475048864   0
0.0681890690432125   0.176842758495655   -0.025777261805342   -0.00971773835081718   0
0.104846677093506   0.19095871378963   0.0366576080502939   0.0141159552939756   0
0.104370249416632   0.208086149997477   -0.00047642767687428   0.0171274362078465   0
0.114922749794895   0.202162727366724   0.0105525003782627   -0.00592342263075271   0
0.114885081860135   0.190254247848379   -3.76679347594971e-05   -0.0119084795183451   0
0.0973805594723095   0.145333618816644   -0.0175045223878259   -0.0449206290317351   0
0.102640199570733   0.194858729029879   0.00525964009842401   0.0495251102132354   0
0.0940526966168435   0.211008091447011   -0.00858750295389001   0.0161493624171312   0
0.0925597519360332   0.184985506841455   -0.00149294468081027   -0.0260225846055556   0
0.102000270351161   0.188289682523028   0.00944051841512811   0.00330417568157251   0
0.094154494232883   0.178440190876446   -0.00784577611827829   -0.0098494916465815   0
0.124571958335975   0.181116604074861   0.0304174641030924   0.00267641319841508   0
0.134435279790082   0.205273483928569   0.00986332145410647   0.0241568798537079   0
0.0760323710304368   0.164361820769727   -0.0584029087596451   -0.0409116631588416   0
0.101071258415882   0.200480183915524   0.0250388873854452   0.036118363145797   0
0.0881338961037126   0.183621639233377   -0.0129373623121695   -0.0168585446821473   0
0.0640992309586472   0.115911645451999   -0.0240346651450653   -0.0677099937813778   0
0.0617156641418862   0.163914506727166   -0.00238356681676102   0.0480028612751662   0
0.103277527987118   0.183221484162536   0.0415618638452321   0.0193069774353706   0
0.132071346916572   0.217302143036487   0.028793818929454   0.0340806588739511   0
0.0579203862941193   0.143817347113795   -0.074150960622453   -0.0734847959226927   0
0.0700334785046438   0.211594870862038   0.0121130922105245   0.0677775237482433   0
0.0872975725920492   0.182690845189188   0.0172640940874054   -0.0289040256728495   0
0.111505936536038   0.204590048771048   0.0242083639439886   0.0218992035818601   0
0.155868299692946   0.235879497737192   0.0443623631569081   0.0312894489661436   0
0.119403115756911   0.178288348535203   -0.0364651839360345   -0.0575911492019892   0
0.0837678944013158   0.145023997371125   -0.0356352213555956   -0.0332643511640782   0
0.134493799284363   0.177967672634843   0.0507259048830467   0.0329436752637178   0
0.207550015050879   0.213579755603147   0.0730562157665162   0.0356120829683044   0
0.130114166001384   0.205886474721052   -0.0774358490494951   -0.0076932808820947   0
0.106584692587839   0.159197310550312   -0.0235294734135448   -0.0466891641707403   0
0.121555077193684   0.168887305144444   0.0149703846058453   0.00968999459413181   0
0.153963690757561   0.174841040275081   0.0324086135638773   0.00595373513063713   0
0.145086200666841   0.188523694653225   -0.00887749009072031   0.0136826543781443   0
0.175434432234183   0.186841119176702   0.0303482315673415   -0.00168257547652345   0
0.127676722601616   0.151243036546158   -0.0477577096325666   -0.0355980826305437   0
0.149038187921519   0.159339772280095   0.021361465319903   0.00809673573393685   0
0.18070251331318   0.181675120645212   0.0316643253916611   0.0223353483651176   0
0.218754652808343   0.227063689047154   0.0380521394951635   0.0453885684019412   0
0.209997460619837   0.146105993999741   -0.00875719218850651   -0.0809576950474122   0
0.163633871154783   0.170560348368437   -0.0463635894650544   0.0244543543686953   0
0.218829228588984   0.20085041793634   0.0551953574342018   0.0302900695679034   0
0.290750583786801   0.237864718341019   0.0719213551978166   0.0370143004046793   0
0.238469747862994   0.234808828601273   -0.0522808359238069   -0.00305588973974619   0
0.23076923590039   0.221808346343014   -0.00770051196260382   -0.0130004822582591   0
0.31557634196812   0.272501904929989   0.08480710606773   0.0506935585869744   0
0.311664971506456   0.246754834764494   -0.0039113704616644   -0.025747070165495   0
0.24074552461018   0.220772947422374   -0.0709194468962757   -0.0259818873421191   0
