0.085085715970659   0.0514930264623764   0   0   0
0.06847613266152   0.0481010729751686   -0.016609583309139   -0.00339195348720779   0
0.0851189300060428   0.0530022313370626   0.0166427973445228   0.00490115836189394   0
0.114568169031112   0.0270469513743213   0.0294492390250691   -0.0259552799627413   0
0.0788779916550802   0.0234027221754222   -0.0356901773760318   -0.00364422919889904   0
0.0561084890692986   0.0342082649629077   -0.0227695025857816   0.0108055427874855   0
0.0961913976934775   0.0282820701969021   0.0400829086241789   -0.00592619476600558   0
0.121349093314825   0.0244351469997625   0.0251576956213471   -0.00384692319713968   0
0.0816801980334285   0.0185672947541127   -0.0396688952813961   -0.00586785224564978   0
0.0457441877022644   0.0360951919215357   -0.0359360103311641   0.0175278971674231   0
0.0708480258825184   0.0332977943710991   0.025103838180254   -0.00279739755043663   0
0.0819930937398639   0.025765037607328   0.0111450678573454   -0.00753275676377114   0
0.0798202337916061   0.0171656916275605   -0.00217285994825776   -0.0085993459797675   0
0.0440550230782718   0.0111166437353423   -0.0357652107133343   -0.00604904789221819   0
0.0217949844437253   0.020038235780909   -0.0222600386345465   0.00892159204556667   0
0.0326564376604507   0.0239422988030995   0.0108614532167253   0.00390406302219055   0
0.0473886527207358   0.0173748282969041   0.0147322150602851   -0.00656747050619539   0
0.0347668169219938   0.0269814100328245   -0.012621835798742   0.00960658173592034   0
0.031746503603308   0.0235753752674141   -0.00302031331868576   -0.00340603476541037   0
0.0121692916088812   0.0197573083709548   -0.0195772119944268   -0.00381806689645931   0
0.0121637315812918   0.0153836923532072   -5.56002758938905e-06   -0.00437361601774761   0
0.0233693699193919   0.00729419616280814   0.0112056383381001   -0.00808949619039904   0
0.0238798815406392   0.0156309925010546   0.000510511621247305   0.00833679633824646   0
0.0478363929532736   0.0142848952664178   0.0239565114126344   -0.00134609723463682   0
0.0143935873051245   0.0278162551869406   -0.033442805648149   0.0135313599205228   0
0.0407434157484176   0.0426622194172432   0.0263498284432931   0.0148459642303026   0
0.0133728735316124   0.0575538258086506   -0.0273705422168052   0.0148916063914075   0
0.0121833437571793   0.0447422103794057   -0.00118952977443311   -0.0128116154292449   0
0.0332459007962485   0.0353103619350963   0.0210625570390692   -0.00943184844430937   0
0.0302533338539114   0.0506541570413031   -0.00299256694233718   0.0153437951062068   0
0.0132727167267586   0.0633590356422429   -0.0169806171271527   0.0127048786009397   0
0.0159431638761226   0.0683476872859828   0.00267044714936394   0.00498865164373999   0
0.0574769873147793   0.0404890502903254   0.0415338234386567   -0.0278586369956574   0
0.0159160685118261   0.0341466315169041   -0.0415609188029532   -0.00634241877342136   0
0.01581020701351   0.0770713110204601   -0.00010586149831604   0.0429246795035561   0
0.0353905841693285   0.052399332228975   0.0195803771558185   -0.0246719787914851   0
0.0570306345940925   0.0532278163578734   0.021640050424764   0.000828484128898424   0
0.05648788314562   0.0504966910536473   -0.00054275144847251   -0.00273112530422617   0
0.0162459288820307   0.0622325662175761   -0.0402419542635893   0.0117358751639289   0
0.0377359898702574   0.070244901446831   0.0214900609882267   0.00801233522925485   0
0.0353709243555149   0.0616929374344625   -0.00236506551474249   -0.00855196401236854   0
0.0673594591647671   0.0454663478731523   0.0319885348092522   -0.0162265895613102   0
0.0548132255009282   0.0499400336094701   -0.012546233663839   0.00447368573631778   0
0.0193493042626173   0.0754376056744413   -0.0354639212383108   0.0254975720649712   0
0.0390360706985241   0.0750221794663585   0.0196867664359068   -0.000415426208082839   0
0.0552134048019371   0.0763774901267546   0.0161773341034129   0.00135531066039615   0
0.0342127633856245   0.0965991725438422   -0.0210006414163125   0.0202216824170876   0
0.0414962987676807   0.0848159137208637   0.00728353538205621   -0.0117832588229785   0
0.0785296703752951   0.0719380705366255   0.0370333716076144   -0.0128778431842383   0
0.066084957407886   0.0663177082588241   -0.0124447129674091   -0.0056203622778014   0
0.0265547314738678   0.0811644610358653   -0.0395302259340182   0.0148467527770413   0
0.0382315486828941   0.0948232212066881   0.0116768172090263   0.0136587601708227   0
0.0712737867795026   0.10415819202546   0.0330422380966085   0.00933497081877144   0
0.0711559531538128   0.0921664410388212   -0.000117833625689817   -0.0119917509866383   0
0.0110668502607639   0.0952822296842648   -0.0600891028930489   0.00311578864544368   0
0.0246578122746156   0.0921852956945548   0.0135909620138518   -0.00309693398971006   0
0.0753921831232634   0.0972477306420052   0.0507343708486478   0.00506243494745041   0
0.0862269329598601   0.0984513075891453   0.0108347498365967   0.00120357694714011   0
0.0489689277342059   0.0933233259612113   -0.0372580052256542   -0.00512798162793399   0
0.0463813844076646   0.12612765966279   -0.00258754332654126   0.0328043337015783   0
0.0656645319987557   0.099631290727675   0.0192831475910911   -0.0264963689351147   0
0.0494126219938793   0.117987639037708   -0.0162519100048764   0.0183563483100331   0
0.0463680793722001   0.142587760190453   -0.00304454262167918   0.0246001211527444   0
0.0570213372483123   0.127146521467852   0.0106532578761122   -0.0154412387226003   0
0.0656583778308481   0.121744361502463   0.00863704058253572   -0.00540215996538877   0
0.0669074729013404   0.144724811844212   0.00124909507049234   0.0229804503417483   0
0.0413653402775738   0.111467806591253   -0.0255421326237666   -0.0332570052529587   0
0.0912629947305249   0.12414091359714   0.0498976544529511   0.0126731070058866   0
0.0451111857898572   0.123972383749214   -0.0461518089406677   -0.000168529847925189   0
0.0687519079234482   0.137129946078801   0.023640722133591   0.013157562329587   0
0.0608757342286112   0.129003658698407   -0.00787617369483704   -0.00812628738039481   0
0.108182885421554   0.125304655969262   0.0473071511929428   -0.00369900272914511   0
0.0778179864399247   0.139219936705649   -0.0303648989816293   0.0139152807363877   0
0.0662312983398142   0.135723043851532   -0.0115866881001105   -0.00349689285411683   0
0.0837152557935179   0.111961413653656   0.0174839574537037   -0.0237616301978768   0
0.0976032014133729   0.120368466648267   0.013887945619855   0.00840705299461147   0
0.0466829184402972   0.143902507887545   -0.0509202829730757   0.023534041239278   0
0.08372745196354   0.136243919914156   0.0370445335232427   -0.00765858797338898   0
0.10008991174444   0.128430905292973   0.0163624597809003   -0.00781301462118356   0
0.0982806405060042   0.133794417016388   -0.00180927123843612   0.00536351172341487   0
0.0496368573084366   0.121158402224547   -0.0486437831975676   -0.012636014791841   0
0.0881816247763045   0.138517817273465   0.0385447674678679   0.0173594150489183   0
0.100174473349422   0.139493999948788   0.0119928485731174   0.000976182675323234   0
0.0940010608949819   0.140752036068311   -0.00617341245444   0.00125803611952247   0
0.0965338045934506   0.138169735626204   0.00253274369846869   -0.00258230044210697   0
0.0731228273982762   0.161962213678114   -0.0234109771951743   0.0237924780519102   0
0.101647573737189   0.185903190282106   0.0285247463389124   0.0239409766039924   0
0.113945888516305   0.164249249847579   0.0122983147791162   -0.021653940434527   0
0.0850200043726461   0.152921502502291   -0.0289258841436587   -0.0113277473452884   0
0.0922750132023339   0.176211872547524   0.00725500882968784   0.0232903700452337   0
0.136840750680542   0.160568799428041   0.0445657374782076   -0.0156430731194833   0
0.0997091784934126   0.153345080843314   -0.0371315721871289   -0.00722371858472717   0
0.0835221772156952   0.16394486797205   -0.0161870012777174   0.010599787128736   0
0.0630902520705608   0.18729476927881   -0.0204319251451344   0.0233499013067595   0
0.100432148361568   0.194714889070899   0.0373418962910072   0.00742011979208951   0
0.0970149957962397   0.190273340618319   -0.00341715256532832   -0.00444154845257957   0
0.0730554122683597   0.176474188933892   -0.0239595835278799   -0.0137991516844275   0
0.0895788315164917   0.182854970916147   0.0165234192481319   0.00638078198225511   0
0.116836912386421   0.184000526022686   0.0272580808699289   0.00114555510653852   0
0.103230822079817   0.179707894729176   -0.0136060903066032   -0.0042926312935099   0
0.0869753555422546   0.188370835624175   -0.0162554665375627   0.00866294089499967   0
0.127460684103295   0.171585200681879   0.0404853285610405   -0.0167856349422965   0
0.177360967973363   0.0298184131283843   0.0499002838700681   -0.141766787553495   0
0.105217538294193   0.0811513660914898   -0.0721434296791702   0.0513329529631055   0
0.10330852074679   0.0833709467985851   -0.00190901754740284   0.00221958070709527   0
0.139574662592967   0.0840616303573201   0.0362661418461764   0.00069068355873507   0
0.159536598484768   0.0950695557487385   0.019961935891801   0.0110079253914184   0
0.116437599479378   0.111840456057053   -0.04309899900539   0.0167709003083144   0
0.132029507704907   0.117911453245667   0.0155919082255288   0.00607099718861356   0
0.152190652847941   0.12873193310932   0.0201611451430344   0.0108204798636537   0
0.120292083277652   0.142682823705886   -0.0318985695702888   0.013950890596566   0
0.134898086382072   0.127578315073301   0.0146060031044196   -0.0151045086325851   0
0.179702787175937   0.120826597413245   0.0448047007938649   -0.00675171766005565   0
0.154452291878366   0.133572192264567   -0.0252504952975706   0.0127455948513217   0
0.124886370421476   0.14618735072284   -0.0295659214568906   0.0126151584582724   0
0.139926613123594   0.149509131162799   0.0150402427021187   0.00332178043995934   0
0.160915789773689   0.137609041276409   0.0209891766500946   -0.0119000898863897   0
0.152980102062589   0.152567321456408   -0.00793568771110026   0.0149582801799985   0
0.131287596310695   0.137278782713499   -0.0216925057518935   -0.015288538742909   0
0.160510870477111   0.127159530524298   0.0292232741664163   -0.0101192521892005   0
0.166804563249631   0.142047762906751   0.00629369277251926   0.0148882323824526   0
0.106125373846503   0.145872068581103   -0.0606791894031277   0.00382430567435219   0
0.171916478615984   0.132528969017362   0.0657911047694809   -0.0133430995637406   0
0.145673694900418   0.145080548035755   -0.026242783715566   0.0125515790183925   0
0.149933500861415   0.158325736435379   0.00425980596099745   0.0132451883996238   0
0.129405658584237   0.246617274534475   -0.0205278422771786   0.088291538099096   0
0.164615792629626   0.215352705845585   0.0352101340453893   -0.0312645686888899   0
0.126861014918162   0.218175873266347   -0.037754777711464   0.00282316742076216   0
0.166465009468597   0.225617961136741   0.0396039945504348   0.00744208787039399   0
0.163736279309138   0.202667393356652   -0.00272873015945888   -0.0229505677800888   0
0.159850148361677   0.222632005426   -0.00388613094746132   0.0199646120693478   0
0.170419665766014   0.225838842215528   0.0105695174043377   0.00320683678952768   0
0.200423547657579   0.204095949843058   0.0300038818915652   -0.0217428923724698   0
0.17298190919521   0.223081304338805   -0.0274416384623691   0.018985354495747   0
0.119314812487009   0.227040441580619   -0.0536670967082018   0.00395913724181415   0
0.150397902028253   0.238290880411484   0.0310830895412445   0.0112504388308646   0
0.156624614105638   0.223193667438259   0.0062267120773849   -0.015097212973225   0
0.184911992171438   0.21980794494863   0.0282873780658002   -0.00338572248962857   0
0.153537235424505   0.235363362626833   -0.0313747567469327   0.0155554176782027   0
0.145681537232554   0.254153299734004   -0.00785569819195148   0.0187899371071713   0
0.160756320389246   0.265020085268079   0.0150747831566923   0.0108667855340752   0
0.188674976370742   0.226853195282924   0.0279186559814956   -0.0381668899851551   0
0.162882944435475   0.284680402947591   -0.025792031935267   0.0578272076646664   0
0.165096875512319   0.257186737783663   0.00221393107684364   -0.0274936651639278   0
0.210446581168357   0.250795656813739   0.0453497056560388   -0.0063910809699233   0
0.170662365203726   0.248700583682412   -0.0397842159646312   -0.00209507313132731   0
0.163093885526251   0.249620846279037   -0.00756847967747476   0.00092026259662456   0
0.174756618383997   0.257463781693897   0.0116627328577457   0.00784293541485998   0
0.169668343900564   0.252980828676923   -0.00508827448343327   -0.00448295301697405   0
0.180092549625963   0.278001391698607   0.0104242057253993   0.0250205630216846   0
0.194434670075838   0.303548373827591   0.0143421204498749   0.0255469821289839   0
0.185784611732673   0.259013450100569   -0.00865005834316521   -0.044534923727022   0
0.154297608029094   0.293236855519139   -0.0314870037035787   0.0342234054185701   0
0.189301659540797   0.310963119101032   0.0350040515117033   0.0177262635818926   0
0.186419114901477   0.28121181670209   -0.00288254463932067   -0.0297513023989415   0
0.210281717603219   0.274531108026285   0.0238626027017423   -0.00668070867580484   0
0.180254292726304   0.298447563944008   -0.0300274248769154   0.0239164559177221   0
0.193518546065875   0.322096584119969   0.0132642533395708   0.0236490201759618   0
0.199727751268696   0.32386233466436   0.00620920520282123   0.00176575054439077   0
0.202526323766492   0.323685306880004   0.00279857249779636   -0.00017702778435591   0
0.231466748497014   0.302261501763787   0.028940424730522   -0.0214238051162169   0
0.205186051490276   0.296043194449965   -0.0262806970067386   -0.00621830731382195   0
0.197285189820422   0.338636658629939   -0.0079008616698534   0.0425934641799739   0
0.210871763671337   0.32389151067007   0.0135865738509144   -0.0147451479598694   0
0.265359620104491   0.311754948473481   0.0544878564331549   -0.0121365621965894   0
0.208344798219898   0.330217003205214   -0.0570148218845934   0.0184620547317338   0
0.198282106740497   0.347382978763745   -0.0100626914794006   0.0171659755585307   0
0.221186746427651   0.336931273262371   0.0229046396871536   -0.010451705501374   0
0.237653592820222   0.383235316634705   0.0164668463925712   0.0463040433723338   0
0.161393073836798   0.358572795918883   -0.0762605189834246   -0.0246625207158217   0
0.23032934858285   0.345383187014427   0.0689362747460523   -0.0131896089044563   0
0.226648713291018   0.354998404217713   -0.00368063529183188   0.00961521720328584   0
0.176240512297315   0.354635735561537   -0.0504082009937031   -0.000362668656175569   0
0.202264356100723   0.360885402303972   0.0260238438034079   0.00624966674243527   0
0.218033736041054   0.339623181031507   0.0157693799403312   -0.021262221272465   0
0.225305796880001   0.3093471955817   0.00727206083894666   -0.0302759854498074   0
0.17874350842015   0.345620258724098   -0.046562288459851   0.0362730631423982   0
0.206023372094594   0.362250972795771   0.0272798636744445   0.0166307140716729   0
0.245153747192333   0.374355669033087   0.0391303750977392   0.0121046962373157   0
0.187399490700962   0.363524668524397   -0.0577542564913712   -0.0108310005086901   0
0.212229597368079   0.36750041675243   0.0248301066671168   0.00397574822803365   0
0.207739450463947   0.381355968545741   -0.00449014690413241   0.0138555517933105   0
0.237484917333914   0.371913897654834   0.0297454668699677   -0.00944207089090732   0
0.232866181644219   0.459123570427352   -0.00461873568969526   0.0872096727725188   0
0.168243857531342   0.479229528158961   -0.0646223241128773   0.0201059577316082   0
0.241451152013037   0.512853698984623   0.0732072944816949   0.0336241708256622   0
0.23410229038713   0.491147814531684   -0.00734886162590687   -0.0217058844529383   0
0.182081673041765   0.493782075831788   -0.052020617345365   0.00263426130010386   0
0.19576022957905   0.475321566209918   0.0136785565372854   -0.0184605096218699   0
0.257310293313493   0.48452150645508   0.0615500637344425   0.00919994024516146   0
0.258892524954449   0.48612889936235   0.00158223164095644   0.00160739290727024   0
0.178474011150444   0.4920545574124   -0.0804185138040047   0.00592565805004946   0
0.217575381318862   0.47601748755114   0.0391013701684182   -0.0160370698612593   0
0.264379121333404   0.501852742657395   0.0468037400145411   0.0258352551062551   0
0.255705193158181   0.535042168732113   -0.00867392817522283   0.0331894260747172   0
0.224621548045332   0.504840045580271   -0.0310836451128482   -0.0302021231518417   0
0.274638735344605   0.516833877532046   0.0500171872992727   0.0119938319517751   0
0.235938237390027   0.48861032937045   -0.0387004979545778   -0.0282235481615957   0
0.220942210280538   0.516563429151977   -0.0149960271094891   0.027953099781527   0
0.24493055276958   0.49729562047589   0.0239883424890419   -0.0192678086760878   0
0.262757134218445   0.504998967468251   0.017826581448865   0.00770334699236164   0
0.268385058270636   0.511965686464923   0.00562792405219126   0.00696671899667201   0
0.204635865831165   0.50722492925846   -0.0637491924394718   -0.00474075720646294   0
0.218164382252489   0.534746493837538   0.0135285164213241   0.0275215645790777   0
0.285001214970112   0.523611092036771   0.0668368327176233   -0.0111354018007669   0
0.251031544373312   0.538943151113188   -0.0339696705968002   0.0153320590764167   0
0.227393921979568   0.530043401952378   -0.0236376223937435   -0.00889974916080993   0
0.290158498378404   0.524216303326871   0.0627645763988352   -0.00582709862550679   0
0.284498092357207   0.514059366428908   -0.00566040602119633   -0.0101569368979634   0
0.194741991923083   0.503637225413789   -0.0897561004341245   -0.0104221410151184   0
0.283919164948687   0.550513448027839   0.0891771730256048   0.0468762226140496   0
0.317311159067893   0.547657494301925   0.033391994119206   -0.0028559537259143   0
0.252991198403823   0.519686039456817   -0.0643199606640706   -0.0279714548451073   0
0.221582020670444   0.543595872637247   -0.0314091777333793   0.0239098331804297   0
0.247818185025121   0.561315547125679   0.0262361643546776   0.0177196744884317   0
0.295475382848648   0.587858355896214   0.0476571978235272   0.0265428087705355   0
0.239951632588701   0.579383890678063   -0.0555237502599475   -0.00847446521815098   0
0.246341163423092   0.565077602214952   0.00638953083439081   -0.0143062884631108   0
0.291079580916987   0.602490300629189   0.0447384174938955   0.0374126984142362   0
0.286932635264508   0.606724460403773   -0.00414694565247875   0.00423415977458474   0
0.245998509322687   0.569836227904123   -0.0409341259418215   -0.03688823249965   0
0.25603132671231   0.597603813585765   0.010032817389623   0.0277675856816419   0
0.303929152888355   0.595255193842103   0.0478978261760448   -0.00234861974366207   0
0.305091738616604   0.624366668284751   0.00116258572824973   0.0291114744426475   0
0.252793953074168   0.605171499779195   -0.052297785542436   -0.0191951685055559   0
0.360814784719418   0.179438384526434   0.10802083164525   -0.425733115252761   1
0.317974899940498   0.110208745154105   -0.0428398847789196   -0.0692296393723289   0
0.356025746850561   0.255049306786791   0.0380508469100629   0.144840561632686   0
0.30847953344812   0.39686533815568   -0.047546213402441   0.14181603136889   0
0.263882154959842   0.437740749843443   -0.0445973784882785   0.040875411687763   0
0.324143481427916   0.453397834522839   0.0602613264680746   0.015657084679396   0
0.388929397664615   0.489769415909222   0.0647859162366982   0.0363715813863822   0
0.294609513792494   0.464584027252875   -0.0943198838721202   -0.0251853886563466   0
0.287579281392054   0.507485913111142   -0.00703023240044076   0.0429018858582675   0
0.318279332916152   0.479619309759574   0.0307000515240978   -0.0278666033515687   0
0.299911665603101   0.522644648689719   -0.0183676673130503   0.0430253389301455   0
0.272218178404694   0.523785753968405   -0.0276934871984068   0.00114110527868527   0
0.327714459132618   0.52335316468447   0.0554962807279237   -0.000432589283934526   0
0.394126034235509   0.582708595879836   0.0664115751028914   0.0593554311953659   0
0.310257645585999   0.547981355504227   -0.08386838864951   -0.0347272403756089   0
0.305972189685723   0.552051104642722   -0.00428545590027635   0.00406974913849534   0
0.356908971713853   0.562383851352881   0.05093678202813   0.0103327467101592   0
0.390208418144358   0.538216025839068   0.0332994464305054   -0.0241678255138137   0
0.34351390793422   0.558652223234858   -0.0466945102101382   0.0204361973957905   0
0.308942639238241   0.561790814387571   -0.0345712686959792   0.00313859115271242   0
0.323049238776831   0.571906562058218   0.0141065995385899   0.0101157476706469   0
0.390602134214192   0.543086103235942   0.0675528954373609   -0.0288204588222759   0
0.306696542163357   0.555749244210012   -0.0839055920508346   0.0126631409740707   0
0.34765708654797   0.585866094846126   0.0409605443846124   0.0301168506361136   0
0.398949512864491   0.580993716835217   0.0512924263165209   -0.00487237801090923   0
