0.0373292166951036   0.0796174366463779   0   0   0
0.0923594875805491   0.0863790715217668   0.0550302708854455   0.00676163487538886   0
0.048512313016661   0.0893657287918585   -0.043847174563888   0.00298665727009169   0
0.0986611973007927   0.0702164978082074   0.0501488842841317   -0.019149230983651   0
0.133431273454004   0.0611002073387849   0.0347700761532109   -0.00911629046942256   0
0.210764958523369   0.095869385911575   0.0773336850693649   0.0347691785727902   0
0.114404834191734   0.0739702365470396   -0.0963601243316346   -0.0218991493645354   0
0.097016642014005   0.102871928342636   -0.017388192177729   0.0289016917955967   0
0.122562885729826   0.121689413161417   0.0255462437158211   0.0188174848187805   0
0.0967423686946925   0.0970707933971388   -0.0258205170351335   -0.0246186197642781   0
0.168705509191264   0.0782572271366837   0.0719631404965713   -0.0188135662604551   0
0.0966510417885001   0.0584710701805816   -0.0720544674027637   -0.0197861569561021   0
0.0854074905371213   0.0589638871569073   -0.0112435512513789   0.000492816976325708   0
0.120362149651571   0.0422305095097135   0.0349546591144497   -0.0167333776471938   0
0.0788699634340247   0.059589810955942   -0.0414921862175462   0.0173593014462285   0
0.101626835665881   0.0655738503892712   0.0227568722318563   0.00598403943332924   0
0.0586949233684132   0.0272742925771687   -0.0429319122974678   -0.0382995578121025   0
0.0778415361197506   0.0534602971692769   0.0191466127513373   0.0261860045921082   0
0.0965428533487555   0.0317312382495153   0.0187013172290049   -0.0217290589197617   0
0.160705820678388   0.0428712908076084   0.064162967329632   0.0111400525580931   0
0.00542974086766579   0.0141610841640921   -0.155276079810722   -0.0287102066435163   0
0.0637470824922721   0.010208078269361   0.0583173416246063   -0.00395300589473111   0
0.0175110070161297   0.00834224046247469   -0.0462360754761424   -0.00186583780688629   0
0.026493749376763   0.0160469636985233   0.00898274236063332   0.00770472323604862   0
0.0828553821733252   0.0304520268763526   0.0563616327965622   0.0144050631778293   0
0.0138492213472554   0.0242497806061725   -0.0690061608260698   -0.00620224627018008   0
0.113604133937959   0.0286369295946353   0.0997549125907038   0.00438714898846281   0
0.145662392802889   0.0568287148258308   0.0320582588649298   0.0281917852311955   0
0.04566389633026   0.0249805928418062   -0.0999984964726291   -0.0318481219840246   0
0.0326878712531177   0.0179308325718049   -0.0129760250771423   -0.0070497602700013   0
0.154495234466907   0.0378264288223856   0.121807363213789   0.0198955962505806   0
0.0597466580767879   0.0311093236491172   -0.0947485763901187   -0.00671710517326831   0
0.0368672351833335   0.0265303431887905   -0.0228794228934543   -0.00457898046032678   0
0.0821284818342955   0.0326845231627295   0.0452612466509619   0.00615417997393903   0
0.113286212620874   0.0138847192132439   0.0311577307865784   -0.0187998039494856   0
0.176326405442244   0.0373081364678337   0.0630401928213697   0.0234234172545897   0
0.0915349052873951   0.0273142885553514   -0.0847915001548485   -0.00999384791248227   0
0.0890585888330261   0.0394465569468125   -0.00247631645436908   0.0121322683914612   0
0.173056240062797   0.0227628848529245   0.0839976512297711   -0.016683672093888   0
0.0465505844402624   0.0160143742973812   -0.126505655622535   -0.00674851055554327   0
0.0285804686167389   0.0430974525303701   -0.0179701158235235   0.0270830782329888   0
0.06008518869309   0.0144480753024486   0.031504720076351   -0.0286493772279215   0
0.141835820534246   0.0160454253999388   0.0817506318411562   0.00159735009749017   0
0.0360419843318834   0.0164447602045454   -0.105793836202363   0.000399334804606636   0
0.0615926243551296   0.0318938304394831   0.0255506400232462   0.0154490702349377   0
0.0829023838554115   0.0265261610847669   0.021309759500282   -0.00536766935471625   0
0.0708918448217487   0.0276061095762333   -0.0120105390336628   0.00107994849146643   0
0.155060651883436   0.0206211670410527   0.0841688070616872   -0.00698494253518056   0
0.0564246300374083   0.0277311035490386   -0.0986360218460276   0.00710993650798584   0
0.0751131748605902   0.03718560761817   0.0186885448231819   0.00945450406913139   0
0.117161470788279   0.018695167385517   0.0420482959276884   -0.0184904402326529   0
0.17561558937981   0.0159506897476261   0.0584541185915315   -0.00274447763789092   0
0.105756910104072   0.0398138393719445   -0.0698586792757385   0.0238631496243184   0
0.0375000812594728   0.0164555621820512   -0.0682568288445988   -0.0233582771898934   0
0.0526157267949488   0.0409018929064719   0.015115645535476   0.0244463307244208   0
0.0389686048080643   0.0442585199413062   -0.0136471219868845   0.00335662703483428   0
0.0205061347948565   0.0367567154454121   -0.0184624700132078   -0.00750180449589407   0
0.0496997504034336   0.0666274366847097   0.0291936156085771   0.0298707212392976   0
0.0850067067067177   0.0270472766387394   0.0353069563032841   -0.0395801600459703   0
0.103320139961562   0.0201356844088424   0.0183134332548445   -0.00691159222989701   0
0.0834141918978473   0.0193741937891258   -0.0199059480637149   -0.000761490619716643   0
0.0751655490424303   0.0613008395805677   -0.008248642855417   0.0419266457914419   0
0.137934404895249   0.0330274466155666   0.0627688558528183   -0.0282733929650011   0
0.0407680146018764   0.0338165094231353   -0.0971663902933722   0.000789062807568748   0
0.0748251759846885   0.0291283158412051   0.0340571613828121   -0.00468819358193023   0
0.101732636752069   0.0229547273938883   0.0269074607673804   -0.00617358844731682   0
0.0948978783040156   0.0423689429533591   -0.00683475844805326   0.0194142155594708   0
0.07265331001939   0.0232240633312734   -0.0222445682846256   -0.0191448796220857   0
0.193083849209821   0.0281706058886035   0.120430539190431   0.0049465425573301   0
0.0811901199178176   0.0413389293538488   -0.111893729292003   0.0131683234652452   0
0.0684533087195881   0.0848447459073925   -0.0127368111982295   0.0435058165535437   0
0.0318947745841243   0.0529969194789792   -0.0365585341354638   -0.0318478264284134   0
0.0816035291329977   0.0657446850074447   0.0497087545488734   0.0127477655284656   0
0.134888177193926   0.0530224372467856   0.0532846480609284   -0.0127222477606592   0
0.0291361649455809   0.0809946891688226   -0.105752012248345   0.0279722519220371   0
0.121011637315043   0.061520574939954   0.0918754723694625   -0.0194741142288686   0
0.0383848521538445   0.0782684587534627   -0.082626785161199   0.0167478838135087   0
0.0256546345127542   0.0744858865114895   -0.0127302176410903   -0.0037825722419732   0
0.0246146738514996   0.0720366194017321   -0.00103996066125458   -0.00244926710975749   0
0.0199051269760733   0.0866919923817217   -0.00470954687542636   0.0146553729799897   0
0.0954462759843463   0.0577949115957668   0.075541149008273   -0.0288970807859549   0
0.193131007929385   0.0552074341028   0.0976847319450383   -0.00258747749296685   0
0.0347246952971455   0.0593535856941685   -0.158406312632239   0.00414615159136851   0
0.094857751678224   0.0412803643950123   0.0601330563810785   -0.0180732212991562   0
0.0590268034525918   0.0362794514304241   -0.0358309482256322   -0.00500091296458823   0
0.111787093200646   0.0530930252925467   0.0527602897480546   0.0168135738621226   0
0.0526332808341832   0.0374282384259866   -0.0591538123664632   -0.0156647868665601   0
0.0450280150306717   0.0849470242862574   -0.00760526580351149   0.0475187858602708   0
0.0716321796348715   0.0362290629435025   0.0266041646041998   -0.0487179613427548   0
0.0611503406783282   0.0302466443318924   -0.0104818389565433   -0.00598241861161011   0
0.0783968531640142   0.0326065670138701   0.017246512485686   0.00235992268197765   0
0.121465873569493   0.0355943735936459   0.0430690204054786   0.00298780657977582   0
0.0462937367846883   0.0619747660527452   -0.0751721367848045   0.0263803924590993   0
0.124148975310481   0.040751303149746   0.077855238525793   -0.0212234629029992   0
0.164518928040106   0.0477559633474711   0.0403699527296248   0.00700466019772504   0
0.088594956450114   0.0582999444029538   -0.0759239715899921   0.0105439810554827   0
0.0472876078946694   0.0795614207299775   -0.0413073485554446   0.0212614763270238   0
0.0410753830127   0.0675858394514894   -0.00621222488196944   -0.0119755812784881   0
0.183238256616323   0.0459042172968345   0.142162873603623   -0.0216816221546549   0
0.0495277545147415   0.0318645125907333   -0.133710502101582   -0.0140397047061012   0
0.179160716585084   0.0325376094709645   0.129632962070343   0.00067309688023124   0
0.0671824186951653   0.0442854950595229   -0.111978297889919   0.0117478855885583   0
0.0617732728109342   0.0813304358425553   -0.00540914588423116   0.0370449407830324   0
0.0709451580528235   0.0436575216446433   0.00917188524188928   -0.037672914197912   0
0.0808645650103462   0.0760779549163225   0.00991940695752271   0.0324204332716792   0
0.130442840613106   0.0732217219184701   0.0495782756027595   -0.00285623299785245   0
0.0654213950041575   0.0625696909618685   -0.0650214456089482   -0.0106520309566016   0
0.0988892842176826   0.0562565810353109   0.0334678892135251   -0.00631310992655759   0
0.118166477737126   0.0738430643084711   0.019277193519443   0.0175864832731602   0
0.036771705318568   0.0553018902975522   -0.0813947724185576   -0.0185411740109189   0
0.0326048095273443   0.0684051056586422   -0.00416689579122369   0.01310321536109   0
0.126219008889509   0.0651511188906415   0.0936141993621649   -0.00325398676800069   0
0.150921212155728   0.066316796313943   0.0247022032662192   0.00116567742330151   0
0.087216484244751   0.0584102213463748   -0.0637047279109774   -0.00790657496756816   0
0.15376039431431   0.0759364748030385   0.066543910069559   0.0175262534566637   0
0.0383077809122951   0.0682044406018772   -0.115452613402015   -0.00773203420116127   0
0.0315659651136552   0.0975459693863098   -0.00674181579863985   0.0293415287844326   0
0.0500857084532195   0.0772868166901219   0.0185197433395642   -0.020259152696188   0
0.0738822469575743   0.094187174984734   0.0237965385043549   0.0169003582946121   0
0.179618720723927   0.0851440077380706   0.105736473766352   -0.00904316724666339   0
0.106888736673375   0.103225061182399   -0.0727299840505522   0.0180810534443283   0
0.152241299702545   0.0858154713760135   0.0453525630291701   -0.0174095898063854   0
0.0790881109266115   0.0900878541959176   -0.0731531887759331   0.00427238281990402   0
0.117601169060261   0.0722941769747225   0.0385130581336492   -0.0177936772211951   0
0.210671048783643   0.0970492579180697   0.0930698797233822   0.0247550809433472   0
0.098647250025026   0.0882218312859124   -0.112023798758617   -0.0088274266321573   0
0.0856856209480914   0.0872727346478412   -0.0129616290769346   -0.000949096638071245   0
0.0888426071497792   0.103257443716228   0.00315698620168782   0.0159847090683868   0
0.0570716298527109   0.0826811801213154   -0.0317709772970683   -0.0205762635949126   0
0.0604516697080403   0.0837870834034847   0.00338003985532941   0.00110590328216932   0
0.0702316512005243   0.0815852166323195   0.00977998149248394   -0.00220186677116523   0
0.107825238205334   0.072775207042706   0.0375935870048097   -0.00881000958961344   0
0.13155857627211   0.0858462917874982   0.0237333380667758   0.0130710847447922   0
0.107153351950662   0.0920167656298393   -0.0244052243214474   0.00617047384234112   0
0.190335600611612   0.0898729931058047   0.0831822486609492   -0.00214377252403458   0
0.0606329174426112   0.106375940714591   -0.129702683169   0.0165029476087867   0
0.0233085646442032   0.0937782693787014   -0.0373243527984079   -0.0125976713358901   0
0.126449051972405   0.108856660116248   0.103140487328202   0.0150783907375463   0
0.0123426543023776   0.129185340583459   -0.114106397670027   0.0203286804672112   0
0.0332301085084837   0.0995009542650938   0.0208874542061061   -0.0296843863183652   0
0.0780983491298632   0.0811470834026355   0.0448682406213795   -0.0183538708624583   0
0.151326990388793   0.0859419121466021   0.0732286412589303   0.00479482874396665   0
0.0330733617925363   0.0853906660204397   -0.118253628596257   -0.000551246126162419   0
0.0508468506263662   0.0773907627589642   0.0177734888338299   -0.00799990326147551   0
0.0998877496133034   0.0989966699220953   0.0490408989869372   0.0216059071631311   0
0.141843107358377   0.0918062088500243   0.0419553577450733   -0.00719046107207096   0
0.109923661317824   0.120582236231811   -0.0319194460405531   0.0287760273817867   0
0.181587579279916   0.0876787727177451   0.0716639179620919   -0.0329034635140659   0
0.0660348785508204   0.108974263785833   -0.115552700729095   0.0212954910680877   0
0.0795778000783191   0.113780936505869   0.0135429215274987   0.00480667272003574   0
0.0775708445432303   0.101486883893142   -0.00200695553508884   -0.012294052612727   0
0.133510293189889   0.0887161612271969   0.0559394486466583   -0.0127707226659447   0
0.167081267876025   0.0922952835583975   0.0335709746861363   0.00357912233120058   0
0.269623460549801   0.0621311443968522   0.102542192673776   -0.0301641391615453   0
0.0858777542450896   0.0793212697694792   -0.183745706304711   0.017190125372627   0
0.0735793653804516   0.0841727855980186   -0.012298388864638   0.00485151582853931   0
0.116386351064418   0.111232657830165   0.0428069856839666   0.0270598722321462   0
0.130347544228382   0.0851030539261224   0.0139611931639638   -0.0261296039040423   0
0.0824119397025091   0.109152894282186   -0.0479356045258729   0.0240498403560638   0
0.128464913305579   0.110009906014777   0.0460529736030701   0.000857011732590438   0
0.208304113993027   0.0934880042545566   0.0798392006874478   -0.0165219017602201   0
0.0767944652657989   0.105022031716255   -0.131509648727228   0.011534027461698   0
0.0651952719896926   0.133084664854041   -0.0115991932761063   0.0280626331377866   0
0.0658606405190695   0.109493590457444   0.000665368529376875   -0.0235910743965972   0
0.156012227755583   0.108356889062821   0.0901515872365138   -0.00113670139462312   0
0.168310037443523   0.108619704058357   0.0122978096879394   0.00026281499553571   0
0.114046459061828   0.163038346748464   -0.0542635783816943   0.0544186426901076   0
0.186970509786537   0.11565258107042   0.0729240507247089   -0.0473857656780446   0
0.210331775792549   0.12632024810169   0.0233612660060113   0.0106676670312702   0
0.132026271681094   0.117421434531658   -0.0783055041114547   -0.00889881357003169   0
0.132974189143892   0.145663038439827   0.000947917462798292   0.0282416039081687   0
0.236582693763817   0.113247672135998   0.103608504619925   -0.0324153663038289   0
0.137100001087856   0.106675504916429   -0.0994826926759616   -0.00657216721956934   0
0.1127529506178   0.139789736221977   -0.0243470504700558   0.0331142313055486   0
0.125021845701393   0.170111881741025   0.0122688950835931   0.0303221455190478   0
0.134690417887623   0.125981414731856   0.00966857218622963   -0.0441304670091687   0
0.0506719512196096   0.124611488372622   -0.0840184666680129   -0.00136992635923483   0
0.167028448306765   0.14401773991284   0.116356497087155   0.0194062515402187   0
0.129367287662966   0.109710968802588   -0.0376611606437992   -0.034306771110252   0
0.134614457341238   0.153338129595055   0.0052471696782728   0.0436271607924671   0
0.158285534242579   0.153387623364314   0.0236710769013404   4.9493769258141e-05   0
0.187918666247781   0.135202061848516   0.0296331320052021   -0.0181855615157973   0
0.185865638002399   0.129148803406584   -0.00205302824538203   -0.00605325844193214   0
0.167839633248353   0.153534231029142   -0.0180260047540461   0.0243854276225581   0
0.174102848863653   0.163664410178084   0.00626321561530013   0.0101301791489415   0
0.208720202222233   0.176011311345862   0.0346173533585804   0.0123469011677785   0
0.217508706047022   0.198248073222219   0.00878850382478899   0.0222367618763574   0
0.234378551092199   0.209883754790455   0.0168698450451763   0.0116356815682359   0
0.232067805259347   0.207095313520906   -0.00231074583285215   -0.002788441269549   0
0.214233814692686   0.195951742069674   -0.0178339905666609   -0.0111435714512325   0
0.192903492542825   0.212611408621903   -0.0213303221498611   0.0166596665522296   0
0.241075326388538   0.257491547715532   0.0481718338457131   0.0448801390936284   0
0.214282135093549   0.229056102949016   -0.0267931912949887   -0.0284354447665163   0
0.219928106838348   0.234355648619657   0.00564597174479933   0.00529954567064114   0
0.25500600238465   0.217946492859922   0.0350778955463014   -0.0164091557597348   0
0.280190781112102   0.228892511443559   0.0251847787274525   0.0109460185836375   0
0.243534533692144   0.247011170978809   -0.0366562474199583   0.0181186595352497   0
0.287205823685802   0.241369343170011   0.043671289993658   -0.00564182780879824   0
0.24050506387305   0.26267671897605   -0.0467007598127517   0.0213073758060386   0
0.233410492211576   0.288261685975608   -0.00709457166147467   0.0255849669995584   0
0.290687940228572   0.249967513877484   0.0572774480169966   -0.0382941720981242   0
0.300009309731481   0.248189267647742   0.00932136950290924   -0.00177824622974171   0
0.30362517989317   0.247820808760327   0.00361587016168879   -0.000368458887415074   0
0.24616617934298   0.264618662143664   -0.0574590005501907   0.0167978533833369   0
0.239768936437006   0.272970332161226   -0.00639724290597388   0.00835167001756199   0
0.257354356022372   0.250930560514383   0.0175854195853666   -0.0220397716468427   0
0.250873563423032   0.253525151112271   -0.00648079259934048   0.00259459059788819   0
0.239332036622743   0.261472256648143   -0.0115415268002889   0.00794710553587202   0
0.251634720490098   0.286101974460593   0.0123026838673554   0.02462971781245   0
0.277327926998436   0.293316515474325   0.0256932065083378   0.00721454101373181   0
0.270450934668675   0.260509180500419   -0.00687699232976108   -0.0328073349739059   0
0.240329886853238   0.253938733061737   -0.0301210478154376   -0.00657044743868246   0
0.23112528214674   0.255540068854182   -0.00920460470649795   0.00160133579244509   0
0.246421219666164   0.255987583644695   0.0152959375194246   0.000447514790513637   0
0.223259245926546   0.253578089612451   -0.0231619737396182   -0.00240949403224494   0
0.300543197519508   0.255236489021946   0.0772839515929619   0.00165839940949553   0
0.208350418148009   0.28877106906683   -0.0921927793714995   0.0335345800448841   0
0.203649356554348   0.269813178347537   -0.00470106159366046   -0.0189578907192929   0
0.203521359876279   0.255491260345144   -0.000127996678068731   -0.0143219180023936   0
0.237852832547271   0.286979514978421   0.0343314726709914   0.0314882546332777   0
0.373921001469615   0.33475886609954   0.136068168922345   0.047779351121119   0
0.342375398986332   0.346708990322215   -0.0315456024832833   0.011950124222675   0
0.329539956754321   0.33572080628217   -0.0128354422320106   -0.0109881840400458   0
0.310698107505179   0.334735129622661   -0.0188418492491421   -0.00098567665950805   0
0.350196346257367   0.329367390020248   0.0394982387521881   -0.00536773960241377   0
0.396758913878743   0.3320727844867   0.0465625676213758   0.00270539446645185   0
0.368340105254655   0.355993491115708   -0.0284188086240886   0.0239207066290089   0
0.364722813995999   0.350352782548533   -0.00361729125865567   -0.00564070856717502   0
0.348821358249319   0.361760935989847   -0.0159014557466796   0.0114081534413133   0
0.328379913251344   0.32739280767833   -0.0204414449979757   -0.0343681283115168   0
0.31393752680355   0.325037847926976   -0.0144423864477932   -0.00235495975135402   0
0.337162991340464   0.341581140514959   0.0232254645369138   0.0165432925879828   0
0.334562209269323   0.352824162038968   -0.00260078207114173   0.0112430215240094   0
0.386297747211914   0.381952773538824   0.0517355379425917   0.0291286114998557   0
0.397542972080013   0.362807407460901   0.0112452248680987   -0.0191453660779231   0
0.355555995229907   0.369372576649242   -0.0419869768501055   0.0065651691883411   0
0.362039951989501   0.383461014765191   0.00648395675959318   0.0140884381159491   0
0.403391765387061   0.386109116131049   0.0413518133975607   0.0026481013658583   0
0.484139676045044   0.359730004621522   0.0807479106579825   -0.0263791115095275   0
0.529764257473605   0.390134397470923   0.045624581428561   0.0304043928494011   0
0.496083690380655   0.407034308436955   -0.0336805670929495   0.0168999109660319   0
0.54104464670149   0.411501529592844   0.0449609563208344   0.00446722115588893   0
0.553855084465287   0.441430820662196   0.0128104377637971   0.0299292910693525   0
0.55939570886209   0.457420140006428   0.00554062439680303   0.0159893193442316   0
0.544019292539235   0.425635177367015   -0.0153764163228547   -0.0317849626394132   0
0.552246712602474   0.432191543823743   0.00822742006323929   0.00655636645672802   0
0.538065652504004   0.44912135074916   -0.0141810600984702   0.0169298069254173   0
0.526179327533836   0.439928745931941   -0.0118863249701682   -0.00919260481721923   0
0.532140095282962   0.447863970417358   0.00596076774912602   0.00793522448541706   0
0.526710967351212   0.452586582954301   -0.00542912793174966   0.00472261253694289   0
