0.0934553861323118   0.026420547043589   0   0   0
0.0739317794245183   0.0364776240304245   -0.0195236067077935   0.0100570769868355   0
0.0584211286655608   0.0203428280622435   -0.0155106507589575   -0.0161347959681809   0
0.0586996498206155   0.0192844800198243   0.00027852115505473   -0.00105834804241923   0
0.129580480644617   0.021933971679224   0.0708808308240016   0.0026494916593997   0
0.139331993179286   0.0156374382948423   0.00975151253466905   -0.0062965333843817   0
0.0508819537432831   0.0173914456066769   -0.0884500394360031   0.00175400731183458   0
0.0590429962475385   0.0163928641400001   0.00816104250425537   -0.0009985814666768   0
0.0676434698592118   0.0289475936478319   0.00860047361167338   0.0125547295078319   0
0.166036919839579   0.011312766422339   0.0983934499803676   -0.017634827225493   0
0.0356929213688658   0.00709003606474607   -0.130343998470714   -0.00422273035759289   0
0.0925718890784652   0.0129303393211238   0.0568789677095994   0.00584030325637771   0
0.105384202475952   0.00606048869291083   0.0128123133974871   -0.00686985062821296   0
0.0626442733765949   0.0148846819248011   -0.0427399290993573   0.00882419323189025   0
0.0382536413849894   0.00913334799549979   -0.0243906319916056   -0.00575133392930129   0
0.0392122727970665   0.0158089371752183   0.000958631412077138   0.00667558917971854   0
0.0320362714845464   0.0152584384398437   -0.00717600131252009   -0.000550498735374622   0
0.0380742673959622   0.0155937507037274   0.00603799591141576   0.000335312263883733   0
0.0420347356393681   0.00685609951503039   0.00396046824340592   -0.00873765118869704   0
0.0174997562495235   0.00433726433560372   -0.0245349793898446   -0.00251883517942667   0
0.0153383241501789   0.0172106390747119   -0.0021614320993446   0.0128733747391082   0
0.0797265099582546   0.00752843966294643   0.0643881858080757   -0.00968219941176546   0
0.0799238881963337   0.00846536531510159   0.000197378238079166   0.000936925652155154   0
0.139546525065273   0.0220479092979924   0.0596226368689396   0.0135825439828908   0
0.0401221232251652   0.0102321912132739   -0.0994244018401081   -0.0118157180847185   0
0.0295650871426727   0.00864894253921253   -0.0105570360824925   -0.0015832486740614   0
0.0175650418351936   0.00824427381513982   -0.0120000453074792   -0.000404668724072708   0
0.0815933065011236   0.00990127002270416   0.0640282646659301   0.00165699620756434   0
0.0396632562991915   0.0191304557929888   -0.0419300502019321   0.00922918577028467   0
0.0357936751649503   0.0209401523071855   -0.00386958113424125   0.00180969651419664   0
0.0410864733353123   0.0258617141358268   0.00529279817036201   0.00492156182864135   0
0.0317252054772129   0.0270184130983779   -0.00936126785809935   0.00115669896255111   0
0.0360815985124188   0.0171478154437562   0.00435639303520586   -0.00987059765462169   0
0.0239305600966919   0.0191521387069982   -0.0121510384157269   0.00200432326324199   0
0.0195007285628994   0.019011748974308   -0.00442983153379244   -0.000140389732690267   0
0.0172896424003766   0.0566029936730603   -0.00221108616252285   0.0375912446987523   0
0.0423311153967776   0.072000112568471   0.025041472996401   0.0153971188954108   0
0.0624173948705808   0.042725161507009   0.0200862794738032   -0.0292749510614621   0
0.122882918995736   0.0484853986255914   0.0604655241251548   0.00576023711858244   0
0.0203319162869609   0.0540843758431213   -0.102551002708775   0.00559897721752987   0
0.0433110965066691   0.044802180076532   0.0229791802197082   -0.00928219576658928   0
0.063032083311329   0.0343921245149598   0.0197209868046599   -0.0104100555615722   0
0.0635361444735335   0.05827665632792   0.000504061162204472   0.0238845318129602   0
0.131992168591871   0.0452591231836466   0.0684560241183375   -0.0130175331442734   0
0.127466125517031   0.0525213628089799   -0.00452604307483961   0.0072622396253333   0
0.0626163414413063   0.0491617661675717   -0.0648497840757251   -0.0033595966414082   0
0.0756532290701435   0.0650235629302371   0.0130368876288372   0.0158617967626653   0
0.0837680715888822   0.0548467791043831   0.00811484251873879   -0.0101767838258539   0
0.0888125041000677   0.0459980662969923   0.00504443251118541   -0.00884871280739083   0
0.146876802818893   0.0565273541601984   0.0580642987188254   0.0105292878632061   0
0.0826685509563341   0.0578358580816002   -0.064208251862559   0.0013085039214018   0
0.104990056050561   0.065086634210585   0.0223215050942272   0.00725077612898484   0
0.0627215749644411   0.0508900089255985   -0.0422684810861202   -0.0141966252849865   0
0.0567063466576441   0.0542587910862839   -0.006015228306797   0.00336878216068533   0
0.10498076570158   0.0619065691569764   0.0482744190439358   0.00764777807069251   0
0.0938776106573327   0.0658388573598259   -0.0111031550442472   0.00393228820284949   0
0.0486830461651579   0.0595582539374267   -0.0451945644921747   -0.00628060342239919   0
0.111316631597798   0.0662363229315117   0.0626335854326398   0.006678068994085   0
0.104027276977303   0.0607850779503078   -0.00728935462049485   -0.00545124498120385   0
0.0909159884870643   0.0613902550359176   -0.0131112884902387   0.000605177085609719   0
0.0885842659864032   0.0573402375209155   -0.00233172250066105   -0.0040500175150021   0
0.0717248796818839   0.0573402375209155   -0.0168593863045193   0   0
0.105167109567708   0.0656619790369016   0.0334422298858236   0.0083217415159861   0
0.129742294946932   0.0632785165762244   0.0245751853792245   -0.00238346246067719   0
0.157943477116516   0.0659472034979687   0.0282011821695836   0.00266868692174436   0
0.0447412246204405   0.0586484427548379   -0.113202252496075   -0.00729876074313081   0
0.101660223481679   0.067190313052292   0.0569189988612384   0.00854187029745407   0
0.137425430475714   0.0662632754225521   0.0357652069940352   -0.000927037629739877   0
0.0842629952649062   0.066006158616848   -0.0531624352108079   -0.000257116805704088   0
0.10359328372216   0.0674762948809802   0.0193302884572542   0.00147013626413221   0
0.13079407798597   0.0820613424411275   0.0272007942638097   0.0145850475601473   0
0.132880998335755   0.103734959364045   0.00208692034978492   0.0216736169229172   0
0.126477435171625   0.103398932258752   -0.00640356316413032   -0.000336027105292611   0
0.119856217694703   0.111298312261462   -0.00662121747692172   0.00789938000271037   0
0.103285485983015   0.103159889339316   -0.0165707317116878   -0.00813842292214607   0
0.1489873823772   0.100156765565288   0.0457018963941849   -0.00300312377402867   0
0.192814395336266   0.113064114908588   0.0438270129590663   0.0129073493433008   0
0.13938217243766   0.101960056847964   -0.0534322228986062   -0.0111040580606247   0
0.134771008587657   0.112659944136104   -0.00461116385000274   0.0106998872881399   0
0.17379098378466   0.107270040080269   0.0390199751970028   -0.00538990405583475   0
0.151508804667056   0.111557595454097   -0.0222821791176046   0.00428755537382823   0
0.130797908344323   0.111583276512433   -0.0207108963227322   2.5681058335475e-05   0
0.138397716800134   0.107492904794921   0.00759980845581035   -0.00409037171751141   0
0.182624797633317   0.118915005030904   0.0442270808331834   0.0114221002359831   0
0.157678411936479   0.11964525682408   -0.0249463856968379   0.000730251793175415   0
0.121337580999442   0.115072926306538   -0.0363408309370373   -0.00457233051754141   0
0.147774419478643   0.111588766541485   0.0264368384792014   -0.00348415976505351   0
0.163257620590219   0.115509091318606   0.0154832011115762   0.00392032477712093   0
0.187279907980968   0.11414879067362   0.0240222873907491   -0.00136030064498537   0
0.141642188986898   0.111459445076449   -0.0456377189940708   -0.00268934559717114   0
0.148515200014813   0.108860317252202   0.00687301102791574   -0.00259912782424757   0
0.148307943096788   0.118136561286081   -0.000207256918025672   0.00927624403387944   0
0.16193906183059   0.125375323627698   0.0136311187338022   0.00723876234161687   0
0.150499684960468   0.113954188261117   -0.0114393768701223   -0.0114211353665814   0
0.16825481475206   0.118338554235296   0.0177551297915923   0.00438436597417903   0
0.162485803568681   0.124027734367157   -0.00576901118337889   0.00568918013186116   0
0.162366172450452   0.119790080274829   -0.000119631118228769   -0.00423765409232768   0
0.165504774700097   0.110226784912969   0.00313860224964513   -0.00956329536185981   0
0.208574398933906   0.121210294148228   0.0430696242338082   0.0109835092352589   0
0.160588751271252   0.115358787074284   -0.0479856476626537   -0.00585150707394416   0
0.178086328212612   0.130770349239612   0.0174975769413596   0.0154115621653276   0
0.2068423538881   0.140861562735368   0.0287560256754885   0.0100912134957563   0
0.200205213754412   0.127150815611816   -0.00663714013368752   -0.0137107471235521   0
0.182436070024543   0.124661574951947   -0.0177691437298694   -0.00248924065986846   0
0.212231765891466   0.131142558391622   0.0297956958669228   0.00648098343967464   0
0.225077497151115   0.127180655794228   0.0128457312596487   -0.00396190259739368   0
0.179937991524304   0.126327397567788   -0.0451395056268109   -0.000853258226440251   0
0.183177981879073   0.128082695157269   0.0032399903547693   0.00175529758948126   0
0.219557039025876   0.129892473790824   0.0363790571468029   0.001809778633555   0
0.21151993766189   0.132025011351069   -0.00803710136398547   0.00213253756024501   0
0.183064417923336   0.131961756498805   -0.0284555197385539   -6.32548522639942e-05   0
0.183865518713162   0.129220622913875   0.000801100789825177   -0.00274113358492992   0
0.190202750593015   0.12354643487673   0.0063372318798538   -0.00567418803714582   0
0.220169657131086   0.138195538011363   0.0299669065380706   0.0146491031346331   0
0.175264915020805   0.132331325464731   -0.0449047421102811   -0.00586421254663197   0
0.202345270015214   0.140646276240255   0.0270803549944093   0.0083149507755238   0
0.211207479844091   0.134174182112283   0.00886220982887653   -0.00647209412797187   0
0.207311639992766   0.128279835345428   -0.00389583985132536   -0.00589434676685513   0
0.226304466152328   0.148935466875758   0.0189928261595621   0.0206556315303304   0
0.258195401142391   0.155486825903354   0.031890934990063   0.00655135902759629   0
0.248383780378772   0.151945985619891   -0.00981162076361869   -0.00354084028346369   0
0.234477628552001   0.149443318924768   -0.0139061518267712   -0.00250266669512234   0
0.226137141059424   0.145979785975662   -0.00834048749257635   -0.00346353294910653   0
0.24785892085509   0.167240151094915   0.0217217797956661   0.0212603651192533   0
0.265890687935306   0.164840160956   0.0180317670802152   -0.00239999013891498   0
0.280299140321621   0.159050374873026   0.0144084523863158   -0.00578978608297434   0
0.248755790762125   0.159960348582078   -0.0315433495594966   0.000909973709052603   0
0.267273794462719   0.16973670306242   0.0185180037005947   0.00977635448034131   0
0.271926651408059   0.161728374440758   0.00465285694533946   -0.00800832862166168   0
0.283626345789385   0.181475700847937   0.0116996943813265   0.0197473264071793   0
0.246673314549426   0.163878517903507   -0.0369530312399595   -0.0175971829444304   0
0.247688892036949   0.16923488930847   0.00101557748752334   0.00535637140496292   0
0.280960157905725   0.169019889214258   0.033271265868776   -0.000215000094211854   0
0.260686826580363   0.174912056346897   -0.0202733313253626   0.00589216713263893   0
0.250425534670828   0.175013141075178   -0.0102612919095347   0.000101084728280743   0
0.250381188264554   0.164818810865902   -4.43464062739318e-05   -0.0101943302092755   0
0.267686820556411   0.168609664388641   0.0173056322918568   0.0037908535227385   0
0.269614151328338   0.17279405583888   0.00192733077192742   0.00418439145023949   0
0.249226663109797   0.175312464930478   -0.0203874882185414   0.00251840909159773   0
0.246687937931306   0.172825941205306   -0.00253872517849044   -0.00248652372517147   0
0.314998701835055   0.1858673772519   0.068310763903749   0.0130414360465934   0
0.258383959952277   0.166813909914611   -0.0566147418827779   -0.0190534673372886   0
0.254078974904497   0.163858894252036   -0.00430498504778032   -0.00295501566257486   0
0.292121280309806   0.178349190393453   0.0380423054053086   0.0144902961414163   0
0.317418871710741   0.174474210604318   0.0252975914009357   -0.00387497978913434   0
0.27854888149079   0.175556302094228   -0.0388699902199516   0.00108209148991018   0
0.277084803755691   0.17591865110684   -0.00146407773509827   0.000362349012611257   0
0.293376153368487   0.17904491210727   0.0162913496127956   0.00312626100043017   0
0.336264337019702   0.194211929894252   0.0428881836512154   0.0151670177869825   0
0.279118643169836   0.178763623668939   -0.0571456938498668   -0.0154483062253135   0
0.261328541277297   0.172557797624448   -0.0177901018925384   -0.00620582604449074   0
0.306399999734024   0.194881515420268   0.045071458456727   0.0223237177958195   0
0.285765925209427   0.18610620934093   -0.0206340745245969   -0.00877530607933777   0
0.277633881706754   0.185901888420344   -0.00813204350267305   -0.000204320920585921   0
0.3191527849578   0.188221623840753   0.0415189032510462   0.00231973542040931   0
0.306050839001123   0.189340253393857   -0.013101945956677   0.00111862955310385   0
0.283820400071471   0.180253805985477   -0.0222304389296522   -0.00908644740838005   0
0.307477612050894   0.183001819486173   0.0236572119794226   0.00274801350069639   0
0.310261468537029   0.190812434246959   0.00278385648613555   0.00781061476078546   0
0.329073467988548   0.191207845426123   0.0188119994515187   0.000395411179163752   0
0.318830947289077   0.18649899945375   -0.0102425206994715   -0.00470884597237223   0
0.29937732869051   0.178370034661094   -0.0194536185985668   -0.00812896479265607   0
0.329113865861361   0.187989773372117   0.0297365371708512   0.0096197387110229   0
0.341434721680397   0.186008760411976   0.0123208558190356   -0.00198101296014094   0
0.289600344254371   0.181023928142801   -0.0518343774260261   -0.00498483226917526   0
0.329210909950156   0.203900146695018   0.0396105656957857   0.0228762185522173   0
0.339316228083038   0.195228826043313   0.0101053181328812   -0.00867132065170578   0
0.324821778191441   0.196500215127745   -0.0144944498915962   0.00127138908443225   0
0.298089719576378   0.189587221382402   -0.0267320586150636   -0.00691299374534257   0
0.351385076320068   0.221593672367918   0.0532953567436901   0.0320064509855153   0
0.331138879523692   0.204560401804699   -0.0202461967963761   -0.0170332705632183   0
0.31018759685302   0.212568587017814   -0.020951282670672   0.00800818521311489   0
0.329526686628647   0.215388151023913   0.019339089775627   0.00281956400609901   0
0.333852590326389   0.2086547270217   0.00432590369774255   -0.00673342400221344   0
0.324170454243822   0.21304991489144   -0.00968213608256707   0.00439518786974072   0
0.336891752252218   0.212998091992628   0.0127212980083959   -5.18228988124481e-05   0
0.37067694550464   0.219098105898362   0.0337851932524219   0.00610001390573439   0
0.334717810214515   0.212525244595789   -0.0359591352901253   -0.0065728613025732   0
0.318237905995892   0.210291284309407   -0.0164799042186232   -0.00223396028638179   0
0.324169949327699   0.208924710245701   0.00593204333180725   -0.00136657406370666   0
0.345442617229041   0.212923563376626   0.0212726679013424   0.00399885313092513   0
0.385078053745328   0.218344008162006   0.039635436516287   0.00542044478537987   0
0.323727522185989   0.206379933269928   -0.0613505315593394   -0.0119640748920775   0
0.322860839063911   0.202847538833973   -0.000866683122077605   -0.00353239443595565   0
0.356108389212358   0.207122928533395   0.0332475501484462   0.00427538969942284   0
0.36986284248079   0.227683377981354   0.0137544532684328   0.0205604494479584   0
0.333074837766695   0.213506654191386   -0.0367880047140956   -0.014176723789968   0
0.324721308460501   0.193815041215846   -0.0083535293061936   -0.01969161297554   0
0.358255030367223   0.218658678727257   0.0335337219067219   0.0248436375114116   0
0.370047155319494   0.228919337239671   0.0117921249522712   0.0102606585124131   0
0.342406334076343   0.219893758195293   -0.0276408212431516   -0.00902557904437748   0
0.343030136095941   0.216679618430645   0.000623802019598607   -0.00321413976464782   0
0.360249667422817   0.216781007242909   0.0172195313268754   0.000101388812263403   0
0.38057046356496   0.212708895653778   0.020320796142143   -0.00407211158913018   0
0.320627488196256   0.205088422337781   -0.0599429753687041   -0.00762047331599752   0
0.357707788581129   0.218773014891005   0.0370803003848734   0.0136845925532244   0
0.337315357992799   0.22406306350501   -0.0203924305883302   0.00529004861400445   0
0.381727948052392   0.224782529773223   0.0444125900595937   0.000719466268213537   0
0.401739535182399   0.237955983367723   0.0200115871300066   0.0131734535944996   0
0.36414069107448   0.223193804627279   -0.0375988441079188   -0.0147621787404438   0
0.348943120372124   0.211285167364512   -0.0151975707023558   -0.0119086372627667   0
0.364570689757309   0.215689408174695   0.0156275693851845   0.0044042408101822   0
0.397972275593275   0.238373841430326   0.0334015858359665   0.022684433255631   0
0.41835971761471   0.245037974992653   0.0203874420214347   0.0066641335623274   0
0.392558786387466   0.229163274984235   -0.0258009312272444   -0.0158747000084181   0
0.393175873662156   0.228051955371468   0.00061708727469062   -0.00111131961276684   0
0.423453881749642   0.229714188785216   0.0302780080874859   0.00166223341374835   0
0.451738428223635   0.243127793348478   0.0282845464739925   0.0134136045632612   0
0.426356899081485   0.243127793348478   -0.0253815291421493   0   0
0.421472923511404   0.243932352213682   -0.0048839755700813   0.000804558865204835   0
0.410278537179122   0.237405265232787   -0.0111943863322824   -0.00652708698089527   0
0.407386827517484   0.226476111829151   -0.0028917096616381   -0.0109291534036364   0
0.412752633162879   0.231531189305566   0.00536580564539507   0.00505507747641559   0
0.424814152314644   0.245628220138688   0.0120615191517657   0.0140970308331221   0
0.488387414427286   0.264661425186029   0.0635732621126419   0.0190332050473405   0
0.433806193569767   0.245727794102031   -0.0545812208575196   -0.0189336310839983   0
0.582479175352081   0.291896129294309   0.148672981782314   0.0461683351922784   0
0.535650761862251   0.285885717768919   -0.0468284134898296   -0.00601041152539006   0
0.511617675164463   0.262395948028928   -0.0240330866977881   -0.0234897697399908   0
0.52050595579729   0.246979460709287   0.00888828063282654   -0.0154164873196417   0
0.451814171984058   0.231945902408838   -0.0686917838132314   -0.015033558300449   0
0.489736349819053   0.243446855313947   0.037922177834995   0.0115009529051097   0
0.548417846715996   0.232766729605522   0.0586814968969433   -0.0106801257084257   0
0.546059295065298   0.255533714268783   -0.00235855165069854   0.0227669846632614   0
0.516086673938022   0.232626321112315   -0.0299726211272759   -0.0229073931564677   0
0.488408900731754   0.234205392603373   -0.0276777732062681   0.0015790714910576   0
0.391081069314946   0.246469982483162   -0.0973278314168077   0.0122645898797888   0
0.3687703096935   0.235473778311939   -0.022310759621446   -0.0109962041712231   0
0.409541895771068   0.236960210839816   0.0407715860775675   0.00148643252787733   0
0.385339052590054   0.237233144069816   -0.024202843181014   0.000272933229999911   0
0.339972465818101   0.219062577421384   -0.0453665867719523   -0.0181705666484315   0
0.387711280973355   0.221778048865865   0.0477388151552541   0.00271547144448064   0
0.39329902516392   0.207209309503096   0.00558774419056507   -0.0145687393627686   0
0.380302792291879   0.211902194616998   -0.0129962328720414   0.0046928851139014   0
0.369214393508379   0.211777522599779   -0.0110883987835001   -0.00012467201721858   0
0.389751268594472   0.20960935247443   0.0205368750860929   -0.00216817012534881   0
0.403451122205652   0.203588020981712   0.0136998536111804   -0.00602133149271841   0
0.379121530422963   0.212805988922422   -0.0243295917826886   0.00921796794071003   0
0.364434022842283   0.211619221447982   -0.0146875075806799   -0.00118676747444013   0
0.427259068755258   0.224956475375238   0.0628250459129742   0.013337253927256   0
0.395432001057881   0.206892862492281   -0.0318270676973767   -0.0180636128829566   0
0.379536063659318   0.219322651881879   -0.0158959373985629   0.012429789389598   0
0.422201816349054   0.217135242633479   0.0426657526897355   -0.0021874092483998   0
0.438766201007279   0.227573421239718   0.0165643846582254   0.0104381786062382   0
0.409953140239223   0.236872981077412   -0.0288130607680561   0.00929955983769432   0
0.435303724437605   0.225764088899231   0.0253505841983817   -0.0111088921781808   0
0.419383872903382   0.221627044121425   -0.0159198515342227   -0.00413704477780644   0
0.365876652230557   0.206548102110017   -0.0535072206728248   -0.0150789420114079   0
0.395794838245473   0.217940326895919   0.0299181860149157   0.011392224785902   0
0.438478386195534   0.209431911110151   0.0426835479500613   -0.00850841578576836   0
