0.102175611394256   0.0154931805363683   0   0   0
0.129637224737689   0.0317716678231565   0.0274616133434327   0.0162784872867883   0
0.121064042638349   0.0660657258690162   -0.0085731820993396   0.0342940580458597   0
0.0763590080149029   0.0723892375312104   -0.0447050346234462   0.00632351166219416   0
0.101169727855676   0.1337518588377   0.0248107198407734   0.0613626213064895   0
0.0677908770241247   0.139722275162418   -0.0333788508315516   0.00597041632471829   0
0.0726872086564754   0.0780920785457943   0.00489633163235074   -0.0616301966166239   0
0.139299296692589   0.084390283202822   0.0666120880361138   0.00629820465702774   0
0.0227641443167451   0.110886813409001   -0.116535152375844   0.0264965302061785   0
0.0362868199087713   0.113239537234362   0.0135226755920261   0.00235272382536166   0
0.0466519685914335   0.0950619035894637   0.0103651486826622   -0.0181776336448984   0
0.0494260889880031   0.0809344881496912   0.00277412039656955   -0.0141274154397726   0
0.0940156304822235   0.0600454884465311   0.0445895414942205   -0.0208889997031601   0
0.12478357881937   0.0609014798092378   0.0307679483371467   0.000855991362706698   0
0.0570951924972672   0.0730317793036018   -0.0676883863221031   0.012130299494364   0
0.05133044884569   0.0583444212486078   -0.0057647436515772   -0.014687358054994   0
0.0565844733758299   0.051048279079588   0.00525402453013984   -0.00729614216901985   0
0.0891288623200139   0.0244539993176259   0.0325443889441841   -0.026594279761962   0
0.0454405331432192   0.031156172822629   -0.0436883291767948   0.00670217350500304   0
0.199452670141639   0.0324416234648195   0.15401213699842   0.00128545064219048   0
0.00793415115118813   0.0172367051962005   -0.191518518990451   -0.015204918268619   0
0.0321602793786326   0.0338700187647571   0.0242261282274444   0.0166333135685566   0
0.0443118760491406   0.057584202750863   0.012151596670508   0.0237141839861059   0
0.0876815178696742   0.0949211151376763   0.0433696418205336   0.0373369123868133   0
0.0679579992216516   0.0990787727302372   -0.0197235186480226   0.00415765759256093   0
0.0343826365348849   0.0837213121815019   -0.0335753626867667   -0.0153574605487353   0
0.08200141609137   0.102554781937704   0.0476187795564852   0.018833469756202   0
0.105135564134217   0.115496551622765   0.0231341480428467   0.012941769685061   0
0.0834488888919439   0.124292485220346   -0.0216866752422728   0.00879593359758135   0
0.0771862796689282   0.135351056088418   -0.00626260922301569   0.0110585708680715   0
0.100701372464629   0.106256180408294   0.0235150927957011   -0.0290948756801234   0
0.113600189578024   0.127414022786937   0.0128988171133943   0.0211578423786422   0
0.0724594871735924   0.117761171871292   -0.0411407024044312   -0.00965285091564447   0
0.158585419707488   0.137326821912181   0.0861259325338952   0.0195656500408893   0
0.065070013548869   0.182331770478358   -0.0935154061586186   0.0450049485661762   0
0.0653828108359529   0.191589923878847   0.00031279728708386   0.00925815340048963   0
0.0725280067927149   0.144477819287253   0.00714519595676202   -0.0471121045915948   0
0.0922135104555667   0.159581155395147   0.0196855036628517   0.0151033361078943   0
0.0791226883779261   0.156079747451423   -0.0130908220776406   -0.00350140794372378   0
0.0893147494572559   0.155693293193702   0.0101920610793299   -0.000386454257721242   0
0.0871061783439613   0.192551185331979   -0.0022085711132946   0.0368578921382769   0
0.174416682650714   0.156310592160288   0.087310504306753   -0.0362405931716903   1
0.156176097178666   0.185257003939797   -0.0182405854720488   0.0289464117795088   0
0.108195023448308   0.22597181358966   -0.0479810737303572   0.0407148096498628   0
0.112365393106864   0.197685644679881   0.00417036965855525   -0.0282861689097793   0
0.174354570993768   0.248921143714229   0.0619891778869044   0.0512354990343487   0
0.161303043024613   0.240403864379298   -0.0130515279691555   -0.00851727933493107   0
0.193280304596718   0.284655158611696   0.0319772615721052   0.0442512942323981   0
0.149008587077926   0.285320676978115   -0.0442717175187913   0.000665518366418927   0
0.133242989788469   0.292389988434967   -0.0157655972894577   0.00706931145685152   0
0.127273417421168   0.307967844045852   -0.00596957236730067   0.0155778556108849   0
0.1283710145843   0.321653796546458   0.00109759716313165   0.0136859525006061   0
0.154365291241555   0.346002010931295   0.0259942766572549   0.0243482143848373   0
0.172956973280003   0.309244948709757   0.0185916820384481   -0.0367570622215384   0
0.195130274425805   0.323858748179666   0.0221733011458023   0.0146137994699089   0
0.186885455998481   0.328735860084126   -0.00824481842732452   0.00487711190446033   0
0.138954839265944   0.315392894822077   -0.0479306167325363   -0.0133429652620484   0
0.151665048249094   0.326800230558364   0.0127102089831497   0.0114073357362867   0
0.15148651573053   0.325234035138544   -0.000178532518563979   -0.00156619541981967   0
0.162375542329687   0.375730791259846   0.0108890265991571   0.0504967561213016   0
0.15195132426185   0.348572920558956   -0.0104242180678367   -0.0271578707008904   0
0.162651636145875   0.385313176529495   0.0107003118840243   0.0367402559705396   0
0.169458855593976   0.355419300071409   0.00680721944810128   -0.0298938764580866   0
0.15583193189988   0.365408980903248   -0.0136269236940957   0.00998968083183893   0
0.178666640872604   0.34926585655987   0.0228347089727236   -0.0161431243433771   0
0.191323966250949   0.395127069622229   0.0126573253783455   0.0458612130623588   0
0.250335426404275   0.377030792122474   0.0590114601533253   -0.0180962774997555   0
0.236798859002236   0.384315572725397   -0.0135365674020385   0.00728478060292331   0
0.181598922999367   0.383501125028337   -0.0551999360028692   -0.000814447697060239   0
0.159439980500908   0.419756094131461   -0.0221589424984587   0.0362549691031243   0
0.16002325154195   0.382655869135049   0.000583271041041417   -0.0371002249964117   0
0.159964864432831   0.385681591858167   -5.83871091183463e-05   0.00302572272311802   0
0.163454861741512   0.412266049690609   0.00348999730868099   0.026584457832442   0
0.171267533557005   0.41868573860146   0.00781267181549317   0.00641968891085054   0
0.169918807684788   0.479198486905218   -0.0013487258722174   0.0605127483037576   0
0.199734124138366   0.578843757983534   0.0298153164535775   0.0996452710783164   0
0.245040301041604   0.771777687198522   0.0453061769032387   0.192933929214988   0
0.405794456485103   0.818539061533565   0.160754155443499   0.0467613743350431   0
0.27696760102187   0.784143044540503   -0.128826855463232   -0.0343960169930619   0
0.26835440473374   0.80495910941923   -0.00861319628813029   0.0208160648787266   0
0.254275338617905   0.726180200899887   -0.0140790661158356   -0.0787789085193431   0
0.256329208538239   0.708262916518294   0.00205386992033441   -0.0179172843815928   0
0.310932351373671   0.705849448354428   0.0546031428354321   -0.00241346816386634   0
0.240767077650625   0.695203449448433   -0.0701652737230457   -0.0106459989059946   0
0.246630812094941   0.727291896495829   0.00586373444431554   0.032088447047396   0
0.2357403784412   0.713524831093144   -0.0108904336537412   -0.0137670654026848   0
0.245366300045972   0.722157516578793   0.00962592160477244   0.00863268548564877   0
0.282500116754737   0.685411304378801   0.0371338167087649   -0.0367462121999917   0
0.2798857538016   0.715919193353901   -0.00261436295313661   0.0305078889750996   0
0.28714198428793   0.705952819883348   0.00725623048632995   -0.00996637347055329   0
0.273118796007909   0.697727339228047   -0.0140231882800209   -0.0082254806553006   0
0.253912212416378   0.690080120040601   -0.0192065835915311   -0.00764721918744626   0
0.265941032821112   0.686054050279568   0.0120288204047342   -0.0040260697610327   0
0.250579310861691   0.667906800759095   -0.0153617219594214   -0.0181472495204728   0
0.230523974733574   0.71501716413489   -0.0200553361281168   0.0471103633757944   0
0.236190394476681   0.716263039466124   0.00566641974310633   0.0012458753312341   0
0.242631900442053   0.674384107975195   0.0064415059653728   -0.0418789314909285   0
0.283254014028857   0.69718053072895   0.040622113586804   0.0227964227537543   0
0.363508160385211   0.726849208420323   0.0802541463563533   0.0296686776913732   0
0.253703830236932   0.716749782784062   -0.109804330148279   -0.0100994256362609   0
0.229367127455636   0.697958257627381   -0.0243367027812959   -0.0187915251566808   0
0.245507462263553   0.713145060967613   0.0161403348079171   0.0151868033402315   0
0.267095274915226   0.712361444704337   0.0215878126516725   -0.000783616263275833   0
0.282358806896473   0.741492151067191   0.0152635319812477   0.0291307063628542   0
0.253032748232148   0.753385840582533   -0.0293260586643255   0.0118936895153422   0
0.270950045370286   0.745465571026255   0.0179172971381379   -0.00792026955627845   0
0.266117121008044   0.746311337151761   -0.00483292436224175   0.000845766125506686   0
0.279870929142346   0.7518444436559   0.0137538081343018   0.00553310650413874   0
0.264380262846832   0.780307248843845   -0.0154906662955139   0.0284628051879446   0
0.262286424791982   0.816036123268603   -0.00209383805485008   0.0357288744247578   0
0.291317240612361   0.917526713424328   0.0290308158203787   0.101490590155726   0
0.390558189254764   0.901543275808211   0.0992409486424033   -0.0159834376161173   0
0.318307448956194   0.895086086474508   -0.07225074029857   -0.00645718933370343   0
0.275268949724737   0.870331652816327   -0.0430384992314565   -0.0247544336581805   0
0.276446528309726   0.839233350156111   0.0011775785849884   -0.0310983026602158   0
0.309759934253932   0.79171135168728   0.0333134059442058   -0.0475219984688312   0
0.279709831684265   0.830252120604489   -0.0300501025696663   0.0385407689172085   0
0.281237040486953   0.831673419952958   0.00152720880268764   0.0014212993484698   0
0.279654141428748   0.815172491505479   -0.00158289905820524   -0.0165009284474795   0
0.293205919611866   0.807175195851712   0.0135517781831183   -0.00799729565376661   0
0.302149115003188   0.831666958831027   0.00894319539132249   0.0244917629793151   0
0.32968457203741   0.835852731954619   0.0275354570342213   0.00418577312359159   0
0.284825469336575   0.840673228884595   -0.0448591027008352   0.00482049692997555   0
0.276476143080411   0.84535950085644   -0.00834932625616341   0.00468627197184579   0
0.286948537162833   0.79456378493391   0.0104723940824222   -0.0507957159225307   0
0.286958102288139   0.824107957513001   9.56512530547737e-06   0.0295441725790914   0
0.223280926421851   0.825310221547025   -0.063677175866288   0.00120226403402435   0
0.261585883134717   0.824037894272011   0.0383049567128664   -0.00127232727501436   0
0.260274191764992   0.801854793256547   -0.00131169136972503   -0.0221831010154637   0
0.257245651987551   0.813829896124645   -0.00302853977744172   0.0119751028680976   0
0.240112777138079   0.853085683901682   -0.0171328748494714   0.039255787777037   0
0.239348691594606   0.953495594772991   -0.00076408554347282   0.100409910871309   0
0.265311385200485   1.05313029763949   0.0259626936058784   0.0996347028665032   0
0.230054044748359   1.10939097494447   -0.0352573404521257   0.0562606773049794   0
0.323923050252124   1.12650362044824   0.0938690055037648   0.0171126455037696   0
0.284602045681334   1.05215671029569   -0.0393210045707901   -0.0743469101525525   0
0.302436353898948   1.04028247958475   0.0178343082176147   -0.0118742307109387   0
0.246870752337757   1.04699949421287   -0.0555656015611918   0.00671701462811525   0
0.345979713750445   1.0258747016912   0.0991089614126885   -0.0211247925216713   0
0.285358248124721   1.01711478122825   -0.0606214656257239   -0.00875992046294138   0
0.292995609212834   1.01194837829012   0.00763736108811319   -0.00516640293813664   0
0.252119241612377   0.982667045424084   -0.0408763676004577   -0.0292813328660336   0
0.248086629485771   0.995923147051769   -0.00403261212660622   0.013256101627685   0
0.332364440815936   1.0018174307299   0.0842778113301657   0.00589428367812661   0
0.333362836282271   0.969944935703697   0.000998395466334456   -0.0318724950261986   0
0.293009088929951   0.963058540485079   -0.0403537473523196   -0.00688639521861867   0
0.293257291625699   0.962475669149615   0.000248202695747379   -0.000582871335463198   0
0.340108617205092   0.92069543286203   0.0468513255793938   -0.0417802362875859   0
0.330389387870207   0.940211069267428   -0.00971922933488545   0.0195156364053981   0
0.314248476465424   0.934892011243144   -0.0161409114047831   -0.00531905802428412   0
0.318673353789488   0.958884429670359   0.00442487732406394   0.0239924184272157   0
0.317897486808704   0.922520860376203   -0.000775866980783912   -0.0363635692941561   0
0.307715662894839   0.880733482180052   -0.0101818239138651   -0.0417873781961512   0
0.360709771128757   0.964144655509483   0.0529941082339179   0.0834111733294313   0
0.313109604536239   0.953693924629123   -0.0476001665925176   -0.01045073088036   0
0.315493173132621   0.961444890677568   0.002383568596382   0.00775096604844439   0
0.337263579292221   0.950570390220787   0.0217704061595996   -0.0108745004567804   0
0.260330024395516   0.914744581952525   -0.0769335548967045   -0.0358258082682621   0
0.308670092058236   0.916773464658118   0.0483400676627201   0.00202888270559309   0
0.313460469321556   1.02351506906701   0.00479037726331949   0.106741604408894   0
0.344969361568531   1.15361474311195   0.0315088922469755   0.130099674044938   0
0.301577078182345   1.20745301934299   -0.0433922833861866   0.0538382762310388   0
0.322402173579894   1.18897245334837   0.0208250953975493   -0.018480565994615   0
0.323432814049904   1.10203477740609   0.00103064047001045   -0.0869376759422791   0
0.377338125240268   1.07464743787509   0.0539053111903634   -0.0273873395310025   0
0.296142161808075   1.06148763552502   -0.0811959634321928   -0.013159802350071   0
0.295698742414455   1.08215890956828   -0.000443419393620248   0.0206712740432549   0
0.269611798742192   1.04786551612134   -0.0260869436722631   -0.0342933934469323   0
0.267295886378897   1.04803406701357   -0.00231591236329504   0.000168550892224228   0
0.259775740571137   1.04840408783374   -0.00752014580775912   0.000370020820173789   0
0.281549850358493   1.0480705135369   0.0217741097873559   -0.000333574296842443   0
0.275222225314822   1.00505437765986   -0.00632762504367157   -0.0430161358770385   0
0.276484602640599   1.0001575260074   0.00126237732577739   -0.00489685165245723   0
0.279222040314823   1.01298039073679   0.00273743767422363   0.0128228647293815   0
0.287522646164872   1.02815153810139   0.00830060585004888   0.0151711473646028   0
0.292584925480398   1.00197422656823   0.00506227931552616   -0.0261773115331592   0
0.304679265773124   1.00914440954528   0.0120943402927263   0.00717018297705541   0
0.301957529505529   1.03354382790293   -0.00272173626759498   0.0243994183576497   0
0.312907230452238   1.04126402602822   0.0109497009467089   0.00772019812528724   0
0.313659916681141   0.980984947194018   0.000752686228902455   -0.0602790788342034   0
0.330891739673809   0.986356517967768   0.0172318229926688   0.00537157077375039   0
0.317832658402023   0.982782280693568   -0.0130590812717866   -0.00357423727420059   0
0.327203087788807   1.02170950036251   0.00937042938678467   0.0389272196689376   0
0.325360717717828   0.995028763039039   -0.00184237007097965   -0.0266807373234662   0
0.346106918039802   1.00983129296432   0.0207462003219739   0.014802529925286   0
0.34249827427339   1.02260515393284   -0.00360864376641207   0.0127738609685115   0
0.34386175242507   1.00988824952318   0.0013634781516802   -0.0127169044096529   0
0.362526333261406   1.02076946743621   0.0186645808363363   0.0108812179130247   0
0.3462714133428   0.993575907530597   -0.0162549199186064   -0.0271935599056109   0
0.347293095933911   1.01917978165398   0.00102168259111163   0.0256038741233807   0
0.36808375955611   1.02426059876088   0.0207906636221984   0.00508081710690367   0
0.360555129496683   1.05275799529142   -0.0075286300594265   0.0284973965305337   0
0.361273824379736   1.02935253069539   0.000718694883052318   -0.0234054645960273   0
0.38379866126581   1.05032666172196   0.022524836886074   0.0209741310265736   0
0.414522441497438   1.0675910357548   0.0307237802316285   0.0172643740328351   0
0.390003635050508   1.04974665598372   -0.0245188064469298   -0.0178443797710781   0
0.444283609911977   1.06531984213662   0.0542799748614687   0.0155731861529045   0
0.397635478023139   1.06963302480337   -0.0466481318888382   0.00431318266674352   0
0.376689165453879   1.07150599202711   -0.0209463125692595   0.00187296722374275   0
0.386277266651441   1.06937672143637   0.00958810119756137   -0.00212927059073942   0
0.416625242074649   1.13784394643993   0.0303479754232086   0.0684672250035625   0
0.365062801187076   1.22630090271515   -0.0515624408875734   0.0884569562752209   0
0.435536858739556   1.40987872022738   0.0704740575524804   0.183577817512228   0
0.455349018428721   1.37604987341484   0.0198121596891652   -0.0338288468125405   0
0.500012853887988   1.32855958106891   0.0446638354592662   -0.0474902923459302   0
0.490718254641052   1.25713636031458   -0.00929459924693582   -0.0714232207543266   0
0.465361036426869   1.23620062354377   -0.0253572182141824   -0.0209357367708165   0
0.42221982483608   1.23196443232952   -0.0431412115907894   -0.00423619121424634   0
0.424102134220626   1.21581678195154   0.00188230938454625   -0.0161476503779807   0
0.415212285272678   1.23807002873424   -0.00888984894794786   0.0222532467826988   0
0.38762875254844   1.19179760172397   -0.0275835327242379   -0.0462724270102721   0
0.386651047758095   1.22545732457316   -0.000977704790345757   0.0336597228491897   0
0.389189099930458   1.21570805469488   0.00253805217236336   -0.00974926987828084   0
0.384619094438823   1.21820445666973   -0.00457000549163528   0.00249640197485723   0
0.470302945081668   1.21166556031357   0.0856838506428448   -0.00653889635616278   0
0.396536884273077   1.17124663136122   -0.0737660608085901   -0.0404189289523529   0
0.409657247661994   1.21232354907838   0.0131203633889162   0.0410769177171626   0
0.497597777740627   1.21885717241603   0.087940530078633   0.00653362333764962   0
0.418671544463306   1.17538343452254   -0.0789262332773206   -0.0434737378934906   0
0.386893979303882   1.17572577336299   -0.0317775651594235   0.000342338840450207   0
0.40339079762827   1.16567236482856   0.0164968183243876   -0.0100534085344328   0
0.3977654752879   1.1583108800102   -0.00562532234037005   -0.00736148481835852   0
0.404211686881391   1.12161046776499   0.0064462115934914   -0.0367004122452081   0
0.478659922793845   1.15227249227342   0.074448235912454   0.0306620245084304   0
0.457067542686155   1.21531207141417   -0.0215923801076905   0.0630395791407492   0
0.479570525888987   1.24584081291512   0.0225029832028326   0.0305287415009476   0
0.391321046745827   1.18928589284705   -0.0882494791431602   -0.0565549200680695   0
0.382978446424926   1.15857293313801   -0.00834260032090117   -0.0307129597090428   0
0.386669273383278   1.14556133222975   0.00369082695835227   -0.013011600908255   0
0.384995310158514   1.10725307767691   -0.00167396322476487   -0.038308254552835   0
0.379829176898853   1.11711297562064   -0.0051661332596607   0.00985989794372477   0
0.390207053791458   1.19146087814498   0.0103778768926055   0.0743479025243372   0
0.39237294896858   1.2355970583993   0.00216589517712185   0.0441361802543219   0
0.382216903537102   1.33168104230142   -0.0101560454314786   0.0960839839021226   0
0.389964152703566   1.40641318364306   0.0077472491664643   0.0747321413416357   0
0.431293918715822   1.32098558503679   0.0413297660122561   -0.0854275986062634   0
0.432470471624364   1.23801604022323   0.00117655290854235   -0.0829695448135663   0
0.388967206147973   1.23320432788934   -0.0435032654763909   -0.00481171233388711   0
0.459448827901432   1.23097833043478   0.070481621753459   -0.00222599745455998   0
0.465666312541502   1.28077818605526   0.00621748464006977   0.0497998556204788   0
0.560322903874186   1.28677249585931   0.0946565913326836   0.00599430980405158   0
0.51858708929552   1.28751536738402   -0.0417358145786654   0.000742871524706201   0
0.430937433504459   1.2523635559014   -0.0876496557910613   -0.0351518114826166   0
0.450495683379985   1.26510621567914   0.0195582498755263   0.0127426597777418   0
0.435365754452506   1.22075600898583   -0.015129928927479   -0.044350206693317   0
0.430495878563314   1.21688540917993   -0.00486987588919185   -0.00387059980589743   0
0.411073943478895   1.25939093036078   -0.0194219350844191   0.042505521180856   0
0.408493941998116   1.25083048292924   -0.00258000148077953   -0.00856044743154194   0
0.401585763171007   1.24670593015153   -0.00690817882710898   -0.00412455277770829   0
0.413922304517937   1.23362912179877   0.0123365413469305   -0.0130768083527653   0
