0.0457686810335408   0.0424934819743275   0   0   0
0.0207416334276763   0.0949627273707953   -0.0250270476058645   0.0524692453964678   0
0.0601178109885914   0.0958910690022258   0.0393761775609151   0.000928341631430449   0
0.0435749008620972   0.0751272409084032   -0.0165429101264942   -0.0207638280938226   0
0.0279153674820895   0.0522511265370722   -0.0156595333800077   -0.022876114371331   0
0.0366752155831278   0.056320783138372   0.00875984810103829   0.00406965660129981   0
0.0183946781072298   0.0354339706751163   -0.018280537475898   -0.0208868124632557   0
0.0266126330493133   0.0303820468459994   0.00821795494208344   -0.00505192382911691   0
0.0123298034995575   0.0239504613063089   -0.0142828295497558   -0.00643158553969046   0
0.0307073429532026   0.0173417296255203   0.0183775394536451   -0.00660873168078856   0
0.016892655484997   0.0152597614078061   -0.0138146874682056   -0.00208196821771429   0
0.026648820174852   0.023054816872077   0.009756164689855   0.00779505546427097   0
0.0271555675955134   0.0195561823075211   0.000506747420661431   -0.00349863456455597   0
0.00498577301582212   0.013885913848865   -0.0221697945796913   -0.0056702684586561   0
0.018193695516703   0.0347460482988354   0.0132079225008809   0.0208601344499704   0
0.0446165140737149   0.0237121031764503   0.0264228185570119   -0.0110339451223851   0
0.0282381711309231   0.0189744318355649   -0.0163783429427918   -0.00473767134088538   0
0.0433079555905563   0.0123198348067253   0.0150697844596332   -0.00665459702883964   0
0.027473201069444   0.0103387118278935   -0.0158347545211123   -0.00198112297883179   0
0.00663948540001407   0.00930485104233808   -0.02083371566943   -0.00103386078555542   0
0.0111270098680508   0.0108502055161458   0.00448752446803673   0.00154535447380769   0
0.0260874401368264   0.0116627084137862   0.0149604302687756   0.00081250289764046   0
0.0417125031962372   0.00725194047252182   0.0156250630594108   -0.00441076794126441   0
0.0190389860574585   0.00930485104233808   -0.0226735171387787   0.00205291056981626   0
0.0128650174373998   0.0107629059162709   -0.00617396862005876   0.00145805487393286   0
0.036151495420855   0.0171364933846601   0.0232864779834552   0.00637358746838918   0
0.0463616019174467   0.0133791807493023   0.0102101064965917   -0.00375731263535787   0
0.0044792180757918   0.0177231398504892   -0.0418823838416549   0.00434395910118699   0
0.0116928775000888   0.0228026567756676   0.00721365942429705   0.00507951692517837   0
0.0310791445081247   0.024017626701758   0.0193862670080359   0.00121496992609041   0
0.0206485773712234   0.0147409336695009   -0.0104305671369013   -0.00927669303225713   0
0.0248182940312363   0.0222821069708662   0.00416971666001289   0.00754117330136533   0
0.0457369598774011   0.0179806815677299   0.0209186658461648   -0.00430142540313637   0
0.0232801859197902   0.0222253489287638   -0.0224567739576109   0.00424466736103395   0
0.017283978392954   0.0314894151818972   -0.00599620752683627   0.00926406625313344   0
0.0275934400782595   0.0418921488815375   0.0103094616853056   0.0104027336996402   0
0.0529564655283942   0.0608865635262412   0.0253630254501346   0.0189944146447037   0
0.039412923389448   0.0540955383470763   -0.0135435421389461   -0.00679102517916489   0
0.0143684618875299   0.0413204061641763   -0.0250444615019181   -0.0127751321829   0
0.0273757546113345   0.0499544203797071   0.0130072927238045   0.00863401421553082   0
0.0255819747088375   0.070826921645745   -0.00179377990249699   0.0208725012660379   0
0.0234919140254812   0.0495701555065394   -0.00209006068335628   -0.0212567661392056   0
0.0332830379583896   0.05793743653962   0.00979112393290837   0.00836728103308063   0
0.0246420187749786   0.0467366544059371   -0.00864101918341092   -0.0112007821336829   0
0.0471820718749188   0.0496212855212609   0.0225400530999401   0.00288463111532383   0
0.0453021108285651   0.0631054735027795   -0.00187996104635362   0.0134841879815185   0
0.0136052207831773   0.0448601555710076   -0.0316968900453878   -0.0182453179317719   0
0.0240757016175002   0.0691580505710109   0.0104704808343228   0.0242978950000033   0
0.0212658008178954   0.0550955884822735   -0.00280990079960478   -0.0140624620887374   0
0.0232777511678512   0.0434677687989043   0.00201195034995586   -0.0116278196833692   0
0.0484141278266995   0.0389345718948469   0.0251363766588483   -0.00453319690405745   0
0.0660299651778645   0.0296869204556906   0.017615837351165   -0.00924765143915629   0
0.0548288982184578   0.0316238774803549   -0.0112010669594068   0.00193695702466435   0
0.0370302742538534   0.0237065164847774   -0.0177986239646043   -0.00791736099557748   0
0.0211617101705628   0.0177591627686245   -0.0158685640832907   -0.00594735371615291   0
0.0297021511523997   0.0453289061965155   0.00854044098183695   0.0275697434278909   0
0.0429780174488784   0.0458299098250098   0.0132758662964787   0.00050100362849427   0
0.0357679970931069   0.050358254479107   -0.00721002035577159   0.00452834465409725   0
0.0268300001479687   0.0524111686338477   -0.00893799694513816   0.00205291415474074   0
0.0205771663775652   0.0466482509371466   -0.00625283377040349   -0.00576291769670112   0
0.0462531821552853   0.048384487687636   0.0256760157777201   0.00173623675048939   0
0.0331879905986322   0.0708912842764363   -0.0130651915566531   0.0225067965888003   0
0.0240585141529979   0.0582919821125727   -0.00912947644563431   -0.0125993021638635   0
0.0384476936635996   0.0667110378501939   0.0143891795106018   0.00841905573762114   0
0.048551049553022   0.0812981673369855   0.0101033558894224   0.0145871294867917   0
0.040711159980611   0.0824374643214819   -0.00783988957241105   0.00113929698449636   0
0.0356872339153653   0.088650577907594   -0.00502392606524565   0.00621311358611217   0
0.0269763547783981   0.058646884762092   -0.00871087913696725   -0.030003693145502   0
0.0291462305379272   0.0811595403725163   0.00216987575952914   0.0225126556104243   0
0.0409241831742565   0.080539940502663   0.0117779526363293   -0.000619599869853271   0
0.0731477126996798   0.0988847829849371   0.0322235295254233   0.0183448424822741   0
0.0264596258935779   0.107158400204977   -0.0466880868061019   0.00827361722003986   0
0.0294933251219255   0.131146433111198   0.00303369922834753   0.0239880329062213   0
0.025416619252617   0.126158998693999   -0.00407670586930849   -0.00498743441719901   0
0.0272788163024883   0.139700086535057   0.00186219704987129   0.0135410878410581   0
0.0398906446496281   0.132279314568274   0.0126118283471398   -0.0074207719667829   0
0.0230934194948907   0.146181017359993   -0.0167972251547373   0.0139017027917183   0
0.0424520001635035   0.119631085118595   0.0193585806686127   -0.0265499322413978   0
0.0547926949427567   0.144748288562085   0.0123406947792533   0.0251172034434896   0
0.0646872092941101   0.146374100894429   0.00989451435135332   0.00162581233234452   0
0.0555936029145441   0.139606254115002   -0.00909360637956601   -0.0067678467794271   0
0.0381548275821029   0.152164437934435   -0.0174387753324411   0.0125581838194329   0
0.0500218694846564   0.160382810836768   0.0118670419025535   0.00821837290233307   0
0.0491841768983491   0.15054248410888   -0.000837692586307275   -0.00984032672788762   0
0.0591852917866424   0.143945525739436   0.0100011148882933   -0.00659695836944479   0
0.0507108073696328   0.161272551035204   -0.00847448441700963   0.0173270252957685   0
0.0814855828794272   0.153194549055776   0.0307747755097944   -0.00807800197942826   0
0.0681462086800139   0.157310960290923   -0.0133393741994133   0.00411641123514769   0
0.0656047250064353   0.148934396647156   -0.00254148367357857   -0.00837656364376713   0
0.0603218946908202   0.148328815257362   -0.00528283031561514   -0.000605581389794801   0
0.0682958206142953   0.161162695908211   0.00797392592347509   0.0128338806508495   0
0.217494687401371   0.0870002325767725   0.149198866787076   -0.0741624633314386   0
0.165535233684433   0.0759296245579583   -0.0519594537169373   -0.0110706080188142   0
0.119565977408713   0.110220763523995   -0.0459692562757203   0.034291138966037   0
0.0683901378750621   0.128882875082621   -0.0511758395336511   0.0186621115586257   0
0.0592397398142632   0.132417491981092   -0.00915039806079887   0.0035346168984707   0
0.0495206210081628   0.130119608005721   -0.00971911880610035   -0.00229788397537073   0
0.0527225825349062   0.138474720479272   0.00320196152674339   0.00835511247355095   0
0.0498866056207475   0.1275932555577   -0.00283597691415869   -0.0108814649215721   0
0.0529831611303827   0.150701802917425   0.0030965555096352   0.0231085473597255   0
0.0429555766871788   0.152167398824658   -0.0100275844432039   0.00146559590723255   0
0.0533102486446321   0.142410983364837   0.0103546719574533   -0.00975641545982045   0
0.0396559700408161   0.15311046759047   -0.0136542786038161   0.010699484225633   0
0.0647133944742508   0.158344175890755   0.0250574244334348   0.00523370830028502   0
0.0490718900694685   0.140513199485929   -0.0156415044047824   -0.0178309764048264   0
0.0523925641224029   0.154189612508504   0.00332067405293442   0.0136764130225746   0
0.0675732896133524   0.150407750925143   0.0151807254909495   -0.00378186158336016   0
0.0669348664140745   0.168288307382814   -0.000638423199277899   0.0178805564576706   0
0.0669284799962617   0.173295636060238   -6.386417812837e-06   0.00500732867742409   0
0.0607678961711692   0.167659303134221   -0.00616058382509247   -0.00563633292601742   0
0.0562479919433298   0.174275993798601   -0.00451990422783935   0.00661669066438023   0
0.0653990696153401   0.161677363929958   0.00915107767201025   -0.0125986298686432   0
0.0638762212100098   0.163378444335537   -0.00152284840533035   0.00170108040557876   0
0.060488369851898   0.156723025989714   -0.00338785135811178   -0.00665541834582276   0
0.0644738408471071   0.143543488656896   0.00398547099520916   -0.0131795373328175   0
0.0702341211104467   0.155206823427934   0.00576028026333959   0.0116633347710382   0
0.0653396635988922   0.140833490556224   -0.00489445751155453   -0.0143733328717105   0
0.08361591955812   0.158091263142813   0.0182762559592278   0.0172577725865887   0
0.0901931586300203   0.173424605123062   0.00657723907190023   0.0153333419802495   0
0.069564935829698   0.170956544896912   -0.0206282228003223   -0.00246806022614973   0
0.0705034463643445   0.184433122543349   0.000938510534646497   0.0134765776464367   0
0.0740541784353185   0.170507153186171   0.00355073207097405   -0.0139259693571777   0
0.079072827376982   0.164993927276915   0.0050186489416635   -0.00551322590925607   0
0.069684636809558   0.166446281818159   -0.00938819056742407   0.00145235454124373   0
0.0792753766647904   0.179185662805622   0.00959073985523246   0.0127393809874628   0
0.0802920668991028   0.175167448034987   0.00101669023431238   -0.00401821477063441   0
0.0856772566271236   0.169732270215007   0.00538518972802084   -0.00543517781998079   0
0.0923791056324968   0.164919017641053   0.00670184900537314   -0.0048132525739534   0
0.080788357563389   0.190739383626167   -0.0115907480691077   0.0258203659851136   0
0.0877657358988119   0.16106496830267   0.00697737833542286   -0.029674415323497   0
0.0796711274396346   0.16709924277683   -0.00809460845917728   0.00603427447416038   0
0.0788314465384215   0.170111075654291   -0.000839680901213155   0.00301183287746118   0
0.0993893093460761   0.177911578987435   0.0205578628076546   0.00780050333314422   0
0.107765071549181   0.196421390848629   0.00837576220310447   0.0185098118611938   0
0.0943644999438348   0.18128626628115   -0.0134005716053457   -0.0151351245674794   0
0.104143589614628   0.172710679187304   0.00977908967079294   -0.00857558709384548   0
0.107472282241981   0.179443150277992   0.00332869262735315   0.0067324710906875   0
0.11316667336217   0.169307225400572   0.00569439112018878   -0.0101359248774202   0
0.107355773376843   0.171114273366141   -0.00581089998532699   0.00180704796556946   0
0.0966278272994379   0.177801592782158   -0.0107279460774047   0.00668731941601725   0
0.0966343581433643   0.169299091022368   6.53084392637782e-06   -0.00850250175979056   0
0.105475943645364   0.160438963034241   0.00884158550199966   -0.00886012798812705   0
0.113349855261575   0.170131542641635   0.00787391161621102   0.00969257960739428   0
0.113477437867798   0.173670014802851   0.000127582606223184   0.00353847216121592   0
0.123456489110637   0.183065237417901   0.00997905124283908   0.0093952226150501   0
0.139812220189581   0.182560357794683   0.0163557310789442   -0.000504879623218601   0
0.113708988727937   0.171505000621884   -0.0261032314616449   -0.0110553571727983   0
0.112598806878936   0.164661929786457   -0.00111018184900019   -0.00684307083542751   0
0.119597211810445   0.169399186980406   0.0069984049315089   0.00473725719394916   0
0.10497770178731   0.164718130052136   -0.014619510023135   -0.00468105692826951   0
0.118420504609126   0.178120886719869   0.0134428028218156   0.0134027566677329   0
0.101422450091999   0.17881835473707   -0.0169980545171269   0.00069746801720047   0
0.100949070932525   0.189858342045122   -0.000473379159473819   0.0110399873080522   0
0.109221901051025   0.181520167034547   0.00827283011850032   -0.00833817501057443   0
0.0964994115222471   0.133859644911424   -0.0127224895287784   -0.0476605221231235   0
0.0920840508338074   0.162153110675975   -0.00441536068843967   0.0282934657645511   0
0.100270387602023   0.174131135533604   0.00818633676821592   0.0119780248576294   0
0.112866269383638   0.202583599888102   0.0125958817816149   0.0284524643544973   0
0.12084032206806   0.198612711261446   0.00797405268442145   -0.00397088862665579   0
0.111175024370514   0.173352667644285   -0.00966529769754564   -0.0252600436171608   0
0.120180975050005   0.181452333341983   0.00900595067949124   0.00809966569769752   0
0.145227885257963   0.205532029951228   0.0250469102079575   0.0240796966092453   0
0.122406590158128   0.211719056009379   -0.0228212950998345   0.00618702605815083   0
0.118813419796292   0.190458843775033   -0.00359317036183596   -0.0212602122343456   0
0.117322892763092   0.184882753221123   -0.0014905270332003   -0.0055760905539107   0
0.122270721897354   0.196514728660576   0.00494782913426157   0.011631975439454   0
0.143450108064442   0.195513426945568   0.0211793861670881   -0.00100130171500837   0
0.122893254732064   0.212557569289951   -0.0205568533323776   0.0170441423443833   0
0.112648111964375   0.21368729859405   -0.010245142767689   0.00112972930409816   0
0.131256286532189   0.210083802898391   0.0186081745678135   -0.00360349569565857   0
0.147291962375752   0.205975007019717   0.0160356758435636   -0.00410879587867394   0
0.14560414268475   0.200628801865684   -0.00168781969100265   -0.00534620515403281   0
0.130865766060447   0.201850450314267   -0.0147383766243027   0.00122164844858302   0
0.126766593685847   0.201532465601079   -0.00409917237460034   -0.000317984713188529   0
0.120047818186504   0.205726314856541   -0.00671877549934217   0.0041938492554619   0
0.124457170108837   0.211957414471044   0.0044093519223327   0.00623109961450349   0
0.144092231608682   0.201826224772086   0.0196350614998448   -0.0101311896989583   0
0.125081568004123   0.214942019710549   -0.019010663604559   0.0131157949384631   0
0.121551259990256   0.209290133167452   -0.00353030801386645   -0.00565188654309642   0
0.134879530914405   0.203129015402158   0.0133282709241489   -0.00616111776529482   0
0.141168198875455   0.198636053421477   0.00628866796104971   -0.00449296198068033   0
0.154263662743267   0.201904936552428   0.013095463867812   0.00326888313095072   0
0.164869292368258   0.210021917653021   0.0106056296249907   0.00811698110059331   0
0.153671270302107   0.212561439833875   -0.0111980220661508   0.00253952218085349   0
0.153298742645496   0.204955568417279   -0.000372527656610833   -0.00760587141659572   0
0.154811894220858   0.21297793441399   0.00151315157536164   0.00802236599671127   0
0.149065557564407   0.22006500185084   -0.00574633665645036   0.00708706743684911   0
0.15552687691666   0.208907066080231   0.00646131935225305   -0.0111579357706085   0
0.168732010756584   0.204357437826471   0.0132051338399238   -0.0045496282537599   0
0.138246340204036   0.208203972484701   -0.0304856705525483   0.00384653465822959   0
0.158689624730667   0.221450580644396   0.0204432845266315   0.013246608159695   0
0.16604520083146   0.217278130730919   0.00735557610079313   -0.00417244991347629   0
0.136090209574091   0.233495526745889   -0.0299549912573694   0.0162173960149692   0
0.147880637729758   0.216650057921415   0.0117904281556673   -0.0168454688244736   0
0.150161299024882   0.212045168288982   0.00228066129512364   -0.00460488963243352   0
0.149950049358679   0.222289038029212   -0.000211249666202451   0.0102438697402306   0
0.152528307568267   0.213619586992134   0.00257825820958801   -0.00866945103707792   0
0.149176593246561   0.227522381561683   -0.00335171432170614   0.0139027945695487   0
0.135877517674421   0.235527669020542   -0.0132990755721407   0.00800528745885917   0
0.148210086901508   0.225255035216752   0.0123325692270871   -0.0102726338037904   0
0.148913819880426   0.226704289530437   0.000703732978918348   0.00144925431368492   0
0.156523896384418   0.220990330449343   0.00761007650399176   -0.0057139590810931   0
0.158613143530289   0.21604896326123   0.00208924714587091   -0.00494136718811294   0
0.167908651536155   0.226874575028632   0.0092955080058664   0.0108256117674018   0
0.167844807518731   0.222545480675951   -6.3844017423792e-05   -0.00432909435268145   0
0.154374809982072   0.229736091946085   -0.0134699975366592   0.00719061127013412   0
0.137115758638313   0.22647371333667   -0.0172590513437596   -0.00326237860941536   0
0.158081031266531   0.205423203622424   0.0209652726282185   -0.0210505097142453   0
0.145314216539345   0.222023302653595   -0.0127668147271863   0.016600099031171   0
0.146896935473496   0.217988639500554   0.00158271893415102   -0.00403466315304132   0
0.150077561525166   0.216606896712686   0.00318062605167016   -0.00138174278786851   0
0.141168488568471   0.20223001760619   -0.00890907295669546   -0.0143768791064953   0
0.147658226410053   0.222011820580009   0.00648973784158252   0.0197818029738185   0
0.156031015595009   0.218638646996019   0.0083727891849561   -0.00337317358398931   0
0.135610681440106   0.222698092909437   -0.0204203341549029   0.00405944591341709   0
0.163173641677355   0.222011820580009   0.0275629602372492   -0.000686272329427778   0
0.154582918605186   0.208703293856374   -0.00859072307216935   -0.0133085267236347   0
0.164232846128781   0.228388489596674   0.00964992752359531   0.0196851957402998   0
0.11012293266383   0.218110078434726   -0.0541099134649516   -0.0102784111619474   0
0.280074457987247   0.318978643151136   0.169951525323417   0.10086856471641   1
0.117577442739541   0.170958712935317   -0.162497015247706   -0.14801993021582   0
0.0956495851103391   0.157904090182142   -0.0219278576292017   -0.0130546227531748   0
0.0983343449887698   0.145307767049804   0.00268475987843074   -0.0125963231323382   0
0.111857375332385   0.186165175270511   0.013523030343615   0.0408574082207071   0
0.138264105521462   0.177922538342399   0.0264067301890773   -0.00824263692811161   0
0.132225556780299   0.166787240927564   -0.00603854874116339   -0.0111352974148353   0
0.130474990412263   0.171341584278277   -0.00175056636803619   0.00455434335071342   0
0.12015309124184   0.171270709919771   -0.0103218991704222   -7.08743585058069e-05   0
0.133930208083053   0.168167649337975   0.0137771168412131   -0.00310306058179685   0
0.136380041784163   0.179963922890145   0.00244983370110938   0.0117962735521702   0
0.121115477032392   0.168678842110118   -0.0152645647517712   -0.0112850807800272   0
0.17149092452821   0.181260684031618   0.0503754474958181   0.0125818419215002   0
0.167674426831228   0.188469277479116   -0.00381649769698145   0.00720859344749808   0
0.15399010921163   0.184547217785178   -0.0136843176195987   -0.00392205969393769   0
0.173067906436202   0.190771668070209   0.0190777972245725   0.00622445028503077   0
0.171091478704113   0.181503040770286   -0.00197642773208895   -0.00926862729992328   0
0.159264626836627   0.181659249892484   -0.0118268518674863   0.000156209122198381   0
0.153558648706688   0.169880783669085   -0.00570597812993856   -0.011778466223399   0
0.153807516710498   0.186663847138305   0.000248868003809327   0.0167830634692199   0
0.161715834439179   0.189284405889762   0.00790831772868153   0.00262055875145656   0
0.160858119249729   0.172380616237449   -0.00085771518945027   -0.0169037896523131   0
0.174047155246186   0.184597923988868   0.0131890359964572   0.0122173077514198   0
0.161075330526589   0.199639781086461   -0.0129718247195968   0.0150418570975925   0
0.15331296654181   0.181763870729506   -0.00776236398477981   -0.017875910356955   0
0.145421593480922   0.185060538156815   -0.007891373060888   0.00329666742730922   0
0.156050816430834   0.191398143205211   0.010629222949913   0.00633760504839609   0
0.159456489442392   0.204767063882116   0.00340567301155728   0.0133689206769047   0
0.159594544331847   0.188178213883834   0.000138054889455619   -0.0165888499982817   0
0.172700538801649   0.186121732528848   0.013105994469802   -0.00205648135498615   0
0.163126863368668   0.178769840993727   -0.00957367543298165   -0.00735189153512072   0
