0.331600522452559   0.209032508809635   0   0   0
0.383945486258258   0.195610050984094   0.0523449638056989   -0.0134224578255403   0
0.34461606215416   0.179126831212384   -0.0393294241040975   -0.0164832197717101   0
0.288167083158868   0.22183237318534   -0.0564489789952921   0.0427055419729558   0
0.130141881168208   0.171093838184759   -0.15802520199066   -0.0507385350005811   0
0.229045869547521   0.145008332031861   0.0989039883793129   -0.0260855061528978   0
0.326494149132339   0.138560659686669   0.097448279584818   -0.00644767234519178   0
0.199662116042403   0.120492729127332   -0.126832033089936   -0.0180679305593378   0
0.0581531228187275   0.0925404860874012   -0.141508993223676   -0.0279522430399304   0
0.0797109821259906   0.0694978066665417   0.0215578593072632   -0.0230426794208596   0
0.170935898246197   0.0693704103682002   0.091224916120206   -0.000127396298341437   0
0.248075330681267   0.0524012187197493   0.0771394324350704   -0.016969191648451   0
0.306437938782952   0.0446497855642174   0.0583626081016852   -0.00775143315553182   0
0.232297731318345   0.0337606950943327   -0.0741402074646073   -0.0108890904698847   0
0.232377603355737   0.0249181570868012   7.98720373917927e-05   -0.00884253800753152   0
0.212640104274205   0.019182796175412   -0.0197374990815315   -0.00573536091138922   0
0.239395288122922   0.0205198987537098   0.0267551838487169   0.00133710257829781   0
0.298713545534182   0.0120111944158263   0.0593182574112595   -0.00850870433788352   0
0.0849049442186473   0.0220377182330317   -0.213808601315534   0.0100265238172055   0
0.068044215249672   0.00655266265924967   -0.0168607289689752   -0.0154850555737821   0
0.0128981424485001   0.00577374970264126   -0.0551460728011719   -0.000778912956608415   0
0.333372253244598   0.00741297224031124   0.320474110796097   0.00163922253766998   0
0.163996243818694   0.0064984958324494   -0.169376009425904   -0.000914476407861835   0
0.409083614655565   0.00961440453543146   0.245087370836871   0.00311590870298206   0
0.33118997305029   0.0142212583282669   -0.0778936416052755   0.00460685379283542   0
0.290142717794523   0.0109245105306782   -0.0410472552557669   -0.00329674779758863   0
0.245171022221632   0.0177808591819265   -0.0449716955728907   0.00685634865124825   0
0.382702382279406   0.0262574243540279   0.137531360057774   0.00847656517210145   0
0.301290881447962   0.0289805833139453   -0.0814115008314442   0.00272315895991736   0
0.161782545041176   0.0111417904355629   -0.139508336406787   -0.0178387928783824   0
0.15450571539736   0.0119039000984562   -0.0072768296438156   0.000762109662893317   0
0.209289195604875   0.00992577502532674   0.0547834802075155   -0.00197812507312944   0
0.147057025360572   0.00695307567872125   -0.0622321702443032   -0.00297269934660548   0
0.157469903024496   0.0245743593601954   0.0104128776639238   0.0176212836814742   0
0.186417580377764   0.0221270736281512   0.0289476773532676   -0.00244728573204422   0
0.634695859942075   0.027461629584249   0.448278279564311   0.00533455595609778   1
0.1690824680039   0.0794531716988221   -0.465613391938174   0.0519915421145731   0
0.341570036761496   0.0764543513589155   0.172487568757596   -0.00299882033990659   0
0.188485656720107   0.0905183494464106   -0.153084380041389   0.0140639980874951   0
0.244866540959785   0.149388708461358   0.0563808842396779   0.058870359014947   0
0.201520649456203   0.139714070896608   -0.0433458915035815   -0.00967463756474926   0
0.470252432995668   0.182929357265011   0.268731783539465   0.0432152863684026   0
0.386075324985781   0.189911752858407   -0.0841771080098878   0.0069823955933957   0
0.41479075420277   0.225632525586965   0.0287154292169891   0.0357207727285586   0
0.385926446108874   0.169909025998768   -0.0288643080938957   -0.0557234995881968   0
0.344325259162544   0.236397936124668   -0.0416011869463302   0.0664889101258994   0
0.336542036253779   0.212748009719839   -0.0077832229087646   -0.0236499264048293   0
0.525348377935023   0.197868230095113   0.188806341681244   -0.0148797796247258   0
0.262554155771171   0.249728182162131   -0.262794222163853   0.0518599520670183   0
0.262622700916395   0.228526765137702   6.85451452248631e-05   -0.0212014170244289   0
0.263336298613924   0.218009245100093   0.000713597697528268   -0.010517520037609   0
0.209507525570825   0.268025137586776   -0.0538287730430984   0.0500158924866825   0
0.349569365935418   0.314464665671264   0.140061840364592   0.0464395280844886   0
0.295386796220633   0.333935379310807   -0.0541825697147843   0.0194707136395427   0
0.385751273468293   0.335441604095273   0.0903644772476599   0.00150622478446633   0
0.426408452918103   0.408543706994735   0.0406571794498096   0.0731021028994619   0
0.473670759351894   0.385766814741513   0.0472623064337911   -0.0227768922532225   0
0.390449691864714   0.409024163468676   -0.0832210674871802   0.0232573487271632   0
0.405190058798535   0.455042022110046   0.0147403669338209   0.0460178586413706   0
0.524318538215091   0.431499227158925   0.119128479416557   -0.0235427949511209   0
0.555559113103412   0.47444695790204   0.031240574888321   0.0429477307431145   0
0.557325850626148   0.533530893436594   0.00176673752273615   0.059083935534554   0
0.564948869121702   0.440249486224856   0.00762301849555358   -0.0932814072117376   0
0.460639702863051   0.456549895194928   -0.104309166258651   0.016300408970072   0
0.499392931440654   0.43886314584555   0.0387532285776032   -0.0176867493493784   0
0.505669363649816   0.443183638336582   0.00627643220916191   0.00432049249103161   0
0.390540465386738   0.463745702496799   -0.115128898263078   0.0205620641602179   0
0.242687968857049   0.36866465800033   -0.147852496529689   -0.0950810444964698   0
0.326669959655001   0.459037411685856   0.083981990797952   0.0903727536855263   0
0.487476695498041   0.474348251474325   0.16080673584304   0.0153108397884695   0
0.416947368004452   0.485386161729504   -0.0705293274935891   0.0110379102551783   0
0.281805242211514   0.546666577396131   -0.135142125792938   0.0612804156666272   0
0.506093756575857   0.336935360510102   0.224288514364343   -0.209731216886029   0
0.401548491111646   0.291431588368197   -0.10454526546421   -0.0455037721419055   1
0.234264074016675   0.170903172503533   -0.167284417094972   -0.120528415864663   1
0.167949993916523   0.181500385238055   -0.0663140801001519   0.0105972127345219   0
0.638015605617457   0.188400005556502   0.470065611700934   0.00689962031844671   0
0.2985697316022   0.195725355549147   -0.339445874015256   0.00732534999264495   0
0.345725329043621   0.226758050857318   0.0471555974414205   0.0310326953081709   0
0.54564077271026   0.267980357830737   0.199915443666639   0.0412223069734193   0
0.258669871174843   0.36108955406727   -0.286970901535417   0.0931091962365329   0
0.291950564660937   0.41303775247488   0.0332806934860938   0.0519481984076096   0
0.292181813052233   0.367866712663704   0.000231248391295902   -0.0451710398111759   0
0.320401088013586   0.397004777112631   0.0282192749613535   0.0291380644489275   0
0.22416874213806   0.433587259069325   -0.0962323458755266   0.0365824819566938   0
0.40780588719262   0.476364041634127   0.18363714505456   0.0427767825648016   0
0.208506423397026   0.483840828863687   -0.199299463795594   0.00747678722956069   0
0.27565112802071   0.501255760656424   0.067144704623684   0.0174149317927365   0
0.559472281379739   0.564238341964856   0.283821153359029   0.0629825813084325   0
0.338362533461803   0.696589395403777   -0.221109747917936   0.132351053438921   0
0.732500831137064   0.679674463842802   0.394138297675261   -0.0169149315609755   0
0.363771556890805   0.616915473740933   -0.36872927424626   -0.0627589901018686   0
0.517479448139547   0.618529514626828   0.153707891248742   0.00161404088589512   0
0.37461748904883   0.69062093066059   -0.142861959090717   0.072091416033762   0
0.444558062773593   0.69129956692902   0.0699405737247635   0.000678636268429123   0
0.517211423433744   0.761552702891435   0.0726533606601512   0.0702531359624152   0
0.396080909356106   0.804806008247485   -0.121130514077638   0.0432533053560499   0
0.461505574882428   0.792659928380387   0.0654246655263215   -0.0121460798670978   0
0.516626671296876   0.786161768200413   0.0551210964144481   -0.00649816017997373   0
0.588998228066095   0.810570953172053   0.0723715567692196   0.0244091849716396   0
0.600689917606414   0.902038327055453   0.0116916895403184   0.0914673738834003   0
0.47364166369419   0.864279300478728   -0.127048253912224   -0.0377590265767246   0
0.658398982326826   1.07886525067047   0.184757318632636   0.214585950191739   0
0.58489080981838   1.11091205338778   -0.073508172508446   0.0320468027173111   0
0.842601027724272   1.14047937363516   0.257710217905892   0.0295673202473832   0
0.693277763634461   1.18911298812224   -0.149323264089811   0.0486336144870776   0
0.901875141859448   1.23045564141602   0.208597378224987   0.0413426532937773   0
0.598377776729718   1.1785862968245   -0.30349736512973   -0.0518693445915115   0
0.498311488403589   1.20041751595393   -0.100066288326129   0.0218312191294234   0
0.358753290684559   1.1590838049905   -0.139558197719029   -0.0413337109634306   0
0.6056931204133   1.19402093512562   0.24693982972874   0.034937130135118   0
0.581143825002039   1.19671531390312   -0.0245492954112612   0.00269437877750733   0
0.683291453788938   1.17884069689261   0.102147628786899   -0.0178746170105148   0
0.710721020911863   1.20472188018895   0.0274295671229249   0.0258811832963424   0
0.565876770533126   1.19331389807596   -0.144844250378737   -0.0114079821129873   0
0.65205671639283   1.19109616280561   0.0861799458597045   -0.00221773527035252   0
0.731537111789279   1.24813355175488   0.0794803953964487   0.0570373889492686   0
0.779006202258365   1.20861385851292   0.0474690904690855   -0.0395196932419548   0
0.73149897871494   1.17954372316057   -0.0475072235434247   -0.0290701353523541   0
0.667635046091051   1.17416205054211   -0.0638639326238886   -0.00538167261846167   0
0.575424293948387   1.19199054080905   -0.0922107521426641   0.017828490266941   0
0.413908172875337   1.26737176487258   -0.16151612107305   0.075381224063535   0
0.567426815043138   1.24224044479521   0.153518642167801   -0.0251313200773753   0
0.552001002167569   1.24551519129957   -0.0154258128755699   0.00327474650435877   0
0.589500289385001   1.33048785326182   0.0374992872174326   0.0849726619622533   0
0.69728436524778   1.33680872371527   0.107784075862779   0.00632087045344898   0
0.742450601601211   1.30458275843045   0.0451662363534306   -0.0322259652848209   0
0.677584970224399   1.31599271749134   -0.0648656313768117   0.0114099590608936   0
0.624290575326106   1.30479426304494   -0.0532943948982936   -0.0111984544463986   0
0.844514196277363   1.37671472654913   0.220223620951257   0.071920463504187   0
0.803633155476428   1.35647201103312   -0.040881040800935   -0.020242715516007   0
0.805185366792641   1.31123093973993   0.00155221131621341   -0.0452410712931985   0
0.675587626961892   1.33289162039952   -0.129597739830749   0.0216606806595909   0
0.545045374545092   1.33113531156087   -0.130542252416799   -0.00175630883864852   0
0.527948587447679   1.34233016037765   -0.0170967870974129   0.0111948488167863   0
0.625972518250602   1.33834797850522   0.0980239308029224   -0.00398218187243793   0
0.582904863929784   1.32763845337021   -0.0430676543208178   -0.0107095251350042   0
0.819709902083048   1.31995800288011   0.236805038153264   -0.00768045049010202   0
0.847876767926802   1.33486363674085   0.0281668658437542   0.0149056338607363   0
0.729079630692012   1.35361007729488   -0.11879713723479   0.018746440554033   0
0.607451101329152   1.33445683766374   -0.121628529362859   -0.0191532396311431   0
0.617610759273185   1.34304328471991   0.0101596579440326   0.00858644705617517   0
0.611774734297682   1.32746357113086   -0.00583602497550251   -0.0155797135890503   0
0.505619571981742   1.35695402890242   -0.10615516231594   0.0294904577715549   0
0.678069760209081   1.39101142823235   0.172450188227339   0.0340573993299327   0
0.592345994209465   1.35833653564249   -0.0857237659996153   -0.0326748925898561   0
0.684986870652278   1.38425554303026   0.0926408764428123   0.0259190073877671   0
0.714955952111037   1.42357408694358   0.0299690814587599   0.0393185439133208   0
0.706927963907922   1.4170329027108   -0.00802798820311568   -0.00654118423277916   0
0.926913443407204   1.44056830448898   0.219985479499282   0.0235354017781768   0
0.619503787828614   1.46297557214808   -0.30740965557859   0.0224072676591005   0
0.695547521535373   1.46490926775389   0.0760437337067591   0.00193369560581491   0
0.786849356408836   1.61483492047763   0.0913018348734635   0.149925652723738   0
0.688605542927154   1.62961751048306   -0.0982438134816828   0.0147825900054261   0
0.748716428350547   1.61475733573841   0.0601108854233935   -0.0148601747446506   0
0.66005685625255   1.62560273912271   -0.0886595720979967   0.0108454033843004   0
0.754746607535271   1.64400475221546   0.0946897512827204   0.0184020130927471   0
0.742745760182446   1.62100063317485   -0.0120008473528246   -0.0230041190406096   0
0.808012137024562   1.64106659554008   0.0652663768421161   0.0200659623652319   0
0.736104925102393   1.65647895292711   -0.0719072119221691   0.0154123573870342   0
0.840524111735648   1.63624083836274   0.104419186633254   -0.0202381145643724   0
0.994047761255464   1.35315176076577   0.153523649519816   -0.283089077596971   1
0.620522219580927   1.4568945737918   -0.373525541674537   0.103742813026034   1
0.655937983358099   1.54402032275267   0.0354157637771724   0.0871257489608639   0
0.705293506553555   1.56493826401755   0.049355523195456   0.0209179412648788   0
0.825099396729394   1.56094078097185   0.119805890175839   -0.00399748304569836   0
0.626765194504417   1.56229861291944   -0.198334202224977   0.00135783194759065   0
0.623519443502767   1.61488898601614   -0.00324575100165048   0.0525903730967057   0
0.696690687298173   1.62161670024855   0.0731712437954057   0.00672771423240737   0
0.561481475913498   1.622580058061   -0.135209211384675   0.000963357812452825   0
0.772168344131097   1.61976268014338   0.210686868217599   -0.00281737791762837   0
0.644641105280489   1.62048386291055   -0.127527238850608   0.000721182767175144   0
0.937003375933454   1.63245896447729   0.292362270652965   0.0119751015667344   0
0.780722323962982   1.63912549326646   -0.156281051970472   0.00666652878917029   0
0.99084137664002   1.67013135588372   0.210119052677038   0.0310058626172665   0
0.815039688236689   1.64943785021473   -0.17580168840333   -0.020693505668989   0
0.656940183821549   1.61414949657714   -0.158099504415141   -0.0352883536375881   0
0.983575069493427   1.65491185239131   0.326634885671878   0.0407623558141692   0
0.526510182395517   1.67435454804598   -0.457064887097911   0.0194426956546634   0
0.624077617676848   1.65383987879903   0.0975674352813315   -0.0205146692469445   0
0.68784798218179   1.66878149689594   0.0637703645049419   0.0149416180969058   0
0.774335892840852   1.65699891657335   0.0864879106590625   -0.0117825803225902   0
0.600568374039135   1.68027839335994   -0.173767518801718   0.0232794767865883   0
0.914381874702381   1.67875929398328   0.313813500663246   -0.00151909937665407   0
0.719009299833848   1.70329088417833   -0.195372574868533   0.024531590195048   0
0.955201871890591   1.7214703915526   0.236192572056743   0.0181795073742657   0
0.674124531410926   1.70806460249788   -0.281077340479666   -0.0134057890547137   0
0.840710168823365   1.6965787186306   0.166585637412439   -0.011485883867282   0
0.903495869691257   1.73610684558735   0.062785700867892   0.0395281269567469   0
0.628986763755931   1.7170231606283   -0.274509105935325   -0.0190836849590468   0
0.80941357503319   1.75534577990606   0.180426811277259   0.038322619277755   0
0.56848788268723   1.70412301140418   -0.24092569234596   -0.0512227685018762   0
0.754899787701818   1.73819361918264   0.186411905014588   0.0340706077784618   0
0.702537444289883   1.72148136304819   -0.0523623434119352   -0.0167122561344528   0
0.675650857125846   1.74435842774958   -0.026886587164037   0.0228770647013949   0
0.791075089076353   1.76818554463191   0.115424231950507   0.0238271168823283   0
1.02485275241715   1.76808366819765   0.233777663340798   -0.000101876434264181   0
0.779159792911929   1.74272837337004   -0.245692959505222   -0.0253552948276037   0
1.08265940943355   1.76057666726765   0.303499616521619   0.0178482938976017   0
0.898456603353573   1.76636700328131   -0.184202806079975   0.0057903360136653   0
0.874729367824135   1.77578194788669   -0.0237272355294386   0.00941494460537995   0
0.734063346456428   1.77254399383344   -0.140666021367707   -0.00323795405325145   0
0.818389665685149   1.76750527877967   0.0843263192287209   -0.00503871505376896   0
0.736183279253095   1.78154364455554   -0.0822063864320544   0.0140383657758731   0
0.773418122024698   1.78610961724505   0.0372348427716028   0.00456597268950398   0
0.791203316047405   1.73811571332406   0.0177851940227076   -0.0479939039209896   0
0.766548995661726   1.49873673275404   -0.0246543203856796   -0.23937898057002   0
1.03234145015421   1.41918574129226   0.265792454492481   -0.0795509914617825   0
0.823166641048099   1.44059850762704   -0.209174809106108   0.0214127663347827   0
0.796467428925171   1.52750937954567   -0.0266992121229277   0.0869108719186318   0
0.901550604882083   1.53833746445026   0.105083175956912   0.0108280849045879   0
0.897392050086588   1.55223166010779   -0.00415855479549476   0.013894195657536   0
0.828260457726197   1.54981634125023   -0.0691315923603909   -0.00241531885756419   0
1.41391393235515   1.51718494048056   0.585653474628951   -0.0326314007696702   1
0.759472598374688   1.58432303271847   -0.654441333980461   0.0671380922379099   1
0.754155740150534   1.68644423134891   -0.00531685822415373   0.102121198630435   0
0.934257334799144   1.65634755570804   0.18010159464861   -0.0300966756408649   0
0.716837703388989   1.72304903596793   -0.217419631410155   0.0667014802598864   0
0.833819188814937   1.71454026708328   0.116981485425948   -0.00850876888464835   0
0.941050403263821   1.74796791834118   0.107231214448884   0.0334276512579021   0
0.910613669092991   1.72370622722116   -0.0304367341708296   -0.0242616911200217   0
1.03132843060104   1.70915973077131   0.120714761508047   -0.0145464964498507   0
0.942793593803013   1.72750583910077   -0.0885348367980253   0.0183461083294605   0
1.0351602546862   1.71604496638346   0.092366660883188   -0.0114608727173116   0
0.890215103220003   1.69826767328865   -0.144945151466198   -0.0177772930948052   0
0.788641060083737   1.74678527520528   -0.101574043136266   0.0485176019166322   0
0.76189430989672   1.70322246738352   -0.0267467501870161   -0.0435628078217656   0
0.798401572271122   1.71559505377872   0.0365072623744016   0.0123725863951991   0
0.943559070916601   1.73680002644439   0.145157498645479   0.0212049726656773   0
0.754945098993298   1.82298959007587   -0.188613971923304   0.0861895636314782   0
0.98955472930556   1.80647292858902   0.234609630312262   -0.0165166614868504   0
0.717623850186851   1.80754090027031   -0.271930879118709   0.00106797168128692   0
0.899845145401141   1.81206634144117   0.18222129521429   0.00452544117086395   0
0.914034920513434   1.82562231320583   0.0141897751122935   0.013555971764655   0
0.732651592588182   1.82370016310419   -0.181383327925252   -0.00192215010163799   0
0.993249989315379   1.81885168990087   0.260598396727196   -0.00484847320332071   0
0.932530591748603   1.85299250205337   -0.0607193975667755   0.0341408121524978   0
0.800764782218224   1.84244698164974   -0.131765809530379   -0.0105455204036242   0
1.09021652492613   1.83881906941656   0.289451742707903   -0.00362791223317904   0
0.963877734012463   1.82087497131187   -0.126338790913664   -0.017944098104695   0
0.991575194158264   1.82629878596713   0.0276974601458017   0.00542381465525699   0
0.963527792425833   1.83183659503243   -0.0280474017324309   0.00553780906530177   0
0.948746940056198   1.8475401384679   -0.014780852369635   0.0157035434354753   0
0.949540492304041   1.84737106769322   0.000793552247842277   -0.000169070774680202   0
0.939687110952364   1.82310939458525   -0.00985338135167702   -0.0242616731079726   0
0.852469547792764   1.86167243774247   -0.0872175631595994   0.0385630431572219   0
0.860319041053957   1.86160776575652   0.00784949326119266   -6.46719859476175e-05   0
0.8616739520712   1.85496440659248   0.00135491101724283   -0.00664335916404291   0
0.85123898362857   1.84524684864925   -0.0104349684426303   -0.00971755794322871   0
0.723915127021808   1.85695232341194   -0.127323856606762   0.0117054747626861   0
