0.205778197199533   0.310048444155784   0   0   0
0.227970238696093   0.313592506222247   0.0221920414965597   0.00354406206646268   0
0.19759594111307   0.309571661310431   -0.0303742975830225   -0.00402084491181631   0
0.157624029799806   0.300737100947888   -0.0399719113132649   -0.00883456036254293   0
0.309564911933249   0.332298869604231   0.151940882133443   0.0315617686563437   0
0.205816277666789   0.326144855247572   -0.103748634266459   -0.00615401435665897   0
0.241649223801029   0.264501839397196   0.0358329461342402   -0.0616430158503766   0
0.143188770336504   0.256421391622364   -0.0984604534645258   -0.00808044777483141   0
0.167228200981294   0.281257322836669   0.0240394306447901   0.0248359312143041   0
0.0783394407915323   0.31235597762689   -0.0888887601897615   0.0310986547902211   0
0.105523767708986   0.282131928617841   0.0271843269174535   -0.0302240490090487   0
0.140178038323483   0.24800208547168   0.0346542706144976   -0.0341298431461609   0
0.166673745557159   0.248420305175443   0.0264957072336753   0.00041821970376249   0
0.14046672830336   0.231056675157444   -0.0262070172537986   -0.0173636300179987   0
0.168640804336554   0.234563737412888   0.0281740760331941   0.00350706225544467   0
0.2069696123692   0.292655370497878   0.0383288080326457   0.0580916330849891   0
0.134904614288895   0.251824162298319   -0.0720649980803048   -0.0408312081995588   0
0.109899887166958   0.249298342899752   -0.0250047271219377   -0.00252581939856647   0
0.0806388936977089   0.24613260837128   -0.0292609934692486   -0.0031657345284721   0
0.123240833316301   0.291980838891395   0.0426019396185925   0.0458482305201144   1
0.0206351010564838   0.0412338055819797   -0.102605732259818   -0.250747033309415   0
0.0527927315056495   0.0333131749955764   0.0321576304491657   -0.00792063058640325   0
0.0625459469661741   0.048141334660274   0.00975321546052459   0.0148281596646976   0
0.134748271940905   0.110248086166711   0.0722023249747306   0.0621067515064368   0
0.174978777358741   0.161194221914124   0.0402305054178367   0.0509461357474136   0
0.181765868186875   0.180364516253891   0.0067870908281335   0.0191702943397663   0
0.169492419930391   0.168360084561335   -0.012273448256484   -0.0120044316925554   0
0.14330177436718   0.186704039212466   -0.0261906455632112   0.0183439546511305   0
0.130840259278863   0.179994274133929   -0.0124615150883171   -0.00670976507853685   0
0.1632861017492   0.190214713929417   0.0324458424703371   0.0102204397954881   0
0.160662373908672   0.215244730368301   -0.00262372784052747   0.0250300164388836   0
0.0920055941851364   0.241648155256253   -0.0686567797235358   0.0264034248879519   0
0.0408814909279248   0.236547757328726   -0.0511241032572116   -0.00510039792752634   0
0.184747395370679   0.289379628642463   0.143865904442754   0.052831871313737   0
0.199712594510211   0.319127840288575   0.0149651991395321   0.0297482116461112   0
0.15941191257243   0.300059152539129   -0.0403006819377813   -0.0190686877494461   0
0.151554467638206   0.31176310052426   -0.00785744493422391   0.0117039479851317   0
0.163321430594671   0.309557642843381   0.0117669629564653   -0.00220545768087965   0
0.18033251966265   0.310492252182321   0.0170110890679787   0.000934609338940351   0
0.15775014725841   0.303554759324409   -0.02258237240424   -0.00693749285791173   0
0.166823277644938   0.314187573836872   0.00907313038652793   0.0106328145124629   0
0.166820904087497   0.319787678187419   -2.37355744042711e-06   0.00560010435054648   0
0.165323147787386   0.331920369172336   -0.00149775630011101   0.0121326909849176   0
0.163644409760431   0.361858842124246   -0.00167873802695487   0.0299384729519098   0
0.149445573733651   0.282713863435701   -0.0141988360267809   -0.0791449786885454   0
0.0771234064935542   0.228489207719561   -0.0723221672400964   -0.0542246557161401   0
0.124374487829337   0.231581957949016   0.0472510813357832   0.00309275022945579   0
0.137509422669176   0.240098412323468   0.0131349348398382   0.00851645437445153   0
0.0967694477938672   0.25616882210029   -0.0407399748753084   0.0160704097768221   0
0.0997108686349186   0.270521821379071   0.00294142084105138   0.014352999278781   0
0.150091494046398   0.293387624236691   0.0503806254114796   0.0228658028576204   0
0.107557139958907   0.27094202401667   -0.0425343540874908   -0.022445600220021   0
0.105916409094021   0.26667953250484   -0.00164073086488602   -0.00426249151183039   0
0.156284064070397   0.288447056112989   0.0503676549763758   0.0217675236081493   0
0.162955018851461   0.232381481666462   0.0066709547810638   -0.0560655744465278   0
0.155836825981666   0.26117540445475   -0.00711819286979512   0.0287939227882889   0
0.198280021372452   0.30005288489448   0.0424431953907861   0.0388774804397294   0
0.158233478862356   0.292641410333961   -0.0400465425100961   -0.00741147456051844   0
0.172263645714585   0.316295283354416   0.014030166852229   0.0236538730204541   0
0.18717674057847   0.344612443358478   0.0149130948638856   0.0283171600040622   0
0.100153974087152   0.31248236215265   -0.087022766491318   -0.0321300812058276   0
0.0928280905182262   0.301765359096285   -0.00732588356892622   -0.0107170030563649   0
0.0982124735481191   0.305588356002356   0.00538438302989293   0.00382299690607046   0
0.160754286770493   0.321958338554389   0.0625418132223742   0.0163699825520332   0
0.1594804338097   0.323267115493167   -0.00127385296079363   0.00130877693877801   0
0.113487303907787   0.348392921968142   -0.0459931299019127   0.0251258064749753   0
0.157861220388669   0.35999731351706   0.0443739164808823   0.0116043915489173   0
0.141356926214954   0.346169446560857   -0.0165042941737151   -0.0138278669562025   0
0.154121684019673   0.465766621372228   0.0127647578047191   0.119597174811371   1
0.123386718884368   0.328285140786938   -0.0307349651353055   -0.137481480585289   0
0.0766787721889833   0.324265881360883   -0.0467079466953845   -0.00401925942605585   0
0.121066055520819   0.346289087454702   0.0443872833318356   0.022023206093819   0
0.132387711413295   0.348389726882998   0.0113216558924765   0.00210063942829641   0
0.111471046898645   0.331745759428602   -0.0209166645146501   -0.0166439674543959   0
0.127518087166645   0.331372181925611   0.0160470402679993   -0.00037357750299144   0
0.129177017415406   0.325478382797562   0.00165893024876088   -0.0058937991280491   0
0.11341033318199   0.331943106346344   -0.0157666842334155   0.00646472354878208   0
0.116818179651371   0.341273453431409   0.00340784646938096   0.00933034708506519   0
0.162918903698067   0.351279844130716   0.0461007240466959   0.0100063906993069   0
0.226592200788906   0.375337871794201   0.0636732970908393   0.0240580276634851   0
0.25083149021654   0.371689019313189   0.0242392894276334   -0.00364885248101204   0
0.214777005834098   0.374016572171274   -0.036054484382442   0.0023275528580855   0
0.220182725080057   0.374430497557958   0.00540571924595948   0.000413925386683667   0
0.214710529884144   0.352902066245368   -0.00547219519591285   -0.0215284313125902   0
0.196818879501586   0.362980659202732   -0.0178916503825578   0.0100785929573644   0
0.230480995907797   0.379545710551443   0.0336621164062107   0.0165650513487112   0
0.204293465392655   0.373850710651658   -0.026187530515142   -0.005694999899785   0
0.1840740179612   0.371600995499878   -0.0202194474314557   -0.0022497151517808   0
0.202843078800165   0.374138072605556   0.0187690608389656   0.00253707710567802   0
0.20146209968875   0.381517946137859   -0.00138097911141472   0.00737987353230302   0
0.181707506734718   0.371315394440494   -0.0197545929540323   -0.0102025516973641   0
0.188138598040407   0.391190127159736   0.00643109130568936   0.019874732719241   0
0.19778815462833   0.394079063624928   0.00964955658792213   0.00288893646519245   0
0.178700674676902   0.397025721548995   -0.0190874799514274   0.00294665792406695   0
0.182622460466285   0.392488699500062   0.00392178578938332   -0.00453702204893286   0
0.183445742492351   0.383984742857708   0.000823282026065658   -0.0085039566423542   0
0.19513825123622   0.392647736969475   0.0116925087438686   0.00866299411176708   0
0.0970078911656675   0.350863819635984   -0.0981303600705521   -0.0417839173334906   0
0.139148071079444   0.344069358386866   0.0421401799137764   -0.00679446124911781   0
0.147015972987155   0.356132556303127   0.00786790190771142   0.0120631979162606   0
0.16782386477465   0.374043056248208   0.0208078917874946   0.0179104999450808   0
0.196518337767675   0.397426978465856   0.028694472993025   0.0233839222176482   0
0.165105810137923   0.387147291896443   -0.0314125276297516   -0.0102796865694125   0
0.137023034813895   0.392858452821751   -0.0280827753240279   0.00571116092530755   0
0.159497143138427   0.39745900623492   0.0224741083245319   0.00460055341316878   0
0.13007445380681   0.401292840923869   -0.0294226893316172   0.0038338346889496   0
0.103198754425574   0.40342515312013   -0.0268756993812359   0.0021323121962602   0
0.115106992474176   0.42228713613429   0.0119082380486016   0.01886198301416   0
0.174060171319059   0.43179547302224   0.0589531788448825   0.00950833688795033   0
0.16661178356962   0.417791022726075   -0.00744838774943818   -0.0140044502961646   0
0.17196443836029   0.421052996105597   0.00535265479066974   0.00326197337952178   0
0.201738142903542   0.435718094949303   0.0297737045432521   0.0146650988437061   0
0.170876020702526   0.421244088286411   -0.0308621222010164   -0.0144740066628918   0
0.122784397193536   0.410652773624202   -0.0480916235089898   -0.0105913146622096   0
0.202966731449393   0.447977742353903   0.080182334255857   0.0373249687297012   0
0.217156199714698   0.432598936689632   0.0141894682653056   -0.0153788056642714   0
0.209953501769082   0.426835836360421   -0.00720269794561629   -0.00576310032921079   0
0.25059071087255   0.451641903233635   0.0406372091034679   0.024806066873214   0
0.192814512189436   0.443341090095989   -0.0577761986831145   -0.00830081313764569   0
0.210775080251367   0.456136132847969   0.0179605680619309   0.0127950427519798   0
0.216257660477265   0.449226914737697   0.00548258022589843   -0.00690921811027206   0
0.206517722611329   0.461581069378663   -0.00973993786593558   0.012354154640966   0
0.246558266140967   0.467931242518332   0.0400405435296378   0.00635017313966912   0
0.255001540476984   0.459258306418893   0.0084432743360168   -0.00867293609943881   0
0.24432022723385   0.462707124100116   -0.0106813132431342   0.00344881768122268   0
0.281033355276202   0.489769750279149   0.0367131280423523   0.0270626261790332   0
0.229336075255639   0.474775706029173   -0.0516972800205633   -0.0149940442499757   0
0.221120736556593   0.4839211202629   -0.00821533869904625   0.00914541423372661   0
0.237909206645523   0.486592937378359   0.016788470088931   0.0026718171154595   0
0.233982244339629   0.484000888556519   -0.00392696230589418   -0.00259204882184028   0
0.234542659071436   0.490201584607292   0.000560414731806985   0.00620069605077278   0
0.241274256544145   0.499124287780609   0.00673159747270896   0.00892270317331689   0
0.250298905260291   0.499240882138823   0.0090246487161455   0.000116594358214039   0
0.210867466153625   0.472726207804528   -0.0394314391066662   -0.0265146743342947   0
0.230799141405509   0.488776179327   0.0199316752518842   0.0160499715224722   0
0.257493825304841   0.439240162499116   0.0266946838993325   -0.0495360168278842   1
0.0803068118492448   0.418030666023929   -0.177187013455597   -0.0212094964751868   0
0.0801668292854345   0.435960062325094   -0.000139982563810245   0.0179293963011649   0
0.110363451934535   0.43066687245335   0.0301966226491004   -0.00529318987174426   0
0.109639909993624   0.433512498095211   -0.000723541940910802   0.00284562564186069   0
0.104577711461812   0.429427792589453   -0.00506219853181214   -0.00408470550575796   0
0.122321710631637   0.429277877965136   0.0177439991698253   -0.000149914624316905   0
0.110995885615388   0.444967906728114   -0.0113258250162488   0.0156900287629787   0
0.10602931863783   0.431670594200312   -0.00496656697755841   -0.013297312527803   0
0.127850350179693   0.44707829814726   0.0218210315418624   0.0154077039469482   0
0.164235036213136   0.465905025640956   0.0363846860334432   0.0188267274936965   0
0.153672552036888   0.458083403282361   -0.0105624841762479   -0.00782162235859535   0
0.13240712483205   0.463938852427774   -0.0212654272048381   0.00585544914541331   0
0.188575090940055   0.472728958392386   0.0561679661080052   0.00879010596461166   0
0.185462490252369   0.474125560823554   -0.00311260068768618   0.00139660243116857   0
0.161034951110652   0.477449041875937   -0.024427539141717   0.00332348105238245   0
0.123593275193752   0.468374569534363   -0.0374416759169002   -0.0090744723415736   0
0.190631510175128   0.479410196917525   0.0670382349813766   0.0110356273831617   0
0.198439755386087   0.475642180389839   0.00780824521095871   -0.00376801652768605   0
0.196698288994211   0.500083834029106   -0.00174146639187625   0.0244416536392667   0
0.228706502635269   0.517324700845368   0.0320082136410586   0.0172408668162629   0
0.187962696896113   0.489450205958941   -0.0407438057391563   -0.0278744948864272   0
0.1554275846557   0.49878083791055   -0.0325351122404126   0.00933063195160838   0
0.187233745663676   0.51520270704646   0.0318061610079755   0.0164218691359099   0
0.142060561090156   0.498349622142929   -0.0451731845735195   -0.0168530849035307   0
0.130555256473648   0.503223115262505   -0.0115053046165083   0.00487349311957574   0
0.121176475036618   0.519131750986443   -0.0093787814370304   0.0159086357239381   0
0.166719012551208   0.525976410665916   0.0455425375145909   0.00684465967947301   0
0.147788168078131   0.529825883556806   -0.0189308444730771   0.0038494728908901   0
0.122020642194366   0.517032484307563   -0.0257675258837649   -0.0127933992492432   0
0.127178521622639   0.537670725057167   0.00515787942827235   0.0206382407496046   0
0.158071025321815   0.54722503418749   0.0308925036991766   0.00955430913032307   0
0.176070987013477   0.518094171420843   0.0179999616916617   -0.0291308627666472   0
0.177468644534746   0.529016141113624   0.00139765752126886   0.0109219696927811   0
0.202947582565671   0.54833787788484   0.0254789380309255   0.019321736771216   0
0.207934387029298   0.535678864466622   0.00498680446362687   -0.0126590134182178   0
0.16872399792528   0.497648203088537   -0.0392103891040179   -0.0380306613780853   0
0.183153866972445   0.527679366383839   0.0144298690471645   0.030031163295302   0
0.212775981379972   0.522250565450553   0.0296221144075268   -0.0054288009332859   0
0.207125724783862   0.489202743826371   -0.0056502565961099   -0.0330478216241822   0
0.277365203343244   0.531608983231331   0.0702394785593823   0.0424062394049605   0
0.21145351397196   0.506786160574162   -0.0659116893712837   -0.0248228226571697   0
0.240524010271844   0.52659914928245   0.0290704962998835   0.0198129887082883   0
0.238226409737481   0.510721264504916   -0.00229760053436312   -0.0158778847775344   0
0.218959333188174   0.529909241997391   -0.0192670765493062   0.0191879774924758   0
0.261929103884314   0.527344828505504   0.04296977069614   -0.00256441349188696   0
0.237999934758394   0.515807294665605   -0.0239291691259201   -0.0115375338398997   0
0.24827816026586   0.510339970577212   0.0102782255074655   -0.00546732408839234   0
0.271397720824991   0.571852455354089   0.0231195605591316   0.0615124847768764   0
0.22765460737266   0.571730627714005   -0.0437431134523315   -0.000121827640083949   0
0.221295502825272   0.577888803376999   -0.00635910454738797   0.00615817566299437   0
0.250995235163937   0.581615818687044   0.0296997323386649   0.00372701531004449   0
0.232646321747145   0.553513878541902   -0.0183489134167919   -0.0281019401451412   0
0.233853098065089   0.571473656846053   0.00120677631794372   0.0179597783041503   0
0.240612106006743   0.597639411683584   0.00675900794165404   0.0261657548375308   0
0.223946118329834   0.584870154390913   -0.0166659876769087   -0.012769257292671   0
0.199795875734436   0.575395368643379   -0.0241502425953985   -0.00947478574753358   0
0.246211072981765   0.589565617030454   0.0464151972473297   0.014170248387075   0
0.232795433331117   0.587991327377794   -0.0134156396506485   -0.00157428965266015   0
0.229843831549748   0.58220242214929   -0.0029516017813688   -0.00578890522850406   0
0.234404710691232   0.589488458195324   0.00456087914148373   0.00728603604603395   0
0.244570240917492   0.598178713564141   0.0101655302262602   0.00869025536881673   0
0.280323266420968   0.610615324042273   0.035753025503476   0.0124366104781325   0
0.249397427268687   0.590521191978324   -0.0309258391522809   -0.0200941320639495   0
0.240117783656792   0.60026812855215   -0.00927964361189487   0.00974693657382597   0
0.270114198706566   0.613016860144564   0.0299964150497735   0.0127487315924145   0
0.257803290299018   0.62088184321576   -0.0123109084075471   0.00786498307119632   0
0.234212211508915   0.610877465224   -0.0235910787901031   -0.0100043779917599   0
0.241373278028058   0.63777004301139   0.00716106651914225   0.0268925777873893   0
0.25876743116828   0.630456163239364   0.0173941531402221   -0.00731387977202558   0
0.203490931400124   0.622770541795893   -0.0552764997681556   -0.00768562144347129   0
0.232679833708178   0.648341311127287   0.0291889023080544   0.0255707693313946   0
0.266145837070913   0.661356197201062   0.0334660033627344   0.0130148860737745   0
0.268244327660437   0.641429891282944   0.00209849058952433   -0.0199263059181175   0
0.275118724959534   0.641346858660741   0.00687439729909728   -8.30326222037714e-05   0
0.277394040040951   0.655448342231483   0.00227531508141682   0.0141014835707427   0
0.28719228599844   0.661029510204348   0.00979824595748913   0.00558116797286445   0
0.285008203784119   0.649139278827164   -0.00218408221432126   -0.0118902313771843   0
0.285440928666318   0.663675366668826   0.000432724882198754   0.014536087841662   0
0.290814150128721   0.661345394639216   0.0053732214624026   -0.00232997202960994   0
0.268262740469115   0.648897497525418   -0.0225514096596051   -0.0124478971137976   0
0.260367304541949   0.659429584599068   -0.00789543592716646   0.0105320870736503   0
0.292644721547002   0.672946961500496   0.0322774170050533   0.0135173769014276   0
0.313956495161352   0.673303114588444   0.0213117736143497   0.000356153087948452   0
0.295529014988393   0.668535086005776   -0.0184274801729586   -0.00476802858266878   0
0.295344657062551   0.683539565365641   -0.00018435792584276   0.0150044793598657   0
0.311091233851502   0.682187020883936   0.0157465767889516   -0.00135254448170519   0
0.286890790303279   0.670674937824018   -0.0242004435482231   -0.0115120830599185   0
0.31889426482074   0.701960413367271   0.0320034745174606   0.0312854755432532   0
0.303553228574891   0.685993348518227   -0.0153410362458486   -0.0159670648490438   0
0.299970887083747   0.669145621324873   -0.00358234149114417   -0.0168477271933546   0
0.329248207761272   0.689694290870419   0.0292773206775256   0.0205486695455462   0
0.292388454909304   0.662768169042917   -0.0368597528519686   -0.0269261218275023   0
0.308766283071445   0.66163505873801   0.016377828162141   -0.00113311030490659   0
0.339368184946144   0.692094659731059   0.0306019018746989   0.0304596009930488   0
0.302798273790196   0.70368592779343   -0.0365699111559478   0.011591268062371   0
0.407314106534502   0.770907003439455   0.104515832744306   0.0672210756460253   0
0.342023487586745   0.75019828778297   -0.0652906189477579   -0.0207087156564849   0
0.318908478416551   0.738852296406562   -0.0231150091701932   -0.0113459913764083   0
0.331331485956119   0.726060561584914   0.0124230075395678   -0.0127917348216482   0
0.358550731644157   0.756003209271297   0.0272192456880375   0.029942647686383   0
0.359013468210052   0.737013265990681   0.000462736565895405   -0.0189899432806158   0
0.365222163210084   0.769635638828693   0.00620869500003152   0.0326223728380118   0
0.373892994775457   0.762391797090741   0.00867083156537357   -0.00724384173795134   0
0.363233269253038   0.754585079707385   -0.0106597255224192   -0.0078067173833567   0
0.315758625476106   0.747367658808735   -0.0474746437769316   -0.00721742089864952   0
0.302240141801863   0.763310297418422   -0.0135184836742438   0.0159426386096869   0
0.344139922942776   0.76514013609665   0.0418997811409131   0.00182983867822795   0
0.333367092208934   0.751364279425932   -0.0107728307338416   -0.0137758566707178   0
0.30263759967395   0.748286392873912   -0.0307294925349842   -0.00307788655202068   0
0.362607647484178   0.787274169855077   0.0599700478102281   0.0389877769811651   0
0.359297524976516   0.761548455901034   -0.00331012250766233   -0.0257257139540421   0
0.358436896866101   0.759838327954704   -0.000860628110414707   -0.00171012794633074   0
0.381014902842753   0.800929307974493   0.0225780059766518   0.0410909800197891   0
0.352948345636143   0.781419054845894   -0.0280665572066102   -0.0195102531285991   0
