0.00611206275208297   0.03106845   0   0   0
0.0452209936470839   0.0323850523021424   0.0391089308950009   0.00131660230214242   0
0.0307146840329247   0.0536118354143933   -0.0145063096141592   0.0212267831122509   0
0.0560487265246946   0.0559770370348492   0.0253340424917699   0.00236520162045589   0
0.0616616703126406   0.0621682106224186   0.00561294378794602   0.00619117358756937   0
0.0891170878646032   0.054608003598946   0.0274554175519627   -0.00756020702347258   0
0.0545740733475391   0.0549196876792003   -0.0345430145170642   0.000311684080254247   0
0.0427157318062386   0.0557014027578525   -0.0118583415413005   0.000781715078652261   0
0.12168730244928   0.0609981442072011   0.0789715706430413   0.00529674144934857   0
0.154322371106878   0.0585934528579132   0.0326350686575979   -0.00240469134928785   0
0.130922270526074   0.0851808287506203   -0.0234001005808037   0.026587375892707   0
0.122646714304833   0.0735961276338997   -0.0082755562212412   -0.0115847011167206   0
0.152637566798341   0.0442763417887996   0.0299908524935077   -0.0293197858451001   0
0.0869078212291108   0.0850747242555837   -0.0657297455692297   0.0407983824667841   0
0.0728780471469089   0.0713962731373431   -0.0140297740822019   -0.0136784511182406   0
0.0179584144906169   0.0574288141688351   -0.054919632656292   -0.013967458968508   0
0.0736733884466993   0.0521511656341074   0.0557149739560824   -0.00527764853472779   0
0.138496981615418   0.0271689660787101   0.0648235931687192   -0.0249821995553973   0
0.02114042107   0.0737852801377321   -0.117356560545418   0.046616314059022   0
0.0407298327268178   0.00866884053377382   0.0195894116568178   -0.0651164396039582   0
0.00948981534772073   0.00778051548781313   -0.0312400173790971   -0.000888325045960691   0
0.0652395511736875   0.0146873874377508   0.0557497358259668   0.00690687194993767   0
0.0340372159002632   0.00829151255808464   -0.0312023352734243   -0.00639587487966616   0
0.0572678707286975   0.0222433019294821   0.0232306548284343   0.0139517893713974   0
0.0836241098912246   0.0455643794314824   0.0263562391625271   0.0233210775020004   0
0.0423026600286897   0.0224808298847268   -0.0413214498625349   -0.0230835495467557   0
0.120418397357871   0.0305149925948885   0.078115737329181   0.0080341627101617   0
0.136599956641127   0.0287720602933836   0.0161815592832563   -0.00174293230150492   0
0.140279044856716   0.0341805848797241   0.00367908821558888   0.00540852458634054   0
0.0474119139671423   0.0356021556585061   -0.0928671308895736   0.00142157077878201   0
0.0167061757870159   0.0426770935891679   -0.0307057381801264   0.00707493793066182   0
0.0406997681872172   0.0145053696122962   0.0239935924002013   -0.0281717239768718   0
0.0873262249372395   0.0360722804614222   0.0466264567500223   0.021566910849126   0
0.116725797270731   0.052954741458283   0.0293995723334915   0.0168824609968609   0
0.155622776274465   0.0557954108969869   0.0388969790037338   0.00284066943870382   0
0.113718311633351   0.0307960313768446   -0.0419044646411134   -0.0249993795201422   0
0.0373096768319105   0.0282177709152601   -0.0764086348014408   -0.00257826046158453   0
0.015409496867935   0.0539689494123806   -0.0219001799639755   0.0257511784971205   0
0.073560898614067   0.0158598470149778   0.0581514017461319   -0.0381091023974028   0
0.124369941471556   0.0727608632832582   0.0508090428574893   0.0569010162682805   0
0.117454587855109   0.0396493566810673   -0.00691535361644691   -0.0331115066021909   0
0.0480479303036408   0.052657317759358   -0.0694066575514685   0.0130079610782907   0
0.0621879876283437   0.0530836036746753   0.0141400573247029   0.000426285915317286   0
0.0476350989055333   0.0650082516077046   -0.0145528887228104   0.0119246479330293   0
0.107489077655825   0.00792458029114792   0.0598539787502918   -0.0570836713165567   0
0.0842023093605662   0.0295146893519989   -0.0232867682952589   0.021590109060851   0
0.0608893682210294   0.0653734372284141   -0.0233129411395369   0.0358587478764152   0
0.0778391017657475   0.0259712250347019   0.0169497335447182   -0.0394022121937122   0
0.237191626466239   0.0231873407895478   0.159352524700492   -0.00278388424515411   0
0.120306689721779   0.00795687481904956   -0.11688493674446   -0.0152304659704982   0
0.0743425957663277   0.0650926074702412   -0.0459640939554517   0.0571357326511916   0
0.0686215721051115   0.0627592018064483   -0.00572102366121621   -0.00233340566379292   0
0.121047442653697   0.121504574133034   0.0524258705485853   0.0587453723265859   0
0.068888446991132   0.0729309479250921   -0.0521589956625648   -0.048573626207942   0
0.0983828874530749   0.0625379378596904   0.0294944404619429   -0.0103930100654017   0
0.139186332862031   0.0947250006325416   0.0408034454089558   0.0321870627728511   0
0.0826723163371488   0.0966396463626601   -0.0565140165248819   0.0019146457301185   0
0.127965037904656   0.0811716374863936   0.045292721567507   -0.0154680088762665   0
0.117443625355062   0.0878866027104387   -0.0105214125495941   0.00671496522404515   0
0.230251459409127   0.0791033137600126   0.112807834054065   -0.00878328895042613   0
0.144248625960855   0.0679528412810311   -0.0860028334482723   -0.0111504724789816   0
0.195570623431946   0.111135560919716   0.0513219974710911   0.0431827196386854   0
0.159740578059633   0.0819286697774503   -0.0358300453723132   -0.0292068911422661   0
0.179988325922851   0.0807559429985961   0.0202477478632182   -0.00117272677885423   0
0.14953719626923   0.068010689473843   -0.0304511296536213   -0.0127452535247531   0
0.172253100628274   0.0835351410109691   0.0227159043590447   0.0155244515371261   0
0.193936401965532   0.0871739673783693   0.0216833013372577   0.00363882636740018   0
0.226936051289835   0.0943801006879098   0.0329996493243027   0.00720613330954052   0
0.234295457297272   0.112343579832906   0.00735940600743684   0.017963479144996   0
0.204390768304173   0.12331541889627   -0.0299046889930989   0.0109718390633639   0
0.197058615277635   0.134673734996147   -0.00733215302653784   0.0113583160998774   0
0.197889404362841   0.08533682820383   0.000830789085206202   -0.0493369067923172   0
0.204627438983109   0.0868491286012848   0.00673803462026826   0.00151230039745473   0
0.165223933910437   0.0877660607655516   -0.0394035050726725   0.000916932164266859   0
0.174659267463162   0.0724193734433335   0.00943533355272527   -0.0153466873222181   0
0.204190622837717   0.0655359421877987   0.0295313553745552   -0.00688343125553477   0
0.193912203762141   0.0649980693180574   -0.0102784190755765   -0.000537872869741302   0
0.191824751306771   0.0706496335670787   -0.00208745245537015   0.0056515642490213   0
0.209913692890818   0.0623662578836305   0.0180889415840478   -0.00828337568344829   0
0.199774578351858   0.0925093110354304   -0.0101391145389608   0.0301430531517999   0
0.196456786904558   0.0441317649577376   -0.00331779144729963   -0.0483775460776927   0
0.238652757140217   0.0635300086042415   0.0421959702356594   0.0193982436465039   0
0.176663575761318   0.0847756293566878   -0.0619891813788996   0.0212456207524462   0
0.206161198244817   0.0496180714130195   0.0294976224834996   -0.0351575579436683   0
0.198939214869411   0.0556469351388062   -0.00722198337540661   0.0060288637257867   0
0.238695876200245   0.0433453926770193   0.0397566613308338   -0.0123015424617869   0
0.223328388426058   0.0417496544914147   -0.0153674877741869   -0.00159573818560466   0
0.266356941290638   0.0728715559802314   0.0430285528645803   0.0311219014888168   0
0.230539326733086   0.0524301802711711   -0.0358176145575524   -0.0204413757090603   0
0.220250706771814   0.0734272843692486   -0.0102886199612715   0.0209971040980775   0
0.252339606649628   0.073729875287854   0.0320888998778138   0.000302590918605378   0
0.265248714823633   0.0808349906888255   0.012909108174005   0.00710511540097149   0
0.238353434036686   0.110158295852446   -0.0268952807869468   0.0293233051636204   0
0.256400824209016   0.0755033489503009   0.0180473901723294   -0.034654946902145   0
0.237149654472718   0.127111274226256   -0.0192511697362971   0.0516079252759553   0
0.204016109789311   0.0948491644302085   -0.0331335446834077   -0.0322621097960477   0
0.167523986256804   0.116122769460612   -0.0364921235325063   0.0212736050304037   0
0.201711630895538   0.0930962027932396   0.0341876446387332   -0.0230265666673726   0
0.242695048208493   0.0845951934749398   0.0409834173129549   -0.00850100931829982   0
0.234675210657047   0.0811786261079271   -0.00801983755144509   -0.00341656736701272   0
0.26515628652144   0.0768404611969664   0.0304810758643926   -0.00433816491096069   0
0.25671973986986   0.0900765304382473   -0.00843654665158033   0.0132360692412809   0
0.27216921729595   0.0553896620636243   0.0154494774260902   -0.0346868683746231   0
0.294069194683173   0.0820525157019614   0.0218999773872233   0.0266628536383371   0
0.335419317615811   0.0689950766845179   0.0413501229326376   -0.0130574390174435   0
0.242787987162957   0.0604658840867518   -0.0926313304528541   -0.0085291925977661   0
0.257644642176487   0.0801968330196087   0.0148566550135303   0.019730948932857   0
0.290310576412503   0.10043215526337   0.0326659342360165   0.0202353222437611   0
0.282320794134899   0.0678474676081991   -0.00798978227760444   -0.0325846876551708   0
0.253775198655917   0.0938523007754505   -0.0285455954789822   0.0260048331672514   0
0.267079817874526   0.0997816921743067   0.0133046192186093   0.00592939139885622   0
0.282298575120899   0.0807830217966042   0.0152187572463732   -0.0189986703777025   0
0.235597419348862   0.084913252878629   -0.0467011557720371   0.00413023108202486   0
0.237541442139556   0.137073988063901   0.00194402279069378   0.052160735185272   0
0.236518978731031   0.1075300114426   -0.00102246340852472   -0.0295439766213014   0
0.245051526009225   0.131990300741134   0.00853254727819402   0.0244602892985343   0
0.228846226454755   0.109047728260714   -0.0162052995544705   -0.0229425724804201   0
0.235843837389032   0.120368115390715   0.00699761093427712   0.0113203871300012   0
0.218526893061197   0.12180206853811   -0.0173169443278345   0.00143395314739513   0
0.236825665057759   0.121664425265821   0.0182987719965619   -0.000137643272289378   0
0.318513751289155   0.0727958471818834   0.0816880862313962   -0.0488685780839374   0
0.284793823046287   0.122499945963293   -0.0337199282428682   0.0497040987814091   0
0.257166138941366   0.136110985885768   -0.0276276841049212   0.0136110399224751   0
0.264449342397311   0.144686437788639   0.00728320345594452   0.00857545190287112   0
0.280843399915754   0.129169834367288   0.0163940575184439   -0.0155166034213512   0
0.275756480372375   0.162622719809641   -0.00508691954337959   0.0334528854423534   0
0.282306253814505   0.162458063637889   0.00654977344213059   -0.000164656171751654   0
0.300394109473422   0.118183533396009   0.0180878556589161   -0.0442745302418801   0
0.296688074659633   0.155853037361381   -0.00370603481378856   0.0376695039653722   0
0.260266001140852   0.150773305531701   -0.036422073518781   -0.00507973182968047   0
0.259632546845922   0.157272510795524   -0.000633454294929836   0.0064992052638228   0
0.263213660653812   0.13718481484813   0.00358111380788961   -0.020087695947394   0
0.305042871303248   0.140173524513291   0.0418292106494362   0.00298870966516107   0
0.300849180723398   0.135665223744437   -0.0041936905798497   -0.00450830076885386   0
0.26741659203819   0.15391659787512   -0.0334325886852079   0.0182513741306834   0
0.262517035938623   0.157912071470417   -0.00489955609956794   0.00399547359529678   0
0.290711713637411   0.145452712200892   0.0281946776987884   -0.0124593592695247   0
0.267002637736053   0.17012599537903   -0.0237090759013578   0.0246732831781373   0
0.280189806166021   0.129441023900957   0.0131871684299679   -0.0406849714780727   0
0.274358170728664   0.151125811714969   -0.00583163543735671   0.0216847878140115   0
0.258765187679912   0.145679519319426   -0.0155929830487524   -0.00544629239554298   0
0.305364571780045   0.0943612154140541   0.0465993841001327   -0.0513183039053715   0
0.272726092467333   0.159446761704583   -0.032638479312712   0.065085546290529   0
0.273015540177789   0.170022404296516   0.000289447710456636   0.0105756425919333   0
0.291163879043572   0.176469808062463   0.0181483388657832   0.00644740376594644   0
0.351791988408335   0.124018073069193   0.0606281093647625   -0.0524517349932702   0
0.281439755060297   0.196834497431206   -0.0703522333480378   0.0728164243620137   0
0.309624184637134   0.206333571025012   0.0281844295768369   0.00949907359380528   0
0.26800001143791   0.186753824226294   -0.0416241731992237   -0.0195797467987174   0
0.314836753868979   0.184385207784669   0.0468367424310689   -0.00236861644162512   0
0.28928651528063   0.158637178471756   -0.0255502385883494   -0.0257480293129133   0
0.293246873995274   0.18612879729575   0.00396035871464412   0.0274916188239944   0
0.258306888732802   0.177903893262205   -0.0349399852624721   -0.00822490403354539   0
0.265230640839332   0.191594297478637   0.00692375210652985   0.0136904042164322   0
0.309741150494721   0.196509487386894   0.0445105096553897   0.00491518990825723   0
0.271085051447457   0.189125629996307   -0.038656099047264   -0.00738385739058739   0
0.292781672954914   0.203592946117369   0.0216966215074572   0.0144673161210622   0
0.294065072882055   0.218793797413186   0.00128339992714016   0.0152008512958173   0
0.317947158084877   0.163157573255006   0.0238820852028227   -0.055636224158181   0
0.309609636036946   0.205329728290407   -0.00833752204793159   0.0421721550354018   0
0.300198159673757   0.192885052817177   -0.0094114763631889   -0.0124446754732307   0
0.280893185661828   0.276830642250614   -0.0193049740119292   0.0839455894334377   0
0.286444384238215   0.190992597286027   0.00555119857638725   -0.0858380449645873   0
0.287596045027274   0.188004853290507   0.00115166078905954   -0.00298774399552018   0
0.292678651004237   0.222396860380767   0.00508260597696258   0.0343920070902605   0
0.314031524059843   0.193448421640628   0.0213528730556057   -0.0289484387401398   0
0.303571176309362   0.212639292190966   -0.0104603477504803   0.0191908705503385   0
0.335875608331135   0.159145518077929   0.0323044320217726   -0.0534937741130367   0
0.32190576141678   0.197786779459125   -0.013969846914355   0.0386412613811956   0
0.326619428429289   0.209784367155068   0.00471366701250919   0.0119975876959434   0
0.358127410697346   0.169602136648636   0.0315079822680563   -0.0401822305064325   0
0.331187234493575   0.205877644656899   -0.0269401762037707   0.0362755080082636   0
0.350122527048746   0.205225456685379   0.0189352925551713   -0.000652187971520002   0
0.329915324801247   0.228335605095876   -0.0202072022474988   0.0231101484104971   0
0.336318281811921   0.209966311640558   0.00640295701067334   -0.0183692934553182   0
0.341282059137541   0.229890111878964   0.00496377732562031   0.0199238002384056   0
0.347627278252024   0.216763947207123   0.00634521911448299   -0.0131261646718406   0
0.364866345893183   0.184267605290003   0.0172390676411587   -0.0324963419171199   0
0.375289890035815   0.222603645555975   0.0104235441426327   0.0383360402659712   0
0.354110944335543   0.223807523112076   -0.0211789457002725   0.00120387755610149   0
0.328026384918669   0.268624629626436   -0.0260845594168738   0.04481710651436   0
0.332865409490179   0.223508007991526   0.00483902457150959   -0.0451166216349103   0
0.384352868132745   0.195118293841685   0.0514874586425667   -0.0283897141498412   0
0.326617636454128   0.287801125479054   -0.0577352316786173   0.092682831637369   0
0.364104663296361   0.237441160914889   0.0374870268422324   -0.0503599645641651   0
0.394310260647784   0.216347538129302   0.0302055973514237   -0.0210936227855861   0
0.376761958403128   0.254752608334753   -0.0175483022446568   0.0384050702054504   0
0.385997663680277   0.245407956581286   0.00923570527714929   -0.0093446517534666   0
0.399432786326095   0.221670715034198   0.0134351226458179   -0.0237372415470886   0
0.353994567549574   0.289866920006358   -0.0454382187765206   0.0681962049721605   0
0.392258427995171   0.215878648780768   0.0382638604455966   -0.0739882712255907   0
0.373193895413648   0.232846658802762   -0.0190645325815232   0.0169680100219947   0
0.391550861387355   0.183629832818635   0.0183569659737074   -0.0492168259841269   0
0.390040491919247   0.232078695128398   -0.00151036946810756   0.0484488623097628   0
0.405774215133506   0.239231339870532   0.0157337232142583   0.00715264474213384   0
0.3780220955315   0.258515177122157   -0.0277521196020057   0.0192838372516246   0
0.364779332836552   0.275007811345878   -0.0132427626949478   0.0164926342237214   0
0.360064731734358   0.243887050072877   -0.00471460110219452   -0.031120761273001   0
0.388978901220156   0.230370040316661   0.0289141694857986   -0.013517009756216   0
0.383380365676126   0.230399344359419   -0.00559853554403023   2.9304042757694e-05   0
0.377617693632144   0.230593708286355   -0.00576267204398156   0.000194363926936114   0
0.368886267352473   0.26072756780682   -0.008731426279671   0.0301338595204654   0
0.423125818525734   0.242993863314328   0.0542395511732607   -0.0177337044924918   0
0.417250361947608   0.227873389639949   -0.00587545657812583   -0.0151204736743794   0
0.397266177296999   0.239008221331924   -0.0199841846506089   0.0111348316919751   0
0.384712625308619   0.241502610949654   -0.0125535519883802   0.00249438961773005   0
0.397227775715923   0.2488657221185   0.0125151504073043   0.00736311116884594   0
0.391915054817745   0.227840911313881   -0.00531272089817836   -0.0210248108046186   0
0.395305137005778   0.23044341428412   0.00339008218803294   0.00260250297023842   0
0.405499878310376   0.222320169602698   0.0101947413045983   -0.00812324468142167   0
0.395972430960703   0.216677688761839   -0.0095274473496737   -0.00564248084085889   0
0.447261380713731   0.184728068558009   0.0512889497530279   -0.0319496202038303   0
0.440639093195238   0.224069691461251   -0.00662228751849259   0.0393416229032415   0
0.437357619215329   0.21940065893058   -0.00328147397990924   -0.00466903253067097   0
0.47846952306933   0.196103788988127   0.0411119038540013   -0.0232968699424521   0
0.407068915266064   0.323900137377155   -0.071400607803266   0.127796348389028   0
0.411059327020885   0.222509734354977   0.00399041175482057   -0.101390403022178   0
0.428835067554661   0.216444940515481   0.0177757405337767   -0.00606479383949643   0
0.452035302734399   0.20977728802113   0.0232002351797382   -0.00666765249435106   0
0.446255962334592   0.168886978135712   -0.00577934039980726   -0.0408903098854175   0
0.43886469570951   0.200133570962251   -0.0073912666250826   0.0312465928265392   0
0.445379479110244   0.231307148084322   0.00651478340073425   0.0311735771220707   0
0.388393796020901   0.315419322395209   -0.0569856830893428   0.0841121743108866   0
0.437314269294649   0.245864451337602   0.0489204732737477   -0.0695548710576068   0
0.459907215426377   0.22686388431791   0.022592946131728   -0.0190005670196919   0
0.484490095548068   0.245563402898768   0.0245828801216917   0.0186995185808578   0
0.425003175793853   0.218106622216114   -0.0594869197542151   -0.0274567806826541   0
0.39911404124973   0.328199878172132   -0.0258891345441227   0.110093255956019   0
0.437145347530407   0.278706123491214   0.0380313062806765   -0.049493754680918   0
0.480195990441726   0.192790080776994   0.0430506429113193   -0.08591604271422   0
0.458318455855978   0.246092726744534   -0.0218775345857482   0.0533026459675399   0
0.424986511936379   0.28999541008663   -0.0333319439195991   0.0439026833420954   0
0.50155080151203   0.217825846478902   0.0765642895756513   -0.0721695636077281   0
0.465778495950682   0.257963652667386   -0.0357723055613478   0.0401378061884848   0
0.465048522259441   0.337793488853726   -0.000729973691241226   0.0798298361863398   0
0.483927131431593   0.260006053295116   0.0188786091721515   -0.0777874355586107   0
0.463790869559988   0.250676637047612   -0.0201362618716045   -0.00932941624750394   0
0.41393806162118   0.342026558525873   -0.049852807938808   0.0913499214782615   0
0.460068873311746   0.250360292913034   0.046130811690566   -0.0916662656128395   0
0.459824288320824   0.27753354166884   -0.000244584990922114   0.0271732487558068   0
0.480543252400887   0.220089021241974   0.0207189640800633   -0.0574445204268667   0
0.472023500637945   0.239754500673606   -0.00851975176294251   0.0196654794316319   0
0.476835453579712   0.246494093623965   0.00481195294176745   0.0067395929503592   0
0.457157185011852   0.326807581149428   -0.0196782685678607   0.0803134875254631   0
0.477205987382053   0.225692978759863   0.0200488023702013   -0.101114602389565   0
0.480502428266996   0.268610020858754   0.00329644088494341   0.0429170420988905   0
0.498832799304747   0.234176323465252   0.0183303710377505   -0.0344336973935012   0
0.471399333113752   0.291636656208732   -0.0274334661909951   0.0574603327434793   0
0.469709210869065   0.230675009201799   -0.00169012224468662   -0.0609616470069328   0
0.500015377922279   0.226790889446644   0.0303061670532137   -0.00388411975515468   0
