0.232680001881608   0.17776580939349   0   0   0
0.263574130672284   0.15179969814858   0.0308941287906759   -0.0259661112449097   0
0.140681586350914   0.138387515685122   -0.12289254432137   -0.0134121824634576   0
0.148079108155877   0.123086447156054   0.00739752180496356   -0.0153010685290687   0
0.191547802398696   0.097430350065008   0.043468694242819   -0.0256560970910457   0
0.162433959404492   0.0773173838104989   -0.0291138429942048   -0.0201129662545091   0
0.139013761082923   0.0465745243034483   -0.0234201983215685   -0.0307428595070506   0
0.0510534492829818   0.068000856651093   -0.0879603117999412   0.0214263323476447   0
0.101457987315996   0.0762642454510139   0.0504045380330146   0.00826338879992093   0
0.0798407951785928   0.0518848412886172   -0.0216171921374037   -0.0243794041623967   0
0.0444443165764409   0.0400286308008483   -0.0353964786021519   -0.0118562104877689   0
0.0617445280647605   0.0577615560582686   0.0173002114883196   0.0177329252574202   0
0.0442113644539229   0.0629131117131844   -0.0175331636108376   0.00515155565491588   0
0.0450055496984538   0.0370644089946774   0.000794185244530926   -0.025848702718507   0
0.0580695192711288   0.048841108820209   0.013063969572675   0.0117766998255316   0
0.0690242952926721   0.0196011609362998   0.0109547760215433   -0.0292399478839092   0
0.116311514836833   0.0354038686201466   0.0472872195441612   0.0158027076838468   0
0.108582138357808   0.00862860281515495   -0.00772937647902558   -0.0267752658049916   0
0.0701646086981891   0.0121727969383581   -0.0384175296596186   0.00354419412320313   0
0.108906914457623   0.0291842928903991   0.0387423057594338   0.017011495952041   0
0.0216823437109351   0.00572761307704614   -0.0872245707466879   -0.023456679813353   0
0.0811869676719614   0.0276628559890352   0.0595046239610263   0.021935242911989   0
0.0913822868298206   0.022759115238572   0.0101953191578592   -0.00490374075046319   0
0.127294127976156   0.0226271265065872   0.0359118411463355   -0.000131988731984816   0
0.0851736331089029   0.0317967229475004   -0.0421204948672532   0.00916959644091325   0
0.12409920284337   0.0570540195494814   0.0389255697344675   0.0252572966019809   0
0.128896478888486   0.0308399193215968   0.00479727604511589   -0.0262141002278845   0
0.110494072689579   0.0308399193215968   -0.0184024061989072   0   0
0.144244276826257   0.0341507870929075   0.0337502041366784   0.00331086777131073   0
0.168179023486878   0.0407746234177901   0.0239347466606209   0.00662383632488259   0
0.144585731222863   0.0403901085302157   -0.0235932922640153   -0.000384514887574461   0
0.164784467518908   0.0264719402958113   0.0201987362960448   -0.0139181682344043   0
0.203188474128554   0.0204015222058037   0.038404006609646   -0.00607041809000767   0
0.141762279954754   0.0438697157045153   -0.0614261941738   0.0234681934987117   0
0.154423839629799   0.021753933008424   0.0126615596750456   -0.0221157826960913   0
0.128578614149331   0.0303738189722234   -0.0258452254804686   0.00861988596379941   0
0.224215441022424   0.0359770429623183   0.095636826873093   0.00560322399009491   0
0.222161007423445   0.0301543225950277   -0.00205443359897878   -0.00582272036729061   0
0.184681369431814   0.0494560062716855   -0.0374796379916315   0.0193016836766578   0
0.173423109717275   0.0532585951745584   -0.0112582597145386   0.0038025889028729   0
0.199174147138773   0.0516236944683834   0.025751037421498   -0.00163490070617504   0
0.150829414959848   0.0874656754493584   -0.0483447321789251   0.035841980980975   0
0.171227968690165   0.0810400735893823   0.0203985537303167   -0.00642560185997612   0
0.202064631643195   0.100138996775931   0.0308366629530301   0.0190989231865491   0
0.331864124014181   0.100684465805419   0.129799492370987   0.000545469029487142   0
0.364193835007541   0.0900874656848138   0.0323297109933596   -0.0105970001206048   0
0.390633406053604   0.106269278992755   0.0264395710460632   0.0161818133079412   0
0.411725367878201   0.117911161749175   0.0210919618245968   0.0116418827564195   0
0.380715892613245   0.169541235643641   -0.0310094752649558   0.0516300738944662   0
0.297132090947646   0.0825272785299655   -0.0835838016655994   -0.0870139571136752   0
0.245557141546423   0.0710649692588585   -0.0515749494012228   -0.011462309271107   0
0.257712629448481   0.0569967885680851   0.0121554879020579   -0.0140681806907733   0
0.27096775551973   0.0615724397511175   0.0132551260712488   0.00457565118303241   0
0.186310255783008   0.0591573964927886   -0.0846574997367213   -0.00241504325832892   0
0.285020842631692   0.0582309750545618   0.0987105868486841   -0.000926421438226806   0
0.261546590700395   0.0689591974326485   -0.0234742519312974   0.0107282223780867   0
0.279943768736384   0.0699350533371856   0.0183971780359888   0.00097585590453711   0
0.294294778288861   0.0760177607790607   0.0143510095524774   0.00608270744187506   0
0.267464709750352   0.0726607190807256   -0.0268300685385093   -0.00335704169833506   0
0.328193301601739   0.0691279506582721   0.0607285918513871   -0.00353276842245355   0
0.360967221050776   0.0629633272601578   0.0327739194490373   -0.00616462339811433   0
0.33626312345621   0.0562806528904472   -0.0247040975945662   -0.00668267436971058   0
0.167650731330603   0.0902197551595132   -0.168612392125607   0.033939102269066   0
0.262038102635857   0.110526929292775   0.0943873713052537   0.0203071741332615   0
0.305700054554151   0.108805803339953   0.0436619519182939   -0.00172112595282176   0
0.253878155023822   0.112924040833042   -0.0518218995303286   0.00411823749308896   0
0.228229715532224   0.0796985536635546   -0.0256484394915981   -0.0332254871694872   0
0.270363238216459   0.109738164180072   0.0421335226842352   0.0300396105165177   0
0.34552490690363   0.0841212098753489   0.0751616686871709   -0.0256169543047234   0
0.384492490216441   0.085047832266628   0.0389675833128106   0.000926622391279136   0
0.394384206895514   0.13002417798626   0.00989171667907313   0.0449763457196315   0
0.317564749032461   0.0855617738760277   -0.0768194578630531   -0.0444624041102318   0
0.096170756614316   0.0390477951189949   -0.221393992418145   -0.0465139787570328   1
0.191781066646137   0.0281144294409917   0.0956103100318209   -0.0109333656780032   0
0.0827825356070605   0.0385868492132792   -0.108998531039076   0.0104724197722875   0
0.0734872077929894   0.0599447746653117   -0.00929532781407114   0.0213579254520326   0
0.0563925796494539   0.0649084711284667   -0.0170946281435355   0.00496369646315499   0
0.146525263442179   0.0770673758752204   0.0901326837927253   0.0121589047467536   0
0.21760916041116   0.0765548226760731   0.0710838969689809   -0.000512553199147253   0
0.291766098368282   0.0675811562012666   0.0741569379571219   -0.00897366647480649   0
0.261331811029828   0.0732993368893778   -0.0304342873384535   0.00571818068811115   0
0.189559262860411   0.0629939338071135   -0.0717725481694172   -0.0103054030822643   0
0.168724323552515   0.064871148615255   -0.0208349393078964   0.00187721480814146   0
0.130104718121723   0.0791694143489997   -0.0386196054307922   0.0142982657337447   0
0.136556442860446   0.0913485612408522   0.00645172473872374   0.0121791468918525   0
0.14074875978916   0.0761782770959919   0.00419231692871336   -0.0151702841448603   0
0.169586286135266   0.0777862006533453   0.0288375263461065   0.00160792355735344   0
0.153092301243564   0.0662455408607532   -0.0164939848917028   -0.0115406597925921   0
0.198531795658435   0.0707228191397319   0.0454394944148713   0.00447727827897865   0
0.175777073432516   0.0548552294725282   -0.0227547222259191   -0.0158675896672037   0
0.198303239042665   0.0733833017277175   0.0225261656101498   0.0185280722551893   0
0.171930399483541   0.0569740037733107   -0.0263728395591244   -0.0164092979544068   0
0.2258780047237   0.0740382566454836   0.0539476052401593   0.0170642528721729   0
0.295683829944626   0.0686347088122511   0.0698058252209257   -0.00540354783323253   0
0.285841065893468   0.0826009882741877   -0.00984276405115769   0.0139662794619366   0
0.304969192077738   0.0960397395534786   0.0191281261842692   0.0134387512792909   0
0.318124466799993   0.0952450930343002   0.0131552747222557   -0.000794646519178391   0
0.26116772881275   0.0746238047802591   -0.0569567379872435   -0.0206212882540411   0
0.264081158778149   0.0647569946521609   0.00291342996539939   -0.0098668101280982   0
0.315271353898891   0.0817456990119052   0.0511901951207422   0.0169887043597443   0
0.258687336714749   0.0872837351374786   -0.0565840171841421   0.00553803612557344   0
0.284678368458037   0.0724630746101937   0.025991031743288   -0.0148206605272849   0
0.278102389217065   0.0787107773083998   -0.00657597924097209   0.00624770269820607   0
0.243771535797865   0.0834169774017406   -0.0343308534191997   0.0047062000933408   0
0.247015541845731   0.0846566288991152   0.0032440060478654   0.00123965149737457   0
0.250371905967203   0.0712692418929969   0.00335636412147225   -0.0133873870061183   0
0.26511358955625   0.0870243575736845   0.0147416835890473   0.0157551156806876   0
0.256416899129776   0.0755438316033314   -0.00869669042647392   -0.0114805259703531   0
0.259083940776189   0.0930005173741523   0.0026670416464129   0.0174566857708208   0
0.193558495808709   0.0536584317995084   -0.0655254449674804   -0.0393420855746438   0
0.0958873405210511   0.140120953554394   -0.0976711552876579   0.0864625217548851   0
0.130413715842506   0.123493620504624   0.0345263753214553   -0.0166273330497699   0
0.112131607617166   0.0698643737222699   -0.0182821082253408   -0.0536292467823537   0
0.105809485213094   0.0883327258895875   -0.00632212240407144   0.0184683521673176   0
0.171620332653011   0.0868365002515935   0.0658108474399164   -0.00149622563799397   0
0.240983505050657   0.117627657936059   0.0693631723976464   0.0307911576844655   0
0.239900987970412   0.105953445176514   -0.00108251708024446   -0.0116742127595453   0
0.225663327540609   0.106350071703055   -0.0142376604298039   0.000396626526541558   0
0.192155563959127   0.0951873526572202   -0.0335077635814819   -0.0111627190458351   0
0.191013033203078   0.091814425638894   -0.00114253075604911   -0.00337292701832616   0
0.158933447946051   0.0999246127735304   -0.0320795852570268   0.0081101871346364   0
0.145744364364664   0.0758515422900715   -0.0131890835813865   -0.0240730704834589   0
0.0701689560840832   0.11226917387284   -0.075575408280581   0.0364176315827686   0
0.0813364830460477   0.091403441508854   0.0111675269619645   -0.0208657323639861   0
0.111084353147232   0.105443724151843   0.0297478701011841   0.0140402826429892   0
0.102403012132847   0.103799145446398   -0.00868134101438479   -0.00164457870544511   0
0.111961540891951   0.0905712013223436   0.00955852875910397   -0.0132279441240544   0
0.133359890307018   0.0942047291262625   0.0213983494150675   0.0036335278039189   0
0.11084555608846   0.0838914160094613   -0.0225143342185582   -0.0103133131168012   0
0.112133063158553   0.0756413581309359   0.00128750707009254   -0.00825005787852542   0
0.140708436743999   0.0805909978276265   0.0285753735854466   0.00494963969669061   0
0.125230098241677   0.0686943913270582   -0.0154783385023227   -0.0118966065005684   0
0.0995213523421482   0.0701673825093433   -0.0257087458995286   0.00147299118228519   0
0.131741973785616   0.077394172398282   0.0322206214434681   0.0072267898889387   0
0.175846296866553   0.089849250359978   0.0441043230809371   0.0124550779616959   0
0.174859461230727   0.0707565799351728   -0.000986835635826716   -0.0190926704248051   0
0.155617117608315   0.0536716303277858   -0.0192423436224121   -0.017084949607387   0
0.138797014191552   0.0686441434733328   -0.0168201034167622   0.014972513145547   0
0.210229286579035   0.0819873265512116   0.0714322723874825   0.0133431830778787   0
0.18209712984575   0.0834439562780912   -0.0281321567332847   0.00145662972687967   0
0.263834415292035   0.0662647181024148   0.0817372854462849   -0.0171792381756764   0
0.29324676000558   0.0798244254937203   0.0294123447135445   0.0135597073913055   0
0.385714362634839   0.0920375316325628   0.0924676026292593   0.0122131061388425   0
0.313707700600884   0.113376034072737   -0.0720066620339546   0.0213385024401745   0
0.214838386452119   0.166507865185822   -0.0988693141487652   0.053131831113085   0
0.40401629550047   0.168168275494191   0.189177909048351   0.0016604103083683   0
0.415075519167696   0.132641219936187   0.0110592236672264   -0.0355270555580034   0
0.44114296169425   0.140575250755601   0.0260674425265542   0.00793403081941341   0
0.489619865854261   0.139108110841892   0.0484769041600104   -0.00146713991370906   0
0.534335039989127   0.150243690042211   0.0447151741348666   0.0111355792003195   0
0.573883584308699   0.135169209852096   0.0395485443195719   -0.015074480190115   0
0.613289057624021   0.149976654986701   0.0394054733153218   0.0148074451346051   0
0.663763075846345   0.164775078956892   0.0504740182223233   0.0147984239701908   0
0.59629209268798   0.108038759793939   -0.067470983158365   -0.0567363191629528   0
0.590771653813392   0.122939129055806   -0.00552043887458775   0.0149003692618663   0
0.576011874702467   0.138027359580673   -0.0147597791109253   0.0150882305248678   0
0.504761885506275   0.0873367479186883   -0.0712499891961914   -0.0506906116619851   0
0.528699030152411   0.105476366727101   0.0239371446461359   0.0181396188084132   0
0.544049591066017   0.0965993453031645   0.0153505609136056   -0.00887702142393704   0
0.578637493123475   0.118770373215251   0.0345879020574588   0.0221710279120865   0
0.612101869681869   0.0987817059347656   0.0334643765583938   -0.0199886672804854   0
0.621842084417523   0.142763242217044   0.00974021473565378   0.0439815362822789   0
0.628385162531015   0.13495172916847   0.00654307811349186   -0.00781151304857469   0
0.671903092916129   0.149423932655223   0.0435179303851139   0.0144722034867529   0
0.795896887868418   0.12342913601404   0.123993794952289   -0.0259947966411821   0
0.741987451709562   0.172674070217563   -0.0539094361588558   0.0492449342035229   0
0.777962849498464   0.170517808403551   0.0359753977889018   -0.00215626181401274   0
0.783296095403736   0.163035847154851   0.00533324590527151   -0.0074819612486994   0
0.843640439058957   0.186398350556007   0.0603443436552217   0.0233625034011556   0
0.882490356316825   0.174096043407798   0.0388499172578677   -0.0123023071482085   0
0.831272511137562   0.164938344919397   -0.0512178451792633   -0.00915769848840126   0
0.860768723775522   0.176213877635957   0.0294962126379602   0.0112755327165598   0
0.831149640328968   0.151275190438651   -0.0296190834465541   -0.0249386871973063   0
0.737737676881045   0.121072210456198   -0.0934119634479231   -0.0302029799824522   0
0.757650780376934   0.137100323404068   0.0199131034958896   0.0160281129478694   0
0.824701804286261   0.14860099593963   0.067051023909327   0.0115006725355624   0
0.774677164974811   0.14375418439562   -0.0500246393114506   -0.00484681154400995   0
0.724916478891399   0.137954754685187   -0.0497606860834116   -0.00579942971043376   0
0.709144178028112   0.158499801659971   -0.0157723008632875   0.020545046974784   0
0.651604143291961   0.122254579800717   -0.057540034736151   -0.0362452218592531   0
0.702205235255235   0.130545145375077   0.0506010919632744   0.00829056557435957   0
0.657329904293451   0.127540994615153   -0.0448753309617838   -0.003004150759924   0
0.597474906614899   0.116922405897416   -0.059854997678552   -0.0106185887177375   0
0.513448226529779   0.159664370093299   -0.0840266800851208   0.0427419641958835   0
0.621506804126874   0.147479961176731   0.108058577597095   -0.0121844089165684   0
0.671790549056239   0.176202721907105   0.0502837449293659   0.0287227607303741   0
0.688624562765089   0.128015725640534   0.0168340137088495   -0.0481869962665707   0
0.652031237786789   0.143588943586162   -0.0365933249783   0.0155732179456279   0
0.673283270163458   0.138805729114696   0.0212520323766691   -0.00478321447146549   0
0.699978522510698   0.136235050167358   0.0266952523472402   -0.00257067894733864   0
0.67250028802685   0.139087368267404   -0.0274782344838485   0.0028523181000463   0
0.705873692778733   0.179449940928522   0.0333734047518832   0.0403625726611178   0
0.698329487702564   0.164939636143962   -0.00754420507616871   -0.0145103047845602   0
0.72112423107106   0.141327516658611   0.0227947433684953   -0.0236121194853507   0
0.740899615098885   0.173290104900172   0.0197753840278251   0.0319625882415606   0
0.798162088210164   0.154633973160816   0.0572624731112795   -0.0186561317393556   0
0.7682892634387   0.168429565225349   -0.0298728247714641   0.0137955920645326   0
0.701133513496003   0.168554796744827   -0.0671557499426969   0.000125231519478436   0
0.761997643902193   0.170169920644778   0.0608641304061894   0.00161512389995069   0
0.79988838878447   0.188752487726262   0.0378907448822776   0.0185825670814836   0
0.795439135220749   0.208113789152647   -0.00444925356372106   0.0193613014263857   0
0.816698593153172   0.200186087958804   0.0212594579324225   -0.00792770119384323   0
0.816869796546157   0.0948874528599804   0.000171203392985486   -0.105298635098824   0
0.822621804199652   0.154013676009178   0.00575200765349448   0.0591262231491975   0
0.776201383532167   0.179074245570971   -0.0464204206674848   0.0250605695617934   0
0.726050913207614   0.20109529549445   -0.050150470324553   0.0220210499234784   0
0.641639540737391   0.164081155346645   -0.0844113724702229   -0.0370141401478041   0
0.685430070615887   0.159063354628048   0.0437905298784961   -0.00501780071859761   0
0.784722315081692   0.17715992557105   0.0992922444658049   0.0180965709430022   0
0.772299286081432   0.18946818597607   -0.0124230290002595   0.0123082604050196   0
0.800804946109182   0.165308117218885   0.0285056600277496   -0.024160068757185   0
0.778924169719678   0.173595159571314   -0.0218807763895039   0.00828704235242947   0
0.735789532451937   0.179250496257535   -0.0431346372677411   0.00565533668622073   0
0.693791603180271   0.196065584660312   -0.0419979292716663   0.0168150884027773   0
0.670220711582155   0.216275262137374   -0.0235708915981158   0.0202096774770623   0
0.638372679650704   0.223395644572785   -0.0318480319314511   0.00712038243541041   0
0.630940699544531   0.207008642132013   -0.00743198010617241   -0.0163870024407714   0
0.616482852853313   0.240695480368977   -0.014457846691218   0.0336868382369634   0
0.615478089076939   0.229328042478242   -0.00100476377637471   -0.0113674378907345   0
0.680406165365879   0.254235219580706   0.0649280762889406   0.0249071771024641   0
0.674700609559455   0.263990019164332   -0.00570555580642429   0.00975479958362568   0
0.694817102532386   0.250885200074003   0.0201164929729309   -0.0131048190903291   0
0.677602436857646   0.24988768805668   -0.0172146656747401   -0.000997512017323177   0
0.684209236637332   0.263643989031255   0.00660679977968581   0.0137563009745752   0
0.678338567286057   0.262449481859843   -0.00587066935127489   -0.00119450717141212   0
0.708396943852103   0.283613742827124   0.0300583765660466   0.0211642609672811   0
0.633775354279235   0.260668773987128   -0.0746215895728682   -0.0229449688399959   0
0.680885824518832   0.265829092919944   0.0471104702395965   0.00516031893281543   0
0.683297426214793   0.286932221777465   0.00241160169596111   0.0211031288575216   0
0.703446241726466   0.272229831938977   0.0201488155116737   -0.0147023898384883   0
0.701111235452792   0.28021386555255   -0.00233500627367456   0.00798403361357297   0
0.726197304930403   0.280784683083895   0.0250860694776108   0.000570817531345635   0
0.766016065316452   0.290249180591974   0.0398187603860499   0.00946449750807876   0
0.747064898059653   0.300037056073952   -0.0189511672567992   0.00978787548197735   0
0.743189349950443   0.293251508415664   -0.00387554810921009   -0.00678554765828721   0
0.751999583046593   0.293817217622712   0.00881023309615003   0.000565709207047793   0
0.706912075905207   0.283322767592899   -0.0450875071413863   -0.010494450029813   0
0.665269137649343   0.222189240683753   -0.0416429382558642   -0.0611335269091467   0
0.612504378154875   0.346477510382857   -0.0527647594944678   0.124288269699104   0
0.559504298609928   0.287365848044914   -0.0530000795449468   -0.0591116623379428   0
0.415500092552866   0.284631112596309   -0.144004206057062   -0.00273473544860531   0
0.450231640508972   0.238737791286884   0.034731547956106   -0.0458933213094241   0
0.462183040975294   0.239851466289686   0.0119514004663218   0.00111367500280179   0
0.515083548744318   0.246196470231302   0.0529005077690242   0.006345003941616   0
0.578519293373912   0.260463692452249   0.0634357446295937   0.0142672222209472   0
0.613381666300102   0.252734000922333   0.0348623729261908   -0.00772969152991609   0
0.626537512544046   0.23311983130453   0.0131558462439434   -0.0196141696178034   0
0.637340336798707   0.228690516276933   0.0108028242546618   -0.00442931502759727   0
0.635734662593491   0.23798990141235   -0.0016056742052164   0.00929938513541714   0
0.640644557112171   0.222908947283567   0.00490989451868018   -0.0150809541287829   0
