0.0678561466168987   0.0567960586722794   0   0   0
0.0559162389383522   0.0362634010747062   -0.0119399076785465   -0.0205326575975732   0
0.0392174352663549   0.036245755415807   -0.0166988036719973   -1.76456588991958e-05   0
0.0476008028629921   0.0349556891582043   0.0083833675966372   -0.00129006625760269   0
0.0371899768726736   0.042039154142448   -0.0104108259903185   0.0070834649842437   0
0.0507559299318809   0.043424814966906   0.0135659530592072   0.00138566082445803   0
0.0361514230395098   0.0424356072866584   -0.0146045068923711   -0.000989207680247559   0
0.0401524826226641   0.0401382644043374   0.00400105958315432   -0.00229734288232103   0
0.0469634372037656   0.0623102154865878   0.0068109545811015   0.0221719510822503   0
0.0599596872991346   0.0621147671706777   0.012996250095369   -0.000195448315910056   0
0.0701321095482171   0.0556561026958635   0.0101724222490826   -0.00645866447481424   0
0.0820884803109797   0.0598697829956607   0.0119563707627626   0.00421368029979721   0
0.0524051424401582   0.0507450947264324   -0.0296833378708215   -0.00912468826922824   0
0.0644300391607052   0.0582368936378392   0.012024896720547   0.00749179891140682   0
0.0534745771543301   0.0358384130245959   -0.0109554620063751   -0.0223984806132433   0
0.0421364173907571   0.03825782819943   -0.0113381597635729   0.00241941517483409   0
0.0450135210343026   0.0368872450327684   0.00287710364354545   -0.00137058316666155   0
0.0285579957505775   0.0594735114373693   -0.0164555252837251   0.0225862664046009   0
0.0498823866631299   0.0164411766885007   0.0213243909125524   -0.0430323347488686   0
0.0354021218982704   0.0279091198612967   -0.0144802647648595   0.011467943172796   0
0.00254691855916879   0.00988193728051464   -0.0328552033391017   -0.0180271825807821   0
0.0281739612479302   0.0270192080134207   0.0256270426887614   0.0171372707329061   0
0.0252727087472808   0.0123273207159301   -0.00290125250064937   -0.0146918872974906   0
0.0188454947011752   0.0179349244627626   -0.00642721404610563   0.00560760374683246   0
0.0161821140639011   0.0177134081727656   -0.00266338063727407   -0.000221516289996969   0
0.0248425849568796   0.0155458536151927   0.00866047089297852   -0.00216755455757292   0
0.0227475198988285   0.0125088942470838   -0.00209506505805108   -0.00303695936810895   0
0.00255940695843665   0.0160271706501023   -0.0201881129403919   0.00351827640301853   0
0.0396338988032972   0.0148637883664638   0.0370744918448605   -0.00116338228363847   0
0.0680581633079383   0.0125764560907564   0.0284242645046411   -0.00228733227570736   0
0.0495671370782094   0.0158765802331366   -0.0184910262297289   0.00330012414238019   0
0.0524674457145571   0.0139713999864554   0.00290030863634776   -0.00190518024668127   0
0.0509515233693753   0.0143487083083147   -0.00151592234518181   0.00037730832185936   0
0.047399819457383   0.0144636227749136   -0.00355170391199237   0.000114914466598897   0
0.050778879280052   0.0292859714567402   0.00337905982266909   0.0148223486818266   0
0.041180281549528   0.0125336470500409   -0.00959859773052401   -0.0167523244066992   0
0.0496913830293794   0.0276874269320029   0.00851110147985141   0.015153779881962   0
0.0466224300353649   0.0208840096673867   -0.0030689529940145   -0.00680341726461623   0
0.064261752901162   0.0322839685457426   0.017639322865797   0.011399958878356   0
0.0487804581908575   0.0275741683900893   -0.0154812947103044   -0.00470980015565333   0
0.0499657989410757   0.0270674466042237   0.00118534075021815   -0.000506721785865621   0
0.0416231770840586   0.0276379052772185   -0.00834262185701709   0.000570458672994781   0
0.0578414933405734   0.0397252916949014   0.0162183162565148   0.0120873864176829   0
0.0650751784577077   0.0308807296057752   0.00723368511713423   -0.0088445620891262   0
0.0637191292750489   0.0442498641917125   -0.00135604918265872   0.0133691345859373   0
0.0668028456041358   0.0315951524682189   0.00308371632908681   -0.0126547117234936   0
0.0908649166526333   0.0384882213618404   0.0240620710484976   0.00689306889362144   0
0.0618771933276421   0.0384415875011035   -0.0289877233249912   -4.66338607368263e-05   0
0.0618614175223434   0.0466146926928892   -1.57758052986914e-05   0.00817310519178567   0
0.062351526504447   0.0370814961806087   0.000490108982103589   -0.00953319651228048   0
0.0781228067731984   0.0398216935585994   0.0157712802687514   0.0027401973779907   0
0.0808445968329139   0.0575681426789592   0.0027217900597155   0.0177464491203597   0
0.074173945910761   0.0523085367360338   -0.00667065092215292   -0.00525960594292534   0
0.0771633501316525   0.0667341940449197   0.00298940422089151   0.0144256573088859   0
0.0735069041600318   0.0500500735402307   -0.00365644597162074   -0.016684120504689   0
0.0641653361769727   0.0643257827775341   -0.00934156798305909   0.0142757092373034   0
0.0626867701710362   0.0573116168263904   -0.00147856600593646   -0.00701416595114365   0
0.0710891335127423   0.0651621619880932   0.00840236334170605   0.00785054516170277   0
0.0730964162280402   0.0575162243104283   0.00200728271529793   -0.00764593767766494   0
0.0681274232623502   0.0700230455265265   -0.00496899296568999   0.0125068212160982   0
0.0615094861933068   0.0527381224605361   -0.00661793706904343   -0.0172849230659904   0
0.0789175162036167   0.0679957597906847   0.0174080300103099   0.0152576373301487   0
0.0865321095634447   0.0608913120451103   0.00761459335982805   -0.00710444774557439   0
0.0876026156345232   0.0767940740047694   0.00107050607107843   0.0159027619596591   0
0.0713615495581066   0.0664492056764601   -0.0162410660764166   -0.0103448683283093   0
0.0663404261045744   0.0777692125484115   -0.00502112345353214   0.0113200068719514   0
0.0663413819018718   0.0777105597138027   9.55797297363947e-07   -5.86528346087356e-05   0
0.0692944319933882   0.085010423675644   0.00295305009151643   0.00729986396184129   0
0.0615196064849866   0.0782420941977527   -0.00777482550840163   -0.00676832947789137   0
0.064611043227549   0.0806027758393748   0.00309143674256237   0.00236068164162212   0
0.0604693021598976   0.0810540865238299   -0.00414174106765133   0.000451310684455114   0
0.0712335133904323   0.0797416038884345   0.0107642112305347   -0.00131248263539535   0
0.0684309396203077   0.0739655001761801   -0.00280257377012461   -0.00577610371225443   0
0.0706556349639751   0.0797645044731051   0.0022246953436674   0.00579900429692497   0
0.0685017545760073   0.0725353614828657   -0.00215388038796784   -0.00722914299023936   0
0.0838199749969325   0.0862316697533453   0.0153182204209252   0.0136963082704795   0
0.0846106452557439   0.0855067659398951   0.000790670258811396   -0.000724903813450195   0
0.0758477903452097   0.0851916841024698   -0.00876285491053418   -0.000315081837425304   0
0.0726965482243387   0.0851916841024698   -0.00315124212087098   0   0
0.0917804999428288   0.0857634952719687   0.0190839517184901   0.000571811169498948   0
0.0876800423506399   0.081901510316126   -0.00410045759218895   -0.00386198495584267   0
0.0754228431505555   0.0824421010013391   -0.0122571992000843   0.000540590685213074   0
0.0728561080726969   0.0799471331748988   -0.00256673507785858   -0.00249496782644033   0
0.0840800754367436   0.0896902232977625   0.0112239673640467   0.00974309012286373   0
0.0875659786674146   0.089727303934268   0.00348590323067091   3.70806365054543e-05   0
0.0775632461094815   0.084529144716852   -0.010002732557933   -0.005198159217416   0
0.0810913027806441   0.0807913898919464   0.00352805667116257   -0.00373775482490557   0
0.0943313436077829   0.0963990366190062   0.0132400408271388   0.0156076467270598   0
0.0771980998196931   0.0998557339286783   -0.0171332437880898   0.00345669730967213   0
0.0858886999925302   0.0921865575739489   0.00869060017283714   -0.00766917635472941   0
0.084762168797867   0.090078853262697   -0.00112653119466322   -0.00210770431125193   0
0.0842756703387401   0.0887262211669273   -0.000486498459126905   -0.00135263209576969   0
0.0668929783812085   0.0756126223298895   -0.0173826919575316   -0.0131135988370378   0
0.0859121931733214   0.0796540944860024   0.019019214792113   0.00404147215611296   0
0.0783411870801713   0.090740154535933   -0.00757100609315012   0.0110860600499306   0
0.0957179253223763   0.0799096031528752   0.017376738242205   -0.0108305513830578   0
0.0770271198866347   0.0852263950402251   -0.0186908054357415   0.0053167918873499   0
0.0731397207602278   0.0917416520092428   -0.0038873991264069   0.00651525696901768   0
0.0793240454226838   0.0985815640733728   0.00618432466245596   0.00683991206413001   0
0.0767447920000439   0.0953489536151944   -0.00257925342263993   -0.00323261045817835   0
0.0839215374540124   0.112218644780959   0.0071767454539685   0.0168696911657643   0
0.0621688873967897   0.0939728839573683   -0.0217526500572227   -0.0182457608235905   0
0.0739063453054607   0.103023181546849   0.011737457908671   0.00905029758948069   0
0.071470537110077   0.0954751563066801   -0.00243580819538369   -0.00754802524016884   0
0.0794808118092034   0.0954751563066801   0.00801027469912632   0   0
0.0729860312197478   0.0954751563066801   -0.00649478058945557   0   0
0.0783044371496079   0.114421643826835   0.00531840592986015   0.0189464875201545   0
0.0740212953543168   0.10261684351594   -0.00428314179529117   -0.0118048003108942   0
0.0842842380092227   0.107775206387798   0.0102629426549059   0.00515836287185779   0
0.0863541178095613   0.101518424196362   0.00206987980033865   -0.00625678219143619   0
0.0854869170009657   0.114382789042255   -0.00086720080859562   0.012864364845893   0
0.0757104062937123   0.110396753378179   -0.00977651070725337   -0.00398603566407588   0
0.0723897687642874   0.116384885567124   -0.00332063752942494   0.00598813218894471   0
0.0763581666565902   0.110673502802444   0.00396839789230279   -0.00571138276468017   0
0.0617723035222906   0.110919841596319   -0.0145858631342996   0.000246338793875367   0
0.0669934129647087   0.115982393083498   0.00522110944241807   0.00506255148717881   0
0.0736589386866251   0.121336174619258   0.00666552572191642   0.00535378153575991   0
0.0868141466228287   0.136908623068682   0.0131552079362036   0.0155724484494245   0
0.084159688468212   0.127764265906248   -0.00265445815461668   -0.00914435716243397   0
0.0849052286851028   0.131188430927512   0.000745540216890772   0.00342416502126347   0
0.0849295634727531   0.130759299548837   2.43347876503347e-05   -0.000429131378674619   0
0.0772271184810206   0.133230784935624   -0.00770244499173248   0.00247148538678693   0
0.0757007674415154   0.126958915996967   -0.00152635103950523   -0.00627186893865672   0
0.0737592789775632   0.138728278234153   -0.00194148846395217   0.0117693622371855   0
0.0736160300967799   0.153737721813199   -0.000143248880783362   0.015009443579046   0
0.0662579474371943   0.149860991350526   -0.0073580826595856   -0.00387673046267253   0
0.0666805286024339   0.153481490152184   0.000422581165239591   0.00362049880165785   0
0.0661419368072186   0.153290380450324   -0.00053859179521526   -0.00019110970186037   0
0.0717507247567019   0.15540822808057   0.00560878794948332   0.00211784763024636   0
0.0671352931435061   0.141396955151729   -0.0046154316131958   -0.0140112729288413   0
0.0683950022052233   0.147174671047713   0.00125970906171717   0.00577771589598414   0
0.0655917038189747   0.139923168922493   -0.0028032983862486   -0.00725150212521997   0
0.0728130765930132   0.155609383859273   0.00722137277403846   0.0156862149367798   0
0.0649579327542834   0.148742650382716   -0.00785514383872979   -0.00686673347655636   0
0.0674709418897765   0.157553689071662   0.00251300913549315   0.00881103868894575   0
0.0590836796645233   0.145416447640922   -0.00838726222525325   -0.0121372414307402   0
0.0574521035858993   0.158333590436347   -0.001631576078624   0.0129171427954255   0
0.0620377552196241   0.148600437328806   0.00458565163372485   -0.00973315310754111   0
0.0608152565946087   0.16554508128263   -0.0012224986250154   0.0169446439538235   0
0.07335556550617   0.163597887945757   0.0125403089115613   -0.00194719333687268   0
0.072086047974578   0.153683273070209   -0.00126951753159203   -0.00991461487554787   0
0.0651621219923047   0.169640284343998   -0.00692392598227329   0.0159570112737888   0
0.0805290806842472   0.158434928522919   0.0153669586919425   -0.0112053558210789   0
0.0729773997172063   0.169831747769116   -0.00755168096704092   0.0113968192461965   0
0.0715147324665345   0.155897249815391   -0.00146266725067182   -0.0139344979537244   0
0.0697178315866895   0.160115627619738   -0.00179690087984498   0.00421837780434645   0
0.0632439204740661   0.157203308004324   -0.00647391111262337   -0.00291231961541322   0
0.0647684066051451   0.173117124405885   0.00152448613107896   0.0159138164015601   0
0.0638204445696017   0.175645940477748   -0.000947962035543412   0.0025288160718632   0
0.0629137773667589   0.16984210223476   -0.000906667202842812   -0.00580383824298822   0
0.0605443673482655   0.153934745906098   -0.00236941001849334   -0.0159073563286614   0
0.0709829391987934   0.174281362834283   0.0104385718505279   0.0203466169281848   0
0.0676612838842125   0.180762674899286   -0.00332165531458085   0.00648131206500313   0
0.0680899739260488   0.183258735473217   0.000428690041836224   0.00249606057393084   0
0.0785958257992115   0.167237058974985   0.0105058518731627   -0.0160216764982323   0
0.0714451533638217   0.171486090965426   -0.00715067243538982   0.00424903199044174   0
0.0675927163527994   0.181613993425899   -0.00385243701102224   0.0101279024604726   0
0.0739106225368181   0.194063317972775   0.00631790618401863   0.0124493245468763   0
0.0679807746132802   0.18900932674556   -0.00592984792353789   -0.00505399122721495   0
0.071396145218492   0.187547617822301   0.00341537060521184   -0.00146170892325906   0
0.060098340594895   0.181543366063325   -0.0112978046235971   -0.00600425175897609   0
0.0641428082009636   0.186853019763135   0.00404446760606861   0.00530965369980971   0
0.0617575764563256   0.186135832888807   -0.002385231744638   -0.000717186874327647   0
0.0496164073052655   0.188320813680405   -0.0121411691510601   0.00218498079159821   0
0.04675840557887   0.199604537584846   -0.00285800172639547   0.01128372390444   0
0.0648727599547368   0.190892095597775   0.0181143543758668   -0.00871244198707066   0
0.0916970292585147   0.207764382987677   0.0268242693037779   0.0168722873899018   0
0.0691892122155615   0.197277055069926   -0.0225078170429532   -0.010487327917751   0
0.0700015777511629   0.203934006133013   0.000812365535601406   0.00665695106308778   0
0.0450254763864237   0.189668394181028   -0.0249761013647391   -0.014265611951985   0
0.0734917185995055   0.201651935427012   0.0284662422130818   0.011983541245984   0
0.0477842184062897   0.195551912177745   -0.0257075001932157   -0.00610002324926745   0
0.0660499730641126   0.220480618750175   0.0182657546578229   0.0249287065724299   0
0.0639717922044552   0.199375907733256   -0.00207818085965736   -0.0211047110169184   0
0.0608820424237722   0.19185211069598   -0.00308974978068303   -0.00752379703727665   0
0.0783246169688311   0.204152393435541   0.0174425745450589   0.0123002827395614   0
0.0726302143956164   0.203545350662844   -0.00569440257321469   -0.000607042772697464   0
0.0721345568978378   0.212474025434193   -0.000495657497778579   0.00892867477134907   0
0.115849594894674   0.206750767991464   0.0437150379968359   -0.0057232574427292   0
0.100818827866426   0.227791989759298   -0.0150307670282479   0.0210412217678342   0
0.112701462191624   0.243930444967413   0.0118826343251979   0.016138455208115   0
0.117500867013312   0.242491017060426   0.00479940482168811   -0.0014394279069864   0
0.102362979744095   0.250578161644725   -0.0151378872692169   0.00808714458429879   0
0.0976843681611853   0.245982005422145   -0.00467861158290964   -0.0045961562225805   0
0.0870414590548665   0.257003974888036   -0.0106429091063189   0.0110219694658909   0
0.0804904108222613   0.242844859087546   -0.00655104823260519   -0.0141591158004897   0
0.0778152211898161   0.252302101955671   -0.00267518963244522   0.0094572428681256   0
0.106203659651869   0.245384455121448   0.0283884384620528   -0.0069176468342233   0
0.101420809002344   0.249568326957769   -0.00478285064952459   0.0041838718363211   0
0.102304413642404   0.266047404311713   0.000883604640059737   0.0164790773539436   0
0.0743182975481139   0.245456146436079   -0.0279861160942901   -0.0205912578756335   0
0.0823259687732856   0.265552199179841   0.00800767122517168   0.0200960527437618   0
0.0956713016943644   0.258842495130726   0.0133453329210788   -0.00670970404911492   0
0.0811119449811315   0.270749357951686   -0.014559356713233   0.0119068628209595   0
0.117678971719717   0.27573528052373   0.0365670267385857   0.00498592257204422   0
0.120555105330301   0.26855193953917   0.00287613361058392   -0.00718334098455992   0
0.109171089336983   0.273327622910675   -0.011384015993318   0.00477568337150475   0
0.10515936626841   0.271641315650805   -0.00401172306857318   -0.00168630725987018   0
0.112285270557496   0.274065666199271   0.00712590428908567   0.00242435054846607   0
0.077268750587414   0.273061867813871   -0.0350165199700816   -0.00100379838539949   0
0.0960456866377142   0.264463011939761   0.0187769360503002   -0.00859885587411041   0
0.107033063256267   0.282155256141898   0.0109873766185525   0.0176922442021372   0
0.113458871122932   0.269651581286389   0.00642580786666483   -0.012503674855509   0
0.0934762983769624   0.276619922272872   -0.0199825727459692   0.00696834098648352   0
0.112463227612451   0.277484054775225   0.0189869292354888   0.000864132502352455   0
0.108008788547481   0.271890769294399   -0.00445443906497046   -0.0055932854808261   0
0.124356795044139   0.28795035180522   0.0163480064966583   0.0160595825108213   0
0.128754972245735   0.294283425799432   0.00439817720159601   0.00633307399421229   0
0.130931502920802   0.275014371865817   0.00217653067506701   -0.0192690539336151   0
0.140898498459653   0.283865574553344   0.00996699553885119   0.00885120268752654   0
0.140363397526451   0.297548080689491   -0.000535100933202637   0.0136825061361474   0
0.132358322288287   0.293213084140613   -0.00800507523816379   -0.00433499654887859   0
0.125659947407   0.2953206791134   -0.00669837488128683   0.00210759497278779   0
0.112420792702941   0.274113938365965   -0.0132391547040591   -0.0212067407474355   0
0.115660874163922   0.286018776228502   0.00324008146098072   0.0119048378625373   0
0.107181859556651   0.286128399674429   -0.00847901460727084   0.000109623445927187   0
0.118650308047598   0.287890315079372   0.0114684484909477   0.00176191540494247   0
0.191814052669037   0.302688092607721   0.0731637446214383   0.0147977775283487   0
0.163005861876069   0.321652922576886   -0.028808190792968   0.0189648299691659   0
0.138288826473761   0.308840341211641   -0.0247170354023077   -0.0128125813652459   0
0.144633179446557   0.314638824577086   0.00634435297279606   0.00579848336544503   0
0.152304986085978   0.323955613420265   0.00767180663942107   0.00931678884317916   0
0.161026417999967   0.357288893519656   0.0087214319139885   0.0333332800993911   0
0.187037446472652   0.328371113865851   0.0260110284726849   -0.0289177796538044   0
0.195773734411054   0.336037133883296   0.0087362879384027   0.00766602001744426   0
0.190905473130683   0.336056684095481   -0.00486826128037104   1.95502121854152e-05   0
0.132195660829469   0.343979776010872   -0.0587098123012142   0.00792309191539131   0
0.180407233465097   0.352586098025362   0.048211572635628   0.00860632201448935   0
0.18039961085151   0.345820720945839   -7.62261358730476e-06   -0.00676537707952252   0
0.181566896560383   0.346583198380274   0.00116728570887359   0.00076247743443425   0
0.191714982723443   0.35665494675982   0.0101480861630596   0.0100717483795464   0
0.19035571565963   0.353160796710224   -0.00135926706381262   -0.00349415004959619   0
0.177269062356775   0.344769837023194   -0.0130866533028557   -0.00839095968702941   0
0.175637735451582   0.37619454775754   -0.00163132690519227   0.0314247107343457   0
0.146367446761157   0.336480768067526   -0.0292702886904257   -0.0397137796900136   0
0.185774200440992   0.34864440498594   0.0394067536798358   0.0121636369184133   0
0.181307966022414   0.370299781033557   -0.00446623441857799   0.021655376047617   0
0.183930349388022   0.371503363533226   0.00262238336560808   0.00120358249966895   0
0.185426757380724   0.363685302977038   0.0014964079927019   -0.00781806055618756   0
0.174052750744853   0.373791271367457   -0.0113740066358711   0.0101059683904191   0
0.189389623821079   0.386428057736819   0.0153368730762263   0.0126367863693614   0
0.134706487364121   0.376091324740019   -0.0546831364569588   -0.0103367329967995   0
0.177736351370056   0.380799194583605   0.0430298640059353   0.00470786984358629   0
0.201636555799414   0.382302442776004   0.0239002044293575   0.00150324819239894   0
0.189746268962238   0.395018448066669   -0.0118902868371754   0.0127160052906651   0
0.183758020198439   0.395761992572872   -0.00598824876379889   0.00074354450620262   0
0.183454154268001   0.406862087268524   -0.000303865930437991   0.011100094695652   0
0.193763767645476   0.41684099741778   0.0103096133774747   0.00997891014925634   0
0.190341967643502   0.395356351244039   -0.00342180000197387   -0.0214846461737413   0
0.2205263147596   0.423760527858306   0.0301843471160975   0.0284041766142668   0
