0.214770415631477   0.0919919213681424   0   0   0
0.194980638087991   0.0852611225560337   -0.019789777543486   -0.00673079881210872   0
0.221056070611169   0.109561825913283   0.026075432523178   0.0243007033572492   0
0.229160857301612   0.11210213482384   0.00810478669044379   0.00254030891055756   0
0.227372926842423   0.092032814080699   -0.00178793045918915   -0.0200693207431415   0
0.200055069242071   0.058905535038823   -0.0273178576003519   -0.033127279041876   0
0.188636101235087   0.0794183435398883   -0.0114189680069842   0.0205128085010654   0
0.288892641086705   0.100140846788611   0.100256539851617   0.0207225032487224   0
0.175684315876005   0.0677028105540309   -0.113208325210699   -0.0324380362345798   0
0.0645038337404065   0.053051448978256   -0.111180482135599   -0.0146513615757749   0
0.051762321718018   0.0677028105540309   -0.0127415120223884   0.0146513615757749   0
0.0432315441335016   0.0462805876772865   -0.00853077758451639   -0.0214222228767445   0
0.0305040743655598   0.0364749390408332   -0.0127274697679419   -0.00980564863645324   0
0.0346649802064276   0.0143250507046712   0.00416090584086782   -0.0221498883361621   0
0.0332082134165631   0.0222386191697888   -0.0014567667898645   0.00791356846511768   0
0.0315664843593644   0.0386453665086308   -0.00164172905719863   0.0164067473388419   0
0.0337279882768495   0.020350279470167   0.00216150391748509   -0.0182950870384638   0
0.0400419470029802   0.0238401379737807   0.00631395872613067   0.0034898585036137   0
0.0383724432710506   0.0236172012646503   -0.00166950373192956   -0.000222936709130376   0
0.0121506266510631   0.0308019688648395   -0.0262218166199875   0.0071847676001892   0
0.0039873673390597   0.00272918656591433   -0.00816325931200341   -0.0280727822989252   0
0.00397930960865123   0.0121721079766096   -8.05773040846603e-06   0.00944292141069524   0
0.023201762884768   0.00462022919209913   0.0192224532761168   -0.00755187878451044   0
0.0140624203416312   0.0176424105700589   -0.00913934254313681   0.0130221813779597   0
0.0209503053099709   0.0328323187821086   0.00688788496833969   0.0151899082120497   0
0.0256792638681486   0.026727528258567   0.00472895855817763   -0.00610479052354154   0
0.0224491680143764   0.0252073966657408   -0.00323009585377216   -0.00152013159282625   0
0.0369981333956944   0.0197231954533089   0.014548965381318   -0.00548420121243189   0
0.0572834030875436   0.0197557286618692   0.0202852696918492   3.25332085602953e-05   0
0.0541590627832692   0.0283681159734833   -0.00312434030427436   0.00861238731161413   0
0.0451182441684071   0.0325013742670691   -0.00904081861486216   0.00413325829358575   0
0.0785447081055751   0.0628502962721935   0.033426463937168   0.0303489220051244   0
0.101785448164755   0.0629104864522005   0.0232407400591797   6.01901800069832e-05   0
0.0819002362488656   0.0358525501064429   -0.0198852119158893   -0.0270579363457576   0
0.0987462253576308   0.0425048254407688   0.0168459891087652   0.00665227533432586   0
0.0583474383584232   0.0431988054551017   -0.0403987869992075   0.000693980014332927   0
0.0875660016440171   0.0380225275254026   0.0292185632855938   -0.00517627792969908   0
0.0554892099937456   0.0422827808446621   -0.0320767916502714   0.00426025331925948   0
0.0818664638997557   0.0320748850934064   0.0263772539060101   -0.0102078957512557   0
0.0592304281414545   0.0390549499762543   -0.0226360357583012   0.00698006488284787   0
0.0776976714138847   0.0594187253151311   0.0184672432724303   0.0203637753388768   0
0.0802945064905439   0.0470759460084978   0.0025968350766592   -0.0123427793066333   0
0.0505370933244088   0.0498225517589425   -0.0297574131661352   0.00274660575044465   0
0.067363237673749   0.0281066138095916   0.0168261443493403   -0.0217159379493509   0
0.0514873928655355   0.0326086486593438   -0.0158758448082135   0.00450203484975222   0
0.0709652328411596   0.0560027816238845   0.0194778399756241   0.0233941329645407   0
0.057709780951084   0.0304127225399836   -0.0132554518900756   -0.025590059083901   0
0.0469867137416525   0.0334792857900598   -0.0107230672094315   0.00306656325007623   0
0.0422068272805479   0.0368380315073295   -0.00477988646110467   0.00335874571726968   0
0.0543371534837812   0.0282111122773904   0.0121303262032334   -0.00862691922993913   0
0.0946298828153665   0.028049602629102   0.0402927293315853   -0.000161509648288375   0
0.0559361375149375   0.0296688524447867   -0.038693745300429   0.00161924981568471   0
0.0616221965285237   0.0324980178605269   0.00568605901358621   0.0028291654157402   0
0.059959962788264   0.0374534949682269   -0.00166223374025975   0.00495547710770004   0
0.0694029404144378   0.0339064554846492   0.0094429776261738   -0.00354703948357771   0
0.0940171881439772   0.0452069169057349   0.0246142477295394   0.0113004614210857   0
0.0670443804054449   0.0452222976116042   -0.0269728077385323   1.53807058692196e-05   0
0.0775356970375581   0.0345339164995081   0.0104913166321133   -0.010688381112096   0
0.0926732942292978   0.0393822777918571   0.0151375971917397   0.00484836129234896   0
0.072435998217668   0.0443848181649424   -0.0202372960116298   0.00500254037308531   0
0.0769633880368452   0.042847371798316   0.00452738981917718   -0.0015374463666264   0
0.0798314929288561   0.0478843076652728   0.00286810489201095   0.00503693586695677   0
0.0846759949356959   0.0584672565534942   0.00484450200683979   0.0105829488882214   0
0.0915777488771699   0.058520972634672   0.00690175394147402   5.37160811777682e-05   0
0.0913885987817955   0.0788629693015042   -0.000189150095374388   0.0203419966668323   0
0.0921665670170046   0.0768826278608802   0.000777968235209078   -0.00198034144062408   0
0.112813606038221   0.11711985198616   0.0206470390212162   0.0402372241252797   0
0.10403898675011   0.0933595132070642   -0.00877461928811069   -0.0237603387790957   0
0.10779426757277   0.0921926943511388   0.00375528082266015   -0.00116681885592544   0
0.102186868314525   0.0644670821115319   -0.00560739925824566   -0.0277256122396069   0
0.107732668103273   0.0730890365001482   0.00554579978874846   0.00862195438861631   0
0.116805460805949   0.0956734606957436   0.00907279270267553   0.0225844241955954   0
0.114806937290436   0.0853275412209329   -0.00199852351551308   -0.0103459194748107   0
0.12416244732257   0.0890998266033666   0.00935551003213457   0.00377228538243374   0
0.0999793029572121   0.0838996508529684   -0.024183144365358   -0.00520017575039823   0
0.0999658865708197   0.0780782316942437   -1.34163863923648e-05   -0.00582141915872471   0
0.126184888063587   0.0923643293336232   0.0262190014927673   0.0142860976393795   0
0.115022856615283   0.0828875716166181   -0.0111620314483039   -0.00947675771700503   0
0.100457700255282   0.0605727306179109   -0.0145651563600016   -0.0223148409987072   0
0.125026331963951   0.0876865985916463   0.0245686317086691   0.0271138679737354   0
0.127873127201848   0.112388808829839   0.0028467952378973   0.0247022102381923   0
0.1464456147668   0.245575019256336   0.0185724875649524   0.133186210426498   0
0.111550558294121   0.150531591698022   -0.0348950564726798   -0.0950434275583144   0
0.108303122675849   0.147397871395621   -0.00324743561827164   -0.00313372030240108   0
0.146880578360858   0.158528442354432   0.0385774556850085   0.0111305709588112   0
0.128858680419617   0.1355688336361   -0.0180218979412408   -0.0229596087183323   0
0.128118820847212   0.148780309443227   -0.000739859572404689   0.0132114758071276   0
0.152494280155323   0.166930162347911   0.0243754593081106   0.0181498529046838   0
0.136054408294329   0.148751470475925   -0.0164398718609935   -0.0181786918719862   0
0.132775104593067   0.197397485878804   -0.00327930370126159   0.0486460154028787   0
0.113710863055647   0.149376402704083   -0.0190642415374209   -0.0480210831747203   0
0.0876601695460943   0.14084169121709   -0.0260506935095522   -0.00853471148699383   0
0.130588606474416   0.120016544622075   0.0429284369283221   -0.0208251465950146   0
0.117771338408163   0.120325212142967   -0.0128172680662536   0.000308667520892009   0
0.115985508775881   0.136011937291557   -0.00178582963228167   0.0156867251485903   0
0.0999885777417601   0.100176210769623   -0.015996931034121   -0.0358357265219339   0
0.110175920303349   0.120373136576117   0.0101873425615893   0.0201969258064936   0
0.125316444708985   0.116680931839611   0.0151405244056352   -0.00369220473650569   0
0.122788430983094   0.117020813610667   -0.00252801372589079   0.000339881771055928   0
0.127448697944389   0.119962546406326   0.00466026696129473   0.00294173279565917   0
0.159070383472914   0.153766237100192   0.0316216855285257   0.0338036906938658   0
0.152421757476746   0.115201892801562   -0.00664862599616822   -0.0385643442986305   0
0.119209130960426   0.125874626399207   -0.0332126265163201   0.0106727335976456   0
0.134667137793635   0.105689958969395   0.0154580068332094   -0.0201846674298117   0
0.250804775907677   0.0880888541060247   0.116137638114041   -0.0176011048633708   0
0.124576478138732   0.105473710467692   -0.126228297768945   0.0173848563616672   0
0.136783013383607   0.0988017898704396   0.0122065352448749   -0.00667192059725231   0
0.146018531354517   0.0988101954186029   0.00923551797090982   8.40554816333716e-06   0
0.142531514816557   0.104501726394328   -0.00348701653795946   0.00569153097572514   0
0.175390106640198   0.105886611332831   0.0328585918236406   0.00138488493850286   0
0.202419445829989   0.0843769314285285   0.0270293391897915   -0.0215096799043024   0
0.192141010645619   0.081777764063008   -0.01027843518437   -0.00259916736552052   0
0.153818407090992   0.0806651753261282   -0.0383226035546278   -0.00111258873687979   0
0.163778140256537   0.0802003729320513   0.00995973316554574   -0.000464802394076924   0
0.14604642665365   0.111396034557171   -0.0177317136028872   0.03119566162512   0
0.155514476761394   0.0814700139922966   0.0094680501077434   -0.0299260205648747   0
0.186000997163187   0.0874564555974   0.0304865204017938   0.00598644160510343   0
0.186462654387977   0.080041640708212   0.00046165722478933   -0.00741481488918802   0
0.168851301644524   0.0818351874553514   -0.0176113527434527   0.0017935467471394   0
0.153473614513961   0.105821613942143   -0.0153776871305626   0.0239864264867918   0
0.160058094331558   0.0855104967008291   0.00658447981759694   -0.0203111172413141   0
0.154277275907439   0.0965764799842529   -0.00578081842411943   0.0110659832834239   0
0.184077239226636   0.0954944181002874   0.0297999633191967   -0.00108206188396553   0
0.201789275940546   0.0741452421174845   0.0177120367139109   -0.0213491759828029   0
0.159480474220577   0.0976827832014552   -0.0423088017199698   0.0235375410839707   0
0.169657762350857   0.0915963619900512   0.0101772881302807   -0.00608642121140399   0
0.211385174173521   0.0988092070187541   0.0417274118226641   0.00721284502870284   0
0.185762847528805   0.0989815237977396   -0.0256223266447166   0.000172316778985576   0
0.176869285718295   0.100678672551104   -0.00889356181050951   0.00169714875336474   0
0.176480891047275   0.08973378520269   -0.000388394671020753   -0.0109448873484144   0
0.179122828637698   0.107097416795049   0.002641937590423   0.0173636315923593   0
0.17467770011567   0.0811134249162554   -0.00444512852202741   -0.0259839918787939   0
0.194893843207527   0.0830288173819488   0.0202161430918565   0.00191539246569339   0
0.191109886051585   0.0760833635750944   -0.00378395715594121   -0.00694545380685438   0
0.17562069984885   0.0511036810895448   -0.0154891862027351   -0.0249796824855496   0
0.172392372046598   0.035968780633523   -0.00322832780225285   -0.0151349004560218   0
0.154261193720748   0.040956691656584   -0.0181311783258497   0.00498791102306103   0
0.199532795761428   0.0344359767394396   0.0452716020406798   -0.00652071491714443   0
0.171482170076483   0.0331684525579763   -0.0280506256849442   -0.00126752418146329   0
0.149829713544255   0.067427950547566   -0.0216524565322282   0.0342594979895896   0
0.169488925484707   0.056248518382865   0.0196592119404513   -0.011179432164701   0
0.200871360917101   0.0363914459453386   0.0313824354323948   -0.0198570724375264   0
0.218532537756263   0.0616242462132195   0.0176611768391616   0.0252328002678809   0
0.217920117377085   0.099551436312441   -0.000612420379178025   0.0379271900992215   0
0.239648530523027   0.0579556118444012   0.0217284131459424   -0.0415958244680398   0
0.213131988437922   0.0708071408021465   -0.0265165420851055   0.0128515289577453   0
0.221411431194104   0.0840303241880721   0.00827944275618239   0.0132231833859256   0
0.237742656120151   0.0627146091568185   0.0163312249260463   -0.0213157150312536   0
0.199537692574745   0.0749114597136929   -0.0382049635454052   0.0121968505568744   0
0.213268230884607   0.11275751272126   0.0137305383098615   0.0378460530075667   0
0.193866476265364   0.0984850113197689   -0.019401754619243   -0.0142725014014907   0
0.201737979497416   0.0953959681027453   0.00787150323205252   -0.00308904321702355   0
0.178643402646669   0.119997073552035   -0.0230945768507471   0.0246011054492897   0
0.181538162603266   0.113430700149915   0.00289475995659716   -0.00656637340211969   0
0.207857887204046   0.101724948643388   0.0263197246007798   -0.0117057515065269   0
0.222211423104169   0.0995339863126661   0.0143535359001227   -0.0021909623307223   0
0.205779611719982   0.122421787461679   -0.0164318113841873   0.0228878011490129   0
0.1995814808157   0.140045665329206   -0.00619813090428167   0.0176238778675271   0
0.202182754025312   0.107740173562325   0.00260127320961254   -0.0323054917668807   0
0.200017425569655   0.144408086409011   -0.00216532845565767   0.036667912846686   0
0.199957110002145   0.1263030700144   -6.03155675095723e-05   -0.0181050163946111   0
0.233745929088936   0.138197182324749   0.033788819086791   0.011894112310349   0
0.217539472589091   0.128725807071902   -0.0162064564998449   -0.00947137525284744   0
0.188029718820856   0.122463909863529   -0.0295097537682358   -0.0062618972083731   0
0.187603524668515   0.132992113944859   -0.000426194152340853   0.0105282040813307   0
0.197668906609634   0.131904248493026   0.010065381941119   -0.00108786545183331   0
0.185598743653964   0.135134279948687   -0.0120701629556693   0.00323003145566042   0
0.18738953110246   0.13808261096895   0.00179078744849609   0.00294833102026382   0
0.22033122365112   0.122012460210269   0.0329416925486598   -0.0160701507586813   0
0.214009704304314   0.154516790354552   -0.00632151934680608   0.0325043301442827   0
0.239257943381155   0.0996865850383591   0.0252482390768408   -0.0548302053161927   0
0.220805665571448   0.116445942316864   -0.0184522778097073   0.0167593572785053   0
0.208964780630612   0.140074275994238   -0.0118408849408352   0.0236283336773738   0
0.217316555696983   0.115662885772144   0.00835177506637069   -0.0244113902220943   0
0.197228358739287   0.151459178344538   -0.0200881969576962   0.0357962925723939   0
0.209309732316703   0.133862027833783   0.0120813735774163   -0.0175971505107547   0
0.240657278419956   0.126633649132142   0.0313475461032522   -0.00722837870164084   0
0.243466255708117   0.0910887313121799   0.00280897728816107   -0.0355449178199623   0
0.229450730490034   0.0721203465611848   -0.0140155252180822   -0.0189683847509951   0
0.239705460367844   0.0821538110023838   0.0102547298778095   0.010033464441199   0
0.217256949555129   0.0833796775893437   -0.0224485108127146   0.00122586658695986   0
0.238135638942116   0.0696483918502459   0.020878689386987   -0.0137312857390978   0
0.237854240125691   0.0836160428966399   -0.000281398816425027   0.013967651046394   0
0.237063714113316   0.0828700397227665   -0.000790526012375309   -0.000746003173873411   0
0.251171551515662   0.0842011187567155   0.0141078374023461   0.00133107903394895   0
0.232577109798471   0.0723291694320832   -0.0185944417171912   -0.0118719493246322   0
0.244208700561016   0.0763353036495101   0.0116315907625451   0.00400613421742683   0
0.253284695403749   0.0689507267199737   0.00907599484273316   -0.00738457692953631   0
0.198823687213577   0.120014204164174   -0.0544610081901719   0.0510634774442001   0
0.206836225459299   0.0994263088849672   0.00801253824572182   -0.0205878952792067   0
0.235369345245892   0.10089072000344   0.0285331197865931   0.0014644111184727   0
0.231772746374029   0.0894130633859645   -0.00359659887186317   -0.0114776566174754   0
0.235776740655816   0.0875904453933761   0.00400399428178713   -0.00182261799258839   0
0.238463348873176   0.0968123058257059   0.00268660821735972   0.00922186043232975   0
0.23364909104606   0.0894642115145616   -0.00481425782711598   -0.00734809431114421   0
0.248987365893332   0.0977637214387448   0.0153382748472721   0.0082995099241832   0
0.202737900819087   0.155079258884973   -0.0462494650742449   0.0573155374462282   0
0.225263788953059   0.112445038992934   0.0225258881339721   -0.0426342198920388   0
0.275544113634823   0.104629544430875   0.0502803246817634   -0.00781549456205897   0
0.231967785765977   0.121240778587373   -0.043576327868846   0.0166112341564981   0
0.22661520214445   0.0670039461714383   -0.00535258362152638   -0.0542368324159351   0
0.220297623733441   0.110273001527346   -0.00631757841100919   0.0432690553559075   0
0.221870618485662   0.0768440679895495   0.00157299475222064   -0.0334289335377963   0
0.232283575573234   0.0769667164329004   0.0104129570875719   0.000122648443350915   0
0.23195883403339   0.0913096323369008   -0.000324741539843049   0.0143429159040004   0
0.232895081556245   0.0852704913349278   0.000936247522854483   -0.00603914100197296   0
0.227254689780563   0.0796044403216443   -0.00564039177568182   -0.00566605101328355   0
0.268902310535815   0.0708485439664959   0.0416476207552521   -0.0087558963551484   0
0.317254821736172   0.073618951146427   0.0483525112003563   0.00277040717993107   0
0.342561497587178   0.0896592277094221   0.0253066758510063   0.0160402765629951   0
0.141803364141088   0.106127809979819   -0.20075813344609   0.0164685822703966   0
0.172899704519412   0.10506520340441   0.0310963403783241   -0.00106260657540887   0
0.197996251705683   0.0849792710949117   0.0250965471862705   -0.0200859323094981   0
0.206220047559688   0.0738583835486534   0.00822379585400548   -0.0111208875462583   0
0.194584842226958   0.0813837966450325   -0.0116352053327304   0.00752541309637905   0
0.163900757278909   0.0921694577322255   -0.0306840849480481   0.010785661087193   0
0.159205138848876   0.0760677023920304   -0.0046956184300331   -0.0161017553401951   0
0.166452968167257   0.105800430222471   0.007247829318381   0.0297327278304409   0
0.172471494412294   0.10311171340037   0.00601852624503671   -0.00268871682210142   0
0.150794771290154   0.116492570413192   -0.0216767231221396   0.0133808570128222   0
0.19043303783535   0.126233537538574   0.0396382665451959   0.00974096712538169   0
0.205103043288124   0.109936041628758   0.0146700054527734   -0.0162974959098158   0
0.210302630997332   0.0894368179345062   0.00519958770920817   -0.0204992236942518   0
0.168984603222897   0.105875592911162   -0.0413180277744348   0.0164387749766554   0
0.175442702493008   0.0912079987506405   0.00645809927011046   -0.0146675941605211   0
0.179395383237975   0.108388369122383   0.00395268074496755   0.0171803703717428   0
0.176868125950834   0.106644308385445   -0.00252725728714143   -0.00174406073693775   0
0.181812998465704   0.0959887112467529   0.00494487251487   -0.0106555971386926   0
0.195637302325656   0.0903583831898076   0.0138243038599519   -0.00563032805694529   0
0.185572815310056   0.0913372344812618   -0.0100644870156001   0.000978851291454239   0
0.210295672428132   0.0894789099758051   0.024722857118076   -0.00185832450545675   0
0.189241244804139   0.110249298512508   -0.0210544276239927   0.0207703885367025   0
0.184680149448499   0.115682246208958   -0.00456109535563964   0.00543294769645056   0
0.182079637604044   0.112139500689658   -0.0026005118444552   -0.00354274551930049   0
0.198200618306932   0.109300003996401   0.0161209807028876   -0.00283949669325688   0
0.175484526994405   0.124180869489651   -0.0227160913125268   0.0148808654932502   0
0.180104970294465   0.106182909121548   0.00462044330005984   -0.0179979603681026   0
0.171672166890996   0.101714108767725   -0.00843280340346866   -0.00446880035382381   0
0.224182716474754   0.100733327010342   0.0525105495837581   -0.000980781757382559   0
0.222788776693733   0.103425307506577   -0.0013939397810212   0.00269198049623492   0
0.208402557258038   0.0979263607739632   -0.0143862194356945   -0.00549894673261371   0
0.177159133154912   0.0965938078465431   -0.031243424103126   -0.00133255292742009   0
0.190384295947696   0.103049798182942   0.0132251627927838   0.00645599033639847   0
0.18730376078982   0.0958681963133657   -0.0030805351578766   -0.00718160186957591   0
0.191990864504669   0.105664019137917   0.00468710371484882   0.00979582282455098   0
0.184349737626963   0.109946677889294   -0.0076411268777058   0.004282658751377   0
0.171781384965543   0.107533994150187   -0.01256835266142   -0.00241268373910646   0
0.165222770068928   0.12532195848343   -0.00655861489661433   0.0177879643332426   0
0.167544748657306   0.116444687338979   0.00232197858837804   -0.00887727114445112   0
0.196111298784364   0.110961608970051   0.0285665501270573   -0.00548307836892771   0
