0.107465586003855   0.210482031122784   0   0   0
0.0964888470337375   0.219825838169271   -0.0109767389701173   0.00934380704648721   0
0.0918512905875579   0.184254596021212   -0.00463755644617965   -0.035571242148059   0
0.11280945291548   0.162013265925826   0.0209581623279226   -0.0222413300953856   0
0.103590125801835   0.165040133980314   -0.00921932711364545   0.00302686805448774   0
0.0721636757664824   0.166520487434767   -0.0314264500353526   0.00148035345445335   0
0.0709153268872816   0.173350547505798   -0.00124834887920082   0.00683006007103087   0
0.142560858872062   0.163141282784899   0.0716455319847805   -0.0102092647208989   0
0.115236472861243   0.144325059391058   -0.027324386010819   -0.018816223393841   0
0.0839092644253899   0.190718333027563   -0.0313272084358532   0.0463932736365049   0
0.0722300838617124   0.155902896086386   -0.0116791805636775   -0.0348154369411771   0
0.0499741661970462   0.129817257313704   -0.0222559176646661   -0.0260856387726819   0
0.0881123317978817   0.101278343244546   0.0381381656008355   -0.0285389140691586   0
0.0828990322333741   0.076223038739157   -0.00521329956450763   -0.0250553045053886   0
0.122641504059851   0.0889896324970437   0.0397424718264771   0.0127665937578867   0
0.11660305911819   0.04503653606576   -0.0060384449416617   -0.0439530964312837   0
0.0213985241973086   0.0447755406471547   -0.0952045349208809   -0.000260995418605303   0
0.113496359740341   0.0461127161035175   0.0920978355430325   0.0013371754563628   0
0.104014603162182   0.010709558742942   -0.00948175657815947   -0.0354031573605755   0
0.00381867424822468   0.0451361321338016   -0.100195928913957   0.0344265733908597   0
0.00872818640103825   0.0364809169274982   0.00490951215281357   -0.00865521520630343   0
0.0348731186373172   0.0123208384059497   0.0261449322362789   -0.0241600785215485   0
0.111605112918004   0.0086617108894981   0.0767319942806867   -0.00365912751645159   0
0.136499274833562   0.01441542951783   0.0248941619155585   0.00575371862833192   0
0.0319261551127849   0.0735645008019842   -0.104573119720778   0.0591490712841541   0
0.0409616190943766   0.0131130520019225   0.00903546398159175   -0.0604514488000616   0
0.0262792429276454   0.0234648342064274   -0.0146823761667312   0.0103517822045048   0
0.122068896371885   0.20894557386301   0.0957896534442396   0.185480739656582   0
0.133619373479185   0.243579761147535   0.0115504771073003   0.0346341872845248   0
0.153860492727308   0.23867232433087   0.0202411192481227   -0.00490743681666461   0
0.097060671202501   0.217912254926725   -0.056799821524807   -0.020760069404145   0
0.165141167583768   0.179646235412825   0.0680804963812666   -0.0382660195139004   0
0.137449575681775   0.220289459369939   -0.0276915919019926   0.0406432239571144   0
0.106510317664112   0.192022189320662   -0.0309392580176633   -0.0282672700492774   0
0.0812553148876429   0.21886330807207   -0.0252550027764689   0.0268411187514088   0
0.212968019571132   0.212876816230068   0.131712704683489   -0.0059864918420027   0
0.214523870639353   0.194169852261493   0.00155585106822145   -0.0187069639685747   0
0.140189818005624   0.203019916415853   -0.0743340526337292   0.00885006415436021   0
0.119746790912032   0.231039692702899   -0.0204430270935917   0.0280197762870458   0
0.155934555348005   0.228593963965587   0.0361877644359725   -0.00244572873731216   0
0.104035663802996   0.187526660526577   -0.051898891545009   -0.0410673034390099   0
0.0829244159538287   0.234510965230839   -0.0211112478491672   0.0469843047042626   0
0.107822391982371   0.232327453632798   0.024897976028542   -0.0021835115980412   0
0.12395269897912   0.218550100808716   0.0161303069967495   -0.0137773528240821   0
0.161681132121744   0.204846386165951   0.0377284331426239   -0.013703714642765   0
0.145203543149504   0.23647145051623   -0.0164775889722397   0.0316250643502792   0
0.133220781758361   0.216101042966016   -0.0119827613911433   -0.0203704075502141   0
0.131028589826915   0.217338814601189   -0.00219219193144593   0.00123777163517272   0
0.14905454542415   0.24891823287628   0.0180259555972347   0.0315794182750911   0
0.197763211829315   0.214026202783678   0.0487086664051647   -0.0348920300926022   0
0.114188097684873   0.229334619852193   -0.0835751141444421   0.0153084170685154   0
0.157790205552444   0.206149687744124   0.0436021078675713   -0.0231849321080689   0
0.131347610348457   0.193531137304182   -0.0264425952039873   -0.0126185504399428   0
0.142764320453081   0.219597614577777   0.0114167101046243   0.0260664772735956   0
0.182660740657893   0.226203970496209   0.0398964202048119   0.0066063559184322   0
0.142971004311968   0.215892987739296   -0.0396897363459244   -0.010310982756913   0
0.128822180896032   0.233945061209892   -0.0141488234159364   0.0180520734705953   0
0.182378343999843   0.2087755041935   0.0535561631038105   -0.0251695570163921   0
0.145034157294844   0.257129856095126   -0.0373441867049983   0.048354351901626   0
0.138486551416045   0.218494135058015   -0.0065476058787991   -0.0386357210371109   0
0.137582240598636   0.21166121593008   -0.000904310817409298   -0.00683291912793466   0
0.160181519365862   0.225570742240655   0.0225992787672265   0.0139095263105749   0
0.173765788729313   0.207365129320843   0.0135842693634512   -0.0182056129198118   0
0.1459398419868   0.18381962840921   -0.0278259467425137   -0.0235455009116333   0
0.127008852227709   0.206646233613754   -0.0189309897590909   0.0228266052045437   0
0.20258322164555   0.207581340410211   0.075574369417841   0.000935106796457724   0
0.197836968910287   0.17917638429422   -0.00474625273526258   -0.0284049561159913   0
0.132942040174845   0.185265125132875   -0.0648949287354427   0.00608874083865546   0
0.144382497233884   0.179433491719077   0.0114404570590393   -0.00583163341379864   0
0.201337441744063   0.185783996442778   0.0569549445101794   0.00635050472370083   0
0.213762569249249   0.193970250649429   0.0124251275051857   0.00818625420665187   0
0.172030190342558   0.198766696196194   -0.0417323789066906   0.00479644554676428   0
0.148710812700019   0.193535348283175   -0.0233193776425399   -0.00523134791301841   0
0.222572718745645   0.177371763153694   0.0738619060456267   -0.0161635851294817   0
0.156848325519465   0.203612681538479   -0.0657243932261805   0.0262409183847852   0
0.148652554196828   0.17043916157724   -0.00819577132263674   -0.0331735199612389   0
0.173400065417202   0.159443544564369   0.0247475112203742   -0.0109956170128707   0
0.14984749952802   0.187352446978282   -0.023552565889182   0.0279089024139128   0
0.208581696111835   0.214775030407401   0.0587341965838151   0.0274225834291189   0
0.174368764396379   0.223998420925238   -0.034212931715456   0.00922339051783683   0
0.180330953636806   0.208196813141436   0.00596218924042713   -0.0158016077838018   0
0.155010460629728   0.203118181201856   -0.0253204930070785   -0.00507863193958   0
0.141898420163439   0.206514261532951   -0.0131120404662883   0.00339608033109481   0
0.19090331526511   0.201911009197251   0.0490048951016706   -0.00460325233569947   0
0.160286164401797   0.197815701146926   -0.0306171508633127   -0.00409530805032515   0
0.261450120631643   0.21717687940133   0.101163956229846   0.0193611782544042   0
0.182928355261022   0.193064873497226   -0.0785217653706219   -0.0241120059041041   0
0.157347030087892   0.214654629112093   -0.0255813251731295   0.0215897556148662   0
0.192259097897865   0.206563928047257   0.0349120678099732   -0.00809070106483517   0
0.209661525287784   0.203295348698046   0.0174024273899186   -0.0032685793492116   0
0.19033306166007   0.203405523907175   -0.0193284636277135   0.000110175209129648   0
0.203924615229648   0.20706839607157   0.0135915535695778   0.00366287216439443   0
0.194661358689623   0.222920480097999   -0.00926325654002516   0.0158520840264295   0
0.196140619385685   0.204485315755191   0.00147926069606177   -0.0184351643428086   0
0.193705645378884   0.253295115204577   -0.00243497400680051   0.0488097994493865   0
0.18819108373313   0.206186760298764   -0.00551456164575395   -0.0471083549058131   0
0.18572959557273   0.238758481810595   -0.00246148816039973   0.0325717215118305   0
0.204183257735692   0.223974743336163   0.0184536621629615   -0.0147837384744318   0
0.188866490369308   0.200714605981354   -0.0153167673663837   -0.0232601373548093   0
0.189559058157847   0.211635303395895   0.000692567788538684   0.0109206974145414   0
0.189557611500673   0.210519387692084   -1.44665717413672e-06   -0.00111591570381087   0
0.204464582924501   0.200701009093751   0.0149069714238279   -0.00981837859833287   0
0.178421467964396   0.205695900239285   -0.0260431149601046   0.00499489114553409   0
0.2389973139625   0.228326055782624   0.0605758459981044   0.0226301555433389   0
0.185633109131884   0.246900457413003   -0.0533642048306163   0.0185744016303786   0
0.197594156426803   0.247444789141437   0.0119610472949191   0.000544331728433767   0
0.270014357339031   0.257001567327419   0.0724202009122279   0.00955677818598263   0
0.187417962238789   0.230317202194061   -0.0825963951002426   -0.0266843651333581   0
0.183998814949254   0.248770620096606   -0.0034191472895341   0.0184534179025452   0
0.173094248525623   0.245679114668402   -0.0109045664236319   -0.00309150542820388   0
0.191808053668374   0.235782744328863   0.0187138051427518   -0.00989637033953933   0
0.191979975781747   0.280107801459991   0.000171922113372164   0.0443250571311284   0
0.191577066399843   0.285801283017152   -0.00040290938190321   0.00569348155716015   0
0.17075469952341   0.236265173492096   -0.0208223668764335   -0.0495361095250561   0
0.184796296247138   0.302671367441653   0.0140415967237282   0.0664061939495573   0
0.202220496454365   0.316963690696979   0.0174242002072273   0.014292323255326   0
0.199203253950431   0.296144747884375   -0.00301724250393409   -0.0208189428126038   0
0.190731974648012   0.311133493976862   -0.00847127930241898   0.014988746092487   0
0.181799368378578   0.272303521511383   -0.00893260626943401   -0.0388299724654794   0
0.204453007520115   0.308461970345211   0.0226536391415363   0.0361584488338287   0
0.201701631681873   0.398727802712891   -0.00275137583824142   0.0902658323676795   0
0.185235651684253   0.321779917672778   -0.0164659799976198   -0.0769478850401125   0
0.200733581485037   0.334332709728274   0.0154979298007837   0.0125527920554951   0
0.212291096141595   0.319630356681355   0.0115575146565582   -0.0147023530469189   0
0.179369714883589   0.335921202738083   -0.0329213812580062   0.016290846056728   0
0.195754435445279   0.344020783806371   0.0163847205616902   0.00809958106828856   0
0.219204973800687   0.324216115995951   0.0234505383554081   -0.0198046678104201   0
0.187131521212328   0.350044193879144   -0.0320734525883592   0.0258280778831933   0
0.188484477884307   0.35388620715528   0.00135295667197941   0.00384201327613592   0
0.173010495452415   0.309838928431371   -0.0154739824318928   -0.0440472787239097   0
0.21116777646445   0.404208087891002   0.0381572810120355   0.0943691594596313   0
0.20018368381037   0.353666371120085   -0.0109840926540807   -0.0505417167709165   0
0.184060439851208   0.354033393022113   -0.016123243959162   0.000367021902027642   0
0.174022774515292   0.344049941558998   -0.010037665335916   -0.00998345146311491   0
0.203114118663499   0.359490493496351   0.0290913441482076   0.0154405519373529   0
0.194429807467605   0.40281222963963   -0.00868431119589397   0.0433217361432789   0
0.175278870059257   0.356977489873311   -0.0191509374083478   -0.0458347397663188   0
0.179636925810731   0.328186946680166   0.00435805575147349   -0.0287905431931454   0
0.181419331898037   0.366536434172989   0.00178240608730593   0.0383494874928234   0
0.186000739819281   0.417107925986488   0.00458140792124462   0.0505714918134993   0
0.174452168279528   0.383159011619523   -0.0115485715397529   -0.0339489143669652   0
0.186359051555673   0.412499072615927   0.0119068832761446   0.029340060996404   0
0.175444124316718   0.367564699481942   -0.010914927238955   -0.0449343731339857   0
0.183242169857268   0.38600229282674   0.00779804554055039   0.018437593344798   0
0.20602283588753   0.4361967652121   0.0227806660302613   0.0501944723853606   0
0.184651410287737   0.417471592153586   -0.0213714255997932   -0.0187251730585142   0
0.180001065367109   0.425005546787627   -0.0046503449206271   0.00753395463404127   0
0.192520146674784   0.379516477361985   0.0125190813076747   -0.0454890694256423   0
0.195503741598774   0.401760313263393   0.00298359492398939   0.0222438359014085   0
0.180263394367048   0.456901686273152   -0.0152403472317252   0.0551413730097589   0
0.18141959472793   0.414423850094019   0.00115620036088174   -0.0424778361791331   0
0.187177934098638   0.438824407671793   0.00575833937070797   0.0244005575777739   0
0.194230550525382   0.415870027084485   0.00705261642674379   -0.0229543805873084   0
0.185996497103474   0.443417431404653   -0.00823405342190814   0.0275474043201681   0
0.182875667608679   0.469091042791802   -0.00312082949479484   0.0256736113871491   0
0.192339628778783   0.406546188813153   0.00946396117010401   -0.0625448539786486   0
0.181909088756994   0.479252567159791   -0.0104305400217887   0.0727063783466378   0
0.184649521271457   0.503294510957799   0.00274043251446318   0.0240419437980079   0
0.179053976096637   0.498919678823656   -0.00559554517482083   -0.00437483213414297   0
0.182371140292125   0.466395282249671   0.00331716419548861   -0.0325243965739854   0
0.19253278314378   0.488035014241038   0.0101616428516553   0.0216397319913673   0
0.200982451587147   0.548589461142164   0.00844966844336675   0.0605544469011262   0
0.183767247446814   0.535243157465371   -0.0172152041403337   -0.0133463036767931   0
0.193180910811612   0.534872054635031   0.00941366336479874   -0.000371102830339587   0
0.179447148394876   0.525614370025449   -0.0137337624167367   -0.00925768460958198   0
0.208856561444691   0.644138916173561   0.0294094130498154   0.118524546148112   0
0.176957408119645   0.565963285590373   -0.0318991533250463   -0.0781756305831881   0
0.197625283553523   0.610996009431731   0.0206678754338784   0.045032723841358   0
0.179616612034915   0.572845064764462   -0.0180086715186086   -0.0381509446672695   0
0.185227261767403   0.574293251954522   0.00561064973248837   0.00144818719006046   0
0.181388101946765   0.6058287500701   -0.00383915982063793   0.0315354981155784   0
0.186966726054551   0.592516928940642   0.00557862410778626   -0.0133118211294582   0
0.194932796301828   0.612804538499023   0.00796607024727686   0.0202876095583804   0
0.184566588372972   0.658739223490032   -0.0103662079288561   0.0459346849910092   0
0.204226679834859   0.648915292953942   0.019660091461887   -0.00982393053608999   0
0.21866796207035   0.63849715082293   0.014441282235491   -0.0104181421310113   0
0.183253791506254   0.662815147240352   -0.035414170564096   0.0243179964174218   0
0.205552079127203   0.680796514019608   0.0222982876209495   0.0179813667792554   0
0.197036670035612   0.64854529907035   -0.00851540909159176   -0.0322512149492576   0
0.20330391882256   0.670457587974996   0.0062672487869482   0.0219122889046464   0
0.212152824853925   0.737201930686057   0.00884890603136473   0.0667443427110606   0
0.19354649876518   0.72307431897852   -0.0186063260887441   -0.0141276117075373   0
0.189085201478725   0.758351284354421   -0.00446129728645553   0.0352769653759013   0
0.244963965911825   0.827634769176749   0.0558787644331006   0.0692834848223276   0
0.230653129138562   0.764159693243827   -0.0143108367732638   -0.0634750759329215   0
0.229257661365046   0.86786641857215   -0.00139546777351587   0.103706725328322   0
0.218317498583874   0.808463232864055   -0.0109401627811714   -0.0594031857080943   0
0.207392925132971   0.789454778470559   -0.0109245734509036   -0.019008454393496   0
0.251608007694032   0.852473184285582   0.0442150825610612   0.0630184058150227   0
0.225569590134846   0.788882292503926   -0.0260384175591858   -0.063590891781656   0
0.253298603986204   0.92401558806183   0.0277290138513583   0.135133295557904   0
0.242370026517307   0.898227941875279   -0.0109285774688976   -0.0257876461865509   0
0.251011112160916   0.907077180134772   0.0086410856436093   0.00884923825949269   0
0.210540589674508   0.719707702205034   -0.040470522486408   -0.187369477929738   0
0.204185862268914   0.663851684385338   -0.0063547274055939   -0.0558560178196962   0
0.20663055287469   0.71562898345459   0.00244469060577565   0.0517772990692522   0
0.201934279285935   0.794393806468335   -0.00469627358875482   0.0787648230137447   0
0.197715664562781   0.809151099209227   -0.00421861472315407   0.0147572927408922   0
0.210372126410083   0.850533562499153   0.0126564618473022   0.0413824632899259   0
0.22020272137485   0.769445118337559   0.00983059496476724   -0.081088444161594   0
0.239493936596002   0.786480299709567   0.019291215221152   0.017035181372008   0
0.204981577599024   0.76198200802578   -0.0345123589969781   -0.0244982916837867   0
0.213968093764491   0.7678367671356   0.00898651616546672   0.00585475910982014   0
0.210664175217434   0.79941669235637   -0.00330391854705731   0.0315799252207701   0
0.223479765307734   0.755482226306483   0.0128155900903006   -0.0439344660498873   0
0.21892053108638   0.796496112833107   -0.00455923422135471   0.0410138865266243   0
0.226432660106024   0.823414375636138   0.00751212901964396   0.0269182628030302   0
0.226203289161962   0.808077879977698   -0.000229370944062002   -0.0153364956584401   0
0.201833221692491   0.780777803489732   -0.0243700674694701   -0.0273000764879658   0
0.227928195354862   0.806113917937161   0.0260949736623705   0.0253361144474293   0
0.202943282618051   0.809406176163272   -0.024984912736811   0.00329225822611123   0
0.206036952615239   0.832865176752066   0.00309366999718769   0.0234590005887937   0
0.21149608599759   0.780333159137173   0.00545913338235143   -0.0525320176148933   0
0.21863429177302   0.80619962151892   0.00713820577542981   0.0258664623817473   0
0.195269173089098   0.763504824690879   -0.0233651186839222   -0.0426947968280408   0
0.204497188572875   0.847841202276258   0.00922801548377733   0.0843363775853785   0
0.202512735102306   0.850090034637214   -0.00198445347056866   0.00224883236095674   0
0.198433846553415   0.881323506341457   -0.00407888854889096   0.0312334717042426   0
0.218212576387728   0.858331367984562   0.0197787298343125   -0.0229921383568946   0
0.239858612675072   0.931943710683886   0.0216460362873437   0.0736123426993233   0
0.208124916605989   0.876142474969111   -0.0317336960690823   -0.0558012357147741   0
0.206351561536019   0.880334970845899   -0.00177335506996987   0.00419249587678772   0
0.228610985965586   0.902447152343006   0.0222594244295664   0.0221121814971064   0
0.221850668931806   0.903084849160504   -0.00676031703377933   0.000637696817498146   0
0.250240188406883   0.530469909505242   0.0283895194750768   -0.372614939655261   0
0.247267309802994   0.540012129276047   -0.00297287860388884   0.00954221977080461   0
0.260981635909502   0.617383032964545   0.0137143261065079   0.0773709036884979   0
0.244027736690349   0.681660577105094   -0.0169538992191537   0.0642775441405494   0
0.245524660584227   0.621465606502886   0.00149692389387868   -0.0601949706022081   0
0.248002318882558   0.694335772166464   0.00247765829833099   0.0728701656635782   0
0.236284080208549   0.639044774790468   -0.0117182386740093   -0.0552909973759962   0
0.25024825164642   0.690982366590675   0.0139641714378711   0.051937591800207   0
0.23711880543369   0.694574692712202   -0.0131294462127304   0.00359232612152716   0
0.240650756988836   0.701194518068988   0.00353195155514674   0.00661982535678551   0
0.234655122930248   0.740955890455194   -0.00599563405858805   0.0397613723862068   0
0.28505974436872   0.761030237416523   0.0504046214384716   0.0200743469613288   0
0.253262301612893   0.729390146862089   -0.031797442755827   -0.0316400905544343   0
0.225866917232506   0.801212370197503   -0.0273953843803873   0.0718222233354137   0
0.235217132132781   0.802603540369247   0.00935021490027493   0.00139117017174462   0
0.228843792302216   0.772404688549014   -0.00637333983056418   -0.0301988518202329   0
0.221442378945065   0.787299523872903   -0.00740141335715097   0.0148948353238887   0
0.228295787763874   0.789394161020494   0.006853408818809   0.00209463714759117   0
0.240082987792992   0.781088758840024   0.0117872000291176   -0.00830540218046982   0
0.245644457536741   0.829590148125868   0.00556146974374938   0.0485013892858438   0
0.234002680266958   0.790463194864568   -0.011641777269783   -0.0391269532613002   0
0.234495996297938   0.806749658682605   0.000493316030979435   0.0162864638180369   0
0.250954660608645   0.811940417480864   0.0164586643107067   0.00519075879825914   0
0.235571658843525   0.86206139224898   -0.0153830017651199   0.0501209747681161   0
0.232071647473749   0.88637178293197   -0.00350001136977576   0.0243103906829903   0
0.234465921787821   0.892324215886244   0.00239427431407185   0.0059524329542735   0
