0.0573469918943503   0.0637945249268697   0   0   0
0.0653057086729552   0.0814524326741995   0.00795871677860495   0.0176579077473298   0
0.0587236385633111   0.0553989580245423   -0.00658207010964411   -0.0260534746496572   0
0.0602632870332811   0.0529280611955983   0.00153964846996998   -0.002470896828944   0
0.0457161093955336   0.0425385479916158   -0.0145471776377474   -0.0103895132039825   0
0.0379600240630779   0.0463148145712039   -0.00775608533245571   0.0037762665795881   0
0.0414920898657576   0.0818427600730816   0.00353206580267962   0.0355279455018777   0
0.033465843298108   0.0629650220244542   -0.00802624656764957   -0.0188777380486274   0
0.028806465071822   0.0478005807336585   -0.00465937822628599   -0.0151644412907957   0
0.0334102281372168   0.0371511182395631   0.00460376306539484   -0.0106494624940953   0
0.0187311238981114   0.0570556457256642   -0.0146791042391054   0.019904527486101   0
0.0207234262025399   0.0483458380087935   0.00199230230442855   -0.00870980771687069   0
0.025697285699305   0.0294117951953804   0.00497385949676503   -0.0189340428134131   0
0.0133027291645861   0.0345040311646697   -0.0123945565347188   0.00509223596928935   0
0.0560701155491595   0.0275173073134891   0.0427673863845734   -0.00698672385118065   0
0.0440471418097932   0.0171142871254546   -0.0120229737393663   -0.0104030201880345   0
0.0182421892948571   0.0234870522112977   -0.0258049525149361   0.00637276508584315   0
0.0382676409573219   0.0327319124961023   0.0200254516624648   0.00924486028480461   0
0.0315087961123255   0.0267772900444575   -0.00675884484499637   -0.00595462245164488   0
0.0115766140617892   0.0263647631368727   -0.0199321820505364   -0.000412526907584781   0
0.00483319646839134   0.0177656510008679   -0.00674341759339782   -0.00859911213600474   0
0.0150133520058339   0.0131555095319414   0.0101801555374426   -0.00461014146892656   0
0.0137645212891332   0.0328778717120197   -0.00124883071670078   0.0197223621800783   0
0.00449312321997495   0.0103056003300014   -0.00927139806915821   -0.0225722713820183   0
0.00860619895259523   0.036594932472714   0.00411307573262028   0.0262893321427126   0
0.0216478850342215   0.0134867151286219   0.0130416860816263   -0.0231082173440921   0
0.00519511513471531   0.00838553300272261   -0.0164527698995062   -0.00510118212589934   0
0.00970431060415011   0.0258946261693334   0.00450919546943479   0.0175090931666108   0
0.0558377815772689   0.0208625041578186   0.0461334709731188   -0.00503212201151474   0
0.0109010706629542   0.0169235235319067   -0.0449367109143148   -0.00393898062591194   0
0.0458056794231346   0.010424171558859   0.0349046087601804   -0.0064993519730477   0
0.00710056271273124   0.0180931724197969   -0.0387051167104034   0.00766900086093791   0
0.00708029914297433   0.0143500033081878   -2.02635697569105e-05   -0.00374316911160915   0
0.0048920881979829   0.011699895475281   -0.00218821094499143   -0.00265010783290681   0
0.0287816404576181   0.0126189950568577   0.0238895522596352   0.000919099581576771   0
0.023900714210926   0.0416090454279175   -0.00488092624669215   0.0289900503710597   0
0.029874357580656   0.0177730670289831   0.00597364336973006   -0.0238359783989344   0
0.0324993578604255   0.028844500895448   0.00262500027976947   0.0110714338664649   0
0.0275120290886096   0.032004670688198   -0.0049873287718159   0.00316016979275001   0
0.0420969958985199   0.0270092899244408   0.0145849668099103   -0.00499538076375719   0
0.0278149106213162   0.0288806682040379   -0.0142820852772037   0.00187137827959708   0
0.0131632969998404   0.0274883543327897   -0.0146516136214758   -0.00139231387124816   0
0.0187572486767783   0.0348103980202037   0.0055939516769379   0.00732204368741394   0
0.00562334530082829   0.0295954885789203   -0.01313390337595   -0.0052149094412834   0
0.0327019011574251   0.0290793150941524   0.0270785558565968   -0.000516173484767863   0
0.0346952576030212   0.0235357300749839   0.00199335644559611   -0.00554358501916855   0
0.0563887119287185   0.035546565079238   0.0216934543256973   0.0120108350042541   0
0.0353190268303078   0.0406548514257524   -0.0210696850984107   0.0051082863465144   0
0.0443394222269528   0.0386756255586448   0.00902039539664508   -0.00197922586710755   0
0.0334986181796039   0.0267051445271318   -0.0108408040473489   -0.011970481031513   0
0.0360072863685787   0.032296920552082   0.00250866818897475   0.0055917760249502   0
0.0554734416781197   0.0378743438265272   0.019466155309541   0.00557742327444516   0
0.0212858188132968   0.0389575765564607   -0.0341876228648229   0.00108323272993354   0
0.0421486945043205   0.0354371263927396   0.0208628756910237   -0.00352045016372117   0
0.0484461585277555   0.0628855594372428   0.00629746402343503   0.0274484330445033   0
0.0423349453295048   0.0372786885888238   -0.00611121319825065   -0.0256068708484191   0
0.0201808688067412   0.0387309944900399   -0.0221540765227636   0.00145230590121611   0
0.0283066334503173   0.055349731017481   0.00812576464357615   0.0166187365274411   0
0.0382466088643346   0.0502254298206845   0.00993997541401722   -0.00512430119679656   0
0.0430951820643341   0.0596429864598303   0.00484857319999949   0.00941755663914584   0
0.0714353980990355   0.0753033150379185   0.0283402160347014   0.0156603285780882   0
0.0820679832982997   0.0583263048679796   0.0106325851992642   -0.0169770101699389   0
0.0857561885465352   0.0357013076637607   0.00368820524823552   -0.0226249972042189   0
0.0746813025835784   0.0535326802923691   -0.0110748859629568   0.0178313726286084   0
0.0770058024188437   0.0585971535180251   0.0023244998352653   0.00506447322565599   0
0.0829074781219016   0.0820968175332181   0.00590167570305791   0.023499664015193   0
0.055839917212478   0.0577674903078929   -0.0270675609094236   -0.0243293272253252   0
0.0631404997553274   0.0852651230118886   0.00730058254284938   0.0274976327039957   0
0.0648010720398976   0.0559109293900799   0.0016605722845702   -0.0293541936218087   0
0.0786876888068902   0.0695675248060652   0.0138866167669926   0.0136565954159853   0
0.0664731337502603   0.0471040678452774   -0.0122145550566299   -0.0224634569607878   0
0.0877635709356109   0.0598437949076385   0.0212904371853505   0.0127397270623611   0
0.08081441802952   0.0570469520692605   -0.00694915290609091   -0.00279684283837802   0
0.0672486163592977   0.056771534367586   -0.0135658016702223   -0.000275417701674455   0
0.0445075095095378   0.0702231716566014   -0.0227411068497599   0.0134516372890153   0
0.0590310432592005   0.0781362838456149   0.0145235337496627   0.00791311218901355   0
0.0460169169198676   0.0719700601021876   -0.0130141263393329   -0.00616622374342726   0
0.036756185775246   0.0753434974549894   -0.00926073114462159   0.00337343735280179   0
0.0541149688054054   0.0719071303141768   0.0173587830301594   -0.00343636714081266   0
0.0454725602548394   0.0684038267549769   -0.00864240855056601   -0.00350330355919984   0
0.0348276547175431   0.0665107606151771   -0.0106449055372963   -0.0018930661397998   0
0.0497625500574478   0.0716210062483766   0.0149348953399048   0.00511024563319944   0
0.0490351742059718   0.0703226597382017   -0.000727375851476052   -0.00129834651017485   0
0.0624675997349826   0.061607100123545   0.0134324255290108   -0.00871555961465673   0
0.0420619723916223   0.0692732239865801   -0.0204056273433603   0.00766612386303511   0
0.0490852525108143   0.0700292237885699   0.00702328011919195   0.000755999801989746   0
0.0631466638840881   0.0721281365235682   0.0140614113732738   0.00209891273499838   0
0.0268388684726089   0.075136067139324   -0.0363077954114792   0.00300793061575573   0
0.0289888388368075   0.071322874057854   0.00214997036419862   -0.00381319308147   0
0.0283727544894993   0.0693460171875114   -0.000616084347308272   -0.00197685687034256   0
0.0510489992224138   0.0695264954136191   0.0226762447329145   0.0001804782261077   0
0.0391853162481815   0.0724104030899573   -0.0118636829742322   0.00288390767633823   0
0.037892504974149   0.110576591620119   -0.00129281127403258   0.0381661885301613   0
0.0446624514312638   0.0573628418152814   0.00676994645711486   -0.0532137498048372   0
0.0530484868033952   0.0551800290497386   0.00838603537213142   -0.00218281276554279   0
0.0714170866891811   0.0626403173987209   0.0183685998857858   0.00746028834898229   0
0.0607769045478626   0.0652680250800114   -0.0106401821413185   0.00262770768129049   0
0.0660036155751335   0.0652269548285254   0.00522671102727087   -4.10702514859751e-05   0
0.0676351275439767   0.0761617158206799   0.00163151196884329   0.0109347609921544   0
0.0647469368057022   0.0837749826516992   -0.0028881907382745   0.00761326683101932   0
0.0724666462615733   0.0567456823785079   0.00771970945587108   -0.0270293002731913   0
0.0446421630570249   0.054058088923976   -0.0278244832045484   -0.00268759345453184   0
0.0516058219844583   0.0284789553857318   0.0069636589274334   -0.0255791335382443   0
0.275414425794104   0.100897816822665   0.223808603809646   0.0724188614369329   0
0.367967527735329   0.152895796185163   0.0925531019412247   0.0519979793624986   0
0.363135166802473   0.171702943884314   -0.00483236093285566   0.0188071476991511   0
0.342161365008307   0.162071076610437   -0.0209738017941666   -0.0096318672738771   0
0.350123145420174   0.150691362446263   0.00796178041186713   -0.0113797141641741   0
0.363392678209922   0.164476095463756   0.0132695327897484   0.0137847330174926   0
0.362728462584727   0.140056771959289   -0.000664215625194697   -0.0244193235044663   0
0.381720616319384   0.173086030666552   0.0189921537346561   0.0330292587072623   0
0.380535918735998   0.198609764194376   -0.00118469758338557   0.0255237335278245   0
0.480328097604554   0.220244595849416   0.0997921788685561   0.0216348316550395   0
0.445094118437525   0.127056167521229   -0.035233979167029   -0.0931884283281872   0
0.455802600646473   0.184825440247555   0.0107084822089479   0.0577692727263263   0
0.439554578043751   0.171291827425596   -0.0162480226027219   -0.0135336128219594   0
0.43507037472774   0.161845396976173   -0.00448420331601063   -0.00944643044942259   0
0.406728799599217   0.181843337415102   -0.0283415751285235   0.0199979404389287   0
0.431446494975043   0.146614453859627   0.0247176953758263   -0.035228883555475   0
0.446396343876314   0.212205558305579   0.0149498489012704   0.0655911044459523   0
0.445427133693548   0.194539019464123   -0.000969210182765579   -0.0176665388414559   0
0.43792562730909   0.181448794842443   -0.00750150638445807   -0.0130902246216801   0
0.435583405070774   0.180403597387289   -0.00234222223831604   -0.00104519745515427   0
0.428977590487429   0.192641537627506   -0.00660581458334536   0.0122379402402177   0
0.422656744904254   0.195946310502756   -0.00632084558317414   0.00330477287524958   0
0.422588904933743   0.180515532192558   -6.78399705115185e-05   -0.0154307783101979   0
0.418574196346263   0.180207558786091   -0.00401470858747993   -0.000307973406466988   0
0.371072729611892   0.150410770503287   -0.0475014667343713   -0.0297967882828041   0
0.675371625100655   0.351788696809804   0.304298895488764   0.201377926306517   0
0.562414317945987   0.274038019985129   -0.112957307154668   -0.0777506768246746   0
0.547712482477741   0.261825368178969   -0.014701835468246   -0.0122126518061605   0
0.51129713881972   0.25113163486469   -0.0364153436580208   -0.0106937333142784   0
0.54399346319875   0.279091679943168   0.0326963243790297   0.0279600450784782   0
0.513439669448018   0.243555776289046   -0.0305537937507321   -0.0355359036541221   0
0.544867508834148   0.243943608321129   0.0314278393861296   0.000387832032082869   0
0.533657021298822   0.261489797626929   -0.0112104875353255   0.0175461893058002   0
0.533900400249616   0.257092896698319   0.000243378950793627   -0.00439690092861056   0
0.519946598288642   0.246521775337844   -0.0139538019609743   -0.0105711213604748   0
0.544581581090731   0.248534792730761   0.0246349828020892   0.00201301739291718   0
0.538734921590691   0.263039270132323   -0.00584665950003926   0.0145044774015614   0
0.427229824694871   0.230250930264597   -0.111505096895821   -0.0327883398677253   0
0.487471690228284   0.257059450862782   0.0602418655334132   0.0268085205981845   0
0.453428144142854   0.216608135752151   -0.0340435460854304   -0.0404513151106304   0
0.485469797608049   0.230931145715471   0.0320416534651954   0.0143230099633193   0
0.491542500004069   0.248065568492435   0.00607270239601992   0.0171344227769643   0
0.497192729931426   0.256184809900124   0.00565022992735759   0.00811924140768855   0
0.495317638137155   0.270879943366983   -0.00187509179427103   0.0146951334668595   0
0.489765055051103   0.256362287574933   -0.00555258308605239   -0.0145176557920505   0
0.474462549366554   0.22076567035688   -0.0153025056845487   -0.0355966172180529   0
0.463040803450625   0.236732107459302   -0.0114217459159296   0.0159664371024222   0
0.501569774657255   0.274647743297656   0.0385289712066307   0.0379156358383537   0
0.514975107118004   0.27312343110267   0.0134053324607488   -0.00152431219498556   0
0.51182125903237   0.264930375479537   -0.00315384808563457   -0.00819305562313355   0
0.515783052347923   0.286215590792802   0.00396179331555313   0.0212852153132651   0
0.498203318320227   0.257700318646898   -0.0175797340276956   -0.0285152721459037   0
0.461242762875788   0.250084292684257   -0.0369605554444397   -0.00761602596264116   0
0.495376497783131   0.257248438548303   0.0341337349073431   0.00716414586404618   0
0.495215949318891   0.287626959325947   -0.000160548464239962   0.030378520777644   0
0.499418288709895   0.267477857304376   0.00420233939100428   -0.0201491020215712   0
0.509376865342469   0.268358464044447   0.00995857663257421   0.000880606740071677   0
0.49945623614552   0.260954477158608   -0.00992062919694869   -0.00740398688583943   0
0.50331455236255   0.268750629204305   0.00385831621702903   0.00779615204569728   0
0.511562945596141   0.268997402813596   0.00824839323359117   0.000246773609290651   0
0.494301281605575   0.271171858845848   -0.0172616639905652   0.00217445603225197   0
0.498591966998983   0.279625025194174   0.00429068539340743   0.00845316634832616   0
0.476914331301663   0.263879191297486   -0.0216776356973198   -0.0157458338966885   0
0.483305303878087   0.242809231790962   0.0063909725764239   -0.0210699595065238   0
0.527349343962159   0.294368878384299   0.0440440400840724   0.0515596465933369   0
0.523536190120272   0.283398315932368   -0.00381315384188696   -0.0109705624519303   0
0.53629568450464   0.281409284418518   0.0127594943843673   -0.0019890315138501   0
0.765857389139682   0.429810670309792   0.229561704635042   0.148401385891273   0
0.700707695978466   0.350204799898777   -0.0651496931612158   -0.0796058704110147   0
0.681395992611066   0.360646228485742   -0.0193117033673998   0.0104414285869649   0
0.679240066698174   0.343414081036323   -0.00215592591289182   -0.0172321474494186   0
0.663906075827003   0.336970205442592   -0.0153339908711714   -0.00644387559373161   0
0.567983285553633   0.274496899628489   -0.0959227902733696   -0.0624733058141032   0
0.593267519946617   0.308367525617602   0.0252842343929841   0.0338706259891135   0
0.882702431575471   0.446462227718933   0.289434911628854   0.138094702101331   0
0.854250500948522   0.465580014367294   -0.0284519306269498   0.0191177866483612   0
0.862468687571251   0.48168971344161   0.008218186622729   0.0161096990743153   0
0.851102817834676   0.44793575608673   -0.0113658697365742   -0.03375395735488   0
0.800968774661741   0.44161614837147   -0.0501340431729358   -0.0063196077152593   0
0.8191771788251   0.438396074230909   0.0182084041633593   -0.00322007414056141   0
0.842904797263421   0.413281738294986   0.0237276184383215   -0.0251143359359233   0
0.791414856909103   0.413883185840537   -0.0514899403543183   0.000601447545551359   0
0.8265112247597   0.453587106047639   0.0350963678505971   0.0397039202071025   0
0.81660577747423   0.449301371174596   -0.00990544728546983   -0.00428573487304301   0
0.856159313967547   0.441879569375407   0.0395535364933161   -0.00742180179918955   0
0.893123803904229   0.500242671016788   0.0369644899366827   0.0583631016413808   0
0.832604589075306   0.429398106327476   -0.0605192148289228   -0.0708445646893116   0
0.865642499071713   0.467071819024307   0.0330379099964062   0.0376737126968309   0
0.826981546686993   0.428162725160073   -0.0386609523847193   -0.0389090938642343   0
0.873364764134213   0.471162703444736   0.0463832174472197   0.0429999782846636   0
0.842103766497859   0.435057091055996   -0.0312609976363544   -0.0361056123887405   0
0.822351841179048   0.437981023966239   -0.0197519253188108   0.00292393291024295   0
0.834709096214879   0.447569046189066   0.0123572550358311   0.0095880222228269   0
0.859124912861785   0.446492858178518   0.0244158166469062   -0.00107618801054737   0
0.840772340930082   0.452599159999872   -0.018352571931703   0.00610630182135402   0
0.842557509055874   0.436675207642056   0.0017851681257921   -0.0159239523578166   0
0.846856430860226   0.475002366571715   0.00429892180435143   0.0383271589296594   0
0.817467977789981   0.435056605798306   -0.0293884530702451   -0.0399457607734094   0
0.849525714361313   0.444832032844842   0.0320577365713328   0.00977542704653656   0
0.858296418301049   0.437382746166398   0.008770703939736   -0.00744928667844397   0
0.864051984116262   0.430252218885008   0.00575556581521308   -0.00713052728139074   0
0.804311939159185   0.459075067194149   -0.0597400449570776   0.0288228483091416   0
0.591859331428983   0.345630440039806   -0.212452607730202   -0.113444627154343   0
0.597950165417194   0.337950755560762   0.00609083398821175   -0.00767968447904399   0
0.581693212515326   0.275551670319561   -0.0162569529018685   -0.0623990852412011   0
0.584089224677617   0.255982555412732   0.00239601216229135   -0.0195691149068288   0
0.586133109427628   0.271978569058483   0.00204388475001116   0.0159960136457508   0
0.541068532671117   0.245652168859833   -0.0450645767565109   -0.0263264001986498   0
0.576595267111256   0.259547465471366   0.0355267344401381   0.013895296611533   0
0.589017956817328   0.283651575568672   0.0124226897060729   0.0241041100973058   0
0.575509968730343   0.272842012522522   -0.0135079880869857   -0.01080956304615   0
0.568087146639633   0.281394619711803   -0.00742282209070955   0.00855260718928064   0
0.560915143678043   0.290528532954596   -0.00717200296158971   0.00913391324279378   0
0.541719446463324   0.27714553898945   -0.0191956972147195   -0.0133829939651468   0
0.542956231406335   0.274321839621315   0.00123678494301149   -0.00282369936813448   0
0.517581699249906   0.260797441630885   -0.0253745321564297   -0.0135243979904298   0
0.532353870934682   0.273751765326568   0.0147721716847762   0.012954323695683   0
0.540869353354837   0.269479797800781   0.00851548242015554   -0.0042719675257869   0
0.435966016914736   0.193236453662741   -0.104903336440101   -0.0762433441380407   0
0.462326145150423   0.209886196487293   0.0263601282356868   0.0166497428245523   0
0.461215910584468   0.22983401471965   -0.00111023456595488   0.0199478182323576   0
0.429329410220788   0.203633294853304   -0.0318865003636797   -0.0262007198663468   0
0.441509572153051   0.211986633905071   0.0121801619322625   0.00835333905176713   0
0.421361592043936   0.187253499682249   -0.0201479801091153   -0.0247331342228219   0
0.402067781905949   0.205535223840708   -0.0192938101379863   0.0182817241584592   0
0.37813255314121   0.176041537258966   -0.0239352287647392   -0.0294936865817419   0
0.411053548748883   0.204050055174582   0.0329209956076725   0.0280085179156159   0
0.410529495067833   0.184048676217733   -0.000524053681049408   -0.0200013789568489   0
0.400239352922036   0.185682802824467   -0.0102901421457972   0.00163412660673409   0
0.266356304562235   0.147176428826935   -0.133883048359801   -0.0385063739975318   0
0.342873515039715   0.164069014535804   0.0765172104774807   0.016892585708869   0
0.521440657040933   0.240385086821978   0.178567142001218   0.0763160722861738   0
0.508840098161244   0.159619536202034   -0.0126005588796894   -0.0807655506199441   0
0.470228991002947   0.140411928909557   -0.0386111071582963   -0.0192076072924771   0
0.443058616024804   0.147949192468023   -0.0271703749781438   0.00753726355846557   0
0.394367367218181   0.13863745646437   -0.0486912488066222   -0.0093117360036529   0
0.415140026127848   0.154344629516223   0.0207726589096663   0.0157071730518528   0
0.432271557261579   0.171305244686933   0.0171315311337316   0.0169606151707105   0
0.438216438025891   0.181470787055383   0.0059448807643121   0.0101655423684495   0
0.426123118854164   0.166492765087556   -0.0120933191717273   -0.0149780219678269   0
0.413876764309825   0.164013067102137   -0.0122463545443396   -0.00247969798541892   0
0.401394182141097   0.181650069706152   -0.0124825821687277   0.0176370026040156   0
0.416229693648171   0.158378469749679   0.0148355115070739   -0.0232715999564733   0
0.393086329282351   0.168010273573523   -0.0231433643658197   0.00963180382384382   0
0.35838539979543   0.195067367958482   -0.0347009294869212   0.0270570943849596   0
0.301132192475165   0.152460111056958   -0.0572532073202645   -0.0426072569015244   0
0.335979695569956   0.162241118793141   0.0348475030947902   0.00978100773618265   0
