0.119412446018552   0.0971003376245546   0   0   0
0.112925509395957   0.0911873532013075   -0.00648693662259489   -0.00591298442324717   0
0.123016624989434   0.107493607898609   0.0100911155934767   0.016306254697302   0
0.107916999866981   0.109837701241149   -0.0150996251224527   0.00234409334253995   0
0.12357295316472   0.102824259624128   0.0156559532977386   -0.00701344161702182   0
0.118675416831962   0.104980463684452   -0.00489753633275739   0.00215620406032418   0
0.102571625054447   0.0839310818541766   -0.0161037917775151   -0.0210493818302752   0
0.10275899745897   0.0990299733152166   0.00018737240452231   0.0150988914610399   0
0.119979863361791   0.0973884932646563   0.0172208659028218   -0.00164148005056028   0
0.118574423142809   0.0915776914764726   -0.00140544021898194   -0.0058108017881837   0
0.0910984621916858   0.0693060233650005   -0.0274759609511236   -0.022271668111472   0
0.0803411249501954   0.0689667637358984   -0.0107573372414904   -0.000339259629102182   0
0.0754085865530054   0.0577055935732683   -0.00493253839718999   -0.01126117016263   0
0.0630680338978186   0.0674217701040435   -0.0123405526551867   0.00971617653077523   0
0.0564339087204679   0.0414911513949447   -0.00663412517735077   -0.0259306187090988   0
0.0484396283790101   0.0466589428791791   -0.00799428034145778   0.00516779148423437   0
0.0350258331238659   0.0287495923024136   -0.0134137952551442   -0.0179093505767655   0
0.0333137096592379   0.0179967023846731   -0.00171212346462799   -0.0107528899177405   0
0.0335009246514421   0.0186941326569522   0.000187214992204199   0.000697430272279011   0
0.0326967151888718   0.00909416955502947   -0.000804209462570281   -0.00959996310192268   0
0.00609592676831013   0.0180452263573417   -0.0266007884205617   0.00895105680231224   0
0.0197795686417298   0.0220849360213019   0.0136836418734196   0.00403970966396023   0
0.0437624574545352   0.0326097052823235   0.0239828888128054   0.0105247692610216   0
0.0549265383329407   0.0505957252941711   0.0111640808784055   0.0179860200118476   0
0.118565327016283   0.0578412422772238   0.0636387886833422   0.00724551698305267   0
0.126822698045933   0.0545916396167719   0.00825737102965048   -0.00324960266045187   0
0.11520719405263   0.0560778832515324   -0.0116155039933031   0.00148624363476051   0
0.112816018772203   0.0520895875083015   -0.0023911752804275   -0.00398829574323091   0
0.111796299347027   0.0550035471654783   -0.00101971942517605   0.00291395965717683   0
0.111391442711824   0.058246795305214   -0.000404856635202858   0.00324324813973566   0
0.100558967885716   0.0607900798264199   -0.0108324748261081   0.00254328452120587   0
0.0939195766984184   0.0586794110707708   -0.00663939118729727   -0.00211066875564906   0
0.0794528589318219   0.0606437956837713   -0.0144667177665965   0.00196438461300051   0
0.0784968205070116   0.0687172193149213   -0.000956038424810318   0.00807342363115003   0
0.0629602775714171   0.064430330068959   -0.0155365429355945   -0.00428688924596236   0
0.0823572543840195   0.0550350560972504   0.0193969768126024   -0.00939527397170857   0
0.0781038208185496   0.0626653335527307   -0.00425343356546992   0.00763027745548031   0
0.0792562268669156   0.0710474446123504   0.00115240604836606   0.0083821110596197   0
0.0932615841601058   0.0629785891455779   0.0140053572931902   -0.00806885546677255   0
0.093543926791695   0.0629812162236686   0.000282342631589216   2.62707809076113e-06   0
0.0839034817615717   0.0727041447056837   -0.00964044503012329   0.0097229284820151   0
0.0688522252628217   0.0679133896829447   -0.0150512564987501   -0.00479075502273903   0
0.0839752768367571   0.082092204736945   0.0151230515739355   0.0141788150540003   0
0.079851431537387   0.0876182151852   -0.00412384529937017   0.00552601044825492   0
0.0811969466069999   0.10953962550494   0.00134551506961297   0.02192141031974   0
0.0492014894642428   0.106117612774977   -0.0319954571427571   -0.00342201272996281   0
0.068262318369361   0.0884954569578292   0.0190608289051182   -0.017622155817148   0
0.0677077328464777   0.0906402828114106   -0.000554585522883261   0.00214482585358142   0
0.081019580296864   0.0899535400480437   0.0133118474503863   -0.000686742763366957   0
0.0485477348836174   0.084075271960919   -0.0324718454132467   -0.00587826808712465   0
0.0612783245525692   0.0894388653499137   0.0127305896689518   0.00536359338899471   0
0.0699651675777311   0.0923103974524132   0.00868684302516198   0.00287153210249949   0
0.0845986487896822   0.0979917735468136   0.0146334812119511   0.00568137609440038   0
0.0706375401263379   0.0923092138168775   -0.0139611086633443   -0.00568255972993614   0
0.0695421190527007   0.100367322509993   -0.00109542107363721   0.00805810869311578   0
0.0519795302325829   0.0994953887314005   -0.0175625888201178   -0.000871933778592737   0
0.083424003658959   0.101293617899056   0.0314444734263761   0.00179822916765569   0
0.045106436054071   0.112349550702094   -0.0383175676048879   0.0110559328030383   0
0.0626437348785974   0.104457182769365   0.0175372988245264   -0.00789236793272961   0
0.0916715353314212   0.111379354422049   0.0290278004528238   0.00692217165268454   0
0.0738821525221951   0.108131805255126   -0.0177893828092261   -0.00324754916692338   0
0.0473871131954554   0.110939176753728   -0.0264950393267397   0.00280737149860241   0
0.0692092041090634   0.123861916905904   0.0218220909136081   0.0129227401521753   0
0.0738821790281662   0.132643633352453   0.00467297491910276   0.00878171644654932   0
0.070155880858628   0.136192696648765   -0.00372629816953823   0.00354906329631186   0
0.0777721346139477   0.137461894847427   0.00761625375531974   0.00126919819866181   0
0.0739411509662921   0.132929999646289   -0.00383098364765559   -0.00453189520113731   0
0.0708464350984642   0.135972419035718   -0.0030947158678279   0.00304241938942901   0
0.0737755222598634   0.141163023465389   0.00292908716139921   0.0051906044296707   0
0.112719716352021   0.10749197681897   0.0389441940921573   -0.0336710466464191   0
0.247540149719798   0.12956600004736   0.134820433367777   0.02207402322839   0
0.186128497901987   0.130173881583913   -0.0614116518178109   0.000607881536552585   0
0.201948317457908   0.127533343268497   0.015819819555921   -0.00264053831541519   0
0.181346578940023   0.123597254606741   -0.020601738517885   -0.00393608866175625   0
0.175740003889524   0.133171513480295   -0.00560657505049877   0.00957425887355424   0
0.168001117898781   0.152797432361738   -0.0077388859907436   0.0196259188814429   0
0.198136318281127   0.145794623226081   0.0301352003823462   -0.00700280913565704   0
0.199745699297882   0.149386251033286   0.00160938101675542   0.00359162780720493   0
0.207677026488247   0.153083047118492   0.00793132719036463   0.00369679608520596   0
0.218959919439609   0.159319435750852   0.011282892951362   0.00623638863236031   0
0.166838062270005   0.175814657319064   -0.052121857169604   0.0164952215682118   0
0.160958767882989   0.158539674656764   -0.00587929438701559   -0.0172749826623005   0
0.180438015691511   0.155614509047357   0.0194792478085219   -0.00292516560940662   0
0.158490716629713   0.160537086608111   -0.021947299061798   0.0049225775607534   0
0.164259094178983   0.155247818562943   0.00576837754926993   -0.00528926804516747   0
0.171344799528932   0.159656277779931   0.00708570534994932   0.00440845921698793   0
0.157597859250626   0.176108091350199   -0.0137469402783067   0.0164518135702679   0
0.174533863931903   0.173302680844275   0.0169360046812773   -0.00280541050592434   0
0.216750357752877   0.170615730812702   0.0422164938209737   -0.00268695003157227   0
0.236994640129265   0.166180346593693   0.0202442823763888   -0.0044353842190091   0
0.260497135281753   0.166641368099288   0.0235024951524878   0.000461021505595099   0
0.209468329897386   0.173176160345874   -0.0510288053843675   0.0065347922465861   0
0.202740156062508   0.166169170486165   -0.00672817383487792   -0.00700698985970991   0
0.154776556925686   0.150711412346254   -0.0479635991368221   -0.0154577581399108   0
0.173064077405133   0.151916366538105   0.0182875204794478   0.00120495419185179   0
0.184890620627927   0.16018466981094   0.0118265432227935   0.00826830327283495   0
0.198405574620372   0.160646085754524   0.0135149539924451   0.000461415943583982   0
0.167998174296508   0.167360233949675   -0.0304074003238637   0.00671414819515079   0
0.165390001838624   0.154514391668511   -0.0026081724578845   -0.0128458422811642   0
0.174201279668922   0.158149322437025   0.00881127783029823   0.00363493076851373   0
0.202831498411267   0.163733610855873   0.0286302187423454   0.00558428841884845   0
0.208481882161592   0.166180120203719   0.00565038375032467   0.00244650934784588   0
0.196094122934218   0.170627681276193   -0.0123877592273746   0.00444756107247368   0
0.203043679768271   0.164240729022417   0.00694955683405304   -0.00638695225377575   0
0.204121585253226   0.170623937733023   0.00107790548495543   0.00638320871060602   0
0.205552052632442   0.176703618729987   0.00143046737921551   0.00607968099696371   0
0.21439879127087   0.175724691865571   0.0088467386384283   -0.000978926864415336   0
0.212386987704261   0.164552224495212   -0.0020118035666086   -0.0111724673703598   0
0.20971379904527   0.166820071416249   -0.00267318865899094   0.00226784692103765   0
0.177300701426278   0.153683026144692   -0.0324130976189927   -0.0131370452715575   0
0.182051986987728   0.165895247278546   0.0047512855614508   0.0122122211338545   0
0.22110593157238   0.171674155906684   0.0390539445846517   0.0057789086281379   0
0.22710985238787   0.167498964891943   0.00600392081548975   -0.00417519101474073   0
0.237919376699335   0.163117663175666   0.0108095243114651   -0.00438130171627749   0
0.230609497480676   0.163944044933447   -0.00730987921865867   0.000826381757780797   0
0.211179776903472   0.169308981417858   -0.0194297205772047   0.00536493648441103   0
0.203846196892412   0.166669984715523   -0.00733358001105952   -0.00263899670233522   0
0.23179839390947   0.16126273282821   0.0279521970170584   -0.00540725188731295   0
0.201455795764828   0.188734230488199   -0.0303425981446426   0.0274714976599891   0
0.247030184270749   0.162600606164499   0.0455743885059207   -0.0261336243236997   0
0.225177550710567   0.188465688631288   -0.0218526335601815   0.0258650824667891   0
0.212628588569576   0.180199857599182   -0.0125489621409911   -0.00826583103210562   0
0.227922475780692   0.176558684752959   0.0152938872111157   -0.00364117284622303   0
0.212132710861809   0.176316107485398   -0.0157897649188823   -0.000242577267561189   0
0.218224598487659   0.188626684516507   0.0060918876258497   0.0123105770311091   0
0.20769457764287   0.20743007388593   -0.0105300208447894   0.0188033893694229   0
0.235277663049619   0.203692549442757   0.0275830854067493   -0.00373752444317332   0
0.237813700403089   0.206431292575264   0.00253603735346977   0.00273874313250669   0
0.238933809191186   0.212932295358149   0.00112010878809715   0.00650100278288532   0
0.253391389411716   0.22944259812367   0.0144575802205304   0.0165103027655212   0
0.233610447569367   0.225883134099782   -0.0197809418423491   -0.00355946402388835   0
0.239960420303766   0.239531765480223   0.00634997273439886   0.0136486313804411   0
0.263542493501522   0.271232431007637   0.0235820731977565   0.031700665527414   0
0.257029564846148   0.274988615008826   -0.00651292865537484   0.00375618400118943   0
0.336155536896241   0.295322478761307   0.0791259720500934   0.0203338637524804   0
0.314501800640314   0.264927770561449   -0.0216537362559266   -0.0303947081998573   0
0.298051239685813   0.286384442313632   -0.0164505609545012   0.0214566717521825   0
0.282771351426484   0.27903453546232   -0.0152798882593293   -0.00734990685131232   0
0.248368717612021   0.293558960383553   -0.0344026338144625   0.0145244249212334   0
0.257668986105216   0.296746386787607   0.00930026849319465   0.00318742640405384   0
0.256021171251598   0.289006356002342   -0.00164781485361815   -0.00774003078526481   0
0.26570878020248   0.32662130714834   0.00968760895088244   0.0376149511459974   0
0.265938302971873   0.325327510773759   0.000229522769393198   -0.00129379637458099   0
0.289798356108674   0.325045157024855   0.0238600531368008   -0.000282353748903785   0
0.32551745347302   0.345405019535762   0.0357190973643461   0.020359862510907   0
0.316726897681583   0.366844679361716   -0.00879055579143728   0.0214396598259539   0
0.309782068498162   0.367547877737037   -0.00694482918342104   0.000703198375321457   0
0.318015536204145   0.3696737543781   0.0082334677059831   0.00212587664106312   0
0.357179739398807   0.370497860656779   0.0391642031946623   0.000824106278678682   0
0.327774307352498   0.376803495225628   -0.0294054320463092   0.00630563456884919   0
0.320694854700305   0.390096044247439   -0.00707945265219295   0.0132925490218109   0
0.314600597434668   0.384071676513968   -0.00609425726563739   -0.00602436773347126   0
0.317095451069485   0.383957892244058   0.00249485363481683   -0.000113784269909378   0
0.325880276083963   0.392942557134309   0.0087848250144783   0.0089846648902509   0
0.338409665009453   0.41066060799278   0.0125293889254897   0.017718050858471   0
0.345971341300114   0.417580709876845   0.00756167629066129   0.00692010188406483   0
0.358710890634784   0.409307765388406   0.01273954933467   -0.00827294448843968   0
0.358249757590986   0.425924844197013   -0.000461133043798356   0.0166170788086077   0
0.35477677666561   0.427771561467683   -0.00347298092537585   0.0018467172706701   0
0.349672124847606   0.431802461325199   -0.00510465181800357   0.0040308998575157   0
0.514667286035187   0.364506765801062   0.164995161187581   -0.0672956955241374   1
0.484293704074166   0.364097427176559   -0.0303735819610211   -0.000409338624502154   1
0.410598904915734   0.404556149659182   -0.0736947991584317   0.0404587224826226   0
0.373373307335915   0.432411140363254   -0.0372255975798185   0.0278549907040722   0
0.347377666691974   0.448647565334974   -0.0259956406439417   0.01623642497172   0
0.352767783576123   0.439478566350226   0.00539011688414881   -0.0091689989847481   0
0.394814644132611   0.463372490957869   0.0420468605564881   0.0238939246076425   0
0.387035192303026   0.467076312973854   -0.007779451829585   0.00370382201598579   0
0.369314251423919   0.466120095127854   -0.0177209408791062   -0.000956217846000029   0
0.371920975040734   0.457993860416545   0.00260672361681413   -0.00812623471130908   0
0.3691440532597   0.490921493452364   -0.00277692178103384   0.0329276330358192   0
0.369494905792069   0.507663001708318   0.000350852532369383   0.0167415082559539   0
0.391657838686831   0.483808721839789   0.0221629328947622   -0.0238542798685297   0
0.400052387654617   0.513721880507585   0.00839454896778574   0.0299131586677969   0
0.423362006055621   0.530888843103949   0.0233096184010044   0.017166962596364   0
0.408257750859197   0.541291326509348   -0.0151042551964246   0.0104024834053988   0
0.378019489837773   0.533474301573422   -0.030238261021424   -0.00781702493592673   0
0.386895619703093   0.558056171991225   0.00887612986531977   0.0245818704178037   0
0.377605056593579   0.547687855636082   -0.00929056310951354   -0.0103683163551431   0
0.386158056736371   0.550110177202258   0.00855300014279153   0.00242232156617617   0
0.37679413468917   0.539090608121214   -0.00936392204720105   -0.0110195690810446   0
0.397033883598226   0.570088614386395   0.0202397489090568   0.0309980062651816   0
0.410074793063607   0.592306081185015   0.0130409094653806   0.02221746679862   0
0.396121225431054   0.558349812241618   -0.0139535676325527   -0.0339562689433974   0
0.385957320931421   0.586677073122855   -0.010163904499633   0.0283272608812373   0
0.401525516135164   0.565925713819844   0.0155681952037431   -0.0207513593030111   0
0.420021142779134   0.562299909396445   0.0184956266439701   -0.00362580442339921   0
0.405114498958801   0.548683134255556   -0.0149066438203337   -0.0136167751408891   0
0.374469528228346   0.554821775956252   -0.0306449707304546   0.00613864170069678   0
0.380802222834899   0.562739094807265   0.00633269460655295   0.00791731885101254   0
0.378148244030777   0.553955450059163   -0.00265397880412199   -0.00878364474810189   0
0.381452694571437   0.5634058466208   0.00330445054066003   0.00945039656163649   0
0.389019937319786   0.548119097822955   0.0075672427483488   -0.0152867487978446   0
0.392717743077952   0.566938853785397   0.00369780575816586   0.0188197559624422   0
0.400383651217179   0.574756643600142   0.0076659081392278   0.00781778981474435   0
0.39470726910926   0.579755229646745   -0.00567638210791915   0.00499858604660341   0
0.409627110560129   0.575647551408412   0.0149198414508686   -0.00410767823833325   0
0.43445357467886   0.607481259173688   0.0248264641187314   0.0318337077652767   0
0.430794361808845   0.629240160120522   -0.0036592128700153   0.0217589009468335   0
0.416240833880868   0.60531687152185   -0.0145535279279774   -0.0239232885986717   0
0.451081743036492   0.609531333046341   0.0348409091556246   0.00421446152449112   0
0.446321592853135   0.613068940339502   -0.00476015018335679   0.00353760729316066   0
0.433072169561021   0.64204210577072   -0.013249423292114   0.0289731654312175   0
0.433744106359683   0.626008638857524   0.000671936798661621   -0.0160334669131956   0
0.421788318774726   0.615525114076185   -0.0119557875849569   -0.0104835247813394   0
0.45785440277478   0.652847894593373   0.0360660840000534   0.0373227805171885   0
0.459503115387698   0.665559764352909   0.00164871261291832   0.0127118697595361   0
0.468979810774025   0.688486193017878   0.00947669538632684   0.0229264286649683   0
0.473145728941053   0.698449847838769   0.00416591816702788   0.00996365482089179   0
0.486544983305799   0.706373111112144   0.0133992543647462   0.00792326327337511   0
0.463299496985276   0.672635252132982   -0.0232454863205224   -0.0337378589791627   0
0.48478599405878   0.68682851086534   0.0214864970735041   0.014193258732358   0
0.471145095851119   0.704723439494707   -0.0136408982076616   0.0178949286293673   0
0.466227236517945   0.676096961839979   -0.00491785933317374   -0.0286264776547279   0
0.461095361074052   0.687402103073958   -0.00513187544389365   0.0113051412339787   0
0.491921822946096   0.682600737870243   0.0308264618720442   -0.00480136520371499   0
0.416312207240299   0.667554623795873   -0.0756096157057963   -0.0150461140743694   0
0.394765541554022   0.642497856246424   -0.0215466656862778   -0.0250567675494499   0
0.399813389571985   0.660987464873957   0.00504784801796354   0.018489608627533   0
0.40632176743907   0.664981005019128   0.00650837786708525   0.00399354014517184   0
0.404885284473961   0.649524639158131   -0.0014364829651099   -0.0154563658609976   0
0.4277279250879   0.647801885457468   0.0228426406139392   -0.00172275370066299   0
0.456338743299547   0.668980624170461   0.0286108182116474   0.0211787387129936   0
0.457499412502366   0.676803087147214   0.00116066920281876   0.00782246297675315   0
0.440971017770964   0.678407696844788   -0.0165283947314018   0.0016046096975737   0
0.444814996377427   0.676921198810652   0.00384397860646246   -0.00148649803413636   0
0.462050149700885   0.690648921260469   0.0172351533234582   0.0137277224498176   0
0.436659419307496   0.672553928533244   -0.0253907303933883   -0.0180949927272254   0
0.444917513075671   0.674031959136212   0.00825809376817471   0.00147803060296769   0
0.47039796226068   0.718664071361752   0.0254804491850087   0.0446321122255406   0
0.47596508248464   0.728340945811953   0.00556712022396   0.00967687445020049   0
0.493000540568507   0.728730349002462   0.017035458083867   0.000389403190509063   0
0.505930497911334   0.739218614520766   0.0129299573428268   0.0104882655183037   0
0.532448044455983   0.767538756989672   0.0265175465446489   0.0283201424689059   0
0.5564361447381   0.799484235685733   0.0239881002821176   0.031945478696061   0
0.534400651182762   0.787803557173995   -0.0220354935553383   -0.0116806785117377   0
0.513613205512757   0.78648755330218   -0.0207874456700045   -0.00131600387181452   0
0.428333348948736   0.757494189212201   -0.085279856564021   -0.0289933640899792   0
0.527046174207725   0.754361448572566   0.0987128252589889   -0.0031327406396352   0
0.581840527625912   0.747248594891452   0.0547943534181869   -0.00711285368111347   0
0.508654629925807   0.774422874693794   -0.073185897700105   0.0271742798023415   0
0.532949887708028   0.783905676115437   0.0242952577822211   0.00948280142164271   0
0.542341551180029   0.809113743515088   0.0093916634720006   0.0252080673996515   0
0.570341483725987   0.850172361252705   0.0279999325459577   0.0410586177376169   0
0.596412792744254   0.852039261340257   0.0260713090182669   0.00186690008755142   0
0.587348269344654   0.840053906458538   -0.00906452339959973   -0.0119853548817186   0
0.607775205144962   0.877306645386891   0.0204269358003076   0.0372527389283531   0
0.613200634563436   0.888132382244477   0.00542542941847401   0.0108257368575861   0
0.614240765489397   0.881234375143469   0.00104013092596111   -0.00689800710100841   0
0.626852042512338   0.901033104039052   0.0126112770229413   0.0197987288955835   0
