0.0775514102105178   0.147007020771297   0   0   0
0.114483414027404   0.154490004412098   0.0369320038168862   0.00748298364080099   0
0.106749772848142   0.0902869753958039   -0.00773364117926156   -0.0642030290162939   0
0.0577052590211672   0.116273613058262   -0.0490445138269752   0.0259866376624584   0
0.0815573134060337   0.0920368525636606   0.0238520543848665   -0.0242367604946017   0
0.109410580153201   0.131191565105193   0.0278532667471672   0.0391547125415321   0
0.0649925200532509   0.106834214142755   -0.04441806009995   -0.0243573509624378   0
0.0708001469267543   0.16060008897675   0.00580762687350338   0.0537658748339951   0
0.066943056915905   0.131344219187599   -0.00385709001084929   -0.0292558697891511   0
0.102222520817773   0.109243012710756   0.0352794639018678   -0.0221012064768423   0
0.0789914827840223   0.101713431936114   -0.0232310380337505   -0.00752958077464244   0
0.0790607899227929   0.085314956243   6.93071387705968e-05   -0.0163984756931141   0
0.0568264734221551   0.0859543807346228   -0.0222343165006378   0.000639424491622853   0
0.046144136508641   0.0883895548190226   -0.010682336913514   0.00243517408439978   0
0.088967426779749   0.0740965302350589   0.0428232902711079   -0.0142930245839637   0
0.0668022947236845   0.0416117777561233   -0.0221651320560645   -0.0324847524789356   0
0.139495655523066   0.044377893008062   0.0726933607993819   0.0027661152519387   0
0.0916069162928761   0.0477931620688044   -0.0478887392301903   0.00341526906074233   0
0.0810328779002455   0.0319163787216297   -0.0105740383926305   -0.0158767833471746   0
0.0462136127415129   0.0248030243259769   -0.0348192651587327   -0.00711335439565288   0
0.010455088933115   0.0166764904944805   -0.0357585238083979   -0.00812653383149632   0
0.0497149286955389   0.0535380359040421   0.0392598397624239   0.0368615454095615   0
0.0618989970276385   0.0121682292807787   0.0121840683320996   -0.0413698066232634   0
0.0685630082337524   0.0294972475614251   0.0066640112061139   0.0173290182806464   0
0.0699462174684235   0.0327698977638015   0.00138320923467114   0.00327265020237635   0
0.0421574493640258   0.0648806069933073   -0.0277887681043977   0.0321107092295059   0
0.036864497748647   0.0698786872155059   -0.0052929516153788   0.00499808022219853   0
0.0353838449958452   0.0877789992464741   -0.0014806527528018   0.0179003120309682   0
0.110650836059245   0.0930783480768352   0.0752669910634002   0.00529934883036115   0
0.0663358518852362   0.132322564404583   -0.0443149841740092   0.0392442163277477   0
0.0258332031321786   0.150733199097885   -0.0405026487530577   0.0184106346933016   0
0.0990103585682933   0.109052273571921   0.0731771554361147   -0.041680925525964   0
0.110261861783444   0.0991454403866108   0.0112515032151503   -0.00990683318530972   0
0.0452296218706469   0.0921494621778255   -0.0650322399127966   -0.00699597820878528   0
0.0745184739087792   0.105739448699173   0.0292888520381323   0.0135899865213473   0
0.0816146712881943   0.10981298531146   0.0070961973794151   0.00407353661228749   0
0.117450576752143   0.126132260219551   0.0358359054639483   0.0163192749080906   0
0.131206383498555   0.0518237374980327   0.0137558067464129   -0.0743085227215182   0
0.347683038929209   0.0337406001167733   0.216476655430654   -0.0180831373812594   0
0.340123778591574   0.0459250953404672   -0.00755926033763527   0.012184495223694   0
0.11928507324565   0.0585477175553625   -0.220838705345924   0.0126226222148952   0
0.197181500107718   0.149246139041057   0.0778964268620683   0.0906984214856945   0
0.177784025847347   0.0813134940728321   -0.0193974742603714   -0.0679326449682248   0
0.0591764269872726   0.112796781555382   -0.118607598860074   0.0314832874825496   0
0.0421685596849122   0.0901819637112239   -0.0170078673023604   -0.0226148178441578   0
0.153561617092456   0.125233044549751   0.111393057407544   0.0350510808385275   0
0.200552272987394   0.143916170201701   0.0469906558949377   0.0186831256519498   0
0.193519912608726   0.122575745480499   -0.00703236037866764   -0.0213404247212024   0
0.173434240261951   0.13635341359955   -0.0200856723467753   0.0137776681190515   0
0.12723521751897   0.119840925532558   -0.0461990227429806   -0.0165124880669927   0
0.0382811491471978   0.123566669490654   -0.0889540683717722   0.00372574395809637   0
0.146403630952173   0.0915486570636856   0.108122481804975   -0.0320180124269683   0
0.0558466798146819   0.116939384065528   -0.0905569511374908   0.0253907270018421   0
0.0275613526658635   0.0915310674666941   -0.0282853271488184   -0.0254083165988337   0
0.119513360208253   0.124174425093706   0.0919520075423892   0.0326433576270124   0
0.0488297875845513   0.158635585271512   -0.0706835726237014   0.0344611601778051   0
0.0367456724628139   0.118522490506159   -0.0120841151217374   -0.0401130947653527   0
0.0433254497692522   0.131881509519815   0.00657977730643834   0.013359019013656   0
0.0171670801493003   0.111042210425642   -0.026158369619952   -0.0208392990941731   0
0.0577253835723939   0.0395672832579614   0.0405583034230936   -0.0714749271676804   0
0.139507846834793   0.0266115974358554   0.0817824632623989   -0.012955685822106   0
0.168366005610545   0.0683927670671395   0.028858158775752   0.0417811696312841   0
0.182981705570502   0.156564069499582   0.0146156999599575   0.0881713024324427   0
0.192625202279868   0.106192506361476   0.00964349670936548   -0.0503715631381066   0
0.141904064743227   0.08021297191178   -0.0507211375366407   -0.0259795344496956   0
0.167096950776757   0.115078346290049   0.02519288603353   0.0348653743782693   0
0.138987895258904   0.12571219047833   -0.0281090555178534   0.010633844188281   0
0.145915180790006   0.111942198914395   0.00692728553110178   -0.0137699915639352   0
0.0984519187233037   0.0831623571812165   -0.0474632620667018   -0.0287798417331786   0
0.148124216268408   0.0892371452306297   0.049672297545104   0.00607478804941325   0
0.136969325744599   0.0799081105772906   -0.0111548905238089   -0.00932903465333913   0
0.134835965991682   0.0760404656266155   -0.00213335975291684   -0.00386764495067504   0
0.117084863713334   0.0686096708346223   -0.0177511022783479   -0.00743079479199321   0
0.111081432124095   0.0418753939442753   -0.00600343158923868   -0.026734276890347   0
0.227093502339895   0.0947855779515138   0.1160120702158   0.0529101840072385   0
0.389750965994954   0.12739977462794   0.162657463655059   0.0326141966764266   0
0.308666719398529   0.12337570965956   -0.0810842465964257   -0.00402406496838056   0
0.266135684088023   0.103589387863292   -0.0425310353105056   -0.0197863217962676   0
0.119301944935613   0.0939984468200007   -0.14683373915241   -0.00959094104329154   0
0.0930725328299408   0.0667217200813777   -0.0262294121056721   -0.027276726738623   0
0.225653710586952   0.0843660884472547   0.132581177757012   0.017644368365877   0
0.33328589181662   0.108283327951095   0.107632181229668   0.0239172395038404   0
0.201818714633108   0.0669891984556579   -0.131467177183512   -0.0412941294954371   0
0.275713869339212   0.0983220755794445   0.0738951547061036   0.0313328771237866   0
0.283023385235213   0.114094020313548   0.00730951589600148   0.0157719447341031   0
0.242546979490572   0.110979482541819   -0.0404764057446413   -0.00311453777172822   0
0.129105856918267   0.0911896820682581   -0.113441122572305   -0.0197898004735613   0
0.207103773523058   0.121605202414802   0.0779979166047909   0.030415520346544   0
0.113735455496736   0.100644553646732   -0.0933683180263218   -0.0209606487680697   0
0.285017835890598   0.140458135927614   0.171282380393862   0.0398135822808813   0
0.292406500367211   0.139840098317015   0.00738866447661313   -0.000618037610598393   0
0.15456148649324   0.105202002765786   -0.137845013873971   -0.034638095551229   0
0.257068586991176   0.135583014996911   0.102507100497936   0.0303810122311244   0
0.280451203179805   0.133518782402224   0.0233826161886282   -0.00206423259468644   0
0.274448705892376   0.141134629392904   -0.0060024972874283   0.00761584699068027   0
0.250769106451034   0.127969014154218   -0.0236795994413423   -0.0131656152386863   0
0.162926385105605   0.126923055056361   -0.0878427213454286   -0.00104595909785737   0
0.25328207002668   0.132458172694487   0.0903556849210747   0.005535117638126   0
0.171237122044287   0.118755621482827   -0.0820449479823931   -0.0137025512116597   0
0.367408546841251   0.155606553810918   0.196171424796964   0.0368509323280905   0
0.334817607281935   0.164313082222445   -0.0325909395593164   0.00870652841152747   0
0.200639055832233   0.150053355846254   -0.134178551449702   -0.0142597263761912   0
0.188296960921864   0.128197384789131   -0.0123420949103692   -0.021855971057123   0
0.425504844491811   0.174373675898313   0.237207883569947   0.0461762911091824   0
0.207645262951024   0.134150913908553   -0.217859581540786   -0.0402227619897603   0
0.356795448417773   0.107033727862868   0.149150185466749   -0.0271171860456849   0
0.384158813915547   0.105743115166875   0.0273633654977737   -0.00129061269599302   0
0.352505807744511   0.149816963075247   -0.0316530061710363   0.0440738479083722   0
0.191026768745535   0.124495710072677   -0.161479038998976   -0.0253212530025705   0
0.206622498700626   0.156474096778836   0.0155957299550908   0.0319783867061591   0
0.273328318931647   0.141360423160834   0.0667058202310213   -0.0151136736180021   0
0.233685174260157   0.119631679709014   -0.0396431446714896   -0.0217287434518203   0
0.258747407503921   0.0957563659030693   0.0250622332437636   -0.0238753138059442   0
0.298925483211117   0.115106576659416   0.0401780757071966   0.0193502107563466   0
0.236455630677385   0.139852260205404   -0.0624698525337321   0.024745683545988   0
0.306389002945602   0.168428095018438   0.0699333722682166   0.0285758348130341   0
0.146366776388394   0.115098351770356   -0.160022226557208   -0.0533297432480825   1
0.428600104326866   0.31756013451622   0.282233327938472   0.202461782745865   1
0.250129001672878   0.240069157307061   -0.178471102653988   -0.0774909772091593   1
0.0626872030800545   0.199266031972847   -0.187441798592823   -0.0408031253342144   0
0.0486821387952502   0.177350720029755   -0.0140050642848044   -0.021915311943092   0
0.0862456468900895   0.139647256548115   0.0375635080948393   -0.03770346348164   0
0.250026691679528   0.153555727850213   0.163781044789439   0.0139084713020984   0
0.291142513901165   0.180081411056507   0.0411158222216364   0.0265256832062934   0
0.549440938011939   0.0971120604070499   0.258298424110775   -0.0829693506494568   1
0.690920040531971   0.208923355706106   0.141479102520031   0.111811295299056   1
0.340823621119854   0.125539129357792   -0.350096419412116   -0.0833842263483135   1
0.230761411074296   0.134687837934397   -0.110062210045559   0.00914870857660513   0
0.267424364627309   0.174248275873077   0.0366629535530137   0.0395604379386797   0
0.171260638040386   0.163050938944061   -0.0961637265869235   -0.0111973369290159   0
0.331411627001121   0.243475457341828   0.160150988960735   0.0804245183977671   0
0.322344827910857   0.210855283476156   -0.00906679909026376   -0.0326201738656726   0
0.768178087977866   0.368462781110462   0.445833260067009   0.157607497634306   0
0.214267642335235   0.180686786368733   -0.553910445642631   -0.187775994741729   0
0.252351344635688   0.193226589516201   0.0380837023004539   0.0125398031474686   0
0.210528547957278   0.190246036024571   -0.0418227966784103   -0.00298055349162984   0
0.220982576741177   0.183846237292941   0.0104540287838984   -0.00639979873162999   0
0.453275798200477   0.259699027019206   0.232293221459301   0.075852789726265   0
0.197207582356764   0.192532879800601   -0.256068215843713   -0.0671661472186058   0
0.167059751796116   0.173144941790029   -0.030147830560648   -0.0193879380105716   0
0.188348480488482   0.162833753908096   0.0212887286923654   -0.0103111878819325   0
0.426762087632454   0.197081005171097   0.238413607143972   0.0342472512630007   0
0.263634734164222   0.138548603682065   -0.163127353468232   -0.0585324014890318   0
0.236480217947379   0.0988928407393579   -0.0271545162168427   -0.0396557629427074   0
0.435525985051363   0.124963443479373   0.199045767103984   0.0260706027400153   0
0.249930327585589   0.116094569912895   -0.185595657465774   -0.00886887356647847   0
0.234967789873421   0.169201893326434   -0.0149625377121686   0.0531073234135394   0
0.329777048765132   0.146239039549029   0.0948092588917109   -0.022962853777405   0
0.232157744634979   0.210858798666904   -0.0976193041301529   0.064619759117875   0
0.147600098112298   0.198623998467513   -0.0845576465226807   -0.0122348001993914   0
0.243054189607997   0.230378167528219   0.0954540914956987   0.031754169060706   0
0.1896512035623   0.256787440340255   -0.0534029860456965   0.0264092728120362   0
0.291028651443462   0.199726928350936   0.101377447881162   -0.0570605119893187   0
0.193355028571822   0.198171502391868   -0.0976736228716401   -0.00155542595906855   0
0.177245650270352   0.208943074462879   -0.0161093783014695   0.0107715720710109   0
0.164022644637562   0.222191630572013   -0.01322300563279   0.0132485561091347   0
0.128932371534305   0.231833859723402   -0.0350902731032574   0.00964222915138871   0
0.157163627321464   0.218516386501768   0.0282312557871592   -0.013317473221634   0
0.176973307592558   0.210530687946556   0.0198096802710936   -0.0079856985552122   0
0.185138117690793   0.202112812619586   0.00816481009823561   -0.00841787532696939   0
0.197755573626257   0.192473024170921   0.0126174559354639   -0.00963978844866512   0
0.192643581689632   0.190761534905494   -0.00511199193662487   -0.00171148926542719   0
0.210395976661722   0.197277858171539   0.0177523949720901   0.00651632326604537   0
0.248481367442309   0.204467772950287   0.0380853907805871   0.00718991477874731   0
0.193566068464   0.202479292985826   -0.0549152989783093   -0.00198847996446058   0
0.154126018198787   0.22235063679653   -0.0394400502652129   0.0198713438107042   0
0.188622750034454   0.182740900499348   0.0344967318356664   -0.0396097362971825   0
0.23562138850132   0.194271741208674   0.0469986384668664   0.0115308407093263   0
0.314574175309751   0.2247355619823   0.078952786808431   0.0304638207736256   1
0.376376154941954   0.203568529078944   0.0618019796322032   -0.0211670329033553   1
0.249656281007088   0.278708763713576   -0.126719873934866   0.0751402346346318   1
0.33281149339228   0.28593008869346   0.0831552123851927   0.00722132497988404   0
0.318506014042121   0.305778204390045   -0.0143054793501592   0.0198481156965846   0
0.347254736690517   0.357808755039267   0.0287487226483953   0.052030550649222   0
0.444700509953609   0.41060529032454   0.0974457732630925   0.0527965352852734   0
0.235495321433888   0.295700441011254   -0.209205188519722   -0.114904849313286   0
0.405928696000911   0.328609682197969   0.170433374567023   0.0329092411867149   0
0.387178239917083   0.329789175749069   -0.0187504560838284   0.00117949355109981   0
0.288701822268236   0.247898226791762   -0.0984764176488468   -0.0818909489573063   0
0.261933027351192   0.222869948744778   -0.0267687949170442   -0.0250282780469842   0
0.25391166033288   0.224601728217416   -0.00802136701831124   0.00173177947263795   0
0.30120865353439   0.264125213314632   0.0472969932015093   0.0395234850972162   0
0.293899735986612   0.256337426753293   -0.00730891754777813   -0.00778778656133894   0
0.466945370771571   0.242667813826329   0.173045634784959   -0.013669612926964   0
0.368463233372069   0.217560452869427   -0.0984821373995017   -0.0251073609569027   0
0.310723971577816   0.233439459331135   -0.0577392617942536   0.0158790064617081   0
0.723993702238224   0.277576833503807   0.413269730660408   0.0441373741726719   1
0.323675336919574   0.239007052100979   -0.40031836531865   -0.0385697814028278   0
0.407651991572469   0.379945895825314   0.0839766546528942   0.140938843724335   0
0.518774856188116   0.354857380267411   0.111122864615647   -0.0250885155579024   0
0.352959759413166   0.332981597400292   -0.16581509677495   -0.0218757828671193   0
0.294067070718569   0.258982810792246   -0.0588926886945967   -0.0739987866080454   0
0.365656987994213   0.309754668892577   0.0715899172756437   0.0507718581003306   0
0.483896389197739   0.299336634251055   0.118239401203526   -0.0104180346415218   0
0.33644606955053   0.278247183107934   -0.147450319647209   -0.0210894511431215   0
0.277369709784612   0.264788516081702   -0.0590763597659176   -0.0134586670262313   0
0.294584503579194   0.204307039735541   0.0172147937945815   -0.0604814763461613   0
0.354735987716217   0.206320929355822   0.0601514841370231   0.0020138896202806   0
0.435991240229663   0.248836105470046   0.0812552525134465   0.0425151761142245   0
0.28148178241229   0.196828428282731   -0.154509457817373   -0.0520076771873157   0
0.237787907325856   0.492791138098333   -0.0436938750864342   0.295962709815602   0
0.294481234629645   1.22669182186731   0.0566933273037887   0.733900683768977   1
0.379806525581117   1.1949519045133   0.0853252909514725   -0.0317399173540061   0
0.578089624531491   0.5984532913104   0.198283098950373   -0.596498613202904   0
0.571967093248282   0.475933877761922   -0.00612253128320872   -0.122519413548478   0
1.05864336196204   0.583047873836062   0.486676268713758   0.10711399607414   1
0.754309001454053   0.478049221885676   -0.304334360507987   -0.104998651950386   0
0.905542681548959   0.502662621735981   0.151233680094907   0.0246133998503054   0
0.253963193701371   0.245233308313736   -0.651579487847588   -0.257429313422245   1
0.78865352238509   0.475340562938366   0.534690328683719   0.23010725462463   1
0.906881318466342   0.524475355654582   0.118227796081251   0.0491347927162161   0
0.97497381666035   0.557118273709452   0.0680924981940084   0.0326429180548703   0
0.902744547595365   0.520787277010969   -0.0722292690649853   -0.0363309966984829   0
0.836988873190654   0.495608834959588   -0.0657556744047109   -0.0251784420513814   0
0.494670338894945   0.42330708817342   -0.342318534295709   -0.0723017467861674   0
0.762726025391844   0.505348366969302   0.268055686496899   0.0820412787958814   0
0.845989270591353   0.394197781375352   0.0832632451995093   -0.11115058559395   0
0.736126961606488   0.397694352585626   -0.109862308984865   0.00349657121027347   0
0.863429211161176   0.41864647073948   0.127302249554688   0.0209521181538544   0
0.889672094030154   0.425715641070375   0.0262428828689788   0.00706917033089433   0
0.880523048945229   0.418735592619018   -0.00914904508492531   -0.0069800484513568   0
0.884304653436184   0.41457844862583   0.00378160449095488   -0.00415714399318767   0
1.12795345718397   0.474405206893013   0.24364880374779   0.059826758267183   1
1.98531182372178   0.465547320664583   0.857358366537803   -0.00885788622842959   1
1.34454129662871   0.305510939486011   -0.640770527093071   -0.160036381178573   1
1.1907714475777   0.320608576547439   -0.153769849051006   0.015097637061428   0
1.12602682837222   0.331938415841181   -0.0647446192054801   0.0113298392937417   0
1.13639948169415   0.434777356980055   0.0103726533219293   0.102838941138875   0
1.14145647725093   0.416077537593956   0.00505699555678008   -0.0186998193860993   0
1.1583959335709   0.433927240505735   0.0169394563199667   0.0178497029117795   0
0.901506201420295   0.335238008008046   -0.2568897321506   -0.0986892324976898   0
1.32162867894389   0.577740826237382   0.4201224775236   0.242502818229336   0
1.34832487291228   0.573099066503558   0.0266961939683867   -0.00464175973382319   0
1.96014532988169   0.699604943849892   0.611820456969408   0.126505877346333   1
1.56115191591948   0.677240468951236   -0.398993413962208   -0.0223644748986556   1
1.55028845719951   0.548123639813281   -0.0108634587199683   -0.129116829137955   0
1.28477969740569   0.503663352980503   -0.265508759793827   -0.0444602868327788   0
1.43461422531396   0.569881181996739   0.149834527908277   0.0662178290162361   0
1.48765788027807   0.774363552458309   0.0530436549641091   0.20448237046157   0
1.73039383899398   0.551989559187798   0.242735958715908   -0.222373993270511   0
1.42066862740649   0.480880621812277   -0.309725211587489   -0.0711089373755212   0
1.44309933051486   0.491038880929342   0.0224307031083681   0.0101582591170642   0
1.13151853461568   0.409729562572985   -0.311580795899184   -0.081309318356356   0
1.30745000423871   0.447393457461617   0.17593146962303   0.0376638948886318   0
1.46502143085901   0.439622554035686   0.157571426620299   -0.00777090342593095   0
0.63769749413998   0.405558338905175   -0.827323936719026   -0.0340642151305112   1
1.47768549124713   0.513091971795009   0.839987997107146   0.107533632889834   1
1.4974907431085   0.483674146075899   0.0198052518613752   -0.0294178257191098   0
1.24413836028349   0.368542809235267   -0.253352382825011   -0.115131336840632   0
1.86164651585968   0.380990710947787   0.617508155576194   0.0124479017125196   0
