0.0221155418545529   0.14417762565752   0   0   0
0.0871262427443471   0.144679294099545   0.0650107008897942   0.000501668442024428   0
0.0638407671356498   0.111150765225897   -0.0232854756086973   -0.0335285288736474   0
0.0602673398284676   0.112899819781645   -0.0035734273071822   0.00174905455574835   0
0.122743920132305   0.0720675313793944   0.0624765803038371   -0.040832288402251   0
0.2106808089054   0.0293881359072909   0.0879368887730951   -0.0426793954721035   0
0.0810934092804125   0.0474975112950142   -0.129587399624987   0.0181093753877233   0
0.0988847032278204   0.0453040541660733   0.0177912939474078   -0.00219345712894092   0
0.143069761886333   0.0335739557741548   0.0441850586585129   -0.0117300983919185   0
0.0940756687304241   0.0555066372187597   -0.0489940931559091   0.0219326814446049   0
0.164568920614047   0.0424894436749   0.0704932518836229   -0.0130171935438597   0
0.0705608528556734   0.0571545823671427   -0.0940080677583735   0.0146651386922427   0
0.0771316431654998   0.0381524579948986   0.00657079030982641   -0.0190021243722441   0
0.0965927440738692   0.0415720746661446   0.0194611009083694   0.003419616671246   0
0.151258125721596   0.0214275519113646   0.0546653816477263   -0.02014452275478   0
0.161355916622488   0.0119415173630636   0.0100977909008924   -0.00948603454830098   0
0.0922372078332817   0.0241258286282508   -0.0691187087892063   0.0121843112651872   0
0.037606236012135   0.0211547477447641   -0.0546309718211467   -0.00297108088348672   0
0.0706757560652166   0.0263661301337056   0.0330695200530816   0.00521138238894157   0
0.0188296777372848   0.0219861013632476   -0.0518460783279318   -0.00438002877045799   0
0.0161574282836202   0.0111796281683203   -0.00267224945366466   -0.0108064731949274   0
0.0688103080341318   0.0112608121264632   0.0526528797505116   8.11839581429039e-05   0
0.03171898383064   0.0149371707841545   -0.0370913242034918   0.00367635865769137   0
0.110365362011784   0.024135062218741   0.0786463781811439   0.00919789143458647   0
0.0733619977791472   0.0177681075505356   -0.0370033642326367   -0.00636695466820542   0
0.139085541253267   0.00693862462467347   0.0657235434741194   -0.0108294829258621   0
0.140698296617408   0.0210866137748573   0.00161275536414104   0.0141479891501838   0
0.0230410740200386   0.0292348947353159   -0.117657222597369   0.00814828096045861   0
0.0460605083034263   0.0473768151327472   0.0230194342833876   0.0181419203974313   0
0.131158635965193   0.0482381204317345   0.0850981276617667   0.000861305298987376   0
0.13822795337319   0.0258460073275351   0.00706931740799749   -0.0223921131041994   0
0.0059658875428004   0.0432624031128461   -0.13226206583039   0.017416395785311   0
0.0384760721561908   0.0293068067102167   0.0325101846133904   -0.0139555964026295   0
0.155789920601495   0.0172998313262449   0.117313848445304   -0.0120069753839717   0
0.0781157061947621   0.0230059708126907   -0.0776742144067325   0.00570613948644577   0
0.100923355649364   0.0365078020948129   0.0228076494546023   0.0135018312821222   0
0.204268946226786   0.0507997332322228   0.103345590577422   0.0142919311374099   0
0.048608975809546   0.0261529431206604   -0.15565997041724   -0.0246467901115624   0
0.137002713375467   0.0476344879031362   0.0883937375659206   0.0214815447824757   0
0.0500226913140267   0.0470793275323682   -0.0869800220614399   -0.000555160370767999   0
0.119396615309038   0.0589524959749373   0.0693739239950113   0.0118731684425691   0
0.0665778038280375   0.051572849878691   -0.0528188114810005   -0.0073796460962463   0
0.066228123132577   0.0476644666770226   -0.000349680695460527   -0.00390838320166839   0
0.144785928932511   0.046788823920275   0.0785578057999336   -0.000875642756747605   0
0.0212627263761471   0.0572625068145161   -0.123523202556364   0.0104736828942411   0
0.104579374717127   0.0406663283182783   0.0833166483409802   -0.0165961784962378   0
0.125177647721988   0.0521338526763081   0.0205982730048602   0.0114675243580299   0
0.144423334415495   0.0641039783492608   0.0192456866935078   0.0119701256729527   0
0.103980896318795   0.0521324893673321   -0.0404424380967003   -0.0119714889819287   0
0.171897533917902   0.0540758929644486   0.0679166375991065   0.00194340359711644   0
0.0334245655867058   0.0435383798780168   -0.138472968331196   -0.0105375130864318   0
0.111374629746859   0.0538781511245746   0.0779500641601535   0.0103397712465578   0
0.124653919303205   0.0809653125928783   0.0132792895563459   0.0270871614683037   0
0.0892327494914844   0.05491634480412   -0.0354211698117209   -0.0260489677887583   0
0.141684836418193   0.0532513345872665   0.0524520869267083   -0.00166501021685356   0
0.146571854011778   0.0496569209613574   0.00488701759358548   -0.00359441362590902   0
0.177132683420593   0.0712824228320874   0.0305608294088148   0.02162550187073   0
0.0603891487830388   0.0658076424925137   -0.116743534637554   -0.0054747803395737   0
0.0849359857494454   0.0576529404729065   0.0245468369664066   -0.00815470201960725   0
0.137693319747234   0.0605825076471955   0.0527573339977889   0.00292956717428899   0
0.0706024983016182   0.0489248787674022   -0.0670908214456161   -0.0116576288797933   0
0.11008611383626   0.0659274806367762   0.0394836155346418   0.017002601869374   0
0.187939755794936   0.075154317918284   0.0778536419586755   0.00922683728150779   0
0.0863101393205509   0.0490706452531705   -0.101629616474385   -0.0260836726651135   0
0.0741449732868655   0.0615516986152494   -0.0121651660336854   0.012481053362079   0
0.225544780979502   0.0523656163451267   0.151399807692637   -0.00918608227012274   0
0.150277178907444   0.0371049029843092   -0.0752676020720579   -0.0152607133608175   0
0.16692968828405   0.0414137336814857   0.0166525093766055   0.0043088306971765   0
0.0415549410524188   0.0302595976690025   -0.125374747231631   -0.0111541360124832   0
0.0454005833535584   0.0573177590133503   0.00384564230113957   0.0270581613443478   0
0.0497274500199849   0.0282305071812392   0.00432686666642657   -0.0290872518321111   0
0.147516831487258   0.0218095562748305   0.0977893814672728   -0.0064209509064087   0
0.0328392760581655   0.0191339943703266   -0.114677555429092   -0.00267556190450393   0
0.0655362430445025   0.0226710569782818   0.032696966986337   0.0035370626079552   0
0.0978863808475929   0.0185436034757919   0.0323501378030904   -0.00412745350248994   0
0.0816781341787635   0.0193266920105977   -0.0162082466688294   0.000783088534805812   0
0.0543322469747019   0.018656996414927   -0.0273458872040617   -0.000669695595670646   0
0.139115550762129   0.0201423706425584   0.0847833037874268   0.00148537422763141   0
0.0855492565051269   0.0198932101066853   -0.0535662942570018   -0.000249160535873164   0
0.142306823788614   0.0209692723824648   0.056757567283487   0.00107606227577951   0
0.0753472734393249   0.035124015748274   -0.066959550349289   0.0141547433658092   0
0.0536626655661084   0.060101408755619   -0.0216846078732165   0.024977393007345   0
0.135095533356251   0.0768299331043735   0.0814328677901429   0.0167285243487544   0
0.218281797542626   0.0411992978674394   0.0831862641863748   -0.035630635236934   0
0.139999487839277   0.0716595276576325   -0.0782823097033486   0.0304602297901931   0
0.107154073801513   0.0327537131958348   -0.0328454140377649   -0.0389058144617978   0
0.130403348520235   0.0422176038954723   0.0232492747187229   0.00946389069963757   0
0.12875061535919   0.0589989328947143   -0.00165273316104583   0.016781328999242   0
0.188269330802364   0.0632648302187321   0.0595187154431745   0.00426589732401783   0
0.139807810789276   0.0543730951270019   -0.0484615200130881   -0.0088917350917302   0
0.192986355089473   0.0568828701949453   0.0531785443001966   0.00250977506794342   0
0.130153874556273   0.0599173921851994   -0.0628324805331997   0.0030345219902541   0
0.197324982022171   0.0565217696415505   0.0671711074658979   -0.00339562254364895   0
0.113089986402068   0.0706026400626421   -0.0842349956201025   0.0140808704210916   0
0.125878589739796   0.0788460771836653   0.0127886033377282   0.00824343712102314   0
0.104035854904884   0.08357993262424   -0.0218427348349128   0.00473385544057475   0
0.122530026891942   0.0769873934685576   0.0184941719870583   -0.00659253915568243   0
0.200513575904601   0.0868612570977706   0.0779835490126587   0.009873863629213   0
0.112061524729365   0.0799172284089138   -0.0884520511752359   -0.00694402868885677   0
0.204454678420916   0.0842344719949914   0.092393153691551   0.00431724358607763   0
0.117501125365207   0.0916076573931595   -0.086953553055709   0.0073731853981681   0
0.154714193399733   0.0964680865373103   0.0372130680345264   0.0048604291441508   0
0.191031761565714   0.105049323119   0.0363175681659815   0.00858123658168934   0
0.110563673972151   0.100529571953978   -0.080468087593564   -0.00451975116502189   0
0.147611899997663   0.105080288712774   0.0370482260255123   0.00455071675879651   0
0.102807199780803   0.10172544082136   -0.0448047002168596   -0.00335484789141438   0
0.130693564124826   0.13793204125206   0.0278863643440227   0.0362066004307001   0
0.0688807191861409   0.10588396894201   -0.0618128449386851   -0.0320480723100502   0
0.0839678966292475   0.110255416770379   0.0150871774431066   0.00437144782836932   0
0.164596298006668   0.105024597316117   0.0806284013774209   -0.00523081945426228   0
0.103810447193623   0.107029462554803   -0.0607858508130454   0.00200486523868625   0
0.191049823966943   0.119734357811501   0.0872393767733202   0.0127048952566977   0
0.146375484054161   0.110470954863541   -0.0446743399127821   -0.00926340294795987   0
0.136237073949568   0.11207547635684   -0.0101384101045934   0.00160452149329859   0
0.108209456661329   0.113923972349809   -0.028027617288239   0.00184849599296925   0
0.207957970850675   0.124531611773718   0.0997485141893457   0.0106076394239091   0
0.0714076665439363   0.116899845306934   -0.136550304306738   -0.00763176646678436   0
0.13145618954009   0.127888103856301   0.0600485229961534   0.0109882585493673   0
0.175629494764917   0.110042373244128   0.0441733052248273   -0.0178457306121728   0
0.132103726773699   0.120132359034567   -0.0435257679912184   0.0100899857904384   0
0.140642858934572   0.119743651438479   0.00853913216087374   -0.00038870759608732   0
0.11217468788742   0.105213072316181   -0.0284681710471527   -0.0145305791222979   0
0.0664347440241174   0.118389444917864   -0.0457399438633022   0.0131763726016829   0
0.0706670446899402   0.12136314024122   0.00423230066582278   0.00297369532335567   0
0.0377922706698288   0.113280128501031   -0.0328747740201114   -0.00808301174018929   0
0.192031548657636   0.121819167559338   0.154239277987807   0.00853903905830716   0
0.0901696295795319   0.112372523283986   -0.101861919078104   -0.00944664427535162   0
0.088741425764521   0.117675110864713   -0.00142820381501092   0.00530258758072689   0
0.119708997872048   0.123007983681914   0.030967572107527   0.00533287281720091   0
0.216994991618632   0.131534763412624   0.0972859937465836   0.00852677973071021   0
0.111320928436031   0.125279653606674   -0.1056740631826   -0.00625510980595062   0
0.038239865560794   0.122409627135093   -0.0730810628752373   -0.00287002647158051   0
0.068412314802892   0.129574972730356   0.030172449242098   0.00716534559526301   0
0.131730947083   0.138811928570179   0.0633186322801079   0.00923695583982309   0
0.14243207899691   0.145177764710621   0.0107011319139105   0.00636583614044214   0
0.184543847475363   0.130842108683806   0.0421117684784525   -0.0143356560268149   0
0.192868097786233   0.114394042307172   0.00832425031087028   -0.0164480663766346   0
0.0814394912231904   0.132434835104373   -0.111428606563043   0.0180407927972014   0
0.0999853460083026   0.122698297978558   0.0185458547851123   -0.00973653712581517   0
0.128567891254335   0.133824592723367   0.0285825452460319   0.0111262947448089   0
0.190809045788846   0.107125981320103   0.0622411545345116   -0.0266986114032641   0
0.104340869710627   0.118403129866286   -0.0864681760782194   0.0112771485461829   0
0.173913087595644   0.139817860171457   0.0695722178850168   0.021414730305171   0
0.103677831615276   0.114584566092744   -0.0702352559803672   -0.0252332940787123   0
0.0540087145884773   0.121730986478885   -0.0496691170267991   0.00714642038614068   0
0.225516867789579   0.133651530423308   0.171508153201102   0.0119205439444232   0
0.176929884088811   0.134412071470469   -0.0485869837007684   0.000760541047160862   0
0.235682825216794   0.154536846512717   0.0587529411279835   0.0201247750422477   0
0.118886079808235   0.0641030458170476   -0.116796745408559   -0.0904338006956693   0
0.162730780348064   0.0959407848128339   0.0438447005398295   0.0318377389957863   0
0.119274804931008   0.0647231119710512   -0.0434559754170565   -0.0312176728417827   0
0.101295328704141   0.075196548844312   -0.0179794762268668   0.0104734368732608   0
0.160222454442254   0.0689543120133041   0.0589271257381124   -0.00624223683100786   0
0.216436330347333   0.0686942347556183   0.0562138759050798   -0.000260077257685815   0
0.16414248682206   0.0592976377285175   -0.0522938435252737   -0.00939659702710084   0
0.0604947275708388   0.0647456732341785   -0.103647759251221   0.00544803550566106   0
0.0801622998731948   0.0646669256465382   0.019667572302356   -7.87475876403432e-05   0
0.205828270725088   0.0828532082707121   0.125665970851893   0.0181862826241739   0
0.0447775776727639   0.0676070519016693   -0.161050693052324   -0.0152461563690429   0
0.0446196289250594   0.0720257419993887   -0.000157948747704431   0.0044186900977194   0
0.0507606423684689   0.0770182567827265   0.00614101344340947   0.00499251478333786   0
0.0387431502628529   0.0664764310693835   -0.012017492105616   -0.010541825713343   0
0.0532776057707176   0.0666920625891492   0.0145344555078647   0.00021563151976571   0
0.0369995604586055   0.065537926876112   -0.0162780453121121   -0.00115413571303727   0
0.165713904780459   0.0732802887099423   0.128714344321853   0.00774236183383034   0
0.0717615541641379   0.0616242997904439   -0.0939523506163207   -0.0116559889194985   0
0.100929969946444   0.0757427304508822   0.0291684157823056   0.0141184306604384   0
0.135271504172904   0.0628201565435498   0.0343415342264605   -0.0129225739073324   0
0.0379555441587181   0.0698454491168179   -0.097315960014186   0.00702529257326813   0
0.0713774531334651   0.0830390875245273   0.0334219089747469   0.0131936384077094   0
0.167054653629823   0.0701561635170325   0.0956772004963576   -0.0128829240074948   0
0.112425559097609   0.0755736545562837   -0.0546290945322135   0.0054174910392512   0
0.194633368419344   0.0679916020784369   0.0822078093217346   -0.00758205247784684   0
0.102350168272944   0.0615958277129831   -0.0922832001463995   -0.00639577436545373   0
0.133191561054333   0.0789446882331231   0.0308413927813883   0.0173488605201399   0
0.170331179663766   0.0668937863546279   0.037139618609433   -0.0120509018784952   0
0.0629309310422943   0.0670142320936008   -0.107400248621471   0.000120445738972963   0
0.109942341435045   0.0642261043348808   0.0470114103927507   -0.00278812775872   0
0.141261753945858   0.0656254541295906   0.0313194125108126   0.00139934979470976   0
0.109007209686791   0.0643796351853014   -0.0322545442590666   -0.00124581894428918   0
0.164101558308293   0.0427448841820703   0.0550943486215018   -0.0216347510032312   0
0.20728601729123   0.067212833156195   0.043184458982937   0.0244679489741247   0
0.157078860915911   0.0677529665427647   -0.0502071563753191   0.000540133386569774   0
0.142679178910109   0.0475255904664529   -0.0143996820058016   -0.0202273760763118   0
0.163596614160196   0.0551030223156816   0.0209174352500872   0.00757743184922865   0
0.120449917315678   0.0570292768722566   -0.0431466968445185   0.00192625455657502   0
0.0904548630277002   0.0449276521387998   -0.0299950542879776   -0.0121016247334568   0
0.13123383788304   0.0442457398323556   0.0407789748553401   -0.000681912306444168   0
0.176257750261478   0.0457643358121313   0.0450239123784378   0.0015185959797757   0
0.0391047943341338   0.0512615969535121   -0.137152955927344   0.00549726114138082   0
0.309599750364886   0.10783537483762   0.270494956030753   0.0565737778841078   0
0.387338290476168   0.217650084062843   0.0777385401112812   0.109814709225223   0
0.3309918529459   0.180417599030756   -0.0563464375302681   -0.0372324850320871   0
0.412928401583434   0.268428937528673   0.0819365486375347   0.0880113384979179   0
0.463909026561243   0.310012980770967   0.0509806249778087   0.0415840432422936   0
0.561517320654492   0.379551574676357   0.0976082940932493   0.0695385939053904   0
0.525879375551086   0.315657468046144   -0.0356379451034065   -0.0638941066302133   0
0.493980119221412   0.307164213622844   -0.0318992563296743   -0.0084932544233004   0
0.452499114042227   0.334116273423639   -0.041481005179185   0.0269520598007954   0
0.451003223353226   0.281624984085326   -0.00149589068900041   -0.0524912893383134   0
0.403712065810523   0.209899140773307   -0.0472911575427032   -0.0717258433120189   0
0.353873038618372   0.249468631162161   -0.0498390271921507   0.0395694903888545   0
0.384718573953741   0.263203953304448   0.0308455353353686   0.0137353221422866   0
0.391930141091496   0.19651356208708   0.00721156713775511   -0.0666903912173683   0
0.359558302005391   0.228439531899822   -0.032371839086105   0.0319259698127428   0
0.406718954573057   0.23486873315838   0.0471606525676655   0.00642920125855795   0
0.4105806682322   0.229523417934472   0.00386171365914362   -0.00534531522390799   0
0.390797424502772   0.260609582126833   -0.0197832437294278   0.0310861641923605   0
0.317552590532655   0.229239405531253   -0.0732448339701174   -0.0313701765955794   0
0.362064829671428   0.278370316985437   0.0445122391387728   0.0491309114541832   0
0.354541648337681   0.268962526911413   -0.00752318133374658   -0.00940779007402381   0
0.381650800697444   0.268739567599823   0.0271091523597626   -0.000222959311589555   0
0.366880934561882   0.23618561438464   -0.0147698661355617   -0.032553953215183   0
0.379798931279434   0.260658871260197   0.0129179967175516   0.0244732568755568   0
0.361833772782475   0.260195107138489   -0.0179651584969583   -0.000463764121707566   0
0.368883640907265   0.234027735327461   0.00704986812478964   -0.0261673718110288   0
1.14628878568012   0.742703473949606   0.777405144772853   0.508675738622145   1
0.535129058498976   0.527175121864405   -0.611159727181143   -0.215528352085201   1
0.413686542944051   0.446817120443029   -0.121442515554925   -0.0803580014213761   0
0.443106244646812   0.48014378266437   0.0294197017027607   0.0333266622213417   0
0.42533450393073   0.398506748541665   -0.0177717407160818   -0.0816370341227051   0
0.40771988481677   0.422404893556647   -0.01761461911396   0.0238981450149821   0
0.358785937840727   0.409637463199501   -0.0489339469760428   -0.0127674303571463   0
0.368730490247877   0.395351552887455   0.00994455240715036   -0.0142859103120454   0
0.370272371644834   0.39546695926812   0.00154188139695655   0.00011540638066404   0
0.367397763111046   0.376478023548218   -0.00287460853378829   -0.0189889357199017   0
0.371381684350602   0.348031090075298   0.00398392123955615   -0.0284469334729201   0
0.342471298849991   0.379113138686557   -0.0289103855006105   0.0310820486112591   0
0.400687357030391   0.377769064701932   0.0582160581803998   -0.00134407398462488   0
0.343904617846591   0.345468752197681   -0.0567827391837997   -0.0323003125042513   0
0.36695337551689   0.347245264027852   0.0230487576702991   0.00177651183017113   0
0.419727015138411   0.355447618911947   0.0527736396215207   0.00820235488409488   0
0.361181882118968   0.367934283969505   -0.0585451330194433   0.0124866650575585   0
0.3262631910544   0.346074830049081   -0.0349186910645677   -0.0218594539204247   0
0.341789497874584   0.368690379807027   0.0155263068201834   0.0226155497579467   0
0.355161046003697   0.373591057295273   0.0133715481291132   0.00490067748824574   0
0.372548613479167   0.353831053226324   0.0173875674754706   -0.0197600040689486   0
0.320194229008738   0.351949509670421   -0.0523543844704296   -0.00188154355590298   0
0.304195269740885   0.355061752773021   -0.0159989592678524   0.00311224310259978   0
0.346490566406937   0.363080622316862   0.0422952966660516   0.00801886954384112   0
0.368830418320141   0.339352003667652   0.0223398519132038   -0.0237286186492104   0
0.350791387790521   0.317624201038936   -0.0180390305296193   -0.0217278026287158   0
0.424042622179658   0.272889644100871   0.0732512343891363   -0.0447345569380652   0
0.35767093764554   0.251752949865538   -0.0663716845341175   -0.0211366942353332   0
0.361985292442939   0.248155676065449   0.00431435479739861   -0.00359727380008892   0
0.338030254495067   0.204296020806207   -0.0239550379478716   -0.0438596552592423   0
0.307615650214679   0.226931524426423   -0.0304146042803879   0.0226355036202159   0
0.305921416977776   0.359058892412164   -0.00169423323690393   0.132127367985742   0
0.395061512748129   0.416261271178631   0.0891400957703534   0.0572023787664671   0
0.766376143888887   0.791490648737888   0.371314631140758   0.375229377559257   1
