0.0867304107446171   0.0670830017024059   0   0   0
0.0818765164342622   0.0700349323998746   -0.00485389431035498   0.00295193069746862   0
0.0599518582205756   0.0778057039854727   -0.0219246582136865   0.00777077158559814   0
0.0792479216457441   0.0558789194840505   0.0192960634251685   -0.0219267845014222   0
0.0973636140442619   0.0557140775793524   0.0181156923985178   -0.000164841904698093   0
0.0874547813031397   0.0557213105752781   -0.00990883274112218   7.23299592568505e-06   0
0.0871423176285781   0.0557140775793524   -0.000312463674561614   -7.23299592568505e-06   0
0.0827758056972573   0.0695964985269554   -0.00436651193132079   0.013882420947603   0
0.0793285287617261   0.0665702671812274   -0.00344727693553128   -0.00302623134572799   0
0.0360141847257438   0.0584748407395437   -0.0433143440359822   -0.00809542644168368   0
0.0384484911378847   0.0564824476116917   0.00243430641214089   -0.00199239312785197   0
0.0789270215625168   0.0279456738351842   0.0404785304246321   -0.0285367737765075   0
0.0583981546907991   0.0180007109502653   -0.0205288668717178   -0.00994496288491895   0
0.0718326990110938   0.037568946464   0.0134345443202947   0.0195682355137348   0
0.0834666368051457   0.0325234468887447   0.0116339377940518   -0.00504549957525528   0
0.077836048634483   0.0298512571936548   -0.0056305881706627   -0.00267218969508998   0
0.0932044216056063   0.025165938923182   0.0153683729711233   -0.00468531827047279   0
0.100601080574167   0.0184433205440134   0.00739665896856052   -0.00672261837916861   0
0.0547359553681865   0.0270898342043164   -0.0458651252059803   0.00864651366030304   0
0.0312574732905588   0.0362834570989552   -0.0234784820776276   0.00919362289463885   0
0.00886265739442748   0.0101367627977254   -0.0223948158961314   -0.0261466943012298   0
0.0743734680985067   0.0160877883734255   0.0655108107040793   0.00595102557570009   0
0.0622260872952815   0.0148112084595618   -0.0121473808032252   -0.00127657991386368   0
0.0576615855124536   0.033055676522658   -0.00456450178282795   0.0182444680630961   0
0.0474619853017128   0.0476368427547943   -0.0101996002107408   0.0145811662321364   0
0.0516899286884786   0.020634208048893   0.00422794338676579   -0.0270026347059013   0
0.06681783176903   0.0349490951348529   0.0151279030805515   0.0143148870859599   0
0.0667850702095161   0.0832706971294975   -3.27615595138997e-05   0.0483216019946446   0
0.054186967003906   0.0300048276263171   -0.0125981032056101   -0.0532658695031804   0
0.0544582840241005   0.0299809554451343   0.000271317020194471   -2.38721811828164e-05   0
0.0469968595969986   0.0459906713082664   -0.00746142442710189   0.0160097158631322   0
0.0411582643280788   0.0369892536773858   -0.00583859526891985   -0.00900141763088061   0
0.050286572094944   0.0334730810703541   0.00912830776686525   -0.00351617260703169   0
0.0680235937708381   0.0614020930356002   0.0177370216758941   0.0279290119652461   0
0.0785247748026698   0.0500065396862   0.0105011810318317   -0.0113955533494001   0
0.080719833337105   0.0565658104147063   0.0021950585344352   0.0065592707285063   0
0.0555408043548606   0.0364768509160347   -0.0251790289822444   -0.0200889594986716   0
0.0928864035380852   0.0440455469104358   0.0373455991832246   0.00756869599440105   0
0.0959633713818455   0.0455972296513999   0.00307696784376031   0.00155168274096407   0
0.105729105829473   0.0402548126549485   0.00976573444762799   -0.00534241699645139   0
0.108631841861445   0.0524854596019221   0.00290273603197155   0.0122306469469737   0
0.0917835420925233   0.0483561995683335   -0.0168482997689217   -0.0041292600335886   0
0.0906231772906909   0.0622927868135228   -0.00116036480183239   0.0139365872451893   0
0.0813305965573227   0.05226385493716   -0.00929258073336818   -0.0100289318763628   0
0.0919377822649513   0.0644939024600194   0.0106071857076286   0.0122300475228595   0
0.0972842903271643   0.0719652661493724   0.005346508062213   0.00747136368935293   0
0.0972926267925273   0.0733977479288193   8.33646536296806e-06   0.00143248177944696   0
0.115802005569161   0.051628610532848   0.0185093787766337   -0.0217691373959714   0
0.0805566957358139   0.0541009848551068   -0.0352453098333471   0.00247237432225888   0
0.0976502796744075   0.0537032369244629   0.0170935839385936   -0.000397747930643899   0
0.125611450281772   0.0670315104794752   0.0279611706073642   0.0133282735550123   0
0.120741526443101   0.0670608834255112   -0.00486992383867094   2.93729460359299e-05   0
0.141352586212634   0.0602346181955609   0.0206110597695328   -0.00682626522995024   0
0.121395046654013   0.0606773708990839   -0.0199575395586205   0.000442752703523022   0
0.116536224805551   0.0532169095617852   -0.00485882184846168   -0.00746046133729875   0
0.106146011800857   0.0427972817583372   -0.0103902130046947   -0.010419627803448   0
0.135093046148927   0.0627873962543837   0.0289470343480702   0.0199901144960466   0
0.112270585797234   0.0567670204724838   -0.0228224603516928   -0.00602037578189989   0
0.159389788979596   0.151313664527068   0.0471192031823615   0.0945466440545839   0
0.138170367106554   0.081731323043362   -0.0212194218730412   -0.0695823414837057   0
0.138406674534137   0.069289185221613   0.000236307427582183   -0.012442137821749   0
0.182264019514769   0.121519591027538   0.0438573449806322   0.0522304058059246   0
0.192524349544804   0.0893998374522571   0.0102603300300356   -0.0321197535752804   0
0.167475778365709   0.0749515809660644   -0.0250485711790956   -0.0144482564861928   0
0.187820958226312   0.0962866729925409   0.0203451798606032   0.0213350920264765   0
0.164471610904648   0.0984196160311678   -0.0233493473216637   0.00213294303862691   0
0.188589924754161   0.109555658639296   0.0241183138495125   0.0111360426081284   0
0.21520530307985   0.119097850324733   0.0266153783256891   0.00954219168543677   0
0.208167626936875   0.118802736200487   -0.00703767614297471   -0.000295114124246015   0
0.187450587963255   0.0958945373644662   -0.0207170389736201   -0.0229081988360208   0
0.204069554314074   0.108209319409305   0.0166189663508192   0.0123147820448389   0
0.229597903457   0.117545671128173   0.025528349142926   0.00933635171886753   0
0.297470377157041   0.188967525833733   0.067872473700041   0.0714218547055603   0
0.269957513651686   0.140807806078268   -0.0275128635053556   -0.0481597197554653   0
0.266253562722624   0.133065741076225   -0.00370395092906212   -0.00774206500204236   0
0.290101924324058   0.147819042970121   0.0238483616014347   0.0147533018938959   0
0.333648711111627   0.183579567341664   0.0435467867875689   0.0357605243715428   0
0.286248441177799   0.166784874865064   -0.0474002699338278   -0.0167946924766   0
0.263420622492792   0.147480084058509   -0.0228278186850073   -0.0193047908065545   0
0.274366677113098   0.150243673586444   0.010946054620306   0.00276358952793482   0
0.303467805864625   0.162480288306767   0.0291011287515274   0.0122366147203224   0
0.312614249157104   0.167131273722933   0.00914644329247882   0.00465098541616657   0
0.278388657655246   0.156776933614937   -0.0342255915018578   -0.0103543401079957   0
0.315110494889085   0.176586764783979   0.0367218372338386   0.019809831169042   0
0.322872477704345   0.181324190598635   0.00776198281525958   0.00473742581465522   0
0.318442368361906   0.162263457336364   -0.00443010934243837   -0.0190607332622708   0
0.352897370989428   0.159389006833909   0.0344550026275218   -0.00287445050245461   0
0.316527463416763   0.144673700887549   -0.0363699075726654   -0.0147153059463603   0
0.333329336689227   0.191818044523319   0.0168018732724644   0.04714434363577   0
0.335310200027676   0.15986392323004   0.00198086333844888   -0.0319541212932794   0
0.346954779660189   0.163770654043551   0.0116445796325127   0.00390673081351148   0
0.358450827075598   0.157537931658228   0.0114960474154091   -0.00623272238532313   0
0.371960404903587   0.163238775390127   0.0135095778279888   0.00570084373189875   0
0.354335976770268   0.155971943339874   -0.0176244281333183   -0.00726683205025261   0
0.352371526707267   0.156095169397551   -0.00196445006300144   0.000123226057676451   0
0.345421024881303   0.160416410023733   -0.00695050182596341   0.00432124062618267   0
0.380268553677437   0.163368347601065   0.034847528796134   0.00295193757733211   0
0.363508848827494   0.160514858059628   -0.0167597048499432   -0.00285348954143741   0
0.363327950767471   0.170874008273355   -0.000180898060022916   0.0103591502137268   0
0.421134120014705   0.204743841705923   0.0578061692472338   0.0338698334325681   0
0.461196604193309   0.221965066964376   0.0400624841786043   0.0172212252584533   0
0.417314708724531   0.205905473485408   -0.0438818954687786   -0.0160595934789683   0
0.408023251710708   0.196363625554792   -0.00929145701382245   -0.00954184793061599   0
0.458643395785887   0.202673252999187   0.0506201440751789   0.00630962744439525   0
0.488756361733574   0.218124989995782   0.0301129659476865   0.0154517369965949   0
0.467626507201827   0.195264809158768   -0.0211298545317471   -0.0228601808370143   0
0.485375056076824   0.217158364067223   0.0177485488749974   0.0218935549084551   0
0.499638559335336   0.233509664539955   0.0142635032585118   0.0163513004727325   0
0.55297613470706   0.29856770180951   0.0533375753717237   0.0650580372695547   0
0.555278868166014   0.249029207797243   0.00230273345895493   -0.0495384940122669   0
0.547466975679063   0.226586052785139   -0.00781189248695124   -0.0224431550121037   0
0.58079063552665   0.228255236311657   0.0333236598475868   0.00166918352651757   0
0.5396879652769   0.212998288729769   -0.0411026702497505   -0.0152569475818881   0
0.557689011313295   0.217964277691186   0.018001046036395   0.00496598896141701   0
0.505781708838082   0.209276586629991   -0.0519073024752129   -0.00868769106119521   0
0.567767271822848   0.204015238792946   0.0619855629847665   -0.00526134783704441   0
0.564242424292165   0.217231185304718   -0.00352484753068272   0.0132159465117721   0
0.54830762307359   0.217999336258744   -0.0159348012185756   0.000768150954025548   0
0.56228214632244   0.222682452109928   0.0139745232488503   0.00468311585118414   0
0.557989415663236   0.213827846866797   -0.00429273065920366   -0.00885460524313106   0
0.591602234104343   0.246953619699003   0.0336128184411068   0.0331257728322064   0
0.551093768845421   0.224466712246499   -0.0405084652589226   -0.0224869074525046   0
0.571655031252424   0.235469669916381   0.0205612624070035   0.0110029576698818   0
0.600582227660793   0.241564169752091   0.0289271964083684   0.00609449983571014   0
0.644944866576679   0.247040212672486   0.0443626389158863   0.00547604292039483   0
0.632176589078787   0.213318015011665   -0.0127682774978914   -0.0337221976608206   0
0.607419616764136   0.224770690448932   -0.0247569723146512   0.0114526754372666   0
0.66001544741468   0.275443715895943   0.0525958306505439   0.0506730254470115   0
0.666908308840586   0.245977259204997   0.00689286142590573   -0.0294664566909457   0
0.660177937477079   0.255033295108648   -0.00673037136350685   0.00905603590365106   0
0.656391861735884   0.248402309790242   -0.00378607574119483   -0.00663098531840611   0
0.674664572069477   0.248428253530753   0.0182727103335927   2.5943740510459e-05   0
0.654968368891514   0.230930505756234   -0.0196962031779629   -0.0174977477745188   0
0.659002489008266   0.241898900538329   0.00403412011675242   0.0109683947820952   0
0.67505360191784   0.252837740749636   0.0160511129095742   0.0109388402113065   0
0.693031505747387   0.279266245074445   0.0179779038295462   0.0264285043248093   0
0.692690587836164   0.250592086460591   -0.000340917911222927   -0.0286741586138536   0
0.69142990993032   0.251683965062859   -0.00126067790584394   0.00109187860226773   0
0.736599210657085   0.258700874890384   0.0451693007267648   0.00701690982752462   0
0.768769095983111   0.262878742223273   0.0321698853260266   0.00417786733288927   0
0.788155883676072   0.306046226183578   0.0193867876929609   0.0431674839603053   0
0.839187226461563   0.342778406613092   0.0510313427854906   0.0367321804295133   0
0.825597356586708   0.29936710890345   -0.0135898698748547   -0.0434112977096418   0
0.828708560144645   0.295272113957973   0.0031112035579367   -0.00409499494547716   0
0.842831232340734   0.332879646473331   0.0141226721960892   0.0376075325153586   0
0.86013999244044   0.341168314702523   0.0173087600997058   0.00828866822919205   0
0.869418076519369   0.3448072718151   0.0092780840789296   0.003638957112577   0
0.866427788753939   0.344803891365644   -0.00299028776543064   -3.38044945669136e-06   0
0.892940359599257   0.347591407019593   0.0265125708453179   0.00278751565394886   0
0.901862427228017   0.349823473341302   0.00892206762876013   0.00223206632170936   0
0.93101404098985   0.357465219728189   0.0291516137618334   0.00764174638688719   0
0.930910759701213   0.346661081296376   -0.000103281288636792   -0.0108041384318132   0
0.947387489231439   0.384237324233217   0.0164767295302257   0.0375762429368414   0
0.92380303703454   0.361611194406579   -0.023584452196899   -0.0226261298266384   0
0.937313094705286   0.35473883487032   0.0135100576707458   -0.00687235953625837   0
0.944843552442943   0.342702455809063   0.00753045773765693   -0.0120363790612578   0
0.955844586602864   0.367879238149644   0.0110010341599213   0.0251767823405813   0
0.999334696342522   0.386425551229279   0.0434901097396579   0.0185463130796355   0
1.02215544597189   0.391402000825689   0.0228207496293714   0.00497644959640936   0
1.01247509628682   0.382603131700134   -0.00968034968507592   -0.008798869125555   0
1.03814588686369   0.381585450188123   0.0256707905768738   -0.00101768151201087   0
1.03829598094426   0.419764499941932   0.000150094080567431   0.0381790497538087   0
1.07773929063062   0.435106021817215   0.0394433096863651   0.015341521875283   0
1.07761251208864   0.42302598089959   -0.000126778541978956   -0.0120800409176249   0
1.07287683332245   0.423747373691357   -0.00473567876619851   0.000721392791767139   0
1.08061284847072   0.431653603756615   0.00773601514827216   0.00790623006525776   0
1.14646350690678   0.474347610008022   0.0658506584360652   0.0426940062514073   0
1.1681769350428   0.44581554477645   0.0217134281360205   -0.0285320652315725   0
1.17080177144938   0.46754441177574   0.00262483640657307   0.0217288669992903   0
1.23442862177284   0.529339726150279   0.0636268503234654   0.0617953143745393   0
1.32124820265233   0.543431029900522   0.0868195808794827   0.0140913037502428   0
1.32650816703705   0.525509069114622   0.00525996438472665   -0.0179219607858995   0
1.29461399622281   0.518252304093404   -0.0318941708142393   -0.00725676502121808   0
1.33652037848774   0.532024661868281   0.0419063822649228   0.0137723577748764   0
1.36815882755366   0.522774791683932   0.0316384490659225   -0.00924987018434875   0
1.38153257423812   0.544171887750907   0.0133737466844599   0.0213970960669745   0
1.38501118688803   0.512547018189073   0.00347861264991578   -0.0316248695618335   0
1.38888598462136   0.523321433956285   0.00387479773332466   0.0107744157672121   0
1.41750421142826   0.535165168108959   0.0286182268068969   0.0118437341526736   0
1.42626968442551   0.542865586476837   0.00876547299725727   0.00770041836787816   0
1.4000378484843   0.545067157400996   -0.0262318359412081   0.00220157092415962   0
1.43621414578128   0.579737597325999   0.0361762972969717   0.0346704399250028   0
1.44081473618644   0.534323872413389   0.00460059040516358   -0.0454137249126099   0
1.41835632571561   0.510378311553303   -0.0224584104708283   -0.0239455608600868   0
1.4591359822827   0.511121362912225   0.0407796565670855   0.000743051358921942   0
1.49591822770984   0.505066412283078   0.0367822454271471   -0.00605495062914674   0
1.48014311834024   0.495575070846739   -0.0157751093696072   -0.00949134143633923   0
1.46849194370041   0.487806480995794   -0.0116511746398296   -0.00776858985094453   0
1.47184397658074   0.496602088375593   0.0033520328803307   0.00879560737979862   0
1.48819201415089   0.496027848799087   0.0163480375701546   -0.000574239576505597   0
1.49960454413841   0.460511106448585   0.011412529987515   -0.0355167423505021   0
1.48496277380946   0.478560725012772   -0.0146417703289461   0.0180496185641871   0
1.49990619506162   0.47248829975646   0.0149434212521633   -0.00607242525631246   0
1.52587998164109   0.481297843577654   0.0259737865794609   0.00880954382119459   0
1.50670567271878   0.47502719441233   -0.0191743089223027   -0.00627064916532383   0
1.51535993052881   0.46865296638691   0.0086542578100306   -0.00637422802542048   0
1.54707370738741   0.503406833404405   0.0317137768585916   0.0347538670174948   0
1.53978070666988   0.497647227164233   -0.00729300071752026   -0.00575960624017141   0
1.57039029164066   0.466718334628607   0.0306095849707764   -0.0309288925356267   0
1.57391778724661   0.481897575034623   0.00352749560594412   0.0151792404060162   0
1.59744562494453   0.506933484379854   0.0235278376979218   0.0250359093452314   0
1.61276007845111   0.494355878204406   0.0153144535065861   -0.0125776061754478   0
1.57277862992285   0.486809323851752   -0.0399814485282592   -0.00754655435265428   0
1.59731543226228   0.457864713577057   0.024536802339431   -0.0289446102746955   0
1.60857730337713   0.443592249700387   0.0112618711148456   -0.01427246387667   0
1.614865538836   0.447976519107308   0.00628823545887114   0.00438426940692116   0
1.59405748145934   0.438420728632041   -0.0208080573766631   -0.00955579047526639   0
1.62589400818042   0.478444193852585   0.0318365267210841   0.0400234652205438   0
1.62868800974158   0.477145372020939   0.00279400156116072   -0.00129882183164637   0
1.60386085133276   0.460382253407155   -0.0248271584088251   -0.0167631186137837   0
1.6319965221558   0.479159538358833   0.028135670823046   0.018777284951678   0
1.6752097993078   0.496836648770247   0.0432132771519993   0.0176771104114141   0
1.67996350676653   0.498462996757783   0.0047537074587245   0.00162634798753625   0
1.69629019212781   0.509612028852587   0.0163266853612811   0.0111490320948036   0
1.68776743779413   0.501952833474919   -0.00852275433367988   -0.00765919537766768   0
1.7197547015712   0.467596304372158   0.0319872637770717   -0.0343565291027611   0
1.71715479374657   0.500988888330121   -0.00259990782463548   0.0333925839579624   0
1.73472424690467   0.491360859357458   0.0175694531581005   -0.00962802897266229   0
1.76350676589388   0.524909387298894   0.0287825189892132   0.0335485279414353   0
1.74216421399416   0.456038028816128   -0.021342551899719   -0.0688713584827652   0
1.75775841438107   0.521676921822789   0.0155942003869058   0.0656388930066603   0
1.7618430266925   0.50840666647724   0.00408461231143709   -0.0132702553455483   0
1.75949051169013   0.508445794684891   -0.00235251500236888   3.91282076502852e-05   0
1.78619460654371   0.508317818077922   0.0267040948535759   -0.000127976606968283   0
1.78975096062213   0.503566452917835   0.00355635407842048   -0.00475136516008756   0
1.78126358605769   0.500787430258089   -0.00848737456444404   -0.00277902265974617   0
1.78816995545212   0.527557080644834   0.00690636939443423   0.0267696503867453   0
1.81795124876116   0.534296461672029   0.0297812933090362   0.00673938102719507   0
1.80329232686808   0.512673013716833   -0.0146589218930782   -0.0216234479551962   0
1.78742735142799   0.516641241189183   -0.0158649754400859   0.00396822747235048   0
1.80571936439996   0.531300927902681   0.0182920129719681   0.0146596867134978   0
1.80043801961622   0.524225810601214   -0.00528134478374542   -0.00707511730146704   0
1.80438137965641   0.524960893258012   0.00394336004019147   0.000735082656798114   0
1.79441217975854   0.511100983833185   -0.00996919989786327   -0.0138599094248268   0
1.80436545420584   0.523646941329031   0.0099532744472941   0.012545957495846   0
1.85203358027795   0.54488467009726   0.0476681260721115   0.0212377287682288   0
1.8472188429707   0.529483999386903   -0.00481473730725246   -0.0154006707103571   0
1.85350072379198   0.520842758669783   0.006281880821287   -0.00864124071711991   0
1.85644694534187   0.53753996717407   0.00294622154988589   0.0166972085042867   0
1.91197315634007   0.582408503344946   0.0555262109981975   0.0448685361708763   0
1.91001393849207   0.583577021764265   -0.00195921784799458   0.00116851841931931   0
1.84910669264945   0.556085875274899   -0.0609072458426194   -0.0274911464893669   0
1.83522227255996   0.576852916210233   -0.0138844200894892   0.0207670409353344   0
1.81746680949942   0.528927692195493   -0.0177554630605445   -0.0479252240147401   0
1.81171177440924   0.529435403780527   -0.00575503509017605   0.000507711585034376   0
1.80371935825172   0.541380478531042   -0.00799241615752289   0.0119450747505148   0
1.81666178867174   0.55308010407648   0.0129424304200176   0.0116996255454381   0
1.84935676887641   0.552266080308441   0.032694980204673   -0.00081402376803863   0
1.81896561725449   0.55022217199714   -0.0303911516219237   -0.00204390831130175   0
1.81639930101864   0.535624416183813   -0.00256631623584891   -0.0145977558133272   0
