0.143913838524897   0.111083838092137   0   0   0
0.11938918560764   0.121203395158191   -0.0245246529172562   0.0101195570660541   0
0.0925718401977144   0.115017145858781   -0.026817345409926   -0.00618624929941004   0
0.075966935618794   0.102296373058921   -0.0166049045789203   -0.0127207727998592   0
0.066478897677952   0.115890532981115   -0.00948803794084202   0.0135941599221937   0
0.0565250703278643   0.110206175321043   -0.00995382735008776   -0.00568435766007182   0
0.0792164353020887   0.0918295297453521   0.0226913649742244   -0.0183766455756911   0
0.0617842573627587   0.0847697376132839   -0.01743217793933   -0.00705979213206816   0
0.0323304874830244   0.0845497134685417   -0.0294537698797342   -0.000220024144742217   0
0.086704370283789   0.0896043902989692   0.0543738828007646   0.00505467683042748   0
0.0411507061725555   0.0832117918845088   -0.0455536641112335   -0.00639259841446041   0
0.0751747564410421   0.0571020214303533   0.0340240502684866   -0.0261097704541555   0
0.0839883450054232   0.0608596886549095   0.00881358856438114   0.00375766722455626   0
0.0257631536666919   0.0485389193774182   -0.0582251913387313   -0.0123207692774914   0
0.0474239208242897   0.016880279439482   0.0216607671575978   -0.0316586399379361   0
0.00521357545963046   0.0486903766231326   -0.0422103453646593   0.0318100971836506   0
0.0115003910247652   0.0289569119187669   0.00628681556513474   -0.0197334647043657   0
0.0243051040783289   0.0185998342393823   0.0128047130535637   -0.0103570776793846   0
0.021764370410129   0.0149127950221446   -0.00254073366819987   -0.00368703921723777   0
0.0617688637278232   0.0217811931940149   0.0400044933176942   0.0068683981718703   0
0.00970083758266264   0.0101546413191796   -0.0520680261451606   -0.0116265518748353   0
0.103772258456094   0.0259453288295311   0.0940714208734315   0.0157906875103516   0
0.0329516635141536   0.036805520346444   -0.0708205949419405   0.0108601915169128   0
0.0668667303713326   0.037929606430004   0.0339150668571791   0.00112408608356003   0
0.0904273343766142   0.0327683809545498   0.0235606040052816   -0.00516122547545422   0
0.0635508579326825   0.0430227866699566   -0.0268764764439317   0.0102544057154069   0
0.0924394357224772   0.0338822009020961   0.0288885777897947   -0.00914058576786056   0
0.0467006976088152   0.0267543659391323   -0.045738738113662   -0.00712783496296383   0
0.0619224726609815   0.0469502429526195   0.0152217750521663   0.0201958770134873   0
0.0657057231456287   0.0524225767143556   0.00378325048464716   0.00547233376173611   0
0.0682064798347349   0.0598456557504386   0.00250075668910625   0.00742307903608294   0
0.0680977315557577   0.0558374147942041   -0.00010874827897718   -0.00400824095623449   0
0.0635517082487167   0.0745007579680234   -0.00454602330704107   0.0186633431738193   0
0.0731996204384968   0.0850108947079432   0.00964791218978014   0.0105101367399198   0
0.0739395432389192   0.0960852183852048   0.000739922800422371   0.0110743236772616   0
0.0672838396710711   0.104355318998997   -0.00665570356784809   0.00827010061379257   0
0.060366902885796   0.0929188770316479   -0.00691693678527512   -0.0114364419673495   0
0.0844762143786531   0.0919855347136847   0.0241093114928572   -0.000933342317963132   0
0.0980547946080354   0.104355318998997   0.0135785802293823   0.0123697842853126   0
0.101578228901965   0.111036095522954   0.00352343429392964   0.00668077652395632   0
0.0995083437356888   0.129465809328564   -0.00206988516627618   0.01842971380561   0
0.113187563109425   0.13826056352074   0.0136792193737359   0.00879475419217604   0
0.100675275787206   0.131645404064441   -0.0125122873222187   -0.00661515945629845   0
0.123424314688982   0.127480300101624   0.0227490389017761   -0.00416510396281769   0
0.124126392771082   0.15331614915905   0.00070207808209978   0.0258358490574262   0
0.12762915803321   0.135752152487686   0.00350276526212809   -0.0175639966713636   0
0.133079112871534   0.134153986050695   0.00544995483832364   -0.00159816643699145   0
0.12537685118805   0.152564092738994   -0.00770226168348381   0.0184101066882997   0
0.0911618579873183   0.120284039914581   -0.0342149932007315   -0.0322800528244135   0
0.121116189558518   0.140514078029534   0.0299543315711998   0.0202300381149532   0
0.118288449958726   0.151413655561189   -0.00282773959979181   0.0108995775316553   0
0.0867683158841406   0.134489124945514   -0.0315201340745857   -0.0169245306156757   0
0.096525852186707   0.14904737125878   0.00975753630256637   0.014558246313266   0
0.109471253003745   0.181806306329435   0.0129454008170383   0.0327589350706557   0
0.106258269778357   0.16720421114557   -0.00321298322538868   -0.0146020951838649   0
0.108067069706086   0.174298498301484   0.00180879992772923   0.00709428715591379   0
0.105167967003503   0.181653062264726   -0.00289910270258228   0.00735456396324197   0
0.122265326508786   0.179295019343546   0.0170973595052823   -0.00235804292118028   0
0.118309148067975   0.187438145939941   -0.00395617844081095   0.00814312659639474   0
0.122808834207031   0.194626052544238   0.00449968613905605   0.00718790660429736   0
0.138721552885664   0.181653062264726   0.0159127186786328   -0.0129729902795118   0
0.125427967279112   0.181653062264726   -0.0132935856065517   0   0
0.12366190479501   0.188216492173381   -0.00176606248410249   0.00656342990865508   0
0.122811544955554   0.181653062264726   -0.00085035983945575   -0.00656342990865508   0
0.108518457088783   0.182406855542089   -0.014293087866771   0.000753793277362746   0
0.114533120321984   0.188961981505805   0.00601466323320092   0.00655512596371582   0
0.1197421570825   0.169210595617209   0.00520903676051583   -0.0197513858885958   0
0.137031927958487   0.194746999938773   0.0172897708759875   0.0255364043215641   0
0.119971602283624   0.187252990796282   -0.0170603256748633   -0.0074940091424911   0
0.136164451462193   0.181699433889212   0.0161928491785695   -0.00555355690707038   0
0.120390395179682   0.176346157137998   -0.0157740562825113   -0.00535327675121333   0
0.145784146577363   0.184130464910753   0.0253937513976808   0.00778430777275457   0
0.122730353292289   0.17304007728979   -0.0230537932850741   -0.0110903876209632   0
0.109211482070064   0.166177773088047   -0.0135188712222243   -0.00686230420174255   0
0.133171265691402   0.177366717302211   0.0239597836213377   0.011188944214164   0
0.125823052464205   0.158417874367517   -0.00734821322719739   -0.0189488429346939   0
0.136793547233084   0.145526142280657   0.0109704947688794   -0.0128917320868604   0
0.123420758255814   0.151647348220707   -0.0133727889772704   0.00612120594005056   0
0.113842697910977   0.14572466508282   -0.00957806034483653   -0.00592268313788766   0
0.120075305448248   0.154749358068135   0.00623260753727062   0.00902469298531569   0
0.11834642791314   0.153750298089955   -0.00172887753510796   -0.000999059978180561   0
0.109060178634701   0.152939242984755   -0.00928624927843877   -0.000811055105199687   0
0.107940582033172   0.155891568567707   -0.00111959660152873   0.00295232558295147   0
0.126151401859894   0.170471958211607   0.0182108198267214   0.0145803896439006   0
0.141070105051667   0.173148365421825   0.0149187031917734   0.00267640721021814   0
0.163911716504617   0.176837070088542   0.0228416114529501   0.00368870466671678   0
0.186069967685015   0.203471859501505   0.0221582511803977   0.0266347894129623   0
0.169404536601621   0.182887515515685   -0.0166654310833937   -0.0205843439858193   0
0.166092902712732   0.197189572389744   -0.00331163388888961   0.0143020568740586   0
0.178708214287984   0.194746741966329   0.0126153115752524   -0.00244283042341459   0
0.161960836850425   0.196364590786501   -0.0167473774375589   0.00161784882017182   0
0.152890794647355   0.191955214901321   -0.00907004220307028   -0.00440937588517959   0
0.175826254218874   0.189809384292505   0.022935459571519   -0.00214583060881601   0
0.205481121703158   0.225475716100981   0.0296548674842844   0.0356663318084752   0
0.185619775173363   0.20758426126937   -0.0198613465297947   -0.0178914548316107   0
0.1751302121537   0.1926652940393   -0.0104895630196634   -0.0149189672300697   0
0.189929188960755   0.19861178396541   0.0147989768070545   0.00594648992610933   0
0.190972931190496   0.197300778966404   0.00104374222974166   -0.00131100499900502   0
0.186865326690213   0.201510442217023   -0.00410760450028327   0.00420966325061811   0
0.195157401786047   0.207715467271103   0.0082920750958336   0.00620502505408002   0
0.141515303941482   0.20239409183586   -0.0536420978445646   -0.00532137543524272   0
0.137423365258422   0.17519919723158   -0.00409193868306013   -0.0271948946042801   0
0.13837054405854   0.177201989512928   0.000947178800118409   0.00200279228134861   0
0.132396634924797   0.179813549695483   -0.00597390913374307   0.00261156018255473   0
0.13824271197716   0.181946536646071   0.00584607705236284   0.00213298695058767   0
0.158337580186038   0.180116280559254   0.020094868208878   -0.00183025608681656   0
0.152790466357689   0.19467706296108   -0.00554711382834924   0.0145607824018262   0
0.138762940541054   0.165029412635294   -0.014027525816635   -0.0296476503257869   0
0.136673550522769   0.179097985455588   -0.00208939001828426   0.0140685728202944   0
0.131967151898076   0.186209696443284   -0.00470639862469294   0.00711171098769611   0
0.16274587345383   0.18665537009797   0.0307787215557534   0.000445673654685508   0
0.161785550858562   0.18709540876649   -0.000960322595267737   0.000440038668520437   0
0.156019187209819   0.191952082732905   -0.00576636364874331   0.00485667396641495   0
0.154372805569796   0.183541284667102   -0.00164638164002298   -0.00841079806580347   0
0.154111147436092   0.174445130339027   -0.000261658133703824   -0.00909615432807487   0
0.139493247682603   0.17943950006955   -0.0146178997534891   0.00499436973052325   0
0.151659094035569   0.17927678047112   0.0121658463529662   -0.000162719598430311   0
0.126026828914729   0.18302670275468   -0.0256322651208396   0.00374992228356044   0
0.121401323337615   0.177924540741293   -0.00462550557711469   -0.00510216201338712   0
0.14800024523929   0.179622502564378   0.0265989219016753   0.00169796182308513   0
0.161245640176285   0.185493991759841   0.013245394936995   0.00587148919546307   0
0.157616692291532   0.193964595042497   -0.00362894788475274   0.00847060328265628   0
0.16118344049029   0.191851877490162   0.00356674819875777   -0.00211271755233569   0
0.161027677859584   0.19021571395195   -0.000155762630705991   -0.00163616353821183   0
0.168220271938724   0.207923572851902   0.00719259407913941   0.0177078588999517   0
0.184414181951931   0.20710807910002   0.0161939100132077   -0.000815493751881891   0
0.176487029492283   0.225530418235545   -0.00792715245964815   0.0184223391355257   0
0.179784368678425   0.206488946465059   0.00329733918614239   -0.0190414717704864   0
0.173511954211835   0.21206199653609   -0.00627241446659027   0.00557305007103068   0
0.173458905608591   0.206531854258611   -5.30486032444266e-05   -0.00553014227747897   0
0.185893418510382   0.20325865218669   0.0124345129017914   -0.00327320207192025   0
0.177862815410923   0.21440963853218   -0.00803060309945935   0.0111509863454894   0
0.166173284740629   0.210551809754517   -0.0116895306702943   -0.00385782877766236   0
0.171028823568807   0.209918409634553   0.00485553882817813   -0.000633400119964406   0
0.171070079749895   0.222934031348452   4.12561810888556e-05   0.0130156217138988   0
0.183015193632362   0.234458429012181   0.0119451138824663   0.0115243976637294   0
0.208324290660043   0.250024446435869   0.025309097027681   0.0155660174236874   0
0.213042975284448   0.250425141531936   0.00471868462440539   0.00040069509606705   0
0.213412906941591   0.261922695775948   0.000369931657142386   0.0114975542440128   0
0.202157034323073   0.258319565465994   -0.0112558726185178   -0.00360313030995435   0
0.200106247488428   0.261877899291426   -0.00205078683464474   0.00355833382543147   0
0.208043664572248   0.25176498954601   0.0079374170838199   -0.0101129097454156   0
0.20450363470809   0.253070892749092   -0.00354002986415769   0.00130590320308227   0
0.211196416123049   0.24633576264583   0.00669278141495863   -0.0067351301032626   0
0.211052042366947   0.262908002489107   -0.000144373756101823   0.0165722398432778   0
0.205603333414511   0.262117069205866   -0.00544870895243646   -0.000790933283241868   0
0.205393318619691   0.251016012310116   -0.000210014794819302   -0.0111010568957491   0
0.211006799230386   0.245295995309386   0.00561348061069492   -0.00572001700072999   0
0.204086750881346   0.238189522081157   -0.00692004834904061   -0.00710647322822935   0
0.204559082385531   0.260618613675232   0.000472331504185269   0.0224290915940753   0
0.221725914562314   0.24852059477074   0.0171668321767828   -0.0120980189044921   0
0.207767416236257   0.25240562218095   -0.0139584983260568   0.00388502741020982   0
0.193881831489539   0.263220240747648   -0.0138855847467176   0.0108146185666984   0
0.212982511477022   0.263249287479093   0.0191006799874832   2.90467314443266e-05   0
0.20651050568913   0.267375152538058   -0.00647200578789292   0.00412586505896562   0
0.224645046819956   0.25488265742604   0.018134541130826   -0.0124924951120185   0
0.20980963478691   0.271960706235754   -0.0148354120330458   0.017078048809714   0
0.222660461687139   0.27692359421678   0.0128508269002296   0.00496288798102645   0
0.238715060219606   0.281940477158194   0.0160545985324665   0.00501688294141345   0
0.234313588681707   0.293687147708769   -0.00440147153789916   0.0117466705505756   0
0.247215557393895   0.284858403334187   0.0129019687121882   -0.00882874437458214   0
0.238213696439583   0.289970796603645   -0.00900186095431138   0.00511239326945784   0
0.241984514047352   0.290188722248023   0.00377081760776823   0.000217925644377504   0
0.242891750228435   0.284965941482995   0.00090723618108321   -0.00522278076502708   0
0.237379143733855   0.294031515528676   -0.00551260649457941   0.00906557404568048   0
0.259637839743375   0.302532239885607   0.0222586960095194   0.00850072435693111   0
0.259834886119328   0.29817612964153   0.00019704637595308   -0.00435611024407712   0
0.258057053358036   0.298546284520093   -0.00177783276129218   0.000370154878563345   0
0.268761357539658   0.291725791342384   0.0107043041816225   -0.00682049317770961   0
0.266305984719176   0.308300901767985   -0.00245537282048225   0.0165751104256009   0
0.245840987811941   0.306552635630282   -0.020464996907235   -0.00174826613770246   0
0.264480150418822   0.29302000906145   0.0186391626068806   -0.0135326265688316   0
0.257207400568014   0.293472486344653   -0.00727274985080717   0.000452477283202468   0
0.245178146688403   0.288936645411602   -0.0120292538796115   -0.00453584093305065   0
0.26250111944726   0.290396464607616   0.0173229727588566   0.0014598191960139   0
0.270344862205665   0.292682595450554   0.00784374275840549   0.00228613084293755   0
0.316209135714403   0.281291176737701   0.0458642735087383   -0.0113914187128527   0
0.323500676807963   0.287149305048789   0.00729154109355951   0.0058581283110879   0
0.465910856432763   0.288219906636534   0.1424101796248   0.00107060158774525   0
0.455050076723606   0.344825829921426   -0.0108607797091564   0.0566059232848914   0
0.396488527454768   0.304142687432231   -0.0585615492688387   -0.0406831424891944   0
0.362760690367369   0.27824053848469   -0.0337278370873988   -0.0259021489475418   0
0.356695757819125   0.268016598519569   -0.00606493254824358   -0.0102239399651203   0
0.380737261625717   0.271514391890195   0.0240415038065922   0.00349779337062589   0
0.358098419526546   0.262747764256901   -0.0226388420991716   -0.00876662763329422   0
0.355299790838962   0.258828524574939   -0.00279862868758396   -0.00391923968196156   0
0.341123029046648   0.279800799964904   -0.0141767617923143   0.0209722753899642   0
0.407552995510964   0.335502133628089   0.0664299664643166   0.0557013336631852   0
0.37494455026877   0.31101883017512   -0.0326084452421944   -0.0244833034529691   0
0.460173822778958   0.376805850599483   0.0852292725101884   0.0657870204243634   0
0.419093974793828   0.369940960641357   -0.0410798479851299   -0.00686488995812623   0
0.472890709933321   0.39203333621358   0.0537967351394924   0.0220923755722233   0
0.503089848979096   0.39230106725769   0.0301991390457756   0.000267731044109654   0
0.486591619007983   0.342842136480115   -0.0164982299711133   -0.0494589307775745   0
0.535632429428279   0.416591986253036   0.0490408104202957   0.073749849772921   0
0.477458506514692   0.337528638093496   -0.0581739229135869   -0.0790633481595406   0
0.55147279206231   0.393813799435723   0.0740142855476184   0.0562851613422275   0
0.53627751573509   0.351906509048653   -0.01519527632722   -0.0419072903870698   0
0.54650851940752   0.369072534729289   0.01023100367243   0.0171660256806359   0
0.529177202876277   0.447047176240103   -0.0173313165312438   0.0779746415108141   0
0.570047069371469   0.423466781291048   0.0408698664951922   -0.0235803949490557   0
0.4944174995477   0.367093480405877   -0.0756295698237687   -0.0563733008851707   0
0.580410788282265   0.371146653754618   0.0859932887345648   0.00405317334874061   0
0.539779291283725   0.369253192048491   -0.0406314969985403   -0.00189346170612625   0
0.55323134956273   0.340952414663689   0.0134520582790058   -0.0283007773848025   0
0.679227074280023   0.503412962160431   0.125995724717293   0.162460547496743   0
0.73907051926051   0.614875012825574   0.059843444980487   0.111462050665143   0
0.680047730999817   0.602244093302085   -0.0590227882606927   -0.0126309195234895   0
0.656333492399253   0.545792128198319   -0.0237142386005647   -0.0564519651037659   0
0.645639786411347   0.533020038713602   -0.0106937059879055   -0.0127720894847164   0
0.647037083689181   0.561693459697992   0.00139729727783378   0.02867342098439   0
0.722541188328174   0.616494219381861   0.0755041046389934   0.0548007596838687   0
0.666185724576113   0.590370250569928   -0.0563554637520617   -0.0261239688119326   0
0.694790901248023   0.614243860811201   0.0286051766719104   0.0238736102412727   0
0.583659484756617   0.544462188126503   -0.111131416491406   -0.0697816726846976   0
0.578752389795057   0.501733727505686   -0.00490709496156005   -0.0427284606208173   0
0.57710412374251   0.536673674824842   -0.00164826605254764   0.0349399473191556   0
0.583636675337868   0.507567499619755   0.00653255159535837   -0.0291061752050867   0
0.639980683572559   0.585097650870562   0.056344008234691   0.077530151250807   0
0.59631099135099   0.529462801568958   -0.0436696922215696   -0.0556348493016038   0
0.578819710648739   0.529297257294046   -0.0174912807022505   -0.000165544274911777   0
0.606946418820154   0.543729841633692   0.028126708171415   0.0144325843396459   0
0.559524684703231   0.534330901832844   -0.0474217341169232   -0.0093989398008486   0
0.531914310043451   0.490891510963726   -0.0276103746597803   -0.0434393908691177   0
0.489455799550889   0.432404208214374   -0.0424585104925616   -0.0584873027493517   0
0.503081468083451   0.450102341497464   0.0136256685325617   0.0176981332830899   0
0.477820988235134   0.431482310612498   -0.0252604798483168   -0.0186200308849664   0
0.510723693331335   0.418956738278847   0.0329027050962016   -0.0125255723336511   0
0.499299586081343   0.440206252144094   -0.0114241072499929   0.0212495138652478   0
0.491473067983384   0.402511552452846   -0.00782651809795853   -0.0376946996912487   0
0.514514040521733   0.455643982304716   0.0230409725383494   0.0531324298518698   0
0.529206486815874   0.416747107936576   0.0146924462941407   -0.0388968743681398   0
0.561843051340221   0.51919748488918   0.0326365645243467   0.102450376952604   0
0.532019813462807   0.526633059280843   -0.0298232378774137   0.00743557439166331   0
0.55034233599824   0.49828845626404   0.0183225225354332   -0.0283446030168031   0
0.512641566489687   0.504354406016741   -0.0377007695085535   0.00606594975270142   0
0.510644930239203   0.514973343670573   -0.0019966362504843   0.0106189376538316   0
0.527242020152273   0.498253564403708   0.0165970899130705   -0.016719779266865   0
0.499986623306624   0.448549845014464   -0.0272553968456489   -0.0497037193892437   0
0.526155741089081   0.461779281148743   0.0261691177824569   0.013229436134279   0
0.543863359358801   0.518219402782499   0.0177076182697197   0.0564401216337558   0
0.499543490302937   0.445084309478833   -0.0443198690558642   -0.0731350933036655   0
0.538551791523341   0.494472489638453   0.0390083012204043   0.0493881801596197   0
0.494497575163923   0.448012008772365   -0.0440542163594175   -0.0464604808660877   0
0.508161174570628   0.444014292842584   0.0136635994067044   -0.00399771592978138   0
0.486438478336161   0.420533916625639   -0.0217226962344665   -0.023480376216945   0
0.499090930421501   0.41866556291687   0.0126524520853402   -0.00186835370876864   0
0.519184600344617   0.465584795484936   0.0200936699231159   0.0469192325680658   0
0.492092777782808   0.404876043224652   -0.0270918225618094   -0.0607087522602847   0
0.513112199298555   0.42130218979908   0.021019421515747   0.0164261465744284   0
