0.126497217136939   0.0487680576565748   0   0   0
0.0935943375333594   0.05201269132457   -0.03290287960358   0.00324463366799525   0
0.0481191042169324   0.0371731627777352   -0.045475233316427   -0.0148395285468348   0
0.0644665101894775   0.0335406782053151   0.0163474059725451   -0.00363248457242012   0
0.0892607400478508   0.0286854559040379   0.0247942298583734   -0.00485522230127726   0
0.122744139997639   0.0303777810378326   0.0334833999497882   0.00169232513379471   0
0.0984230572846119   0.0247203306604382   -0.0243210827130271   -0.00565745037739438   0
0.134447467789208   0.0216953162603274   0.0360244105045956   -0.00302501440011082   0
0.0761756525408874   0.0217969105773869   -0.0582718152483202   0.000101594317059514   0
0.0790105312781784   0.0292920321835563   0.00283487873729098   0.00749512160616945   0
0.0326840684094019   0.103379229469524   -0.0463264628687764   0.0740871972859677   0
0.0675957099317671   0.016682996011383   0.0349116415223652   -0.086696233458141   0
0.0504961055425168   0.0362437758133686   -0.0170996043892503   0.0195607798019856   0
0.0771998145441658   0.0360326251681376   0.026703709001649   -0.000211150645231084   0
0.0788101708282814   0.0448987314051299   0.00161035628411559   0.00886610623699237   0
0.0513324686776742   0.0295595720264841   -0.0274777021506073   -0.0153391593786458   0
0.0630456391966931   0.0234978082427915   0.0117131705190189   -0.00606176378369258   0
0.0707359791121265   0.0077127060310957   0.00769033991543346   -0.0157851022116958   0
0.0183005560586256   0.0739510127428455   -0.0524354230535009   0.0662383067117498   0
0.0375401284274162   0.0996368618808822   0.0192395723687905   0.0256858491380367   0
0.00875356560908753   0.0104677638327689   -0.0287865628183286   -0.0891690980481133   0
0.0180508174020569   0.00421725055575905   0.00929725179296936   -0.00625051327700987   0
0.022744791074301   0.00641695417180534   0.00469397367224406   0.00219970361604629   0
0.0424744923874977   0.0101900395561168   0.0197297013131967   0.00377308538431146   0
0.0646175600183982   0.124908279003495   0.0221430676309005   0.114718239447378   0
0.0611675398664071   0.0135925457796627   -0.00345002015199115   -0.111315733223833   0
0.0686107568398834   0.0553154063199847   0.00744321697347626   0.041722860540322   0
0.068903119781113   0.0902580358912006   0.000292362941229612   0.0349426295712159   0
0.0806113546808389   0.0153498925779464   0.0117082348997259   -0.0749081433132542   0
0.0298227975698273   0.013659552230389   -0.0507885571110115   -0.0016903403475574   0
0.0760625346617505   0.0145994970056754   0.0462397370919232   0.000939944775286404   0
0.088814144156266   0.123551599360174   0.0127516094945155   0.108952102354498   0
0.0199643592689573   0.0250736569884112   -0.0688497848873087   -0.0984779423717627   0
0.0478044030487778   0.0697312696885157   0.0278400437798206   0.0446576127001045   0
0.052879762008621   0.0331601345749305   0.00507535895984319   -0.0365711351135852   0
0.059646526270207   0.119826866555037   0.00676676426158603   0.0866667319801069   0
0.024217417153363   0.0309305599456412   -0.0354291091168441   -0.0888963066093961   0
0.0741284318131208   0.0311972155924006   0.0499110146597578   0.000266655646759394   0
0.0788139765424915   0.0372190815407648   0.0046855447293707   0.00602186594836418   0
0.0850561662891345   0.042558691865969   0.00624218974664298   0.00533961032520423   0
0.0985083623083142   0.0631786626064973   0.0134521960191797   0.0206199707405283   0
0.0439456073392051   0.0112460669028576   -0.0545627549691091   -0.0519325957036397   0
0.0416693130944692   0.0246988595392196   -0.00227629424473597   0.013452792636362   0
0.0606927092888438   0.087149816987315   0.0190233961943746   0.0624509574480954   0
0.051037218006015   0.0978421680101075   -0.00965549128282873   0.0106923510227925   0
0.0344926247308175   0.0282514671067823   -0.0165445932751976   -0.0695907009033252   0
0.0900342491745425   0.0320295577426149   0.055541624443725   0.00377809063583261   0
0.084723238621007   0.0820368009505222   -0.00531101055353542   0.0500072432079073   0
0.0470856983571487   0.0322628247685029   -0.0376375402638583   -0.0497739761820193   0
0.0748095245287178   0.0390426038222427   0.0277238261715691   0.00677977905373978   0
0.0852121880746035   0.0590203811341049   0.0104026635458857   0.0199777773118622   0
0.0549904353323385   0.0216746568830535   -0.030221752742265   -0.0373457242510513   0
0.131098859341667   0.0721908261981569   0.0761084240093282   0.0505161693151034   0
0.100011833595031   0.022267760309371   -0.031087025746636   -0.0499230658887859   0
0.0453678529412634   0.021398608226588   -0.0546439806537673   -0.000869152082783028   0
0.0921304258418488   0.066608719360318   0.0467625729005854   0.04521011113373   0
0.0923855182719938   0.0592932426451995   0.000255092430144988   -0.00731547671511853   0
0.0542916364250895   0.0323491008014226   -0.0380938818469043   -0.0269441418437769   0
0.0634970391658351   0.0551303270343556   0.00920540274074567   0.022781226232933   0
0.0832643629799088   0.0370038696909134   0.0197673238140736   -0.0181264573434422   0
0.0427526440906291   0.0552221103661215   -0.0405117188892797   0.0182182406752081   0
0.0525884040402445   0.0297408411541368   0.00983575994961539   -0.0254812692119846   0
0.0695793288286112   0.0471748241590586   0.0169909247883667   0.0174339830049218   0
0.0636334462891961   0.0914628033215995   -0.0059458825394151   0.044287979162541   0
0.0399128053748418   0.0399805675838663   -0.0237206409143543   -0.0514822357377333   0
0.0833727340627618   0.0262794798382331   0.04345992868792   -0.0137010877456332   0
0.0625904694515866   0.0619652948323697   -0.0207822646111752   0.0356858149941366   0
0.0289099816253833   0.0395964669168428   -0.0336804878262033   -0.0223688279155269   0
0.0681714307293752   0.0329007925278495   0.0392614491039919   -0.00669567438899325   0
0.0755945200858501   0.0532247331448688   0.00742308935647494   0.0203239406170193   0
0.0834680401507667   0.104521227962326   0.00787352006491655   0.0512964948174571   0
0.0675476088057342   0.0420422651709562   -0.0159204313450325   -0.0624789627913697   0
0.105247093881304   0.114523062115071   0.0376994850755697   0.0724807969441152   0
0.05146742542434   0.0542102598415918   -0.0537796684569639   -0.0603128022734796   0
0.0959897814593824   0.101060624967455   0.0445223560350424   0.0468503651258628   0
0.0867680193034277   0.054269270918763   -0.00922176215595474   -0.0467913540486915   0
0.0972984563651962   0.113444039059188   0.0105304370617686   0.0591747681404246   0
0.07419350205921   0.0627352700244298   -0.0231049543059862   -0.0507087690347579   0
0.110936200330505   0.0584255348322332   0.0367426982712953   -0.00430973519219659   0
0.0718084622175548   0.0692981272633323   -0.0391277381129505   0.0108725924310991   0
0.067412907130979   0.0541762464623335   -0.00439555508657583   -0.0151218808009988   0
0.132314410412661   0.0650299528347515   0.0649015032816816   0.010853706372418   0
0.136177874286868   0.108315198542598   0.0038634638742073   0.0432852457078469   0
0.11305103588318   0.0575619699934262   -0.0231268384036881   -0.0507532285491721   0
0.13548965809131   0.119047342321122   0.0224386222081299   0.0614853723276962   0
0.0991146201142899   0.116181026121405   -0.0363750379770198   -0.00286631619971781   0
0.0655935881599574   0.0947029283779678   -0.0335210319543325   -0.0214780977434368   0
0.102609507776375   0.0830171885125257   0.0370159196164178   -0.0116857398654421   0
0.0964838000291241   0.114967788273542   -0.00612570774725114   0.0319505997610164   0
0.0720386062436552   0.0820258696976309   -0.0244451937854688   -0.0329419185759112   0
0.0911239620464892   0.0793178800038554   0.019085355802834   -0.00270798969377554   0
0.0877920680561746   0.0824594749779702   -0.00333189399031454   0.00314159497411487   0
0.10008400743965   0.117625285205701   0.0122919393834758   0.0351658102277308   0
0.0978543788000312   0.0824153614095552   -0.00222962863961919   -0.0352099237961458   0
0.0844325428010432   0.119330035169242   -0.013421835998988   0.0369146737596867   0
0.122045035362115   0.0920913255710488   0.0376124925610722   -0.0272387095981931   0
0.12531817894328   0.114980935835284   0.00327314358116483   0.0228896102642348   0
0.0902548696440253   0.100599473552226   -0.0350633092992549   -0.0143814622830576   0
0.143973042901267   0.0880155554653189   0.0537181732572415   -0.012583918086907   0
0.126525714378738   0.0880155554653189   -0.0174473285225287   0   0
0.0992763126149436   0.127005022122365   -0.0272494017637945   0.0389894666570464   0
0.112073065580138   0.0973231688511067   0.0127967529651948   -0.0296818532712586   0
0.136401164145215   0.108201560014436   0.024328098565077   0.0108783911633293   0
0.0743684647838107   0.0981013357171048   -0.0620326993614047   -0.0101002242973312   0
0.112206217589757   0.148865876965819   0.0378377528059467   0.0507645412487147   0
0.106891147085154   0.110366708268662   -0.0053150705046036   -0.0384991686971572   0
0.083207724650602   0.104522688072399   -0.0236834224345519   -0.00584402019626289   0
0.164983193785337   0.113381009581731   0.0817754691347348   0.00885832150933129   0
0.139126056697838   0.145793926870472   -0.0258571370874989   0.0324129172887412   0
0.0874561348111155   0.107440538073009   -0.0516699218867224   -0.0383533887974633   0
0.141949904310006   0.117740625138798   0.054493769498891   0.0103000870657897   0
0.112456656225054   0.161695377488814   -0.0294932480849524   0.0439547523500156   0
0.118911789419426   0.138114934660449   0.00645513319437224   -0.0235804428283652   0
0.112003391026567   0.10954005546068   -0.00690839839285967   -0.0285748791997684   0
0.107003089860994   0.142514716500157   -0.00500030116557247   0.0329746610394763   0
0.094858864423574   0.149203025760053   -0.0121442254374202   0.0066883092598963   0
0.128477029628607   0.155949869388411   0.0336181652050331   0.00674684362835826   0
0.111605025216789   0.137364445853958   -0.0168720044118186   -0.018585423534453   0
0.14131086348473   0.148411549329053   0.0297058382679415   0.0110471034750951   0
0.100925744117197   0.15640924389722   -0.0403851193675326   0.00799769456816657   0
0.118755484191131   0.17321433739356   0.0178297400739338   0.0168050934963401   0
0.0727829218003784   0.183135453766802   -0.0459725623907527   0.00992111637324219   0
0.144785461051861   0.179397842204136   0.0720025392514827   -0.00373761156266633   0
0.141196714947374   0.17356655567839   -0.00358874610448712   -0.00583128652574594   0
0.160547303781689   0.187083440860415   0.0193505888343152   0.0135168851820255   0
0.130847869873529   0.186771052771461   -0.0296994339081602   -0.000312388088953924   0
0.0797573204246482   0.19536803163369   -0.0510905494488809   0.00859697886222865   0
0.10777710888287   0.199541705263574   0.0280197884582218   0.00417367362988391   0
0.128641096580098   0.199211435070787   0.0208639876972277   -0.000330270192786669   0
0.144808352976408   0.201155529800227   0.0161672563963105   0.00194409472943974   0
0.162242396655159   0.200580491767819   0.017434043678751   -0.00057503803240827   0
0.179203857039434   0.192490742219288   0.0169614603842751   -0.00808974954853042   0
0.163067754155627   0.198015897013497   -0.0161361028838073   0.00552515479420909   0
0.168727046231243   0.204973369573611   0.005659292075616   0.00695747256011334   0
0.130854115547277   0.198439615436762   -0.0378729306839664   -0.0065337541368487   0
0.114090526779527   0.196964293070949   -0.0167635887677494   -0.00147532236581321   0
0.120297200918392   0.206948923165331   0.00620667413886497   0.009984630094382   0
0.152011618912141   0.208210641650955   0.031714417993749   0.00126171848562442   0
0.136913304344428   0.237133449612897   -0.015098314567713   0.028922807961942   0
0.179352582539421   0.24430802245766   0.0424392781949934   0.00717457284476272   0
0.208577488513166   0.275461816722649   0.0292249059737448   0.0311537942649886   0
0.162280177715117   0.282633943820952   -0.0462973107980491   0.00717212709830334   0
0.196734327795761   0.299873521700987   0.034454150080644   0.0172395778800354   0
0.155272488719219   0.313673141591517   -0.0414618390765421   0.01379961989053   0
0.171597434197135   0.299638000901324   0.0163249454779157   -0.014035140690193   0
0.183153509951188   0.314313730445223   0.0115560757540534   0.0146757295438982   0
0.150218842826092   0.308575602320311   -0.0329346671250967   -0.00573812812491192   0
0.181268295180073   0.324577090995117   0.0310494523539812   0.0160014886748064   0
0.204067482549499   0.311108118083569   0.022799187369426   -0.0134689729115479   0
0.214790528206995   0.329470783994409   0.0107230456574964   0.01836266591084   0
0.172507157912969   0.321683841318059   -0.0422833702940263   -0.00778694267635038   0
0.164123518419055   0.313328150734801   -0.0083836394939136   -0.00835569058325802   0
0.169073116559819   0.349988448089633   0.00494959814076326   0.0366602973548326   0
0.122628926657335   0.325431773052574   -0.0464441899024837   -0.0245566750370594   0
0.165584810730453   0.324045314273161   0.0429558840731184   -0.00138645877941251   0
0.202050993357024   0.329543266440527   0.0364661826265704   0.00549795216736532   0
0.182601661049893   0.372028522712443   -0.0194493323071304   0.042485256271916   0
0.189984635554063   0.33923572584911   0.00738297450416942   -0.0327927968633328   0
0.194374670626731   0.34352101104681   0.00439003507266797   0.00428528519769988   0
0.146683071042196   0.372199373786765   -0.0476915995845343   0.0286783627399551   0
0.200348429979498   0.352656434824763   0.0536653589373022   -0.0195429389620017   0
0.158470723999293   0.360999437938967   -0.0418777059802058   0.00834300311420366   0
0.159885166663109   0.382547719585822   0.00141444266381588   0.0215482816468548   0
0.185085332551148   0.392553067540635   0.0252001658880391   0.0100053479548134   0
0.19679623376226   0.389018429725883   0.0117109012111122   -0.00353463781475188   0
0.210178266556369   0.410945486053199   0.013382032794109   0.0219270563273157   0
0.202326023870781   0.376999994594684   -0.0078522426855874   -0.0339454914585146   0
0.198107805482268   0.44387255911283   -0.00421821838851372   0.0668725645181453   0
0.221863953374044   0.37533634600834   0.0237561478917764   -0.0685362131044901   0
0.228279417924635   0.34798558866396   0.00641546455059061   -0.02735075734438   0
0.160739703974127   0.367009538268112   -0.0675397139505076   0.019023949604152   0
0.187571011702901   0.390993415681316   0.0268313077287744   0.0239838774132039   0
0.167132761184103   0.416123573585311   -0.0204382505187982   0.0251301579039958   0
0.185250834064955   0.430103899289474   0.018118072880852   0.0139803257041626   0
0.200192100945592   0.421747797327256   0.0149412668806365   -0.00835610196221825   0
0.163063824026545   0.436593829078174   -0.0371282769190469   0.0148460317509185   0
0.230359696437636   0.430128075420731   0.0672958724110915   -0.00646575365744323   0
0.195152416670279   0.380873990252868   -0.0352072797673579   -0.0492540851678627   0
0.191957250312693   0.388467894662883   -0.00319516635758518   0.00759390441001445   0
0.202177137312209   0.401398166282423   0.0102198869995161   0.0129302716195407   0
0.179831626415938   0.474020098482451   -0.0223455108962712   0.0726219322000274   0
0.16928905443576   0.433936172857417   -0.0105425719801786   -0.040083925625034   0
0.18349416484894   0.446215524440778   0.0142051104131805   0.0122793515833616   0
0.208488841912679   0.435967725675583   0.0249946770637388   -0.0102477987651959   0
0.178669656598539   0.448137508156137   -0.0298191853141395   0.0121697824805547   0
0.212039610119925   0.438686788671453   0.0333699535213861   -0.00945071948468379   0
0.164697599569171   0.453770515152915   -0.0473420105507548   0.0150837264814617   0
0.209691819108424   0.449801693898702   0.0449942195392533   -0.00396882125421272   0
0.219436822933253   0.412613868292027   0.00974500382482943   -0.0371878256066758   0
0.23286861635944   0.456154537166314   0.0134317934261865   0.0435406688742874   0
0.251633461743465   0.401555599923774   0.0187648453840254   -0.0545989372425401   0
0.216094266111829   0.474372159259101   -0.0355391956316362   0.072816559335327   0
0.241200453894867   0.427799940251155   0.0251061877830382   -0.0465722190079459   0
0.219043057547049   0.472446912593809   -0.0221573963478179   0.0446469723426541   0
0.203651096039501   0.478919133637426   -0.0153919615075485   0.0064722210436165   0
0.198782357177492   0.472856670942572   -0.00486873886200886   -0.00606246269485361   0
0.20491526186607   0.478997692896751   0.00613290468857791   0.00614102195417865   0
0.193586192907036   0.431720036428709   -0.0113290689590343   -0.0472776564680414   0
0.229358067527611   0.443850832122181   0.0357718746205751   0.0121307956934715   0
0.197581300272673   0.483356872599948   -0.0317767672549381   0.0395060404777672   0
0.21702127705884   0.472141402224753   0.0194399767861679   -0.011215470375195   0
0.226068373173361   0.507742454524201   0.00904709611452054   0.0356010522994477   0
0.233594893234762   0.477965061606078   0.00752652006140131   -0.0297773929181225   0
0.233930629739251   0.516488703847567   0.000335736504488565   0.0385236422414892   0
0.299906418235022   0.45583628989677   0.0659757884957712   -0.0606524139507969   0
0.318279779087975   0.496151142283528   0.0183733608529526   0.0403148523867579   0
0.293044920628152   0.438592274312912   -0.0252348584598226   -0.0575588679706165   0
0.293313176135833   0.496366181770699   0.000268255507680559   0.0577739074577872   0
0.261465925486974   0.530141596554166   -0.0318472506488584   0.033775414783467   0
0.274541693571741   0.485334525855363   0.0130757680847672   -0.044807070698803   0
0.257836683508457   0.489392805236499   -0.016705010063285   0.00405827938113612   0
0.244922031141591   0.509553237663397   -0.0129146523668654   0.0201604324268977   0
0.232905134732952   0.508567365274749   -0.0120168964086394   -0.000985872388647779   0
0.277789252466974   0.564821483770536   0.0448841177340219   0.0562541184957872   0
0.242499438101069   0.523188482335477   -0.0352898143659042   -0.041633001435059   0
0.232617718955887   0.497657143080545   -0.00988171914518249   -0.0255313392549323   0
0.232341584297   0.494894278062812   -0.000276134658886845   -0.00276286501773237   0
0.226897459259221   0.476614824060792   -0.00544412503777877   -0.0182794540020204   0
0.279528907863301   0.509630471220923   0.05263144860408   0.0330156471601308   0
0.309271446721953   0.540193262836783   0.029742538858652   0.0305627916158603   0
0.247548066918501   0.511271329323775   -0.0617233798034527   -0.0289219335130083   0
0.287658247704181   0.467947696047221   0.0401101807856805   -0.0433236332765539   0
0.320554917070008   0.568367464876597   0.0328966693658273   0.100419768829376   0
0.305961956883702   0.538471188372693   -0.0145929601863068   -0.0298962765039045   0
0.322360361337758   0.544415030583343   0.0163984044540565   0.00594384221065036   0
0.272147482740535   0.482502132131064   -0.0502128785972228   -0.0619128984522795   0
0.242069546325927   0.512740936084464   -0.0300779364146086   0.0302388039534005   0
0.298832767060441   0.451442202032577   0.0567632207345146   -0.0612987340518867   0
0.211637860980071   0.52413232710645   -0.0871949060803701   0.0726901250738723   0
0.25255572114288   0.525904045733176   0.0409178601628084   0.00177171862672632   0
0.248487684358823   0.541050991997309   -0.00406803678405682   0.0151469462641334   0
0.243917066467601   0.477164134142802   -0.00457061789122207   -0.0638868578545073   0
0.27698095552626   0.490230615988559   0.0330638890586592   0.0130664818457574   0
0.265595842807902   0.584374522004938   -0.0113851127183576   0.0941439060163787   0
0.300216397120544   0.589164621421933   0.0346205543126413   0.00479009941699515   0
0.274159239072915   0.549060875100239   -0.0260571580476283   -0.0401037463216946   0
0.303324189330096   0.55061925991429   0.0291649502571807   0.00155838481405079   0
0.327457041096996   0.717481157004315   0.0241328517669002   0.166861897090025   0
0.30426808480682   0.60021034147143   -0.0231889562901768   -0.117270815532885   0
0.2940024224482   0.599094817696456   -0.0102656623586194   -0.00111552377497348   0
0.301463365304791   0.591251315505091   0.00746094285659099   -0.00784350219136554   0
0.285079757122388   0.595446446826455   -0.0163836081824028   0.00419513132136418   0
0.277328585703302   0.593719665165514   -0.00775117141908666   -0.00172678166094076   0
0.309366795222112   0.599373141058431   0.0320382095188099   0.0056534758929172   0
0.283551472081807   0.549890282415274   -0.0258153231403043   -0.049482858643157   0
0.266777158331144   0.551453415659473   -0.0167743137506638   0.00156313324419932   0
0.291512575973336   0.589528199253013   0.0247354176421925   0.0380747835935393   0
0.284381120009205   0.553013470049781   -0.00713145596413073   -0.0365147292032317   0
0.299949410347829   0.581672579952846   0.0155682903386232   0.0286591099030649   0
0.332490175038301   0.708650248938431   0.0325407646904725   0.126977668985585   0
