0.0369302991928023   0.102058255101988   0   0   0
0.0561765706622259   0.0824674924479943   0.0192462714694236   -0.0195907626539939   0
0.0371826030516961   0.0800231260159993   -0.0189939676105298   -0.00244436643199504   0
0.0627084524486133   0.0775145083974911   0.0255258493969172   -0.00250861761850812   0
0.0535798878992892   0.0606539623363758   -0.00912856454932411   -0.0168605460611153   0
0.0438431888471414   0.0383817956606153   -0.00973669905214787   -0.0222721666757606   0
0.0531269284054715   0.056220397626551   0.00928373955833019   0.0178386019659357   0
0.0620424441242445   0.0395357276506077   0.00891551571877295   -0.0166846699759433   0
0.0383247657930221   0.0380624856569805   -0.0237176783312224   -0.00147324199362714   0
0.0584538636845333   0.0358541449876528   0.0201290978915111   -0.00220834066932779   0
0.0404472780210783   0.0346326387346532   -0.018006585663455   -0.00122150625299957   0
0.0446558232800393   0.0377558176245334   0.00420854525896106   0.00312317888988018   0
0.0322626637639062   0.0196289422973762   -0.0123931595161331   -0.0181268753271571   0
0.0321713504530004   0.0126580984778017   -9.13133109058453e-05   -0.00697084381957455   0
0.00755622832485012   0.00703150268965319   -0.0246151221281503   -0.00562659578814848   0
0.00685095398923882   0.00599195616253365   -0.000705274335611301   -0.00103954652711954   0
0.0567780177276623   0.0163068100157802   0.0499270637384235   0.0103148538532466   0
0.0259479138680409   0.0163472897781628   -0.0308301038596214   4.04797623825524e-05   0
0.00357957799283214   0.00846917551825589   -0.0223683358752087   -0.00787811425990688   0
0.0168256669003569   0.0141176093475923   0.0132460889075248   0.00564843382933639   0
0.00808720475381245   0.00896570385754654   -0.0087384621465445   -0.00515190549004574   0
0.00831235089806729   0.00333484186803887   0.000225146144254833   -0.00563086198950767   0
0.0408815184292621   0.00322476626094435   0.0325691675311949   -0.000110075607094524   0
0.028327522005559   0.0168788260890857   -0.0125539964237031   0.0136540598281413   0
0.0385191280548639   0.00434551889001187   0.0101916060493048   -0.0125333071990738   0
0.00722709034467537   0.00722584546290086   -0.0312920377101885   0.00288032657288899   0
0.0281324775419095   0.00457673282202438   0.0209053871972341   -0.00264911264087648   0
0.0109101069485053   0.0174347504880339   -0.0172223705934042   0.0128580176660096   0
0.0525452410511548   0.00793816626280591   0.0416351341026495   -0.00949658422522803   0
0.0467494855514037   0.00807846905749784   -0.00579575549975117   0.000140302794691925   0
0.0216464367966016   0.00307843893350591   -0.0251030487548021   -0.00500003012399193   0
0.00983858723771701   0.0232444596003161   -0.0118078495588846   0.0201660206668101   0
0.0767380189920535   0.0196172752097157   0.0668994317543364   -0.00362718439060038   0
0.021217423852082   0.0230546996083228   -0.0555205951399714   0.00343742439860714   0
0.0199689896915377   0.012319805504451   -0.0012484341605443   -0.0107348941038719   0
0.0141553554442984   0.0193526280970441   -0.00581363424723937   0.00703282259259313   0
0.0491328205484316   0.0260368862831892   0.0349774651041333   0.0066842581861451   0
0.0256476261876063   0.0293563391865577   -0.0234851943608254   0.00331945290336854   0
0.0447263710582242   0.02869140566881   0.0190787448706179   -0.000664933517747688   0
0.0334881555671971   0.0299692294219438   -0.0112382154910272   0.00127782375313373   0
0.0285749626301698   0.0290849908235249   -0.00491319293702726   -0.000884238598418911   0
0.0292361899569788   0.0331263417025333   0.000661227326809052   0.00404135087900849   0
0.0344570958403692   0.0297738844856109   0.00522090588339037   -0.00335245721692248   0
0.0339270415660878   0.0341453247454538   -0.000530054274281384   0.00437144025984294   0
0.0351700157356362   0.0313144949249146   0.0012429741695484   -0.00283082982053925   0
0.0437645855260849   0.0437100476340112   0.00859456979044867   0.0123955527090966   0
0.0346020670718439   0.0482538093913517   -0.00916251845424104   0.00454376175734052   0
0.0350416257376971   0.0456405160577269   0.000439558665853247   -0.00261329333362482   0
0.0427108330876371   0.0461899080117616   0.00766920734994004   0.000549391954034736   0
0.0383074975236245   0.0464534696479703   -0.00440333556401261   0.000263561636208706   0
0.0616154139457003   0.0519089662497232   0.0233079164220758   0.00545549660175285   0
0.0526707910667763   0.0536680727870745   -0.00894462287892402   0.00175910653735132   0
0.0443175757051308   0.0487026695569658   -0.00835321536164548   -0.00496540323010873   0
0.0530798024629039   0.0562008627242192   0.00876222675777311   0.00749819316725339   0
0.070204649682197   0.0458978502804598   0.0171248472192931   -0.0103030124437594   0
0.0471116066977438   0.0537931127022317   -0.0230930429844532   0.00789526242177192   0
0.0438608492223988   0.0616853013082736   -0.00325075747534503   0.0078921886060419   0
0.0372768337313203   0.0623783171894441   -0.00658401549107848   0.000693015881170531   0
0.047831468035698   0.0545598681446879   0.0105546343043777   -0.00781844904475625   0
0.0599641238948056   0.0570952243401285   0.0121326558591076   0.00253535619544062   0
0.0568490311736172   0.0666381945637973   -0.00311509272118844   0.00954297022366878   0
0.0585735527425988   0.0614563751464744   0.00172452156898157   -0.00518181941732283   0
0.0588907778237815   0.0447650378536165   0.000317225081182766   -0.0166913372928579   0
0.0516609209206534   0.067155423117813   -0.00722985690312818   0.0223903852641965   0
0.0554045247682389   0.060706551696033   0.00374360384758556   -0.00644887142178006   0
0.0657710507518019   0.0719718050817166   0.010366525983563   0.0112652533856836   0
0.0748120255467662   0.0648702905147071   0.0090409747949643   -0.00710151456700946   0
0.0596024282114412   0.0758398717622525   -0.015209597335325   0.0109695812475454   0
0.0500291368923151   0.0780287427296666   -0.00957329131912613   0.00218887096741413   0
0.0527444673727624   0.076093228578143   0.00271533048044736   -0.00193551415152356   0
0.0789594959204534   0.0825542999300006   0.026215028547691   0.00646107135185757   0
0.0566238805205224   0.0916241951477868   -0.022335615399931   0.00906989521778623   0
0.0685414730895828   0.0935224302738386   0.0119175925690604   0.00189823512605175   0
0.0398460070556637   0.0910151431574439   -0.0286954660339191   -0.00250728711639472   0
0.0623839901635027   0.103851564670505   0.022537983107839   0.0128364215130612   0
0.0736883089278754   0.0937062710833299   0.0113043187643727   -0.0101452935871752   0
0.0704084576005191   0.0978939219815205   -0.00327985132735625   0.00418765089819065   0
0.0677767749498757   0.117519880612144   -0.00263168265064341   0.0196259586306231   0
0.0576010809049622   0.115802837314638   -0.0101756940449135   -0.00171704329750562   0
0.0639626835932483   0.113282667774488   0.00636160268828616   -0.00252016954015015   0
0.0650750607044665   0.116202455755789   0.00111237711121816   0.0029197879813008   0
0.0528181342147751   0.116179726996567   -0.0122569264896914   -2.27287592214076e-05   0
0.0702085124675954   0.131070250926517   0.0173903782528203   0.0148905239299493   0
0.0619614153380957   0.123847297969191   -0.00824709712949971   -0.00722295295732546   0
0.0876348338981138   0.116204599419649   0.0256734185600181   -0.00764269854954236   0
0.0861155835740547   0.116687185284257   -0.00151925032405915   0.00048258586460817   0
0.0834014983322242   0.137184810169567   -0.00271408524183046   0.02049762488531   0
0.0824548833773961   0.131072176998973   -0.000946614954828076   -0.00611263317059429   0
0.0848904565685095   0.13275044540355   0.00243557319111334   0.00167826840457738   0
0.0702799663708656   0.146207100435778   -0.0146104901976439   0.0134566550322278   0
0.0848066538958029   0.135437346041845   0.0145266875249373   -0.0107697543939323   0
0.0927477174891652   0.127760108543796   0.00794106359336233   -0.0076772374980496   0
0.114640863762316   0.12070589723408   0.0218931462731513   -0.00705421130971612   0
0.0989849192796276   0.133762742480072   -0.0156559444826888   0.013056845245992   0
0.0940092571006175   0.14425470912154   -0.00497566217901017   0.0104919666414678   0
0.0933224100490873   0.146386574465318   -0.000686847051530132   0.00213186534377813   0
0.0945195203831992   0.146214125259526   0.00119711033411182   -0.000172449205792125   0
0.0932781134961466   0.142289307443497   -0.00124140688705258   -0.00392481781602863   0
0.0941480552940952   0.140559140871343   0.000869941797948581   -0.00173016657215408   0
0.10318775148907   0.135327779940087   0.00903969619497451   -0.00523136093125628   0
0.085032729049937   0.141445001108876   -0.0181550224391327   0.00611722116878968   0
0.0945119472205515   0.140051903044871   0.00947921817061445   -0.00139309806400506   0
0.0793090322291755   0.147540315757219   -0.0152029149913759   0.00748841271234818   0
0.0835795819806488   0.121292755348423   0.00427054975147331   -0.026247560408796   0
0.0885131845416665   0.137875318347157   0.00493360256101763   0.016582562998734   0
0.0817855853977949   0.136804579314766   -0.00672759914387158   -0.0010707390323918   0
0.0904936943658513   0.135334563021942   0.00870810896805639   -0.00147001629282359   0
0.0994282677210561   0.124970413692522   0.0089345733552048   -0.0103641493294204   0
0.0843011984953974   0.131162771556909   -0.0151270692256586   0.00619235786438775   0
0.0940465374259999   0.144239483459393   0.00974533893060246   0.0130767119024836   0
0.105248758744985   0.144630203623076   0.0112022213189848   0.0003907201636833   0
0.0844503039365164   0.14328209534538   -0.0207984548084683   -0.00134810827769652   0
0.0857240308383484   0.152110783238697   0.00127372690183195   0.00882868789331767   0
0.0961674516600081   0.149180012451602   0.0104434208216598   -0.00293077078709583   0
0.107233683915606   0.157362517409611   0.0110662322555979   0.00818250495800904   0
0.0855277714775552   0.154462390968611   -0.0217059124380508   -0.00290012644099974   0
0.10181938618333   0.155085160015167   0.0162916147057744   0.000622769046556282   0
0.0954191605789786   0.149625289185151   -0.00640022560435097   -0.00545987083001637   0
0.105386347323029   0.134873235930966   0.00996718674404996   -0.0147520532541849   0
0.09226404275536   0.151320331051349   -0.0131223045676686   0.0164470951203836   0
0.0948989254594592   0.153349392701341   0.00263488270409926   0.00202906164999123   0
0.0929512969864326   0.159234604349408   -0.00194762847302662   0.00588521164806727   0
0.109829234527117   0.154489990755817   0.0168779375406845   -0.00474461359359071   0
0.0996538814271677   0.153777490446335   -0.0101753530999494   -0.000712500309482722   0
0.104884716508889   0.156133539726519   0.0052308350817212   0.00235604928018451   0
0.0991682660542171   0.159033457126016   -0.00571645045467177   0.00289991739949735   0
0.115801453855392   0.179480746642732   0.0166331878011749   0.0204472895167155   0
0.104099251519296   0.180707691162275   -0.0117022023360963   0.00122694451954269   0
0.105386121974575   0.182812712736177   0.00128687045527924   0.00210502157390252   0
0.105135472579572   0.181450408714337   -0.000250649395002689   -0.00136230402183993   0
0.105578463217884   0.181150579340179   0.000442990638311283   -0.000299829374158123   0
0.109267917100721   0.182167296076224   0.00368945388283723   0.00101671673604453   0
0.108621825439842   0.194637044290064   -0.000646091660878395   0.0124697482138409   0
0.113604634024365   0.181150579340179   0.00498280858452296   -0.0134864649498854   0
0.123883703209986   0.193711454651713   0.010279069185621   0.0125608753115335   0
0.107898987575953   0.189945463062349   -0.0159847156340337   -0.00376599158936405   0
0.106021440357175   0.192341627330858   -0.00187754721877779   0.00239616426850905   0
0.10665308803429   0.199460142710825   0.000631647677114988   0.00711851537996699   0
0.103545503419559   0.201916517056635   -0.00310758461473046   0.00245637434581075   0
0.110108254091689   0.192716635871251   0.00656275067212977   -0.00919988118538395   0
0.111699243999367   0.183587642813507   0.00159098990767764   -0.00912899305774389   0
0.0719741555535223   0.205886303505169   -0.0397250884458446   0.0222986606916614   0
0.115138353317009   0.210528814818976   0.0431641977634867   0.00464251131380664   0
0.0949257036848798   0.209250071396003   -0.0202126496321292   -0.00127874342297218   0
0.0976406757879015   0.214969994231108   0.00271497210302173   0.00571992283510442   0
0.0985742970278201   0.209624342578576   0.000933621239918567   -0.0053456516525322   0
0.105426687303675   0.225766045343404   0.00685239027585506   0.0161417027648285   0
0.116943994737524   0.20994528132573   0.0115173074338487   -0.0158207640176739   0
0.097072555532482   0.222169605848781   -0.0198714392050418   0.0122243245230503   0
0.0970746037776349   0.230698447300307   2.04824515287472e-06   0.00852884145152644   0
0.123199086881675   0.234343796864905   0.0261244831040397   0.00364534956459833   0
0.102947038983458   0.21451764253527   -0.0202520478982167   -0.019826154329635   0
0.100879611922087   0.225899938095631   -0.00206742706137078   0.0113822955603609   0
0.109907048407338   0.227496007842995   0.00902743648525069   0.0015960697473637   0
0.128655259374857   0.232208656072017   0.0187482109675187   0.00471264822902259   0
0.126789674637724   0.232107463186069   -0.00186558473713216   -0.000101192885948231   0
0.115417067126517   0.229143615617744   -0.0113726075112075   -0.00296384756832502   0
0.0972358913000328   0.229152412037578   -0.018181175826484   8.79641983395074e-06   0
0.0987619580382695   0.22963135656763   0.00152606673823662   0.000478944530051761   0
0.114741706017493   0.23280572471024   0.015979747979224   0.00317436814260993   0
0.098636571288329   0.229601140844378   -0.0161051347291645   -0.00320458386586167   0
0.164824111162827   0.257409115262402   0.0661875398744985   0.0278079744180237   0
0.191835655541167   0.139949622598526   0.0270115443783393   -0.117459492663875   1
0.124559958316828   0.193583015536882   -0.0672756972243385   0.053633392938355   0
0.122538978940646   0.194292923214357   -0.0020209793761822   0.000709907677475419   0
0.0973906735613837   0.196655582523768   -0.0251483053792624   0.00236265930941101   0
0.0813934759300093   0.208067914830543   -0.0159971976313744   0.0114123323067748   0
0.0679408371814036   0.198330747643658   -0.0134526387486056   -0.00973716718688439   0
0.0672520221410479   0.212778118212212   -0.000688815040355728   0.0144473705685535   0
0.0850931552500552   0.199175243173392   0.0178411331090073   -0.0136028750388194   0
0.0623278465010335   0.206198959253387   -0.0227653087490217   0.00702371607999469   0
0.0765506375052488   0.219139903319955   0.0142227910042152   0.0129409440665675   0
0.0741359073680899   0.205091599092558   -0.00241473013715891   -0.0140483042273967   0
0.091376029622796   0.207904344902482   0.0172401222547062   0.00281274580992363   0
0.0359853939931189   0.20505722776654   -0.0553906356296771   -0.00284711713594171   0
0.15778496599068   0.161159816341148   0.121799571997561   -0.043897411425392   0
0.123036111711725   0.192828361236911   -0.0347488542789551   0.0316685448957628   0
0.113121234240173   0.185550047676483   -0.00991487747155211   -0.00727831356042799   0
0.129914312735626   0.189401829630154   0.0167930784954533   0.00385178195367164   0
0.11912909208959   0.171647776460438   -0.0107852206460359   -0.0177540531697163   0
0.117059248336203   0.190662989728474   -0.00206984375338666   0.0190152132680355   0
0.127856340283135   0.191009531149451   0.0107970919469321   0.000346541420977703   0
0.132467779847214   0.197657293236045   0.00461143956407878   0.00664776208659409   0
0.0803837592421504   0.189241649860575   -0.0520840206050637   -0.00841564337547024   0
0.125895461940979   0.186596087756228   0.0455117026988286   -0.00264556210434691   0
0.133520151143638   0.183751325772578   0.00762468920265921   -0.00284476198365038   0
0.123814937111224   0.185337422255929   -0.00970521403241405   0.00158609648335117   0
0.137618881440701   0.178460278090252   0.0138039443294764   -0.00687714416567717   0
0.15340057132277   0.184609891404009   0.0157816898820699   0.00614961331375721   0
0.159293827927583   0.191026343856495   0.00589325660481244   0.00641645245248637   0
0.149815570212448   0.189380824462384   -0.00947825771513502   -0.00164551939411087   0
0.165157807701362   0.191026343856495   0.0153422374889139   0.00164551939411087   0
0.146656009031726   0.197971436315949   -0.0185017986696361   0.00694509245945402   0
0.137421620257165   0.197673813443992   -0.00923438877456087   -0.000297622871957781   0
0.148972487398882   0.187676796103585   0.011550867141717   -0.00999701734040698   0
0.159346858572267   0.208157681738316   0.010374371173385   0.0204808856347312   0
0.141966987523473   0.206600128998005   -0.0173798710487936   -0.00155755274031039   0
0.138121831074816   0.220730100086916   -0.00384515644865724   0.0141299710889107   0
0.157144113817381   0.206432386722263   0.019022282742565   -0.014297713364653   0
0.171044068081679   0.214142416896501   0.0138999542642979   0.00771003017423821   0
0.164954325976041   0.214216786158234   -0.00608974210563784   7.43692617324598e-05   0
0.13361401316387   0.21128905337909   -0.0313403128121707   -0.00292773277914427   0
0.143075509246352   0.217365252282902   0.00946149608248148   0.00607619890381239   0
0.144938855101859   0.224553948445296   0.00186334585550693   0.0071886961623937   0
0.155160209625084   0.231628695000783   0.0102213545232253   0.00707474655548695   0
0.154047105744768   0.229182350034641   -0.00111310388031641   -0.00244634496614174   0
0.143371607758582   0.232138450904869   -0.0106754979861855   0.00295610087022855   0
0.159793738220995   0.225672621892793   0.0164221304624133   -0.00646582901207668   0
0.145331161391527   0.228054756506771   -0.0144625768294686   0.00238213461397802   0
0.13962138837431   0.234830819588534   -0.0057097730172164   0.00677606308176301   0
0.155248277568674   0.230895747940238   0.0156268891943635   -0.0039350716482954   0
0.150465747790153   0.231358481540305   -0.00478252977852062   0.000462733600066573   0
0.157571200399185   0.237053854192893   0.00710545260903139   0.0056953726525881   0
0.1360478217351   0.251941194448035   -0.0215233786640844   0.0148873402551418   0
0.167798045008188   0.232769611963042   0.0317502232730881   -0.0191715824849931   0
0.143542092911957   0.227228516566545   -0.0242559520962313   -0.00554109539649697   0
0.136395327524001   0.248415480452935   -0.00714676538795567   0.0211869638863902   0
0.197352371907915   0.232072185554161   0.0609570443839136   -0.0163432948987738   0
0.180635344021512   0.232932724102057   -0.016717027886403   0.00086053854789564   0
0.164237728597299   0.225361217981723   -0.0163976154242132   -0.00757150612033386   0
0.181337206920202   0.223291574352085   0.0170994783229027   -0.00206964362963835   0
0.166356708354367   0.227559601880914   -0.0149804985658344   0.00426802752882929   0
0.17704549475358   0.223459565358103   0.010688786399213   -0.00410003652281041   0
0.187074651566342   0.222825772694801   0.0100291568127613   -0.00063379266330274   0
0.173600850487548   0.204340316062421   -0.0134738010787935   -0.0184854566323799   0
0.155158021826137   0.201952079692176   -0.0184428286614111   -0.00238823637024482   0
0.176481036391591   0.218610422220842   0.0213230145654539   0.0166583425286665   0
0.166439502463207   0.219621384982986   -0.0100415339283835   0.00101096276214374   0
0.164929569350587   0.210379071767714   -0.0015099331126206   -0.00924231321527208   0
0.158580844149286   0.211820323681375   -0.00634872520130117   0.00144125191366096   0
0.169754189680667   0.180052665711904   0.0111733455313818   -0.0317676579694715   0
0.172386962868138   0.159727041336877   0.00263277318747093   -0.0203256243750263   0
0.195470446068351   0.15814004134578   0.0230834832002124   -0.00158699999109727   0
0.206061845539696   0.159502078080648   0.0105913994713454   0.00136203673486759   0
0.200847507294664   0.161096130930145   -0.00521433824503245   0.00159405284949765   0
0.19098520047577   0.168746493181229   -0.00986230681889388   0.00765036225108359   0
0.187240411483132   0.160772091851268   -0.00374478899263808   -0.00797440132996102   0
0.198651889298199   0.161003066274753   0.0114114778150677   0.000230974423485186   0
0.202157172902101   0.150299429220149   0.00350528360390165   -0.0107036370546042   0
0.222410400540195   0.160770290797445   0.0202532276380939   0.0104708615772962   0
0.205609338484904   0.156101922191985   -0.0168010620552906   -0.00466836860546002   0
0.210494054225885   0.153840912611356   0.00488471574098104   -0.00226100958062844   0
0.197061629424528   0.162220499440345   -0.0134324248013574   0.00837958682898868   0
0.229277261760428   0.159938933657646   0.0322156323359004   -0.00228156578269878   0
0.202246996612305   0.172275358857216   -0.0270302651481236   0.0123364251995695   0
0.21445226228056   0.170222001721759   0.012205265668255   -0.00205335713545693   0
0.208583143460875   0.169451021050693   -0.00586911881968469   -0.00077098067106568   0
0.195628149602773   0.169852511088871   -0.0129549938581022   0.000401490038177632   0
0.196586789349844   0.168445162472784   0.000958639747071222   -0.00140734861608718   0
0.180066407166068   0.175460000673266   -0.0165203821837766   0.00701483820048235   0
