0.0630106678810819   0.093159836389522   0   0   0
0.0736915718672088   0.0888441673336522   0.010680903986127   -0.00431566905586971   0
0.0575304169989589   0.0954721141378989   -0.0161611548682499   0.00662794680424668   0
0.0566114957353619   0.0940752717187678   -0.000918921263597001   -0.00139684241913109   0
0.0289528374514485   0.0757923326478015   -0.0276586582839134   -0.0182829390709663   0
0.0545540470122978   0.0771265835199512   0.0256012095608493   0.00133425087214965   0
0.0880880544219816   0.0689329593766291   0.0335340074096838   -0.00819362414332205   0
0.102021711485399   0.0585363429771046   0.0139336570634174   -0.0103966163995245   0
0.102730330582805   0.0592662966541904   0.000708619097406465   0.000729953677085796   0
0.0987590245223696   0.05017005720801   -0.0039713060604359   -0.00909623944618036   0
0.0490055983691506   0.0469656524419857   -0.0497534261532189   -0.00320440476602431   0
0.0704106847663052   0.0532918035317323   0.0214050863971545   0.00632615108974657   0
0.0468419063176084   0.053291531007328   -0.0235687784486968   -2.72524404321128e-07   0
0.0401395708507204   0.0337926682281083   -0.00670233546688802   -0.0194988627792197   0
0.0171379152143719   0.029475684481384   -0.0230016556363485   -0.00431698374672432   0
0.0500743791749873   0.0297759550388686   0.0329364639606154   0.000300270557484644   0
0.0322413539760662   0.0109594651181855   -0.0178330251989211   -0.0188164899206831   0
0.0483320056976741   0.0198192532393188   0.0160906517216079   0.00885978812113332   0
0.0419222775046431   0.0148743658798653   -0.006409728193031   -0.00494488735945356   0
0.0460875280744845   0.0273372157617455   0.00416525056984144   0.0124628498818802   0
0.00908837204380759   0.00862411380034059   -0.0369991560306769   -0.0187131019614049   0
0.016125360523179   0.00775455524003956   0.00703698847937142   -0.000869558560301028   0
0.0128325917047939   0.0111288041094776   -0.00329276881838515   0.00337424886943802   0
0.0376118304134165   0.00198669947421597   0.0247792387086226   -0.00914210463526161   0
0.0274669989678687   0.00228288867084824   -0.0101448314455478   0.000296189196632274   0
0.0369823347115598   0.00611276080038515   0.00951533574369115   0.0038298721295369   0
0.0414899680959627   0.0057405879030331   0.00450763338440283   -0.000372172897352042   0
0.0362109496310177   0.00723144260161138   -0.00527901846494498   0.00149085469857828   0
0.05556501118476   0.0101766673469649   0.0193540615537423   0.0029452247453535   0
0.0525207245838717   0.0159299403018726   -0.0030442866008883   0.00575327295490772   0
0.0290981643625522   0.0145916882657645   -0.0234225602213195   -0.00133825203610808   0
0.0483304840482992   0.0202010168687086   0.019232319685747   0.0056093286029441   0
0.0386978724092889   0.0272823061876507   -0.0096326116390103   0.00708128931894211   0
0.021924690447849   0.0444760461788984   -0.0167731819614399   0.0171937399912476   0
0.038228960030779   0.0308372582217798   0.0163042695829301   -0.0136387879571186   0
0.0496688644409151   0.0333178190497592   0.0114399044101361   0.00248056082797945   0
0.0178642381163289   0.0506688850637647   -0.0318046263245862   0.0173510660140055   0
0.0154162475493552   0.0354004204931947   -0.00244799056697375   -0.01526846457057   0
0.034092537221216   0.0456690664997928   0.0186762896718608   0.0102686460065981   0
0.0431129999129601   0.0466226785214288   0.00902046269174411   0.000953612021635984   0
0.0622334907982029   0.0689574163635653   0.0191204908852427   0.0223347378421365   0
0.0369802022900092   0.0577044018552311   -0.0252532885081937   -0.0112530145083342   0
0.0771645854150724   0.0480522746561742   0.0401843831250632   -0.00965212719905692   0
0.0531069429170236   0.0566366744816025   -0.0240576424980488   0.00858439982542827   0
0.0558797832370492   0.0674214721300077   0.00277284032002559   0.0107847976484052   0
0.0289043033740116   0.0754002161193189   -0.0269754798630375   0.00797874398931125   0
0.0479290279928509   0.0544004330797157   0.0190247246188393   -0.0209997830396032   0
0.0630818081954695   0.0688092473991521   0.0151527802026185   0.0144088143194365   0
0.0632007015061233   0.0614992674378364   0.000118893310653859   -0.00730997996131574   0
0.0597111252012965   0.0896470568029704   -0.00348957630482688   0.028147789365134   0
0.0450309298231782   0.0767176897343991   -0.0146801953781183   -0.0129293670685713   0
0.0824981404770435   0.0965237110861317   0.0374672106538653   0.0198060213517326   0
0.0535332838549215   0.115835417196358   -0.0289648566221219   0.0193117061102259   0
0.0298327319113168   0.0896321183041318   -0.0237005519436047   -0.0262032988922258   0
0.06411605663456   0.0998449573049385   0.0342833247232431   0.0102128390008067   0
0.0701464777827262   0.0978854884559121   0.00603042114816625   -0.00195946884902645   0
0.0612383112607572   0.116954249462424   -0.00890816652196901   0.0190687610065119   0
0.0921885805730975   0.116072126321556   0.0309502693123404   -0.000882123140868107   0
0.103475636673619   0.141431092293756   0.0112870561005219   0.0253589659722005   0
0.0522632671635375   0.141041212474757   -0.051212369510082   -0.000389879818999184   0
0.105264896560012   0.147273685558385   0.0530016293964748   0.00623247308362759   0
0.0991211367605316   0.15718834196774   -0.00614375979948079   0.00991465640935477   0
0.111082678403651   0.137287960849719   0.0119615416431198   -0.0199003811180201   0
0.0851950556737825   0.143052084769456   -0.0258876227298688   0.00576412391973702   0
0.100096341849704   0.140570435669365   0.014901286175922   -0.00248164910009174   0
0.116355259884136   0.145113632166285   0.0162589180344318   0.00454319649692034   0
0.112707448346105   0.182583293230426   -0.00364781153803098   0.0374696610641405   0
0.0915306229878285   0.162395443526844   -0.0211768253582768   -0.0201878497035821   0
0.114890298370924   0.16189351606037   0.0233596753830957   -0.000501927466473179   0
0.102744713028455   0.171961574771357   -0.0121455853424691   0.0100680587109861   0
0.0845727810623631   0.180412031846057   -0.018171931966092   0.0084504570747003   0
0.0771377058991256   0.20785938719264   -0.00743507516323745   0.0274473553465836   0
0.0680426488409005   0.180800264680455   -0.00909505705822514   -0.0270591225121856   0
0.0938368592176251   0.192849445549637   0.0257942103767246   0.0120491808691825   0
0.0874035894651724   0.215823724664233   -0.0064332697524527   0.0229742791145953   0
0.0751300009713829   0.197150071392746   -0.0122735884937895   -0.0186736532714862   0
0.102875617751827   0.220754304197469   0.027745616780444   0.0236042328047222   0
0.103229045816766   0.21198089201556   0.000353428064939224   -0.00877341218190864   0
0.136175530864579   0.222784731496533   0.0329464850478132   0.0108038394809735   0
0.129085860847926   0.244896882144914   -0.00708967001665378   0.0221121506483808   0
0.0756001995540891   0.244588231919082   -0.0534856612938364   -0.000308650225832513   0
0.0859366986146198   0.224845861502747   0.0103364990605307   -0.0197423704163346   0
0.102324038900984   0.217386266862433   0.0163873402863637   -0.00745959464031451   0
0.09679195225503   0.231225166178581   -0.00553208664595359   0.0138388993161487   0
0.122106051618296   0.245369359207604   0.0253140993632661   0.0141441930290224   0
0.124950242640501   0.250644654974034   0.00284419102220455   0.00527529576643035   0
0.100643379005824   0.278640158914616   -0.0243068636346764   0.0279955039405821   0
0.115486607063373   0.241797284092543   0.014843228057549   -0.0368428748220729   0
0.0948046009831855   0.268935355065976   -0.0206820060801879   0.0271380709734327   0
0.0946390837741997   0.251496165116747   -0.000165517208985763   -0.0174391899492289   0
0.122241528750959   0.261516702510279   0.0276024449767596   0.0100205373935325   0
0.109805868440903   0.252291415608003   -0.0124356603100563   -0.00922528690227664   0
0.139809347025047   0.221131168641126   0.0300034785841439   -0.031160246966877   0
0.323091958741053   0.0931962362682233   0.183282611716006   -0.127934932372902   0
0.192285824789348   0.164892793075299   -0.130806133951704   0.0716965568070762   0
0.195983196710458   0.174994333235544   0.00369737192110933   0.0101015401602442   0
0.167286160654999   0.218674120031595   -0.0286970360554591   0.0436797867960515   0
0.157614172570172   0.224721315230359   -0.0096719880848265   0.00604719519876407   0
0.163213615295384   0.239150679979433   0.00559944272521185   0.0144293647490734   0
0.168572804965362   0.249801483970942   0.00535918966997811   0.0106508039915098   0
0.130072577605505   0.247401066831719   -0.0385002273598576   -0.00240041713922387   0
0.141876779765859   0.121129576557978   0.0118042021603542   -0.126271490273741   0
0.259667138262754   0.12054923916056   0.117790358496895   -0.000580337397417321   1
0.135910386228639   0.197177180717157   -0.123756752034115   0.076627941556597   0
0.083312053379388   0.240532088243994   -0.0525983328492508   0.0433549075268366   0
0.04828612736325   0.275786612965179   -0.035025926016138   0.0352545247211853   0
0.0573808445018022   0.302265151218516   0.00909471713855216   0.026478538253337   0
0.0743753455805081   0.305920200747188   0.0169945010787059   0.00365504952867202   0
0.0620998956196385   0.301182187808178   -0.0122754499608695   -0.00473801293901066   0
0.0926567211685154   0.297177938412099   0.0305568255488768   -0.00400424939607813   0
0.103664466136678   0.307600151824101   0.0110077449681624   0.0104222134120016   0
0.0976070164959983   0.337380083567133   -0.00605744964067936   0.0297799317430318   0
0.0705081917865045   0.350250655712751   -0.0270988247094939   0.0128705721456184   0
0.055228383880302   0.371635238021512   -0.0152798079062025   0.0213845823087603   0
0.0704647967204901   0.382549443799498   0.0152364128401882   0.0109142057779866   0
0.07353580485471   0.368498241502577   0.0030710081342199   -0.0140512022969216   0
0.0908445335764899   0.369224418772955   0.0173087287217799   0.000726177270377937   0
0.113442557193981   0.368893083981352   0.0225980236174909   -0.000331334791603022   0
0.113132728701866   0.35128642391429   -0.000309828492114833   -0.0176066600670619   0
0.124641028155138   0.360782713370832   0.0115082994532725   0.00949628945654246   0
0.124584480914478   0.37643490983111   -5.65472406601347e-05   0.0156521964602775   0
0.0926304957069215   0.37346347919282   -0.0319539852075568   -0.00297143063828997   0
0.110440924394945   0.374649046929865   0.0178104286880237   0.00118556773704515   0
0.132386639907847   0.37808430143396   0.021945715512902   0.00343525450409532   0
0.130546446460254   0.37054060503154   -0.00184019344759306   -0.00754369640241981   0
0.115316769763465   0.369350519228423   -0.0152296766967891   -0.00119008580311747   0
0.149053049348344   0.367783089325315   0.0337362795848794   -0.00156742990310743   0
0.141310120475003   0.378937854229896   -0.00774292887334097   0.0111547649045809   0
0.124925437614202   0.379161914486308   -0.016384682860801   0.000224060256411918   0
0.132348659330346   0.383744668414768   0.00742322171614357   0.00458275392845947   0
0.137626043144916   0.385814882134626   0.00527738381457035   0.0020702137198586   0
0.175650386424312   0.385108609018511   0.0380243432793952   -0.000706273116115208   0
0.150170178192509   0.403729609819419   -0.0254802082318023   0.0186210008009076   0
0.17142035601964   0.395177807420078   0.0212501778271303   -0.00855180239934106   0
0.181329413278955   0.408389184943125   0.00990905725931523   0.0132113775230475   0
0.181336151693836   0.404220758528929   6.73841488141314e-06   -0.0041684264141964   0
0.188949429306627   0.425949826392147   0.00761327761279065   0.0217290678632182   0
0.200869145978248   0.439157673136907   0.0119197166716215   0.0132078467447603   0
0.193054796186779   0.440320566527456   -0.00781434979146914   0.00116289339054909   0
0.188998572325322   0.442717382059639   -0.00405622386145724   0.00239681553218235   0
0.204327460875282   0.448624751473333   0.0153288885499602   0.00590736941369457   0
0.211020628799418   0.462170437291647   0.00669316792413532   0.0135456858183142   0
0.169037720841385   0.452848551856865   -0.0419829079580326   -0.00932188543478207   0
0.180589968103685   0.472072233643973   0.0115522472623001   0.0192236817871079   0
0.200311369013194   0.472308445495621   0.019721400909509   0.000236211851647905   0
0.191209288739422   0.47142627342133   -0.00910208027377221   -0.000882172074291143   0
0.184818156449117   0.478730449788333   -0.00639113229030536   0.00730417636700342   0
0.147040922369567   0.508279947949759   -0.0377772340795499   0.0295494981614259   0
0.217182919292425   0.522258275515097   0.0701419969228585   0.0139783275653373   0
0.252371908596381   0.539290909561864   0.0351889893039558   0.0170326340467674   0
0.216573778657551   0.533806099859839   -0.0357981299388296   -0.00548480970202492   0
0.251247246459439   0.518033353203961   0.0346734678018876   -0.0157727466558779   0
0.242544933844226   0.495887829357479   -0.00870231261521279   -0.0221455238464818   0
0.405606113567843   0.0454602839918813   0.163061179723617   -0.450427545365598   1
0.39173694763203   0.191028008335303   -0.0138691659358126   0.145567724343421   0
0.310300436976854   0.255683566239214   -0.0814365106551767   0.0646555579039111   0
0.277262620701277   0.311298930653937   -0.0330378162755771   0.0556153644147236   0
0.264718174582423   0.307178194157304   -0.012544446118854   -0.0041207364966333   0
0.254539003516337   0.356811251687979   -0.0101791710660853   0.0496330575306751   0
0.247623412989584   0.35544484023148   -0.0069155905267535   -0.00136641145649902   0
0.320509966390345   0.374960845838299   0.072886553400761   0.0195160056068185   0
0.296268902798117   0.384663009749267   -0.024241063592228   0.00970216391096856   0
0.230046766956808   0.378116969497909   -0.0662221358413087   -0.00654604025135858   0
0.234658010037714   0.401240378655065   0.00461124308090607   0.0231234091571563   0
0.275924325133541   0.424910401976784   0.0412663150958266   0.0236700233217192   0
0.238786050789702   0.440922823673795   -0.037138274343839   0.0160124216970106   0
0.267610814467988   0.440210374532791   0.0288247636782865   -0.000712449141004157   0
0.271738974803413   0.458050189894833   0.00412816033542474   0.0178398153620422   0
0.27042884923974   0.481286396841139   -0.00131012556367316   0.0232362069463065   0
0.285241445737203   0.508532591161845   0.0148125964974635   0.0272461943207054   0
0.2901001049263   0.525650097486783   0.00485865918909612   0.017117506324938   0
0.266884085808521   0.526495712140488   -0.0232160191177786   0.000845614653705473   0
0.316356175314028   0.522654980524259   0.049472089505507   -0.00384073161622889   0
0.300688049442973   0.532606691856452   -0.0156681258710545   0.00995171133219308   0
0.289951313575797   0.556233104376854   -0.0107367358671767   0.0236264125204019   0
0.323096069132774   0.567093596658316   0.0331447555569768   0.0108604922814619   0
0.319068554833095   0.583447044238744   -0.00402751429967818   0.0163534475804276   0
0.31232447939867   0.573774628393448   -0.00674407543442573   -0.00967241584529543   0
0.286489553583547   0.580897864546482   -0.0258349258151227   0.00712323615303312   0
0.337463098390935   0.605495104711337   0.0509735448073882   0.0245972401648552   0
0.330153029036082   0.600725347941197   -0.00731006935485318   -0.00476975677013947   0
0.298703910922254   0.600365661314372   -0.0314491181138277   -0.000359686626825728   0
0.333653173515344   0.625746255190011   0.0349492625930894   0.0253805938756396   0
0.304617679939051   0.611886243290897   -0.0290354935762929   -0.0138600118991137   0
0.337586863748014   0.612333405642816   0.032969183808963   0.000447162351918884   0
0.374855585213359   0.622122826262459   0.0372687214653455   0.00978942061964228   0
0.371135657272135   0.635572378391488   -0.00371992794122378   0.0134495521290291   0
0.378789440032322   0.636098135184818   0.00765378276018641   0.00052575679332989   0
0.405645890673195   0.664113314340652   0.0268564506408735   0.028015179155834   0
0.387830422284702   0.630411134991966   -0.0178154683884938   -0.0337021793486857   0
0.415890674075748   0.666879243082024   0.0280602517910463   0.0364681080900576   0
0.398210572848587   0.651284836367365   -0.0176801012271607   -0.0155944067146588   0
0.410336368626399   0.665061614306624   0.0121257957778117   0.0137767779392598   0
0.373807670935367   0.648456530470335   -0.036528697691032   -0.0166050838362891   0
0.383399341561198   0.645764431920189   0.00959167062583077   -0.00269209855014596   0
0.376880659883487   0.655137316248664   -0.00651868167771091   0.00937288432847505   0
0.392509508085358   0.643567586049162   0.0156288482018716   -0.0115697301995029   0
0.388940105943093   0.673205205133403   -0.00356940214226587   0.0296376190842418   0
0.425717803620476   0.65929976215793   0.0367776976773834   -0.0139054429754737   0
0.377452327798239   0.664558691801087   -0.0482654758222374   0.00525892964315755   0
0.385259810096511   0.656167561612554   0.00780748229827283   -0.00839113018853299   0
0.397553342015597   0.666643952873751   0.0122935319190853   0.0104763912611968   0
0.387850629562593   0.67856100357112   -0.0097027124530033   0.0119170506973687   0
0.385415747731888   0.661680501559695   -0.00243488183070573   -0.0168805020114243   0
0.409807325872513   0.657547040177592   0.0243915781406253   -0.00413346138210291   0
0.414622341770303   0.683091758000199   0.00481501589779015   0.0255447178226065   0
0.410264870071043   0.688997283612354   -0.00435747169925976   0.00590552561215496   0
0.381522473084221   0.673147584767495   -0.0287423969868225   -0.0158496988448584   0
0.399866741406046   0.673515331950432   0.0183442683218256   0.000367747182936085   0
0.450817737374345   0.691354941889911   0.0509509959682988   0.0178396099394798   0
0.429776334205564   0.680206976219049   -0.0210414031687814   -0.011147965670862   0
0.430977005819023   0.686309030180656   0.00120067161345894   0.00610205396160657   0
0.429973484580787   0.694071609325581   -0.00100352123823561   0.0077625791449254   0
0.437859990390764   0.691370923342817   0.00788650580997696   -0.00270068598276385   0
0.442482219766004   0.673499025763967   0.00462222937523959   -0.0178718975788504   0
0.437662675374506   0.689819810501452   -0.00481954439149795   0.0163207847374854   0
0.433265360445351   0.672952224447681   -0.00439731492915468   -0.016867586053771   0
0.442936312929116   0.673441756843591   0.00967095248376515   0.000489532395909764   0
0.438308973284611   0.656925676871358   -0.00462733964450501   -0.0165160799722328   0
0.480630815257532   0.697364224855265   0.042321841972921   0.0404385479839069   0
0.483038909514586   0.699447065177237   0.00240809425705335   0.00208284032197159   0
0.448446070300945   0.691525165656294   -0.0345928392136407   -0.00792189952094291   0
0.429565270179236   0.67906270998422   -0.0188808001217089   -0.0124624556720742   0
0.429571797431512   0.683888919833684   6.52725227601181e-06   0.0048262098494638   0
0.44718998406969   0.688569138335006   0.0176181866381784   0.00468021850132216   0
0.494177521699824   0.703567728353044   0.0469875376301336   0.0149985900180382   0
0.48046589804086   0.701897897660203   -0.0137116236589641   -0.00166983069284121   0
0.474217402786169   0.694164084352572   -0.00624849525469051   -0.00773381330763057   0
0.436791279960597   0.684608553305566   -0.0374261228255721   -0.00955553104700613   0
0.592864519215891   0.617579545202535   0.156073239255294   -0.0670290081030309   0
0.674068045609566   0.587006492249049   0.0812035263936747   -0.0305730529534863   0
0.564577027716436   0.651269978896104   -0.10949101789313   0.0642634866470551   0
0.547751466814862   0.658779504068129   -0.0168255609015739   0.0075095251720253   0
0.5271384944973   0.672029331557427   -0.0206129723175613   0.013249827489298   0
0.530528020357097   0.708543846261461   0.00338952585979635   0.0365145147040338   0
0.412063527566466   0.724088270167251   -0.11846449279063   0.0155444239057904   0
0.425331130358454   0.685510018801662   0.0132676027919875   -0.0385782513655898   0
0.502368031592378   0.741361446031922   0.0770369012339237   0.0558514272302605   0
0.496740560620773   0.730075620878688   -0.00562747097160443   -0.0112858251532336   0
0.537857758963474   0.73424069870006   0.0411171983427004   0.00416507782137177   0
0.507044030939563   0.733277543569326   -0.030813728023911   -0.000963155130734084   0
0.933298451014733   0.539446761786981   0.426254420075171   -0.193830781782345   1
0.537016680805541   0.656686313502248   -0.396281770209192   0.117239551715267   1
0.535613426347027   0.695110392725121   -0.00140325445851341   0.0384240792228735   0
0.564139981264943   0.704438680238864   0.0285265549179154   0.00932828751374271   0
0.543011409184927   0.717797744075175   -0.0211285720800161   0.0133590638363107   0
0.515188960638143   0.711849125480725   -0.0278224485467838   -0.00594861859444984   0
0.549414049453789   0.718694789404904   0.0342250888156457   0.00684566392417962   0
0.553674062180314   0.742115837891902   0.00426001272652521   0.0234210484869976   0
0.575120399036941   0.766726171501405   0.021446336856627   0.0246103336095034   0
