0.0859845265902772   0.053546462681138   0   0   0
0.0940391341703017   0.0581294919543643   0.00805460758002448   0.00458302927322631   0
0.0571430231312625   0.138973613464926   -0.0368961110390392   0.0808441215105615   1
0.217613541909184   0.371446726222042   0.160470518777921   0.232473112757116   1
0.156507397116718   0.215985469681001   -0.0611061447924658   -0.155461256541041   0
0.113079621584174   0.154502416213024   -0.0434277755325437   -0.0614830534679768   0
0.0926177450825494   0.124807941041005   -0.0204618765016246   -0.0296944751720189   0
0.0606141306159917   0.118709962432024   -0.0320036144665577   -0.00609797860898131   0
0.0370052804321221   0.0668375351081636   -0.0236088501838696   -0.0518724273238602   0
0.0305051922617839   0.0651709316994356   -0.00650008817033822   -0.001666603408728   0
0.0322795018280332   0.030148881632243   0.00177430956624933   -0.0350220500671926   0
0.0317549284429992   0.0562940848275598   -0.000524573385034019   0.0261452031953168   0
0.0634451024255214   0.0450379099859774   0.0316901739825222   -0.0112561748415824   0
0.0492088040612716   0.0150439175084359   -0.0142362983642498   -0.0299939924775414   0
0.0654043552662787   0.0313803475859096   0.0161955512050071   0.0163364300774736   0
0.0404644367399832   0.00656988063521134   -0.0249399185262955   -0.0248104669506982   0
0.0316960557775522   0.026170062555464   -0.00876838096243098   0.0196001819202527   0
0.0520743256451545   0.0278123626091887   0.0203782698676023   0.00164230005372472   0
0.0590152143858463   0.0129151018515148   0.00694088874069176   -0.014897260757674   0
0.0287089935453701   0.0153695231952304   -0.0303062208404762   0.00245442134371563   0
0.0132402257162042   0.0129151018515148   -0.0154687678291658   -0.00245442134371563   0
0.0308357565214152   0.0285884469283485   0.017595530805211   0.0156733450768338   0
0.0234283923098214   0.0159891979174222   -0.00740736421159377   -0.0125992490109263   0
0.0508339919389782   0.00523858219761082   0.0274055996291568   -0.0107506157198114   0
0.0158500889436116   0.0113155346449306   -0.0349839029953666   0.00607695244731979   0
0.0364974673423034   0.0347809106138339   0.0206473783986917   0.0234653759689032   0
0.0165057831999638   0.0169109154006103   -0.0199916841423396   -0.0178699952132235   0
0.0221784213457699   0.00925934026927   0.00567263814580609   -0.00765157513134034   0
0.0435534154305538   0.0112200933603335   0.0213749940847839   0.00196075309106351   0
0.0147816850472333   0.0160063822916048   -0.0287717303833205   0.00478628893127131   0
0.0634096105342873   0.0132793067034616   0.048627925487054   -0.00272707558814322   0
0.0421708569165344   0.0147416629440169   -0.0212387536177529   0.00146235624055527   0
0.0241637594627869   0.00980553544137825   -0.0180070974537475   -0.00493612750263861   0
0.0889576030233504   0.213690467493662   0.0647938435605635   0.203884932052284   0
0.0409256630147344   0.0637642862337139   -0.048031940008616   -0.149926181259948   0
0.0406470671686212   0.0474994802803433   -0.000278595846113262   -0.0162648059533706   0
0.0603931347212612   0.0240011667438319   0.01974606755264   -0.0234983135365114   0
0.0595458309339991   0.0277377466382045   -0.000847303787262096   0.00373657989437255   0
0.0420976026878265   0.0323044987819808   -0.0174482282461725   0.00456675214377631   0
0.0371674981750736   0.0574873546509361   -0.00493010451275292   0.0251828558689552   0
0.0215213344222169   0.0430450357401699   -0.0156461637528567   -0.0144423189107662   0
0.067545875213816   0.0282169213628228   0.046024540791599   -0.0148281143773471   0
0.0470574889553873   0.0217134282752908   -0.0204883862584287   -0.00650349308753194   0
0.0324837989410044   0.0126373625655959   -0.0145736900143829   -0.00907606570969493   0
0.0292332186357729   0.0201874060541616   -0.00325058030523152   0.00755004348856567   0
0.0530345703558537   0.0224144172135369   0.0238013517200808   0.00222701115937533   0
0.0270232321393685   0.0260605325269751   -0.0260113382164852   0.00364611531343814   0
0.0182494524664057   0.0444375637181543   -0.00877377967296286   0.0183770311911793   0
0.0806490707757932   0.0472766685123859   0.0623996183093875   0.00283910479423163   0
0.0321920958684994   0.0543822911907684   -0.0484569749072938   0.00710562267838245   0
0.0583719370932334   0.0703267915161429   0.026179841224734   0.0159445003253745   0
0.0723290760081788   0.0551960213307988   0.0139571389149453   -0.015130770185344   0
0.0368172105262254   0.0760286823998187   -0.0355118654819534   0.0208326610690199   0
0.0883511151754889   0.124281781857841   0.0515339046492635   0.0482530994580224   0
0.0529698600447169   0.114655715805242   -0.0353812551307719   -0.00962606605259873   0
0.0692213365396826   0.112163207243563   0.0162514764949657   -0.00249250856167918   0
0.0893103301895705   0.120412392074372   0.0200889936498879   0.00824918483080858   0
0.0522789006099975   0.0969471470631807   -0.0370314295795729   -0.023465245011191   0
0.0926117029620987   0.120455026525349   0.0403328023521011   0.0235078794621681   0
0.0474485826099305   0.106571346866653   -0.0451631203521682   -0.0138836796586957   0
0.0669249897009196   0.116280146051209   0.0194764070909891   0.00970879918455544   0
0.1082270666171   0.119539341871578   0.0413020769161799   0.00325919582036943   0
0.0680224702566916   0.115526016601998   -0.0402045963604079   -0.00401332526958051   0
0.0832357420163357   0.136199783814927   0.0152132717596441   0.0206737672129297   0
0.0375227186724256   0.104768478156708   -0.0457130233439101   -0.0314313056582197   0
0.0872160941975304   0.10736910121987   0.0496933755251048   0.00260062306316208   0
0.0639301706916226   0.087336057078749   -0.0232859235059078   -0.0200330441411206   0
0.104304170741412   0.139132653756292   0.0403740000497893   0.0517965966775426   0
0.0314876167545418   0.0823905261070865   -0.0728165539868701   -0.056742127649205   1
0.0593539115835679   0.140508109285238   0.0278662948290262   0.058117583178152   0
0.141198144961256   0.0486403005158788   0.0818442333776885   -0.0918678087693596   0
0.0456303526093104   0.067610752100355   -0.0955677923519461   0.0189704515844762   0
0.0830851388372795   0.130969809520486   0.0374547862279691   0.0633590574201314   0
0.0922911962897524   0.0751758843256721   0.0092060574524729   -0.0557939251948144   0
0.0804451543997033   0.0323182066124669   -0.0118460418900491   -0.0428576777132052   0
0.0774930498905547   0.0196681193060597   -0.0029521045091486   -0.0126500873064072   0
0.0802749636661045   0.0239753220708425   0.00278191377554983   0.00430720276478271   0
0.0535890344927953   0.00402728320157336   -0.0266859291733093   -0.0199480388692691   0
0.0699444536098467   0.020437014631368   0.0163554191170515   0.0164097314297946   0
0.0753171970934925   0.016072561926657   0.00537274348364582   -0.00436445270471098   0
0.0794651871875861   0.0193142908311754   0.00414799009409357   0.00324172890451834   0
0.0582560076787794   0.0313229651693246   -0.0212091795088067   0.0120086743381493   0
0.051948689532172   0.0623746490848846   -0.00630731814660734   0.03105168391556   0
0.0593800757664463   0.0762004224622968   0.00743138623427424   0.0138257733774121   0
0.068724897222113   0.0249291388819013   0.00934482145566677   -0.0512712835803954   0
0.133561232424869   0.178206670368851   0.0648363352027564   0.15327753148695   0
0.190006454921958   0.164788217350618   0.0564452224970884   -0.0134184530182339   0
0.216389974101297   0.111329771017408   0.0263835191793392   -0.0534584463332101   0
0.175292799561648   0.142246817273695   -0.0410971745396493   0.0309170462562879   0
0.15691425081378   0.0830408929138078   -0.0183785487478673   -0.0592059243598876   0
0.113050890814226   0.0630489678945064   -0.0438633599995546   -0.0199919250193014   0
0.103938441975479   0.0336957651130302   -0.00911244883874687   -0.0293532027814763   0
0.111332437272971   0.0227568202810169   0.00739399529749198   -0.0109389448320133   0
0.124083004935809   0.0212965376970507   0.0127505676628381   -0.00146028258396619   0
0.094526902071897   0.0336102927036496   -0.029556102863912   0.0123137550065989   0
0.125285226652307   0.0372487112546528   0.0307583245804103   0.00363841855100325   0
0.112598233286762   0.0353180179634631   -0.0126869933655456   -0.00193069329118976   0
0.152552374326492   0.0991418806159385   0.0399541410397299   0.0638238626524754   0
0.19247334725712   0.158244482842752   0.0399209729306287   0.0591026022268134   0
0.184974499713366   0.0638829657219397   -0.00749884754375435   -0.0943615171208122   0
0.146023908057722   0.0907242853062855   -0.0389505916556441   0.0268413195843458   0
0.133947384226979   0.0856285881928681   -0.0120765238307426   -0.00509569711341741   0
0.147088981583428   0.0799506604991461   0.0131415973564487   -0.00567792769372198   0
0.115366145860777   0.0521150938943316   -0.0317228357226512   -0.0278355666048145   0
0.161246241155259   0.100670879752948   0.0458800952944825   0.0485557858586163   0
0.125018282320867   0.0486029466529427   -0.0362279588343922   -0.0520679331000053   0
0.142806066599567   0.0542164484581248   0.0177877842787001   0.00561350180518208   0
0.137906182280418   0.0505394518977501   -0.00489988431914865   -0.00367699656037464   0
0.139744459656081   0.0822505017435304   0.00183827737566236   0.0317110498457803   0
0.160627983749719   0.0690157611749302   0.0208835240936382   -0.0132347405686002   0
0.168408975161925   0.0460307600911879   0.00778099141220634   -0.0229850010837422   0
0.158406319864613   0.0288977968789145   -0.0100026552973127   -0.0171329632122734   0
0.139340166510737   0.0294344881114234   -0.0190661533538754   0.000536691232508903   0
0.152609582841839   0.0291353389216862   0.0132694163311013   -0.000299149189737155   0
0.0958254672949733   0.0252699104232959   -0.0567841155468653   -0.00386542849839031   0
0.119131954048693   0.0216897139291445   0.0233064867537201   -0.00358019649415143   0
0.101775798629389   0.0361121431812763   -0.0173561554193041   0.0144224292521318   0
0.114562928296068   0.0298421520280391   0.0127871296666787   -0.00626999115323717   0
0.0837009337192842   0.0421700720822244   -0.0308619945767838   0.0123279200541852   0
0.0901170428732546   0.0440940163710452   0.00641610915397042   0.0019239442888208   0
0.104340471762495   0.0478028842214829   0.0142234288892404   0.00370886785043772   0
0.0845728475944851   0.0529452959667334   -0.0197676241680099   0.00514241174525053   0
0.109913140528556   0.056953606301467   0.0253402929340704   0.00400831033473353   0
0.0918755269130469   0.0507888656315782   -0.0180376136155087   -0.00616474066988882   0
0.0899682027552513   0.0559707874158476   -0.00190732415779561   0.00518192178426941   0
0.0688748585916516   0.0492209883267545   -0.0210933441635997   -0.00674979908909309   0
0.101584887836823   0.0445680202564574   0.0327100292451719   -0.00465296807029705   0
0.0563768857718303   0.0574776639301955   -0.0452080020649932   0.0129096436737381   0
0.185788489590179   0.209508225807491   0.129411603818349   0.152030561877295   0
0.233566646401857   0.204602837642106   0.0477781568116779   -0.00490538816538441   0
0.269343739352171   0.0951140113032381   0.0357770929503138   -0.109488826338868   0
0.23235541217101   0.105015645469163   -0.0369883271811604   0.00990163416592522   0
0.152226871810269   0.074350072470459   -0.0801285403607414   -0.0306655729987044   0
0.193918067449245   0.0761226298574379   0.0416911956389764   0.00177255738697898   0
0.172768905611398   0.0509897607641721   -0.0211491618378477   -0.0251328690932659   0
0.195815634276326   0.0442533141793075   0.0230467286649289   -0.00673644658486454   0
0.220027427774925   0.0463123342055602   0.0242117934985989   0.00205902002625266   0
0.183771028426246   0.0257290703258979   -0.0362563993486797   -0.0205832638796623   0
0.161481169444768   0.0336926344025015   -0.0222898589814773   0.00796356407660356   0
0.132602919834256   0.0274634989568705   -0.0288782496105129   -0.006229135445631   0
0.1400425044739   0.0166904732704256   0.00743958463964481   -0.0107730256864448   0
0.170038674063785   0.0163217432029525   0.0299961695898843   -0.000368730067473157   0
0.211542317463237   0.0163217432029525   0.0415036433994522   0   0
0.204773942832896   0.01612428098771   -0.0067683746303413   -0.000197462215242503   0
0.177725983325708   0.0276630197813796   -0.0270479595071872   0.0115387387936697   0
0.196215154408302   0.0253745681471966   0.0184891710825931   -0.00228845163418301   0
0.200751871879318   0.0310488231003206   0.00453671747101617   0.00567425495312395   0
0.187555561476809   0.0467101181258408   -0.0131963104025092   0.0156612950255202   0
0.212582976566446   0.125318851965546   0.0250274150896371   0.0786087338397055   0
0.267601409164376   0.0271925678801212   0.0550184325979307   -0.0981262840854251   0
0.192915040468959   0.025435390157271   -0.0746863686954176   -0.00175717772285019   0
0.194620208991667   0.0217750950503666   0.00170516852270786   -0.00366029510690443   0
0.191833900717704   0.0273992844095425   -0.0027863082739624   0.00562418935917592   0
0.173468196172209   0.0175633314540045   -0.0183657045454952   -0.00983595295553799   0
0.102295431706699   0.0506411700284709   -0.0711727644655097   0.0330778385744664   0
0.117985802357614   0.0441770522907822   0.0156903706509148   -0.00646411773768875   0
0.124618843551286   0.0720377433219212   0.00663304119367221   0.027860691031139   0
0.103928375181083   0.0783221526428666   -0.0206904683702031   0.00628440932094544   0
0.142764438801915   0.0794449253651232   0.0388360636208313   0.0011227727222566   0
0.137047669557217   0.0714727565621379   -0.00571676924469769   -0.00797216880298535   0
0.118026484601508   0.0850938564279173   -0.0190211849557089   0.0136210998657794   0
0.0980822343733053   0.0801804879614791   -0.0199442502282026   -0.00491336846643817   0
0.0980689215936425   0.0950539596396305   -1.33127796628635e-05   0.0148734716781514   0
0.133817440189685   0.0836793170048346   0.0357485185960428   -0.0113746426347959   0
0.0879551790032855   0.0909251701819276   -0.0458622611863998   0.007245853177093   0
0.113415942858489   0.0844495770019009   0.0254607638552033   -0.00647559318002666   0
0.113814643363321   0.0999146961678436   0.000398700504832414   0.0154651191659426   0
0.100330864934625   0.0919244622366647   -0.0134837784286961   -0.00799023393117886   0
0.128711543608589   0.0920049682618417   0.0283806786739634   8.05060251769935e-05   0
0.0808003080773211   0.106433300047835   -0.0479112355312675   0.0144283317859934   0
0.106654524127064   0.0952210799252193   0.0258542160497425   -0.0112122201226159   0
0.0754820644013033   0.11238746630213   -0.0311724597257603   0.0171663863769111   0
0.12888633633265   0.108662827984424   0.0534042719313464   -0.00372463831770652   0
0.0840526625861406   0.124079953086115   -0.0448336737465091   0.0154171251016911   0
0.16153706383527   0.045592507964193   0.0774844012491291   -0.078487445121922   0
0.234831729145872   0.261632475363944   0.0732946653106019   0.216039967399751   0
0.303293568764654   0.166268894101219   0.0684618396187826   -0.0953635812627251   0
0.299378537359661   0.116745913415096   -0.00391503140499305   -0.0495229806861238   0
0.193510558461909   0.0430790801428315   -0.105867978897752   -0.0736668332722641   0
0.169330956957315   0.0342335392722769   -0.0241796015045944   -0.0088455408705546   0
0.1276923567074   0.0466526527293896   -0.0416386002499143   0.0124191134571127   0
0.22019704099213   0.0480509859972116   0.09250468428473   0.00139833326782197   0
0.186311801200917   0.0467703767554477   -0.0338852397912135   -0.00128060924176387   0
0.209575408068313   0.0502981471945538   0.0232636068673963   0.00352777043910607   0
0.174869109410267   0.0479476771953814   -0.034706298658046   -0.00235046999917238   0
0.17176799882481   0.0379981064164387   -0.00310111058545701   -0.00994957077894272   0
0.204156974612503   0.0620091996894816   0.0323889757876923   0.0240110932730429   0
0.148341831433517   0.0537436582503173   -0.0558151431789854   -0.00826554143916425   0
0.229780261451152   0.0619184519858984   0.0814384300176354   0.00817479373558105   0
0.191149622928767   0.056858099993586   -0.038630638522385   -0.00506035199231235   0
0.351152031807908   0.258540712215122   0.160002408879141   0.201682612221536   0
0.326664094472655   0.278363446719141   -0.0244879373352526   0.0198227345040189   0
0.468433750360507   0.269635104617815   0.141769655887852   -0.00872834210132589   0
0.361888648715817   0.18514505044451   -0.10654510164469   -0.0844900541733054   0
0.334795978227099   0.151875757252433   -0.0270926704887182   -0.0332692931920764   0
0.316520881055911   0.153716163475446   -0.018275097171188   0.00184040622301274   0
0.305501388954977   0.151661265556874   -0.0110194921009341   -0.00205489791857238   0
0.582680813782949   0.539720308068329   0.277179424827973   0.388059042511456   0
0.492523860541355   0.290692084431796   -0.0901569532415945   -0.249028223636533   0
0.412432443569853   0.210956680196089   -0.0800914169715018   -0.0797354042357072   0
0.448273879836033   0.228420141942673   0.0358414362661798   0.0174634617465843   0
0.409267711628953   0.182480009940021   -0.0390061682070796   -0.0459401320026528   0
0.403433267807701   0.187699099531624   -0.00583444382125242   0.00521908959160347   0
0.446918972359207   0.183810010891056   0.0434857045515066   -0.00388908864056839   0
0.389678741924999   0.145292943287415   -0.0572402304342083   -0.0385170676036406   0
0.386073672664286   0.143795882583056   -0.00360506926071347   -0.00149706070435912   0
0.393006967340835   0.136874918225272   0.00693329467654918   -0.00692096435778355   0
0.365966656333183   0.112498305421904   -0.0270403110076519   -0.0243766128033683   0
0.393709905180197   0.0986111494308833   0.0277432488470145   -0.0138871559910207   0
0.319874592308939   0.0705840145792233   -0.0738353128712583   -0.0280271348516601   0
0.336696629899811   0.067440407681978   0.0168220375908715   -0.00314360689724524   0
0.331267337944084   0.0854907346951265   -0.00542929195572645   0.0180503270131485   0
0.340216618189118   0.0839824592612052   0.00894928024503377   -0.00150827543392122   0
0.381542454576172   0.0870075664098819   0.0413258363870538   0.00302510714867661   0
0.341152932311024   0.0759995509518477   -0.0403895222651479   -0.0110080154580341   0
0.358000098896928   0.0957178796151482   0.0168471665859039   0.0197183286633004   0
0.308292579461151   0.0799124869523687   -0.0497075194357768   -0.0158053926627795   0
0.353634591025822   0.0774354396644069   0.0453420115646707   -0.00247704728796182   0
0.340367092405479   0.0574982060302972   -0.0132674986203423   -0.0199372336341097   0
0.378756634809953   0.0933713833347777   0.0383895424044736   0.0358731773044806   0
0.265952478135023   0.0696563925687549   -0.11280415667493   -0.0237149907660228   0
0.340398392844341   0.0933556276515776   0.0744459147093173   0.0236992350828227   0
0.332376677834411   0.0831487133551837   -0.00802171500992926   -0.0102069142963939   0
0.356000588976212   0.0857655084846612   0.023623911141801   0.00261679512947757   0
0.341330308344806   0.09795920475194   -0.0146702806314067   0.0121936962672787   0
0.311448519876078   0.106812847322782   -0.0298817884687271   0.00885364257084231   0
0.342360273573337   0.109685072705504   0.0309117536972583   0.00287222538272126   0
0.332803698277889   0.0852567195649492   -0.00955657529544796   -0.0244283531405543   0
0.371802572672864   0.0950180477879466   0.0389988743949748   0.00976132822299734   0
0.381985539884706   0.0993041494944194   0.010182967211842   0.00428610170647283   0
0.329567442041291   0.067743798585627   -0.0524180978434141   -0.0315603509087924   0
0.352133203286427   0.114151400383964   0.0225657612451354   0.0464076017983368   0
0.342555034131977   0.0914563331804856   -0.0095781691544497   -0.0226950672034781   0
0.358511198357332   0.11572653783611   0.0159561642253545   0.0242702046556239   0
0.416921108486534   0.144851397641438   0.058409910129202   0.0291248598053288   0
0.374462318234612   0.135755838595924   -0.0424587902519215   -0.00909555904551462   0
0.400571178370536   0.154342644975554   0.0261088601359241   0.0185868063796306   0
0.378198900636808   0.134131780062193   -0.0223722777337285   -0.0202108649133614   0
0.40591523648571   0.138773355218744   0.0277163358489023   0.00464157515655056   0
0.403864789730722   0.128430718533053   -0.0020504467549885   -0.0103426366856907   0
0.413291789778118   0.129779644028956   0.00942700004739622   0.0013489254959031   0
0.410663211361342   0.155806113093165   -0.00262857841677616   0.0260264690642087   0
0.418007340217179   0.162608550485983   0.0073441288558368   0.00680243739281847   0
0.439110031183541   0.159447134833618   0.0211026909663621   -0.00316141565236494   0
0.415419828367641   0.14948747718207   -0.0236902028159001   -0.00995965765154777   0
0.426109209254811   0.162250159013089   0.01068938088717   0.0127626818310182   0
0.32853321184655   0.0933072520065429   -0.0975759974082608   -0.0689429070065456   0
0.377560013132535   0.122828531416748   0.0490268012859851   0.0295212794102049   0
0.352037868207399   0.105280708181141   -0.025522144925136   -0.0175478232356071   0
0.350882496424729   0.132291409503046   -0.00115537178266989   0.0270107013219049   0
