0.0931420031102343   0.11511602583079   0   0   0
0.0665728903179702   0.0957612702815836   -0.0265691127922641   -0.0193547555492059   0
0.0777243911331521   0.0988993508482867   0.0111515008151819   0.0031380805667031   0
0.0540044053288249   0.0982887981256384   -0.0237199858043272   -0.000610552722648275   0
0.0698151668622005   0.0553850006793355   0.0158107615333756   -0.0429037974463028   0
0.0433961658312529   0.0733538720980699   -0.0264190010309476   0.0179688714187344   0
0.0408865423588251   0.0482903509176782   -0.00250962347242777   -0.0250635211803918   0
0.047616455031051   0.0490939892435927   0.00672991267222588   0.000803638325914596   0
0.0293171904351355   0.055395363984024   -0.0182992645959155   0.00630137474043122   0
0.022405653288206   0.0553268358675968   -0.00691153714692953   -6.8528116427137e-05   0
0.0362530726741886   0.0601913264917795   0.0138474193859826   0.0048644906241827   0
0.0222794109556896   0.065893   -0.013973661718499   0.00570167350822046   0
0.0466743284331291   0.0724965345240895   0.0243949174774395   0.0066035345240895   0
0.0211878255352573   0.0270768453068304   -0.0254865028978718   -0.0454196892172591   0
0.0214546336566277   0.058609970853644   0.00026680812137039   0.0315331255468136   0
0.0226551036576662   0.0774023056950017   0.00120047000103853   0.0187923348413577   0
0.0565279498638505   0.0828376700429973   0.0338728462061843   0.0054353643479956   0
0.038300947189332   0.0470838326828329   -0.0182270026745185   -0.0357538373601645   0
0.0286099736754667   0.0658385651131045   -0.00969097351386527   0.0187547324302716   0
0.00164623651730682   0.031706709800845   -0.0269637371581599   -0.0341318553122595   0
0.0182532609760246   0.027004768089375   0.0166070244587178   -0.00470194171147001   0
0.0304769795350176   0.0247011808214203   0.012223718558993   -0.00230358726795472   0
0.0296252531933417   0.014151419530298   -0.000851726341675917   -0.0105497612911223   0
0.0313754801496067   0.0260935841851326   0.00175022695626508   0.0119421646548346   0
0.00757227849770942   0.0270491148089452   -0.0238032016518973   0.000955530623812671   0
0.0181092762130793   0.0251751810970055   0.0105369977153699   -0.00187393371193969   0
0.0429167657730985   0.0283688623261671   0.0248074895600192   0.0031936812291616   0
0.037249042126823   0.0268083296198215   -0.00566772364627555   -0.00156053270634561   0
0.050603648402629   0.0291312221146402   0.0133546062758061   0.00232289249481864   0
0.198322477483466   0.144834263385222   0.147718829080837   0.115703041270582   0
0.158380896114715   0.167788211763372   -0.0399415813687518   0.022953948378149   1
0.074748255914971   0.135362801549207   -0.0836326401997435   -0.0324254102141645   0
0.0370113519342971   0.169706286286226   -0.0377369039806739   0.034343484737019   0
0.0998247807848833   0.181506382719892   0.0628134288505861   0.0118000964336662   0
0.103484121042168   0.221640753759885   0.00365934025728434   0.0401343710399928   0
0.0891896600265883   0.229540258604302   -0.0142944610155793   0.00789950484441732   0
0.115322836326093   0.224384110779312   0.0261331762995045   -0.00515614782499052   0
0.140185070868513   0.235713099332223   0.0248622345424202   0.0113289885529113   0
0.151677815956699   0.245863198052601   0.0114927450881865   0.0101500987203778   0
0.156120473753765   0.251683084235779   0.00444265779706543   0.00581988618317761   0
0.171430217162844   0.25521310198968   0.0153097434090795   0.00353001775390177   0
0.162864866510368   0.260637560446844   -0.00856535065247641   0.00542445845716405   0
0.169147627435351   0.2800970856564   0.00628276092498323   0.019459525209556   0
0.188252139305497   0.280900777069502   0.0191045118701453   0.000803691413101493   0
0.214129248355181   0.29053346790795   0.025877109049684   0.00963269083844842   0
0.223438074552896   0.314816838776198   0.00930882619771561   0.0242833708682473   0
0.229272624510232   0.306391379667264   0.00583454995733612   -0.00842545910893405   0
0.232935935936242   0.320857090056418   0.00366331142600934   0.0144657103891547   0
0.234867572005098   0.298363974076919   0.00193163606885657   -0.022493115979499   0
0.244448748153447   0.301903894623471   0.00958117614834922   0.003539920546552   0
0.235197724057993   0.29429728601297   -0.00925102409545409   -0.007606608610501   0
0.235384624084009   0.29274048367184   0.000186900026015124   -0.0015568023411307   0
0.241564906010698   0.272976736126291   0.00618028192668998   -0.0197637475455489   0
0.266140885047976   0.324642673490409   0.0245759790372776   0.051665937364118   0
0.258439745353245   0.302273662728019   -0.0077011396947313   -0.0223690107623891   0
0.304965595793427   0.354536559478384   0.0465258504401824   0.0522628967503649   0
0.286613872364267   0.328446898055473   -0.0183517234291601   -0.0260896614229111   0
0.292561361725107   0.329653699454355   0.00594748936083994   0.00120680139888207   0
0.304693324840654   0.346315632511312   0.0121319631155467   0.0166619330569565   0
0.28796803654135   0.348604119769191   -0.0167252882993042   0.00228848725787922   0
0.31176768885967   0.320742112839344   0.0237996523183205   -0.0278620069298475   0
0.30369348985333   0.347412925601886   -0.00807419900634038   0.0266708127625426   0
0.299250122714983   0.33392313237928   -0.00444336713834709   -0.0134897932226062   0
0.290288466933015   0.342272699531   -0.00896165578196778   0.00834956715171975   0
0.301831454330277   0.345075576071859   0.0115429873972621   0.00280287654085964   0
0.326920595890699   0.357488315436302   0.0250891415604226   0.0124127393644425   0
0.332021848257987   0.374110221741952   0.00510125236728798   0.0166219063056499   0
0.317388512706548   0.340813806098726   -0.0146333355514398   -0.0332964156432259   0
0.313527081345456   0.350969726730957   -0.00386143136109196   0.0101559206322309   0
0.308345924743574   0.349260722352289   -0.00518115660188145   -0.00170900437866811   0
0.32163998777523   0.336118846965631   0.0132940630316556   -0.0131418753866581   0
0.334585206749043   0.356695023604241   0.0129452189738134   0.0205761766386099   0
0.295003624456299   0.34010240005571   -0.0395815822927446   -0.0165926235485309   0
0.30076515840113   0.35461110824254   0.00576153394483153   0.0145087081868304   0
0.242591850159069   0.343582181537114   -0.0581733082420615   -0.0110289267054259   0
0.272225613749258   0.348652115110639   0.029633763590189   0.00506993357352514   0
0.273398278713489   0.340978737227851   0.00117266496423102   -0.0076733778827881   0
0.302728462811676   0.341468764161555   0.0293301840981877   0.000490026933704257   0
0.266023026502388   0.341164539805304   -0.0367054363092888   -0.000304224356251215   0
0.307587170409689   0.359935324107679   0.0415641439073011   0.0187707843023749   0
0.326852543063172   0.362319381019357   0.0192653726534829   0.00238405691167781   0
0.34713628672798   0.344164842467055   0.0202837436648079   -0.0181545385523024   0
0.357614905855411   0.34289538126328   0.0104786191274319   -0.0012694612037748   0
0.341306322502016   0.342285399168866   -0.0163085833533956   -0.000609982094413597   0
0.337446360862944   0.367248725273982   -0.00385996163907198   0.0249633261051162   0
0.327963651955228   0.366396685580728   -0.00948270890771574   -0.000852039693254869   0
0.343351072945637   0.38209690980108   0.0153874209904087   0.0157002242203529   0
0.347497026927404   0.407483413858224   0.00414595398176704   0.0253865040571433   0
0.339905083016336   0.382019491130194   -0.00759194391106804   -0.0254639227280295   0
0.332579840083209   0.358978881347987   -0.00732524293312659   -0.0230406097822067   0
0.33798410661499   0.349096791487851   0.00540426653178067   -0.009882089860136   0
0.325667948120909   0.333575296225253   -0.012316158494081   -0.0155214952625989   0
0.32619737357959   0.340093866824356   0.000529425458681565   0.00651857059910294   0
0.322799534231562   0.349791627361737   -0.00339783934802818   0.00969776053738181   0
0.334645465998942   0.366865665213985   0.01184593176738   0.0170740378522479   0
0.332078275958124   0.379400799511565   -0.00256719004081823   0.0125351342975801   0
0.322040356153464   0.374166266936923   -0.0100379198046599   -0.00523453257464274   0
0.326106237418744   0.361164843521888   0.00406588126527946   -0.0130014234150344   0
0.319693604570333   0.357990381549452   -0.00641263284841048   -0.00317446197243587   0
0.329135173160031   0.354229500583929   0.00944156858969786   -0.00376088096552296   0
0.333082834887139   0.348454505742414   0.00394766172710831   -0.0057749948415155   0
0.33843370075203   0.365420281630512   0.0053508658648912   0.0169657758880979   0
0.336131441026609   0.362649155367183   -0.00230225972542197   -0.0027711262633292   0
0.226099530351679   0.179449467299275   -0.110031910674929   -0.183199688067907   0
0.199957752965195   0.1480679074653   -0.0261417773864843   -0.0313815598339755   1
0.201402352658081   0.177251486254876   0.00144459969288585   0.0291835787895765   0
0.254448371319154   0.203401553619042   0.0530460186610729   0.026150067364166   0
0.327898171957911   0.24166967047485   0.0734498006387575   0.0382681168558078   0
0.306301894082619   0.209805208675959   -0.0215962778752923   -0.0318644617988913   0
0.293662524864342   0.20384357668715   -0.0126393692182775   -0.00596163198880853   0
0.326772009298043   0.229029908100252   0.033109484433701   0.0251863314131023   0
0.368946290508198   0.255100035448964   0.0421742812101559   0.0260701273487114   0
0.377319467977177   0.266863665489633   0.0083731774689787   0.0117636300406689   0
0.37628498156404   0.285120879685376   -0.00103448641313714   0.0182572141957432   0
0.384265300971399   0.2980453628591   0.00798031940735916   0.0129244831737241   0
0.375106629046808   0.303617516179358   -0.00915867192459074   0.00557215332025779   0
0.398935082352066   0.316480462809729   0.0238284533052579   0.0128629466303709   0
0.415153325896746   0.335626735690711   0.0162182435446798   0.0191462728809826   0
0.436482279935509   0.356226495407037   0.0213289540387627   0.0205997597163261   0
0.471232917146562   0.370780538392743   0.034750637211053   0.0145540429857057   0
0.462235037037341   0.379250151205471   -0.00899788010922042   0.00846961281272779   0
0.471763790700102   0.387210162222681   0.0095287536627609   0.00796001101721028   0
0.452582355764871   0.358084563162897   -0.0191814349352317   -0.0291255990597845   0
0.513586268496394   0.39212916354768   0.0610039127315232   0.0340446003847834   0
0.453951887933612   0.293811080689909   -0.0596343805627816   -0.0983180828577705   0
0.639593223902161   0.255969355486648   0.185641335968549   -0.0378417252032615   0
0.455653649166057   0.296990250986459   -0.183939574736104   0.0410208954998112   0
0.583381394364301   0.339745952706578   0.127727745198244   0.0427557017201183   0
0.625221596530774   0.330911533301429   0.0418402021664733   -0.00883441940514895   0
0.61885203433341   0.363235013439041   -0.00636956219736418   0.032323480137612   0
0.626379320109041   0.400863783241168   0.00752728577563111   0.0376287698021278   0
0.575840314485796   0.370939784285065   -0.0505390056232454   -0.0299239989561034   0
0.567266467251732   0.340860641871796   -0.00857384723406385   -0.0300791424132695   0
0.60000874505502   0.351208131129019   0.0327422778032883   0.0103474892572237   0
0.608336156336092   0.369975150065798   0.00832741128107184   0.0187670189367791   0
0.611500088504638   0.411185710611124   0.00316393216854605   0.0412105605453256   0
0.580989231860324   0.371988303597527   -0.0305108566443134   -0.0391974070135974   0
0.632408909311792   0.43117619700351   0.0514196774514672   0.0591878934059838   0
0.643253193489072   0.437263266513882   0.0108442841772806   0.00608706951037208   0
0.618298685126339   0.438962419947724   -0.0249545083627331   0.00169915343384192   0
0.548702702180088   0.418755789137729   -0.0695959829462515   -0.020206630809995   0
0.539780987603769   0.410257806127861   -0.00892171457631885   -0.00849798300986837   0
0.536431890856733   0.417836860654281   -0.00334909674703576   0.00757905452641983   0
0.56496228271397   0.448867011294409   0.028530391857237   0.031030150640128   0
0.558990255239678   0.479539483335963   -0.00597202747429249   0.0306724720415542   0
0.550607843289305   0.468554725304355   -0.0083824119503727   -0.0109847580316076   0
0.551691228625986   0.459583806087772   0.00108338533668106   -0.00897091921658383   0
0.581822031166885   0.458065219984283   0.0301308025408993   -0.00151858610348821   0
0.578247649458024   0.46935772635472   -0.00357438170886115   0.0112925063704369   0
0.574967924159183   0.473064975528524   -0.00327972529884135   0.00370724917380322   0
0.53061984840965   0.441470252007143   -0.0443480757495328   -0.031594723521381   0
0.540000237373475   0.421026117994243   0.00938038896382543   -0.0204441340128994   0
0.600340671504313   0.470652895133932   0.060340434130838   0.0496267771396893   0
0.596306918114061   0.49114725144533   -0.00403375339025214   0.0204943563113978   0
0.612478995809783   0.507620893403867   0.0161720776957215   0.0164736419585365   0
0.641677975323246   0.452625410757975   0.029198979513463   -0.0549954826458919   0
0.697895458290825   0.291876706972071   0.0562174829675788   -0.160748703785904   0
1.06811461751915   0.500172437426409   0.37021915922833   0.208295730454338   0
1.12050507789743   0.537421426527158   0.0523904603782728   0.0372489891007488   0
1.01080477687103   0.556798372076015   -0.109700301026394   0.019376945548857   0
0.974061793567925   0.58612266704689   -0.0367429833031083   0.0293242949708756   0
1.03713769640148   0.592495264596564   0.0630759028335552   0.0063725975496739   0
0.724508490189322   0.617012418901307   -0.312629206212159   0.0245171543047432   0
0.688327741160314   0.598902327462571   -0.0361807490290077   -0.0181100914387361   0
0.764880675982581   0.666687271604078   0.0765529348222671   0.0677849441415069   0
0.830345960230409   0.71017115039377   0.065465284247828   0.0434838787896913   0
0.776420397030616   0.639089084398678   -0.0539255631997926   -0.071082065995092   0
0.792555886462583   0.68074134427718   0.0161354894319662   0.0416522598785029   0
0.780538606053126   0.660954806769426   -0.0120172804094566   -0.0197865375077539   0
0.831130414496913   0.675156999223792   0.050591808443787   0.0142021924543657   0
0.82783750614652   0.662785472933746   -0.00329290835039253   -0.0123715262900457   0
0.785433648613556   0.674652594097948   -0.0424038575329647   0.0118671211642011   0
0.722776843079716   0.638388530863786   -0.06265680553384   -0.036264063234162   0
0.716692207145529   0.669773109416109   -0.00608463593418662   0.031384578552323   0
0.712278517809347   0.666876864423802   -0.00441368933618225   -0.00289624499230612   0
0.728562108162152   0.67516178526177   0.0162835903528057   0.00828492083796717   0
0.724375667864803   0.656756327332352   -0.00418644029734905   -0.0184054579294172   0
0.754821646321335   0.706581579510302   0.0304459784565312   0.0498252521779491   0
0.776320622273098   0.71311257263212   0.0214989759517633   0.00653099312181804   0
0.761286304056063   0.691117107906513   -0.0150343182170353   -0.0219954647256069   0
0.739447773213991   0.690748604809304   -0.0218385308420717   -0.000368503097208817   0
0.780245179193412   0.709093113553017   0.0407974059794213   0.0183445087437135   0
0.793601427823318   0.714573356467286   0.0133562486299061   0.00548024291426819   0
0.766764474990339   0.677046769803699   -0.0268369528329796   -0.0375265866635868   0
0.76683319885835   0.684282919503748   6.87238680112667e-05   0.00723614970004893   0
0.764089458949317   0.677802509182063   -0.00274373990903309   -0.00648041032168523   0
0.736554254637797   0.596034148686751   -0.0275352043115205   -0.0817683604953116   0
0.740863256551707   0.638141724161444   0.00430900191391015   0.0421075754746927   0
0.745940267319314   0.645965895316659   0.00507701076760736   0.00782417115521516   0
0.733449260151219   0.67321505251698   -0.0124910071680953   0.0272491572003211   0
0.560394843865823   0.615351122885771   -0.173054416285396   -0.0578639296312087   0
0.553386160272228   0.602706945734928   -0.00700868359359486   -0.0126441771508435   0
0.605853193946562   0.642353332888382   0.0524670336743336   0.0396463871534544   0
0.639974585777404   0.641861686101835   0.0341213918308426   -0.000491646786547451   0
0.645310489167037   0.645865829714401   0.00533590338963241   0.00400414361256618   0
0.676478480486261   0.65763389855257   0.031167991319224   0.0117680688381696   0
0.608175700100719   0.451275340204115   -0.0683027803855413   -0.206358558348455   0
0.731316552982359   0.471876250828011   0.12314085288164   0.0206009106238958   0
0.751817216018628   0.512503043661843   0.0205006630362684   0.0406267928338315   0
0.94536570022486   0.489542688866326   0.193548484206232   -0.0229603547955166   0
0.983440647308321   0.548982422571681   0.0380749470834612   0.0594397337053545   0
1.02027255830317   0.603230821199144   0.0368319109948463   0.0542483986274639   0
1.02095632721997   0.613888765095927   0.000683768916802441   0.010657943896783   0
0.993774262629517   0.626628356581565   -0.0271820645904531   0.0127395914856373   0
0.980189249988491   0.655327154704534   -0.0135850126410261   0.0286987981229693   0
0.97087111954692   0.651072391855913   -0.0093181304415707   -0.00425476284862136   0
0.988940928819311   0.683481586032464   0.0180698092723904   0.0324091941765514   0
1.06174204362126   0.715438887654929   0.072801114801945   0.0319573016224652   0
1.04876985415373   0.707581710998306   -0.0129721894675237   -0.00785717665662311   0
0.942114527534551   0.676928817612967   -0.106655326619181   -0.0306528933853388   0
0.942373156857245   0.700850015783862   0.000258629322694492   0.0239211981708951   0
0.983743722358425   0.713045952241377   0.0413705655011797   0.0121959364575149   0
0.968960768812319   0.700030147799007   -0.0147829535461061   -0.0130158044423702   0
0.9367518468725   0.711588468242881   -0.0322089219398185   0.0115583204438739   0
0.976843994313263   0.731926744956592   0.0400921474407625   0.0203382767137111   0
0.947216852138537   0.671072525871832   -0.0296271421747254   -0.0608542190847605   0
0.913716767862936   0.66486826921673   -0.0335000842756016   -0.00620425665510183   0
0.959834161358227   0.693777481783785   0.0461173934952906   0.028909212567055   0
0.920655015631481   0.655892004033629   -0.0391791457267453   -0.0378854777501559   0
0.962809605536988   0.7150534092192   0.0421545899055066   0.0591614051855706   0
0.954177534915196   0.704451053627929   -0.00863207062179183   -0.0106023555912701   0
0.894291974486096   0.684153406247093   -0.0598855604291001   -0.0202976473808364   0
0.794698940728274   0.554477807311925   -0.0995930337578222   -0.129675598935168   0
0.920886293308658   0.580988827959136   0.126187352580385   0.0265110206472108   0
1.04464999966975   0.701312001592119   0.123763706361088   0.120323173632984   0
1.14484470533485   0.77407522687753   0.100194705665108   0.0727632252854108   0
1.19024178662919   0.801031823723003   0.0453970812943369   0.0269565968454727   0
1.12490386914796   0.77810001680716   -0.0653379174812361   -0.022931806915843   0
1.09591257441159   0.77071848851737   -0.0289912947363651   -0.00738152828978955   0
1.07599690236841   0.753589848584653   -0.0199156720431819   -0.0171286399327175   0
1.06987206820115   0.740779877919035   -0.00612483416726128   -0.0128099706656181   0
1.05644665050313   0.776741625258522   -0.0134254176980135   0.035961747339487   0
1.03333667618056   0.745935771089743   -0.0231099743225724   -0.0308058541687785   0
1.10312275871561   0.837138510159012   0.06978608253505   0.0912027390692688   0
1.0730066756098   0.740246954772527   -0.0301160831058138   -0.0968915553864848   0
1.11041544664994   0.818551933718014   0.037408771040139   0.0783049789454865   0
1.05528549529851   0.755073843630708   -0.0551299513514294   -0.0634780900873063   0
1.0897246382482   0.784495323063975   0.0344391429496924   0.0294214794332672   0
1.10850054548953   0.784862761138054   0.0187759072413338   0.00036743807407924   0
1.06407389293384   0.769899735989369   -0.0444266525556918   -0.014963025148685   0
0.989035661697351   0.753520758526266   -0.0750382312364901   -0.0163789774631027   0
0.883857324002036   0.875956439741726   -0.105178337695315   0.12243568121546   0
0.730005350723712   0.789306964182169   -0.153851973278324   -0.0866494755595567   0
0.847569487931751   0.802983968294822   0.117564137208038   0.0136770041126528   0
0.911159537608673   0.82279906952609   0.0635900496769219   0.0198151012312681   0
0.886141761632127   0.793041875624484   -0.0250177759765452   -0.0297571939016059   0
0.946979431235988   0.853742812670918   0.0608376696038609   0.0607009370464335   0
0.915413550492635   0.767000323369717   -0.031565880743353   -0.0867424893012012   0
0.946315569907821   0.839182291897893   0.0309020194151853   0.0721819685281758   0
0.902357662655645   0.724988037891316   -0.043957907252176   -0.114194254006577   0
