0.0657990940404197   0.0542268754826829   0   0   0
0.0552261130314311   0.0613909106465151   -0.0105729810089887   0.00716403516383215   0
0.0660468996369247   0.044617   0.0108207866054936   -0.0167739106465151   0
0.100521213656074   0.139267243817103   0.0344743140191489   0.0946502438171033   0
0.0774444934498251   0.0782376221827453   -0.0230767202062485   -0.061029621634358   0
0.113251651259441   0.151099165882848   0.0358071578096157   0.072861543700103   0
0.102439277145536   0.134462368736693   -0.0108123741139045   -0.0166367971461549   0
0.0700003997211795   0.0937397163064968   -0.0324388774243569   -0.0407226524301966   0
0.0763305271931224   0.0813214727256536   0.00633012747194298   -0.0124182435808432   0
0.0999413961278309   0.152416414954378   0.0236108689347084   0.0710949422287239   0
0.0739185981755607   0.0778210799724753   -0.0260227979522702   -0.0745953349819022   0
0.0739761280185034   0.0363769561991503   5.75298429427162e-05   -0.041444123773325   0
0.0364038258480094   0.0411677712789374   -0.0375723021704939   0.00479081507978705   0
0.0227795700138215   0.0345860879636379   -0.0136242558341879   -0.00658168331529944   0
0.00609209662654032   0.0537012243259164   -0.0166874733872812   0.0191151363622785   0
0.0356222320777699   0.011797324250223   0.0295301354512296   -0.0419039000756934   0
0.0374230192034649   0.0136738088242633   0.00180078712569495   0.00187648457404025   0
0.0355469973830269   0.010244193903446   -0.00187602182043797   -0.00342961492081728   0
0.0317942824950855   0.00896771589734671   -0.00375271488794144   -0.00127647800609928   0
0.0378138121401816   0.0392955372494448   0.00601952964509612   0.030327821352098   0
0.00599328500819709   0.0100357859055681   -0.0318205271319845   -0.0292597513438766   0
0.0376668368522122   0.010709858150285   0.0316735518440151   0.000674072244716818   0
0.0403295263912996   0.00500974523553094   0.00266268953908741   -0.00570011291475401   0
0.0383617451033941   0.00611729247074431   -0.00196778128790549   0.00110754723521336   0
0.0481540865200078   0.00700044693759798   0.00979234141661373   0.000883154466853676   0
0.0443343083309269   0.0128754214631949   -0.00381977818908091   0.00587497452559692   0
0.0484251864712597   0.015825958042249   0.00409087814033281   0.00295053657905407   0
0.0387375072307344   0.0993090336927734   -0.00968767924052531   0.0834830756505244   0
0.0483688486359831   0.00953447276704512   0.00963134140524869   -0.0897745609257283   0
0.0483831136787687   0.0295583610046045   1.42650427856078e-05   0.0200238882375594   0
0.0566318634506057   0.0220337503243297   0.00824874977183698   -0.0075246106802748   0
0.0454896136518336   0.0227643511324966   -0.0111422497987721   0.000730600808166899   0
0.0580924618708796   0.0212026620038027   0.012602848219046   -0.00156168912869389   0
0.0483539145937772   0.0298540243202106   -0.00973854727710238   0.00865136231640785   0
0.0483661859079492   0.0173161781476666   1.22713141719605e-05   -0.012537846172544   0
0.0378807066047124   0.0138555089179079   -0.0104854793032368   -0.00346066922975868   0
0.0483647115218555   0.0162678959857053   0.0104840049171431   0.00241238706779737   0
0.041115010769697   0.0129552546724775   -0.00724970075215847   -0.00331264131322776   0
0.0517243473119768   0.00528429121228666   0.0106093365422798   -0.00767096346019084   0
0.0430960434045865   0.0201543057778605   -0.00862830390739033   0.0148700145655738   0
0.0593073831144993   0.0466647180201673   0.0162113397099129   0.0265104122423068   0
0.073091555990645   0.0276436921355488   0.0137841728761457   -0.0190210258846185   0
0.0606660348406751   0.0295940835543479   -0.01242552114997   0.00195039141879916   0
0.0850978377248799   0.0220591080683632   0.0244318028842049   -0.00753497548598474   0
0.0761657820853958   0.0257678301119734   -0.00893205563948413   0.00370872204361027   0
0.0772054641871934   0.0571132743691464   0.00103968210179758   0.031345444257173   0
0.0675357842721916   0.0283844144062371   -0.00966967991500181   -0.0287288599629093   0
0.0834631355306641   0.0364454141473053   0.0159273512584725   0.00806099974106819   0
0.107077012762731   0.044677075974981   0.0236138772320667   0.00823166182767572   0
0.121634503477262   0.10381897934435   0.0145574907145314   0.0591419033693687   0
0.0976784571789502   0.0353139469291387   -0.023956046298312   -0.068505032415211   0
0.0886048227210009   0.0503925056010326   -0.00907363445794925   0.0150785586718939   0
0.0947582573882614   0.051393217064998   0.00615343466726051   0.00100071146396542   0
0.0940396442607584   0.0475839026477715   -0.000718613127502987   -0.00380931441722644   0
0.0947266822716282   0.0428883493703969   0.000687038010869764   -0.00469555327737466   0
0.0797334023211728   0.126428059447745   -0.0149932799504554   0.0835397100773479   0
0.0903037888076685   0.0373812599480341   0.0105703864864958   -0.0890467994997107   0
0.101080842219642   0.0401576555300169   0.0107770534119732   0.00277639558198282   0
0.0943241682048138   0.045513949680238   -0.00675667401482795   0.0053562941502211   0
0.0864196031988692   0.054325415568176   -0.00790456500594459   0.00881146588793801   0
0.0929438715198587   0.0392223013023844   0.00652426832098954   -0.0151031142657916   0
0.101305635870427   0.0390870215136767   0.00836176435056854   -0.000135279788707705   0
0.0863931344013336   0.051254302178945   -0.0149125014690936   0.0121672806652683   0
0.0897320956339481   0.0411713589485154   0.00333896123261442   -0.0100829432304295   0
0.0868702425337353   0.0301921244304703   -0.00286185310021272   -0.0109792345180451   0
0.0965407229326568   0.0334471554412703   0.00967048039892142   0.00325503101080007   0
0.0936556998460553   0.0365905797147982   -0.00288502308660148   0.00314342427352784   0
0.103098627121849   0.0447109533502309   0.00944292727579345   0.00812037363543273   0
0.0949134873253533   0.0398986029465632   -0.00818513979649543   -0.00481235040366773   0
0.101256993748975   0.0473364239702631   0.00634350642362189   0.00743782102369994   0
0.0736444105557238   0.0303139257267184   -0.0276125831932514   -0.0170224982435447   0
0.111034025404738   0.0504047904545292   0.0373896148490142   0.0200908647278108   0
0.0720585217951354   0.104440699661126   -0.0389755036096026   0.0540359092065973   0
0.0886109962297005   0.0396624831780298   0.0165524744345651   -0.0647782164830966   0
0.0982200417369088   0.0326389963493824   0.00960904550720824   -0.0070234868286474   0
0.110104650145623   0.059346468072224   0.0118846084087141   0.0267074717228415   0
0.104444659292194   0.0470910332963187   -0.00565999085342876   -0.0122554347759052   0
0.106401728051804   0.0558144400108019   0.0019570687596097   0.00872340671448313   0
0.10590428432835   0.0446474339381895   -0.000497443723453769   -0.0111670060726123   0
0.117821045961577   0.0427473578684663   0.0119167616332268   -0.00190007606972328   0
0.0967007814208345   0.0512197456334225   -0.0211202645407424   0.00847238776495619   0
0.104264126280567   0.0415437070030468   0.00756334485973244   -0.00967603863037567   0
0.124611459646421   0.0552485900067368   0.0203473333658541   0.01370488300369   0
0.115343457706668   0.0512512599093183   -0.00926800193975255   -0.0039973300974185   0
0.102964246815533   0.0327395467062389   -0.0123792108911354   -0.0185117132030794   0
0.134812858940014   0.0509536693298186   0.0318486121244806   0.0182141226235797   0
0.13076370506012   0.0447669625835842   -0.0040491538798938   -0.00618670674623446   0
0.117373702124667   0.0297322984872512   -0.013390002935453   -0.015034664096333   0
0.122205188925062   0.0477919032647592   0.00483148680039484   0.018059604777508   0
0.135235559689196   0.069813286441537   0.013030370764134   0.0220213831767779   0
0.134304128557725   0.0693881797236972   -0.000931431131470345   -0.000425106717839865   0
0.14722323891828   0.0654225045469875   0.0129191103605545   -0.00396567517670968   0
0.124887403562581   0.0230518754963257   -0.0223358353556991   -0.0423706290506618   0
0.135539001268639   0.0564205666449576   0.0106515977060578   0.0333686911486319   0
0.126213904972867   0.0691672914262992   -0.00932509629577113   0.0127467247813416   0
0.140333938221266   0.0501631098924797   0.0141200332483983   -0.0190041815338194   0
0.114226619422445   0.0380663770793732   -0.026107318798821   -0.0120967328131065   0
0.148402202039626   0.0419576944601941   0.0341755826171815   0.00389131738082084   0
0.154439757293904   0.0627417436746111   0.00603755525427802   0.020784049214417   0
0.159052660279544   0.0694222176799373   0.00461290298563979   0.00668047400532622   0
0.113976933877737   0.0678365609502907   -0.045075726401807   -0.00158565672964665   0
0.135371019779604   0.0575962220692686   0.0213940859018674   -0.0102403388810221   0
0.154833032703393   0.062770094741246   0.0194620129237889   0.00517387267197743   0
0.156271919280368   0.0641704273045614   0.00143888657697536   0.0014003325633154   0
0.162408152690344   0.0350465585739256   0.00613623340997527   -0.0291238687306358   0
0.161214316804929   0.0529446709657828   -0.00119383588541477   0.0178981123918571   0
0.164294969556009   0.0739114743165424   0.0030806527510803   0.0209668033507596   0
0.150904740004978   0.0429779291769043   -0.0133902295510313   -0.0309335451396381   0
0.167709201233732   0.0596731229300721   0.016804461228754   0.0166951937531678   0
0.17204224894108   0.0908695336951555   0.0043330477073476   0.0311964107650834   0
0.167688739399937   0.0568214711621188   -0.00435350954114247   -0.0340480625330367   0
0.169744520405756   0.0603013358212113   0.0020557810058186   0.00347986465909247   0
0.176992330377892   0.0738234021560103   0.00724780997213639   0.013522066334799   0
0.171157794063431   0.0744494008274244   -0.00583453631446065   0.000625998671414107   0
0.171155855412107   0.0580128431353351   -1.93865132466775e-06   -0.0164365576920893   0
0.145210052017242   0.0417849809168917   -0.0259458033948652   -0.0162278622184435   0
0.184794531498987   0.0486496147736547   0.0395844794817452   0.00686463385676303   0
0.163659914804022   0.0509138352224864   -0.0211346166949652   0.00226422044883174   0
0.151732657867712   0.067858116087558   -0.0119272569363101   0.0169442808650716   0
0.18291502655162   0.0555207460080914   0.0311823686839089   -0.0123373700794666   0
0.185329446469739   0.0580134882447662   0.00241441991811894   0.00249274223667479   0
0.17963605838841   0.0551663919231175   -0.0056933880813298   -0.00284709632164875   0
0.17029286140969   0.0560477907716709   -0.00934319697871921   0.000881398848553469   0
0.183351064308513   0.0665266292839801   0.0130582028988225   0.0104788385123092   0
0.162476754173328   0.0565857830260393   -0.020874310135185   -0.00994084625794083   0
0.18140465887449   0.0686242816904347   0.0189279047011619   0.0120384986643953   0
0.190974300958139   0.0405588017618864   0.00956964208364963   -0.0280654799285482   0
0.187697457514826   0.0720741497344096   -0.00327684344331317   0.0315153479725232   0
0.211588510094978   0.0982569315177616   0.0238910525801515   0.026182781783352   0
0.174970267693371   0.044796643705472   -0.0366182424016064   -0.0534602878122897   0
0.188445855746246   0.0510482142563283   0.0134755880528746   0.00625157055085634   0
0.188950070880167   0.0605787324356148   0.000504215133920793   0.00953051817928648   0
0.211234710387521   0.0858973179392989   0.0222846395073547   0.0253185855036841   0
0.199857655435187   0.0819350147951173   -0.0113770549523341   -0.00396230314418154   0
0.180232392794692   0.0513021114088397   -0.0196252626404955   -0.0306329033862777   0
0.190180309650736   0.049739713961568   0.00994791685604482   -0.00156239744727171   0
0.170730969389153   0.0394708782690163   -0.0194493402615832   -0.0102688356925517   0
0.193845531768107   0.04532877419835   0.0231145623789532   0.00585789592933374   0
0.192989358477158   0.066326494580013   -0.000856173290948586   0.020997720381663   0
0.199340212437957   0.0970243707817526   0.00635085396079951   0.0306978762017395   0
0.204421621878631   0.0627787558503074   0.00508140944067362   -0.0342456149314452   0
0.196754852370685   0.0477065460840805   -0.00766676950794615   -0.0150722097662268   0
0.224229711166919   0.103865111862165   0.0274748587962343   0.0561585657780842   0
0.20349276031643   0.0639587503158286   -0.0207369508504893   -0.0399063615463362   0
0.178251529037173   0.0544077272011522   -0.0252412312792573   -0.00955102311467634   0
0.193412873867488   0.0428970678994789   0.0151613448303157   -0.0115106593016734   0
0.221740722794154   0.0687020771853131   0.0283278489266658   0.0258050092858343   0
0.171631289372101   0.0748817022362272   -0.0501094334220527   0.0061796250509141   0
0.197620471297961   0.0337096960624833   0.0259891819258593   -0.041172006173744   0
0.209164535376101   0.0569918308673708   0.0115440640781398   0.0232821348048875   0
0.210776829619719   0.057191709288257   0.00161229424361861   0.000199878420886167   0
0.196258629339578   0.0506299624210062   -0.0145182002801408   -0.00656174686725078   0
0.218894314299504   0.066730262682047   0.0226356849599256   0.0161003002610408   0
0.15961823045611   0.108487189880522   -0.0592760838433934   0.0417569271984753   0
0.227255187358067   0.0430148720940212   0.0676369569019564   -0.0654723177865011   0
0.234396986416183   0.0650534082263566   0.00714179905811568   0.0220385361323354   0
0.226133733354156   0.0673117580928659   -0.00826325306202663   0.00225834986650932   0
0.206970681687058   0.0605877774023978   -0.0191630516670977   -0.00672398069046815   0
0.21516750384181   0.0523680083234268   0.00819682215475168   -0.00821976907897095   0
0.177094374757642   0.0715183884877519   -0.0380731290841684   0.0191503801643251   0
0.219533720555841   0.0436415181705735   0.0424393457981992   -0.0278768703171783   0
0.159572651774074   0.103426785299095   -0.0599610687817664   0.059785267128521   0
0.2121238643629   0.0542060318920551   0.0525512125888256   -0.0492207534070394   0
0.222077484961443   0.0402100075402256   0.00995362059854313   -0.0139960243518295   0
0.165530405189895   0.101446593347744   -0.0565470797715479   0.0612365858075182   0
0.220174373823204   0.0525485078433489   0.0546439686333088   -0.0488980855043949   0
0.178218814008987   0.0564784411601896   -0.0419555598142168   0.00392993331684072   0
0.228112886174302   0.0513494629143529   0.0498940721653146   -0.00512897824583675   0
0.223216072045545   0.0626678820321263   -0.0048968141287567   0.0113184191177734   0
0.224781644053703   0.0441785472900592   0.0015655720081578   -0.0184893347420671   0
0.16674612886667   0.0988112818423205   -0.0580355151870333   0.0546327345522613   0
0.217565213209971   0.0816097653633589   0.0508190843433011   -0.0172015164789616   0
0.218329425302798   0.0469674429571698   0.000764212092827177   -0.0346423224061891   0
0.240507580857   0.102213281631449   0.0221781555542019   0.0552458386742796   0
0.185692525931989   0.0893566580107493   -0.0548150549250108   -0.0128566236207002   0
0.233830404346674   0.0523031119844938   0.0481378784146847   -0.0370535460262554   0
0.202566047012746   0.0447169919914958   -0.0312643573339277   -0.007586119992998   0
0.224555267770253   0.0495766422645282   0.021989220757507   0.00485965027303235   0
0.222832804498126   0.0394391868889307   -0.00172246327212705   -0.0101374553755975   0
0.180103261858024   0.0782982925455913   -0.0427295426401018   0.0388591056566607   0
0.219941325824593   0.0298639842300052   0.0398380639665694   -0.0484343083155861   0
0.20106483197352   0.0633599605092601   -0.018876493851073   0.0334959762792549   0
0.208197715803728   0.062479234571996   0.00713288383020783   -0.000880725937264119   0
0.195827735645077   0.0516820893964727   -0.0123699801586514   -0.0107971451755233   0
0.167271205972285   0.0385413791634718   -0.0285565296727922   -0.0131407102330009   0
0.218215480803288   0.0657824706495773   0.0509442748310029   0.0272410914861055   0
0.198148402375645   0.0427912679707627   -0.0200670784276427   -0.0229912026788146   0
0.158434135388969   0.108555510841965   -0.0397142669866765   0.0657642428712024   0
0.201096973671832   0.0351563529493959   0.0426628382828638   -0.0733991578925692   0
0.228394212720074   0.0456173884030314   0.0272972390482419   0.0104610354536355   0
0.181607676698453   0.116397166946032   -0.0467865360216208   0.0707797785430008   0
0.202862998012932   0.0352574328244414   0.0212553213144787   -0.0811397341215908   0
0.229208830743713   0.0359800765061027   0.0263458327307807   0.000722643681661223   0
0.203878989552945   0.0906000897947127   -0.0253298411907675   0.05462001328861   0
0.171950640045334   0.110276528454109   -0.0319283495076114   0.0196764386593967   0
0.225879542899579   0.0310198124691704   0.0539289028542454   -0.079256715984939   0
0.194665065560625   0.0987905072656402   -0.0312144773389541   0.0677706947964698   0
0.212934729707603   0.0486873022679682   0.0182696641469779   -0.050103204997672   0
0.218819361629907   0.0281518434700554   0.00588463192230387   -0.0205354587979128   0
0.194059820966551   0.0777866242095163   -0.0247595406633555   0.0496347807394609   0
0.174436472004693   0.132895350521961   -0.0196233489618583   0.0551087263124452   0
0.215899012610061   0.0337974626768786   0.0414625406053682   -0.0990978878450829   0
0.221800923594278   0.0288554196845671   0.00590191098421669   -0.00494204299231151   0
0.191116319266834   0.121992154612387   -0.0306846043274439   0.0931367349278198   0
0.208014360134484   0.0458186383211843   0.0168980408676499   -0.0761735162912025   0
0.23011576581975   0.0541213258913249   0.0221014056852658   0.00830268757014062   0
0.221025691365154   0.0505897711865603   -0.00909007445459645   -0.00353155470476466   0
0.186794924998754   0.151970391834405   -0.0342307663663999   0.101380620647844   0
0.202646382699231   0.053372510443664   0.0158514577004769   -0.0985978813907407   0
0.234558844118285   0.0299120318822543   0.0319124614190542   -0.0234604785614097   0
0.232048201078304   0.045293634456207   -0.0025106430399803   0.0153816025739526   0
0.230186678617484   0.0360376517862221   -0.00186152246082036   -0.00925598266998484   0
0.228684338554388   0.0347043322364802   -0.00150234006309599   -0.00133331954974193   0
0.245349316558914   0.0378998824523573   0.0166649780045262   0.00319555021587708   0
0.246057876672954   0.0363409543320618   0.000708560114039386   -0.00155892812029551   0
0.230444119058274   0.0404166916580576   -0.0156137576146795   0.00407573732599578   0
0.235340395785525   0.0392208813134343   0.00489627672725104   -0.00119581034462327   0
0.260487367063971   0.0330785908722776   0.0251469712784458   -0.00614229044115673   0
0.213993582440828   0.128195792435331   -0.0464937846231432   0.0951172015630535   0
0.240785712172596   0.0357464550834765   0.0267921297317684   -0.0924493373518546   0
0.213133667414131   0.144434009660987   -0.0276520447584649   0.10868755457751   0
0.243548888440876   0.0477114420452537   0.0304152210267448   -0.096722567615733   0
0.191027953431602   0.161331013669939   -0.052520935009274   0.113619571624685   0
0.23722203468662   0.0859246077083858   0.0461940812550179   -0.075406405961553   0
0.214453902577057   0.121066939068197   -0.0227681321095628   0.0351423313598111   0
0.235039036389277   0.0481539560720872   0.0205851338122199   -0.0729129829961097   0
0.219164665277047   0.123101702186343   -0.0158743711122304   0.0749477461142555   0
0.256406212823522   0.0425809058275537   0.0372415475464752   -0.0805207963587889   0
0.216670906665504   0.134986498264539   -0.039735306158018   0.0924055924369856   0
0.235529783012212   0.038169311971301   0.0188588763467077   -0.0968171862932384   0
0.219357628614249   0.114514716138102   -0.0161721543979624   0.0763454041668007   0
0.254071999657521   0.0387208288414001   0.034714371043272   -0.0757938872967016   0
0.260360629245302   0.02392398422781   0.00628862958778054   -0.0147968446135901   0
0.224498023353058   0.148435351675443   -0.0358626058922442   0.124511367447633   0
0.217194399527594   0.120535882837322   -0.0073036238254639   -0.0278994688381217   0
0.243944104637379   0.0548964401115637   0.026749705109785   -0.0656394427257578   0
0.199297342488755   0.153957699570369   -0.0446467621486242   0.0990612594588053   0
0.242550467936654   0.0580436333531077   0.0432531254478996   -0.0959140662172613   0
0.260651713432156   0.0281669472348727   0.0181012454955019   -0.0298766861182351   0
0.245778384774089   0.0513043688565577   -0.0148733286580676   0.023137421621685   0
0.197134096129614   0.162701084065334   -0.0486442886444744   0.111396715208777   0
0.193625355737162   0.171330626228945   -0.00350874039245236   0.00862954216361106   0
0.205904802947654   0.127308927016863   0.0122794472104925   -0.0440216992120822   0
0.211958364892859   0.161819786422201   0.00605356194520471   0.0345108594053374   0
0.251630348782063   0.0421090968304059   0.0396719838892035   -0.119710689591795   0
0.205865930983101   0.148957706845475   -0.0457644177989617   0.106848610015069   0
0.254004328852458   0.0418294352028571   0.048138397869357   -0.107128271642618   0
0.218368930615911   0.153060438788743   -0.0356353982365473   0.111231003585886   0
0.217520944365691   0.134248804011032   -0.000847986250219535   -0.0188116347777108   0
0.256849169902471   0.0465226876744293   0.0393282255367796   -0.0877261163366028   0
