0.0861861902475101   0.0642634586863133   0   0   0
0.100567887489447   0.0716173703414193   0.0143816972419366   0.00735391165510595   0
0.080298123566084   0.0608220835231127   -0.0202697639233626   -0.0107952868183065   0
0.081083492838925   0.0940655647667625   0.00078536927284098   0.0332434812436498   0
0.10450980710188   0.0593724048572441   0.0234263142629547   -0.0346931599095185   0
0.0249355174780092   0.0554394948520129   -0.0795742896238705   -0.00393291000523115   0
0.0253294428699093   0.042956862412447   0.000393925391900165   -0.012482632439566   0
0.0715470682424514   0.0576448512675278   0.0462176253725421   0.0146879888550808   0
0.036148794554314   0.0229249929499095   -0.0353982736881375   -0.0347198583176183   0
0.126747716850435   0.0264364741801814   0.0905989222961213   0.00351148123027195   0
0.0676760076932734   0.0291724871135887   -0.0590717091571618   0.00273601293340728   0
0.0827873417883292   0.0230408283220164   0.0151113340950558   -0.00613165879157236   0
0.0245524094783995   0.0287074934236189   -0.0582349323099298   0.00566666510160258   0
0.0296607546663331   0.0298819365704333   0.00510834518793362   0.00117444314681437   0
0.147698929888733   0.0331659921216372   0.1180381752224   0.00328405555120388   0
0.0346829014674638   0.00217104381004852   -0.113016028421269   -0.0309949483115887   0
0.230574511872369   0.0246774754382412   0.195891610404905   0.0225064316281927   0
0.0431792156798847   0.0043274349788563   -0.187395296192484   -0.020350040459385   0
0.0940553163741614   0.0105191481076487   0.0508761006942767   0.00619171312879244   0
0.0468459523087748   0.0139019752801769   -0.0472093640653867   0.00338282717252818   0
0.0141862434726075   0.00257206440727981   -0.0326597088361672   -0.0113299108728971   0
0.127895704054346   0.0228400152058432   0.113709460581739   0.0202679507985634   0
0.149931226494198   0.0252317771119079   0.0220355224398522   0.00239176190606468   0
0.0609063082018472   0.0065518871610056   -0.0890249182923511   -0.0186798899509023   0
0.0341449262518299   0.00824880806920612   -0.0267613819500174   0.00169692090820052   0
0.0726665916826543   0.0169831051078005   0.0385216654308244   0.0087342970385944   0
0.135936441414729   0.0201308822456344   0.0632698497320745   0.00314777713783393   0
0.156993958960369   0.0130793122621222   0.0210575175456401   -0.00705156998351225   0
0.0662446256925232   0.0160304584546918   -0.0907493332678457   0.00295114619256961   0
0.119812602246091   0.0138488726763228   0.0535679765535678   -0.00218158577836901   0
0.028930968453028   0.0182292157096294   -0.090881633793063   0.00438034303330663   0
0.120960793978049   0.0172030924414798   0.092029825525021   -0.0010261232681496   0
0.0776358697778289   0.0283789513785746   -0.0433249242002201   0.0111758589370948   0
0.0775968706876766   0.031489182524321   -3.89990901522863e-05   0.00311023114574637   0
0.120931532334245   0.0274081804921906   0.0433346616465685   -0.00408100203213031   0
0.0591358724252885   0.027173320966189   -0.0617956599089565   -0.00023485952600168   0
0.148859166409194   0.00847829020785588   0.0897232939839051   -0.0186950307583331   0
0.0773107250637866   0.0154987084324791   -0.071548441345407   0.00702041822462325   0
0.094977412795938   0.0344852021870976   0.0176666877321514   0.0189864937546184   0
0.0878043491454296   0.0207377724981494   -0.00717306365050838   -0.0137474296889482   0
0.0507902242984809   0.0237385838152785   -0.0370141248469487   0.00300081131712909   0
0.153244144878943   0.0293158808781179   0.102453920580462   0.00557729706283947   0
0.055559772398498   0.0246830161264068   -0.0976843724804448   -0.00463286475171117   0
0.0244210391886591   0.021637184516131   -0.0311387332098389   -0.00304583161027574   0
0.0255446916027271   0.0249741516765335   0.00112365241406797   0.00333696716040246   0
0.210661054591543   0.0141472064861133   0.185116362988816   -0.0108269451904202   0
0.133635748152519   0.0299801089009446   -0.0770253064390239   0.0158329024148314   0
0.0823904116860694   0.0273805049269549   -0.0512453364664493   -0.00259960397398976   0
0.121397852642861   0.0205178053862426   0.0390074409567913   -0.0068626995407123   0
0.0519183771224997   0.0295540281112829   -0.069479475520361   0.00903622272504032   0
0.0811370016684102   0.0390167469572304   0.0292186245459105   0.00946271884594753   0
0.0793269686462933   0.0266211821276071   -0.00181003302211689   -0.0123955648296234   0
0.084719983439446   0.0411099062507445   0.00539301479315267   0.0144887241231374   0
0.108591504901323   0.0390143363240043   0.0238715214618772   -0.00209556992674013   0
0.0697332195569658   0.0465661405775162   -0.0388582853443574   0.00755180425351185   0
0.116168355162099   0.0203196217640511   0.0464351356051333   -0.0262465188134651   0
0.0506516136037432   0.0223050194580727   -0.065516741558356   0.00198539769402154   0
0.0716401642415928   0.0181390895202874   0.0209885506378497   -0.00416592993778526   0
0.116676313832757   0.00774313737810779   0.0450361495911641   -0.0103959521421796   0
0.175217501573652   0.0311842982448315   0.0585411877408955   0.0234411608667237   0
0.0707924520814621   0.0261076133222553   -0.10442504949219   -0.00507668492257623   0
0.195759613095577   0.0302319328418516   0.124967161014115   0.00412431951959634   0
0.0801899095940356   0.00815852324712782   -0.115569703501541   -0.0220734095947238   0
0.200311899746106   0.0218205024498022   0.120121990152071   0.0136619792026744   0
0.0548596895873919   0.0104826250051597   -0.145452210158714   -0.0113378774446425   0
0.131862502204477   0.00827616758186571   0.0770028126170847   -0.00220645742329401   0
0.117247339881295   0.013551656440803   -0.0146151623231812   0.00527548885893728   0
0.0875905509483352   0.0300544764815429   -0.0296567889329602   0.0165028200407399   0
0.169013436780005   0.0138376334888466   0.0814228858316703   -0.0162168429926963   0
0.137202868808382   0.0050937769489373   -0.0318105679716238   -0.00874385653990934   0
0.0875155145514782   0.00183904888255342   -0.0496873542569035   -0.00325472806638388   0
0.213818292910827   0.0157460359149103   0.126302778359348   0.0139069870323569   0
0.140959951823756   0.00867950627146771   -0.0728583410870706   -0.0070665296434426   0
0.071980464419477   0.00687977324290925   -0.0689794874042789   -0.00179973302855846   0
0.0942089727458059   0.0248490213595143   0.0222285083263289   0.0179692481166051   0
0.0747786694220351   0.0294788419298486   -0.0194303033237709   0.00462982057033426   0
0.0826219566503965   0.0360874125555227   0.00784328722836146   0.00660857062567413   0
0.164680913310134   0.0313902962874676   0.0820589566597379   -0.00469711626805517   0
0.141117636145345   0.0425890497014784   -0.0235632771647893   0.0111987534140109   0
0.135894175761325   0.0417949159695291   -0.00522346038401966   -0.000794133731949323   0
0.111764298516252   0.037801126117518   -0.0241298772450729   -0.00399378985201114   0
0.148258138045033   0.0346769464126024   0.0364938395287803   -0.00312417970491555   0
0.182476640502833   0.0346769464126024   0.0342185024577998   0   0
0.107812186873702   0.0514265616442758   -0.0746644536291307   0.0167496152316734   0
0.0896536973618489   0.0586195339869953   -0.0181584895118529   0.0071929723427195   0
0.0972984330449879   0.0808410064393374   0.007644735683139   0.0222214724523421   0
0.159499283370052   0.0885434009959523   0.0622008503250636   0.00770239455661481   0
0.0883516577695065   0.0866215664521977   -0.071147625600545   -0.00192183454375457   0
0.125566631756769   0.100813764299375   0.0372149739872624   0.0141921978471776   0
0.148876118732052   0.0896213113071328   0.023309486975283   -0.0111924529922426   0
0.153500626206443   0.0900570939061022   0.00462450747439072   0.000435782598969411   0
0.135887944740878   0.0855555300622496   -0.0176126814655642   -0.00450156384385253   0
0.091225844997676   0.0773528866869395   -0.0446620997432024   -0.00820264337531017   0
0.220737544056964   0.0760530368651542   0.129511699059288   -0.0012998498217853   0
0.174502278147765   0.0840785418373796   -0.0462352659091986   0.00802550497222547   0
0.188181724248929   0.0797287043134403   0.013679446101164   -0.0043498375239393   0
0.131156515126966   0.0891464752641859   -0.0570252091219634   0.00941777095074552   0
0.19756951037936   0.0948305569915231   0.0664129952523942   0.0056840817273372   0
0.145594471718572   0.100167570291437   -0.0519750386607881   0.00533701329991408   0
0.186371771714227   0.105939581930814   0.0407772999956554   0.00577201163937673   0
0.154426531238806   0.10354225669001   -0.0319452404754209   -0.00239732524080348   0
0.21621073490308   0.10354225669001   0.0617842036642739   0   0
0.108277659967742   0.10354225669001   -0.107933074935338   0   0
0.181835323948071   0.0979017782655785   0.073557663980329   -0.00564047842443187   0
0.114209623287138   0.095675047375439   -0.0676257006609331   -0.0022267308901395   0
0.188726014116682   0.0970221937172625   0.0745163908295437   0.00134714634182344   0
0.193044706510953   0.100885538224874   0.00431869239427124   0.00386334450761149   0
0.202300269092802   0.110175512036296   0.0092555625818487   0.00928997381142205   0
0.20020548562477   0.112149738743327   -0.00209478346803174   0.00197422670703057   0
0.0998068954731991   0.105733807606129   -0.100398590151571   -0.00641593113719709   0
0.106124005764059   0.106110076078836   0.00631711029085971   0.000376268472706706   0
0.195775625340873   0.0982034175260846   0.0896516195768145   -0.00790665855275158   0
0.21460840921921   0.103853166338538   0.0188327838783369   0.0056497488124532   0
0.206944514279408   0.10973022367813   -0.00766389493980249   0.00587705733959247   0
0.201841511631998   0.136774915290597   -0.00510300264740968   0.0270446916124668   0
0.187741939001945   0.122323531143807   -0.0140995726300532   -0.0144513841467897   0
0.166132965895394   0.118848128977321   -0.0216089731065513   -0.00347540216648602   0
0.250750379799134   0.117492946413487   0.0846174139037406   -0.00135518256383443   0
0.310818825349125   0.122959427976477   0.0600684455499911   0.00546648156299039   0
0.278277770333546   0.105270500134606   -0.0325410550155788   -0.0176889278418716   0
0.190248649278385   0.116310437747177   -0.0880291210551613   0.0110399376125717   0
0.202134439112216   0.106172697513297   0.0118857898338305   -0.0101377402338806   0
0.238722843226806   0.11821036482722   0.03658840411459   0.0120376673139231   0
0.135210302553799   0.102681765112227   -0.103512540673006   -0.0155285997149931   0
0.230398271870689   0.0854385034379114   0.0951879693168897   -0.0172432616743153   0
0.190177339641741   0.0845022066639222   -0.0402209322289485   -0.000936296773989181   0
0.211019812759489   0.0910635566698393   0.0208424731177488   0.00656135000591702   0
0.16225157343613   0.0888857472742397   -0.0487682393233591   -0.0021778093955996   0
0.200467058261251   0.094895645616975   0.0382154848251212   0.00600989834273531   0
0.21765854224737   0.112685511794873   0.0171914839861182   0.0177898661778982   0
0.139375811906586   0.119239674087361   -0.0782827303407838   0.00655416229248752   0
0.207954171615656   0.118259370162579   0.0685783597090699   -0.000980303924781198   0
0.185900968316355   0.11511827208354   -0.0220532032993008   -0.00314109807903926   0
0.219562670340862   0.0926089748062249   0.033661702024507   -0.0225092972773153   0
0.182669838961279   0.0932633767687644   -0.0368928313795829   0.000654401962539464   0
0.23604709477847   0.0982144775312277   0.0533772558171912   0.00495110076246329   0
0.254331198060841   0.0908554117320757   0.0182841032823704   -0.00735906579915196   0
0.239831016859415   0.108653867771101   -0.0145001812014258   0.0177984560390258   0
0.274893320538295   0.105403507342308   0.0350623036788806   -0.00325036042879334   0
0.153035455071202   0.107229760469797   -0.121857865467093   0.0018262531274887   0
0.190919527669546   0.0983834312883018   0.0378840725983435   -0.00884632918149503   0
0.233566614325867   0.107781283680204   0.0426470866563213   0.00939785239190172   0
0.163629043563818   0.103296812558774   -0.0699375707620487   -0.00448447112142945   0
0.225620790808815   0.107336341987756   0.0619917472449967   0.00403952942898191   0
0.127838927954565   0.103856072536853   -0.09778186285425   -0.00348026945090284   0
0.189324513148958   0.119871372965243   0.0614855851943929   0.0160153004283903   0
0.19576212291046   0.111036778675986   0.00643760976150182   -0.00883459428925699   0
0.16622077077309   0.110751047076551   -0.0295413521373703   -0.000285731599435082   0
0.171427274809815   0.108901280279618   0.00520650403672587   -0.00184976679693301   0
0.200600654473035   0.106268524894968   0.0291733796632196   -0.00263275538465006   0
0.170250466848053   0.109426732297414   -0.0303501876249821   0.00315820740244611   0
0.220029545839667   0.0969414128238804   0.0497790789916137   -0.012485319473534   0
0.15468888176999   0.0890752020201189   -0.0653406640696766   -0.00786621080376146   0
0.245650430615051   0.0857124374182942   0.0909615488450608   -0.00336276460182473   0
0.16490893147583   0.101387923455274   -0.080741499139221   0.0156754860369798   0
0.165518638304295   0.100076199854211   0.000609706828465201   -0.00131172360106292   0
0.152370089177304   0.0875021397334032   -0.0131485491269911   -0.0125740601208078   0
0.240478688727014   0.0816854417876588   0.08810859954971   -0.00581669794574441   0
0.24686091570414   0.0855708558592131   0.00638222697712573   0.00388541407155425   0
0.194133418766487   0.0875021397334032   -0.052727496937653   0.00193128387419016   0
0.286148746321598   0.0939952389850519   0.0920153275551117   0.00649309925164868   0
0.324311841736761   0.0913993084980959   0.0381630954151627   -0.00259593048695607   0
0.307423896339175   0.100132604201976   -0.0168879453975859   0.00873329570388041   0
0.247026120690525   0.0875452535463802   -0.0603977756486499   -0.012587350655596   0
0.159209442202339   0.0873862248538269   -0.0878166784881861   -0.000159028692553298   0
0.24247233518544   0.0930080878212884   0.0832628929831008   0.00562186296746149   0
0.197209231302817   0.104257441420603   -0.0452631038826227   0.0112493535993143   0
0.298911514965906   0.105642988119068   0.101702283663088   0.00138554669846558   0
0.248574669704658   0.10063744660923   -0.0503368452612482   -0.00500554150983823   0
0.201010368375116   0.0947951007927757   -0.0475643013295411   -0.00584234581645436   0
0.206618646460696   0.102931733105163   0.00560827808557937   0.00813663231238729   0
0.199111615178311   0.0954217003135326   -0.0075070312823847   -0.00751003279163037   0
0.181364835973784   0.0992130842452149   -0.0177467792045272   0.00379138393168227   0
0.29313598804746   0.0971386225694497   0.111771152073677   -0.00207446167576518   0
0.272052123059711   0.0995429122112167   -0.0210838649877496   0.00240428964176706   0
0.259426766020493   0.101877351578025   -0.012625357039218   0.00233443936680819   0
0.255470518199263   0.0971775803884188   -0.00395624782122989   -0.0046997711896061   0
0.198549355514592   0.0996755519337114   -0.0569211626846707   0.00249797154529258   0
0.324669689487162   0.0951584420287554   0.126120333972569   -0.004517109904956   0
0.281331608966985   0.101533561911185   -0.043338080520177   0.00637511988242991   0
0.242211211541269   0.0939087208460428   -0.0391203974257153   -0.00762484106514247   0
0.285042018937147   0.0974357432344004   0.0428308073958776   0.00352702238835755   0
0.291147835714796   0.100763176682122   0.00610581677764921   0.00332743344772143   0
0.30118596234096   0.0987668066119509   0.0100381266261635   -0.00199637007017095   0
0.261905947978201   0.103190924649215   -0.039280014362759   0.00442411803726429   0
0.284511321317114   0.10542603812574   0.0226053733389131   0.00223511347652493   0
0.281987580363462   0.108080474355423   -0.00252374095365182   0.0026544362296828   0
0.200145121478017   0.126510270916534   -0.0818424588854455   0.0184297965611114   0
0.281926703559649   0.135764423265965   0.0817815820816321   0.00925415234943036   0
0.274860134091578   0.126370299896121   -0.00706656946807105   -0.00939412336984347   0
0.321534719880902   0.133301737388725   0.0466745857893243   0.00693143749260339   0
0.253471407865976   0.123611204198891   -0.0680633120149257   -0.00969053318983332   0
0.236341977978627   0.130855656439653   -0.0171294298873487   0.00724445224076173   0
0.406938055010833   0.123197900384513   0.170596077032206   -0.00765775605513955   0
0.338619917141978   0.1231683071041   -0.0683181378688554   -2.95932804130206e-05   0
0.407355056686289   0.129026765071477   0.0687351395443114   0.00585845796737614   0
0.252537978207734   0.137229321296043   -0.154817078478555   0.00820255622456606   0
0.319559509608477   0.132289268140834   0.0670215314007425   -0.00494005315520815   0
0.36559537957317   0.131596906355402   0.0460358699646931   -0.000692361785432249   0
0.35853327249709   0.118421804989453   -0.00706210707607918   -0.0131751013659494   0
0.275500484920227   0.123591806383959   -0.0830327875768631   0.0051700013945061   0
0.344931721124634   0.105993197435024   0.069431236204407   -0.0175986089489349   0
0.265202560764084   0.107785354580017   -0.0797291603605504   0.00179215714499294   0
0.273884937496974   0.0980690423637347   0.00868237673289057   -0.00971631221628229   0
0.280816499393682   0.103380026024143   0.00693156189670718   0.00531098366040833   0
0.287116694985437   0.109381094672206   0.00630019559175521   0.0060010686480625   0
0.296544372902948   0.109480736390483   0.00942767791751087   9.96417182777404e-05   0
0.264505135760681   0.110687130432765   -0.0320392371422665   0.001206394042282   0
0.336948065450307   0.10974030188814   0.0724429296896253   -0.000946828544625813   0
0.316734872104569   0.102537988422938   -0.0202131933457377   -0.00720231346520184   0
0.374919915911788   0.100718606673755   0.0581850438072196   -0.00181938174918299   0
0.289100634382708   0.10241160793953   -0.0858192815290806   0.0016930012657753   0
0.400001975407385   0.0980905807784443   0.110901341024677   -0.00432102716108573   0
0.327069632143863   0.0970487613813412   -0.0729323432635221   -0.00104181939710307   0
0.284174219274288   0.0906793655058029   -0.042895412869575   -0.00636939587553825   0
0.381871224072736   0.0902551500999389   0.0976970047984487   -0.000424215405864029   0
0.331661103904211   0.0981572874061829   -0.0502101201685251   0.00790213730624403   0
0.348155104681407   0.0976277412481207   0.016494000777196   -0.000529546158062277   0
0.308125643512123   0.105498794567568   -0.0400294611692841   0.00787105331944775   0
0.296416552739591   0.105122349353789   -0.0117090907725325   -0.000376445213779691   0
0.317531708336364   0.0976277412481207   0.0211151555967737   -0.00749460810566806   0
0.361333998737392   0.0976277412481207   0.0438022904010277   0   0
0.398340306293815   0.0935304616316123   0.0370063075564225   -0.00409727961650835   0
0.379334063604154   0.0929832753776721   -0.019006242689661   -0.000547186253940221   0
0.322673730598578   0.0921979416927108   -0.0566603330055757   -0.000785333684961281   0
0.34987265931153   0.0970109514597548   0.0271989287129517   0.00481300976704399   0
0.34486815679964   0.100729781102971   -0.00500450251188983   0.00371882964321645   0
0.287245973936625   0.103737858909898   -0.0576221828630152   0.00300807780692723   0
0.286635869943264   0.103878483331679   -0.000610103993360811   0.000140624421780963   0
0.524262778205253   0.126383402764772   0.237626908261989   0.0225049194330923   0
0.372641503379497   0.134810729825893   -0.151621274825756   0.00842732706112162   0
0.410614968803087   0.131771646017922   0.03797346542359   -0.00303908380797147   0
0.381911669651819   0.146842791506844   -0.0287032991512681   0.0150711454889223   0
0.351239614162198   0.172366520460826   -0.0306720554896204   0.0255237289539822   0
0.37789432320764   0.15964031636345   0.0266547090454413   -0.0127262040973761   0
0.413691940885195   0.159327251803176   0.0357976176775557   -0.000313064560274828   0
0.421679683657347   0.169835037613775   0.00798774277215131   0.0105077858105999   0
0.396716038099243   0.166189764977901   -0.0249636455581038   -0.00364527263587427   0
0.390674331745266   0.166158407587526   -0.00604170635397705   -3.13573903748809e-05   0
0.400324334487126   0.158550573658447   0.00965000274185973   -0.00760783392907963   0
0.444405448553739   0.165870677838497   0.0440811140666134   0.00732010418005055   0
0.3817972189835   0.159766696549289   -0.0626082295702393   -0.00610398128920844   0
0.351660679793342   0.144303231420021   -0.0301365391901574   -0.0154634651292682   0
0.285259852524342   0.152306557783808   -0.0664008272689998   0.00800332636378764   0
0.308875697747329   0.156273448973298   0.023615845222987   0.0039668911894899   0
0.329004249259732   0.151341873708171   0.0201285515124027   -0.00493157526512703   0
0.355866296313039   0.156364928620519   0.0268620470533072   0.00502305491234792   0
0.328118476800439   0.178706620175226   -0.0277478195126008   0.0223416915547071   0
0.267463027704335   0.178938144053329   -0.0606554490961034   0.000231523878103185   0
0.306694550388656   0.2216959471365   0.039231522684321   0.0427578030831712   0
