1.01295184378034   0.270108438326184   0   0   0
0.869504459028245   0.331493344946243   -0.1434473847521   0.0613849066200587   0
0.0621340144346879   0.530773253050841   -0.807370444593557   0.199279908104599   1
0.257718401947818   0.162670307648269   0.19558438751313   -0.368102945402572   1
0.308352789874492   0.110533348205327   0.0506343879266737   -0.0521369594429423   0
0.338137233284124   0.0796245504164545   0.0297844434096326   -0.0309087977888722   0
0.335713503513721   0.0824644805892385   -0.00242372977040384   0.00283993017278406   0
0.328260136382117   0.0525042597053563   -0.00745336713160355   -0.0299602208838822   0
0.328163420119445   0.0559313635047904   -9.67162626716589e-05   0.00342710379943412   0
0.28607008013278   0.0316193202012191   -0.0420933399866659   -0.0243120433035713   0
0.261724682162581   0.116168959374353   -0.0243453979701984   0.0845496391731335   0
0.239835270069222   0.0402170297767081   -0.0218894120933597   -0.0759519295976445   0
0.186391241019958   0.0365830819145001   -0.0534440290492637   -0.00363394786220798   0
0.200785212787691   0.0427055476813964   0.0143939717677333   0.00612246576689632   0
0.187835498637876   0.0466403297815581   -0.0129497141498149   0.0039347821001617   0
0.171734523986379   0.0290600078927966   -0.0161009746514975   -0.0175803218887616   0
0.198190496627402   0.0510946819871941   0.026455972641023   0.0220346740943975   0
0.158644121667499   0.0478028243921057   -0.0395463749599031   -0.00329185759508837   0
0.0951274558964051   0.0416253013877677   -0.0635166657710935   -0.006177523004338   0
0.090350435971776   0.0416625312884122   -0.00477701992462909   3.72299006444476e-05   0
0.0164996707433118   0.0161750518357747   -0.0738507652284642   -0.0254874794526374   0
0.131457572505352   0.0209426284535872   0.114957901762041   0.00476757661781245   0
0.11371331317497   0.0392750770051365   -0.0177442593303821   0.0183324485515493   0
0.0889224947221961   0.0289617064081072   -0.0247908184527743   -0.0103133705970292   0
0.105857781844936   0.0350335005339803   0.0169352871227396   0.00607179412587308   0
0.0911981410607694   0.0529662885878322   -0.0146596407841663   0.0179327880538519   0
0.075081945027017   0.0513662014667962   -0.0161161960337524   -0.00160008712103599   0
0.114609071211357   0.0546632550509709   0.0395271261843405   0.0032970535841747   0
0.105765281216758   0.0357377733101127   -0.00884378999459899   -0.0189254817408583   0
0.0938613336041525   0.054282050577798   -0.011903947612606   0.0185442772676854   0
0.102705875523506   0.0486553220710296   0.00884454191935398   -0.0056267285067684   0
0.0920919768144869   0.0419611422419898   -0.0106138987090195   -0.00669417982903986   0
0.102100681579018   0.0680420451036343   0.0100087047645309   0.0260809028616445   0
0.0989686594097849   0.0579673300005624   -0.00313202216923301   -0.0100747151030719   0
0.0614384301320436   0.0700596342988359   -0.0375302292777413   0.0120923042982735   0
0.0392940570449273   0.0602616827767581   -0.0221443730871163   -0.00979795152207782   0
0.0411213453568205   0.0240080349291133   0.00182728831189317   -0.0362536478476448   0
0.0393436866758823   0.0172995400627184   -0.00177765868093814   -0.00670849486639489   0
0.078980896779791   0.0338055348922336   0.0396372101039087   0.0165059948295152   0
0.0515528406473397   0.0122301946776707   -0.0274280561324513   -0.0215753402145629   0
0.053066431891922   0.0288798126040929   0.00151359124458234   0.0166496179264222   0
0.0626503794881563   0.0262063918918653   0.00958394759623429   -0.00267342071222761   0
0.0438930021071252   0.0384136593997825   -0.0187573773810311   0.0122072675079172   0
0.0643713423882088   0.0501925579812884   0.0204783402810835   0.0117788985815059   0
0.0433313256696769   0.0362143806614862   -0.0210400167185319   -0.0139781773198022   0
0.058531963251714   0.0319424774921659   0.0152006375820371   -0.00427190316932029   0
0.0548374157410796   0.0348407366217335   -0.00369454751063446   0.00289825912956757   0
0.0626299891852138   0.0299458558793621   0.00779257344413427   -0.00489488074237138   0
0.0630368092909214   0.034114736200468   0.000406820105707612   0.00416888032110596   0
0.0544946577607383   0.0408455229708226   -0.0085421515301831   0.0067307867703546   0
0.0482972630092017   0.035063854602318   -0.00619739475153667   -0.0057816683685046   0
0.0646190807367298   0.0376631650965502   0.0163218177275281   0.00259931049423219   0
0.0505894373363857   0.0538500004282498   -0.014029643400344   0.0161868353316995   0
0.0610239660698975   0.0413491324378457   0.0104345287335117   -0.0125008679904041   0
0.0462393970947935   0.0595048453020634   -0.014784568975104   0.0181557128642178   0
0.0464359147062099   0.0580051657030001   0.000196517611416369   -0.00149967959906334   0
0.0788354175497917   0.0443338086648485   0.0323995028435818   -0.0136713570381516   0
0.0609888238986456   0.0410463422706884   -0.0178465936511461   -0.00328746639416016   0
0.0737571751966546   0.0412324615013766   0.012768351298009   0.000186119230688175   0
0.082872548114982   0.0340154987269406   0.00911537291832736   -0.00721696277443593   0
0.611739558084974   0.983939229904755   0.528867009969993   0.949923731177815   1
0.368737507374826   0.968636330823003   -0.243002050710148   -0.0153028990817524   1
0.354698563686125   0.913551371801827   -0.0140389436887012   -0.0550849590211758   0
0.338409044051855   0.691992359457097   -0.0162895196342704   -0.22155901234473   0
0.289352051959823   0.727172038221699   -0.0490569920920317   0.035179678764602   0
0.336522196866433   0.630254459455465   0.0471701449066098   -0.0969175787662343   0
0.260117264937643   0.641992226347212   -0.0764049319287895   0.0117377668917472   0
0.307539846356664   0.628397131748705   0.0474225814190207   -0.0135950945985064   0
0.283343918280665   0.599211643637079   -0.0241959280759991   -0.0291854881116262   0
0.266532724268222   0.585853339990479   -0.0168111940124429   -0.0133583036466   0
0.294910792130434   0.594689252205721   0.028378067862212   0.00883591221524205   0
0.294970237857381   0.571352673350926   5.94457269471604e-05   -0.0233365788547953   0
0.295497339063975   0.552959297393805   0.000527101206594272   -0.0183933759571214   0
0.315597142854621   0.528612509535577   0.0200998037906455   -0.024346787858228   0
0.338762490971182   0.499387423467492   0.0231653481165608   -0.0292250860680848   0
0.302597782022605   0.505425897063308   -0.0361647089485767   0.0060384735958165   0
0.263626566139852   0.497876613933864   -0.0389712158827526   -0.0075492831294442   0
0.292448814925689   0.526409027336255   0.0288222487858367   0.0285324134023912   0
0.296854940755582   0.508211862106516   0.00440612582989264   -0.0181971652297391   0
0.267399939190887   0.502656666824882   -0.0294550015646949   -0.00555519528163462   0
0.300172273239885   0.455332985266947   0.0327723340489978   -0.0473236815579343   0
0.257815579173486   0.461429057427545   -0.0423566940663987   0.0060960721605976   0
0.270385767942841   0.482704123703755   0.0125701887693553   0.0212750662762101   0
0.263319441310284   0.484002572879008   -0.00706632663255741   0.00129844917525351   0
1.14969185975426   0.499617130686153   0.886372418443976   0.0156145578071446   1
0.87934980773472   0.44982331513551   -0.27034205201954   -0.0497938155506434   1
0.19280414614808   0.478528103352875   -0.686545661586641   0.0287047882173656   1
0.301951762806578   0.369829645727935   0.109147616658499   -0.10869845762494   0
0.353826171729848   0.388394105657372   0.0518744089232701   0.0185644599294371   0
0.325669789765646   0.397191063156877   -0.0281563819642023   0.00879695749950449   0
0.477926893526615   0.429248958468978   0.152257103760969   0.0320578953121013   0
0.220710248377822   0.441306599095745   -0.257216645148792   0.0120576406267667   1
0.241584330011054   0.413539813351233   0.020874081633232   -0.0277667857445119   0
0.201345055794375   0.429887354894861   -0.0402392742166792   0.0163475415436278   0
0.218049092756654   0.438827826729915   0.0167040369622792   0.00894047183505403   0
0.220884001312906   0.4402517842898   0.00283490855625207   0.00142395755988511   0
0.212361882172413   0.430206954956103   -0.00852211914049289   -0.0100448293336969   0
0.229315291731712   0.451200096848785   0.0169534095592982   0.0209931418926816   0
0.337579531918036   0.618005998157025   0.108264240186324   0.16680590130824   0
0.262361027896188   0.53465444156065   -0.075218504021848   -0.0833515565963749   0
0.385500778952469   0.632596241433325   0.123139751056281   0.0979417998726758   0
1.12537318697488   1.83204829939101   0.739872408022412   1.19945205795769   1
0.997107887762403   1.68127842844515   -0.128265299212478   -0.150769870945861   0
0.822981051185263   1.50453804936806   -0.17412683657714   -0.176740379077091   0
0.834078682514426   1.35358418482302   0.011097631329163   -0.150953864545041   0
0.751023205820566   1.23008842434528   -0.0830554766938598   -0.123495760477742   0
0.693874585536897   1.26024367423328   -0.0571486202836692   0.0301552498880027   0
0.717903664172986   1.24877038550648   0.0240290786360897   -0.0114732887268021   0
0.741896388961424   1.24749842140231   0.0239927247884373   -0.00127196410417074   0
0.640037783283143   1.17491679855597   -0.10185860567828   -0.0725816228463425   0
0.76013028018097   1.03041151710203   0.120092496897827   -0.144505281453939   0
0.681532309082262   1.07077212965656   -0.078597971098708   0.0403606125545359   0
0.705172964005286   1.25398693976303   0.0236406549230236   0.183214810106468   0
0.718655991320604   1.20795021535575   0.0134830273153184   -0.0460367244072815   0
0.695192148768957   1.1312364831482   -0.0234638425516467   -0.0767137322075526   0
0.846522599475052   0.979517250339676   0.151330450706095   -0.15171923280852   0
0.769391563568902   0.99049229643761   -0.0771310359061502   0.0109750460979336   0
0.757318675124944   0.898028020648855   -0.0120728884439586   -0.092464275788755   0
0.680222964918122   0.981976008397099   -0.077095710206822   0.0839479877482444   0
0.726757093661287   1.00112426722972   0.046534128743165   0.0191482588326237   0
0.700698859725774   1.02729007142335   -0.0260582339355125   0.0261658041936312   0
0.788308761485625   0.962480646207237   0.0876099017598509   -0.0648094252161172   0
0.762071297746477   0.909885051686338   -0.0262374637391477   -0.052595594520899   0
0.729854448572453   0.941681256241729   -0.0322168491740239   0.0317962045553907   0
0.745979952291615   0.983794695671434   0.0161255037191615   0.0421134394297056   0
0.734400747430175   0.969512239533107   -0.0115792048614398   -0.0142824561383276   0
0.684684992051819   0.982805105687033   -0.0497157553783558   0.0132928661539263   0
0.687190662899315   1.02007493081207   0.00250567084749576   0.0372698251250375   0
0.682106596395314   0.985983833915141   -0.00508406650400084   -0.0340910968969297   0
0.708543705364038   0.908944266070396   0.0264371089687233   -0.0770395678447451   0
0.825654092748894   1.02910279827102   0.117110387384857   0.120158532200627   0
0.686936188367595   0.938347569773855   -0.138717904381299   -0.0907552284971677   0
0.751184572215111   1.00412772115802   0.0642483838475163   0.0657801513841655   0
0.722337678027389   0.862284240838252   -0.0288468941877223   -0.141843480319769   0
0.756237374810978   0.771930416848727   0.0338996967835893   -0.0903538239895242   0
0.807115024056671   0.922533862727136   0.0508776492456923   0.150603445878408   0
0.71662961269194   0.877363923565643   -0.0904854113647305   -0.0451699391614924   0
0.736275757988133   0.808577687656078   0.019646145296193   -0.0687862359095655   0
0.68341218193708   0.78158149681735   -0.0528635760510534   -0.0269961908387275   0
0.647095840470328   0.794041670077522   -0.0363163414667518   0.0124601732601713   0
0.663058391224333   0.761252174808059   0.0159625507540047   -0.0327894952694626   0
0.641887534804969   0.770896629692497   -0.0211708564193637   0.00964445488443733   0
0.676248892408705   0.798332950457076   0.034361357603736   0.0274363207645794   0
0.752860661371014   0.795344662594934   0.0766117689623087   -0.00298828786214167   0
0.679084133877386   0.809380872943789   -0.0737765274936273   0.0140362103488549   0
0.718851998013499   0.789733192917868   0.0397678641361129   -0.0196476800259213   0
0.883926311447397   0.597220681651473   0.165074313433898   -0.192512511266395   0
0.895837943833035   0.528460242454633   0.011911632385638   -0.0687604391968395   0
0.66851977583539   0.66765683420171   -0.227318167997645   0.139196591747077   0
0.730922274339071   0.645921723033256   0.062402498503681   -0.0217351111684546   0
0.768065133959354   0.602802242676651   0.037142859620283   -0.0431194803566047   0
0.757623677273223   0.580156090032579   -0.0104414566861313   -0.0226461526440718   0
0.963875212823735   0.538951720269311   0.206251535550512   -0.0412043697632679   0
0.955192143913464   0.487327328914665   -0.00868306891027071   -0.0516243913546459   0
0.820044042534912   0.584381916263587   -0.135148101378552   0.097054587348922   0
0.791408121389337   0.579165408148536   -0.0286359211455745   -0.00521650811505159   0
0.68691602983043   0.563956634638693   -0.104492091558907   -0.0152087735098431   0
0.709943447218861   0.555691966021869   0.0230274173884314   -0.00826466861682362   0
0.687766935515949   0.513911656402392   -0.0221765117029118   -0.0417803096194773   0
0.676953232096576   0.54187162995585   -0.0108137034193738   0.0279599735534586   0
0.804836414477501   0.473446484804291   0.127883182380926   -0.0684251451515592   0
0.771333864801099   0.514162323589158   -0.0335025496764022   0.0407158387848672   0
0.643162906777124   0.500554827641948   -0.128170958023975   -0.0136074959472107   0
0.670837120834111   0.533027243141474   0.0276742140569868   0.0324724154995263   0
0.684597213440137   0.54219936661942   0.0137600926060254   0.00917212347794583   0
0.669558761103908   0.553032038828222   -0.0150384523362286   0.0108326722088021   0
0.636346175220689   0.586979355898698   -0.0332125858832188   0.0339473170704758   0
0.640378785095977   0.543058028966058   0.0040326098752882   -0.0439213269326397   0
0.6681555766631   0.515977407206217   0.0277767915671229   -0.0270806217598413   0
0.637623430073739   0.556885298031156   -0.0305321465893614   0.0409078908249397   0
0.647912117695757   0.527326364198207   0.0102886876220178   -0.0295589338329496   0
0.659992585431079   0.510210383100932   0.0120804677353223   -0.0171159810972746   0
0.643979330799522   0.552190186905744   -0.0160132546315572   0.0419798038048114   0
0.658688375629174   0.531900280724216   0.0147090448296524   -0.0202899061815275   0
0.73346332391061   0.52035411816882   0.0747749482814355   -0.0115461625553964   0
0.744691597439504   0.500658606503536   0.0112282735288942   -0.0196955116652836   0
0.712363886567111   0.549390006808688   -0.0323277108723928   0.0487314003051516   0
0.753196054850263   0.569393417216954   0.0408321682831518   0.020003410408266   0
0.682300080153886   0.507669708614765   -0.0708959746963764   -0.0617237086021891   0
0.712082382662989   0.536945725697905   0.0297823025091029   0.0292760170831405   0
0.636931655223698   0.511041014740989   -0.0751507274392911   -0.0259047109569159   0
0.731952463075301   0.519006339406852   0.0950208078516029   0.00796532466586242   0
0.64285144669278   0.508205717688467   -0.0891010163825213   -0.0108006217183844   0
0.665646989713016   0.56573661013872   0.0227955430202361   0.0575308924502528   0
0.654877001255961   0.524916648246653   -0.0107699884570549   -0.0408199618920674   0
0.666704932563874   0.500436700433981   0.0118279313079132   -0.0244799478126717   0
0.619872992066117   0.49141045066955   -0.0468319404977574   -0.00902624976443123   0
0.657951379381486   0.540342515024729   0.0380783873153691   0.0489320643551797   0
0.685785677868822   0.563663307297007   0.0278342984873363   0.0233207922722775   0
0.68453936994303   0.583998770450974   -0.0012463079257925   0.0203354631539675   0
0.685988719447339   0.507781250281556   0.00144934950430931   -0.0762175201694186   0
0.66994220236301   0.500590465112451   -0.0160465170843291   -0.00719078516910487   0
0.67582317083243   0.493402059151814   0.00588096846942021   -0.00718840596063708   0
0.802889897974187   0.512510746480942   0.127066727141757   0.0191086873291284   0
0.663243147904296   0.532633975562252   -0.139646750069891   0.0201232290813101   0
0.853429967457202   0.477687164362044   0.190186819552906   -0.0549468112002088   0
0.851607248906443   0.48898359093115   -0.00182271855075877   0.0112964265691068   0
0.661499682439833   0.485040443040062   -0.19010756646661   -0.00394314789108807   0
0.706545606167075   0.540156021057111   0.0450459237272424   0.0551155780170486   0
0.692633105464213   0.527294296997654   -0.0139125007028621   -0.0128617240594571   0
0.780990719470468   0.46083303156485   0.0883576140062551   -0.0664612654328039   0
0.750933460896503   0.552541995037708   -0.0300572585739652   0.0917089634728577   0
0.648357153482554   0.518605250856082   -0.102576307413949   -0.0339367441816254   0
0.730130289843532   0.540141610324783   0.0817731363609779   0.0215363594687009   0
0.669542065185601   0.542498020306987   -0.0605882246579306   0.00235640998220388   0
0.707129612898513   0.540942077741462   0.0375875477129112   -0.00155594256552505   0
0.901472035623402   0.618889501568939   0.19434242272489   0.0779474238274771   0
0.726419306030615   0.558861243301278   -0.175052729592787   -0.0600282582676613   0
0.750214557774641   0.523313784057185   0.0237952517440262   -0.0355474592440929   0
0.724146619645497   0.5231050487935   -0.026067938129144   -0.000208735263684923   0
0.885439092484062   0.469118029300196   0.161292472838565   -0.0539870194933035   0
0.824925152519306   0.561647069376535   -0.0605139399647564   0.0925290400763382   0
0.787153015382651   0.557869660918211   -0.0377721371366549   -0.00377740845832331   0
0.828327412349127   0.560085028642527   0.0411743969664756   0.00221536772431541   0
0.772383713703234   0.482911234983201   -0.0559436986458921   -0.0771737936593262   0
0.764471459787087   0.513855724827018   -0.00791225391614736   0.0309444898438175   0
0.703323657189206   0.521679033699362   -0.061147802597881   0.00782330887234384   0
0.714236312367272   0.553546156421034   0.0109126551780664   0.0318671227216722   0
0.736528740589259   0.525770820789344   0.0222924282219865   -0.0277753356316905   0
0.725016286810855   0.495352269625112   -0.011512453778404   -0.0304185511642313   0
0.771936276878474   0.52247761967691   0.0469199900676189   0.0271253500517979   0
0.688434753612134   0.54315301771232   -0.0835015232663397   0.0206753980354101   0
0.709491201530364   0.512386005162856   0.0210564479182301   -0.0307670125494646   0
0.703764816700864   0.502286059902622   -0.00572638482950072   -0.0100999452602341   0
0.907397526047983   0.479180094238847   0.20363270934712   -0.0231059656637749   0
0.860060513272177   0.436705844944855   -0.0473370127758065   -0.0424742492939914   0
0.795873904528223   0.436226462571335   -0.0641866087439531   -0.000479382373520632   0
0.933754319853997   0.423091178606338   0.137880415325773   -0.0131352839649969   0
0.798663344014861   0.464200707399827   -0.135090975839136   0.0411095287934894   0
0.823892578801994   0.520744586290871   0.0252292347871331   0.0565438788910435   0
0.828376567105806   0.539315198418559   0.00448398830381191   0.0185706121276885   0
0.676135985900026   0.454643515329868   -0.15224058120578   -0.0846716830886911   0
0.816099056133506   0.482547418768871   0.139963070233481   0.0279039034390027   0
0.738441390259918   0.494251023467074   -0.0776576658735887   0.011703604698203   0
0.687898978946037   0.499108638846795   -0.0505424113138809   0.00485761537972079   0
0.82334791875367   0.428005579137118   0.135448939807633   -0.0711030597096763   0
0.895714501373066   0.411917957334042   0.0723665826193957   -0.0160876218030758   0
0.740510321586404   0.365179974252765   -0.155204179786661   -0.0467379830812776   0
0.763893708285387   0.4945972653915   0.0233833866989827   0.129417291138735   0
0.69891022705781   0.441921860705035   -0.0649834812275768   -0.0526754046864655   0
0.846167777229788   0.399878432226908   0.147257550171978   -0.0420434284781264   0
1.0120621046008   0.338400217600772   0.165894327371012   -0.061478214626136   0
0.994685276159751   0.308331188779209   -0.0173768284410489   -0.0300690288215635   0
0.788362376892759   0.369429373845245   -0.206322899266993   0.0610981850660366   0
0.664303298818394   0.412053305455132   -0.124059078074365   0.0426239316098863   0
0.666164775979637   0.432673467919515   0.0018614771612433   0.0206201624643839   0
0.693755989995041   0.453978373520975   0.0275912140154043   0.0213049056014597   0
0.649439978247413   0.416836774813895   -0.0443160117476286   -0.0371415987070799   0
0.704203795607493   0.474336051819014   0.0547638173600803   0.0574992770051183   0
0.691724028223684   0.481795918981004   -0.0124797673838092   0.00745986716199032   0
