0.100674745814728   0.165940010682325   0   0   0
0.107180517102417   0.141143440582621   0.00650577128768995   -0.0247965700997032   0
0.0668161872187421   0.149230412805165   -0.0403643298836753   0.00808697222254373   0
0.0409827528243821   0.167276505343697   -0.02583343439436   0.0180460925385321   0
0.0498118552550946   0.163828390447138   0.00882910243071253   -0.003448114896559   0
0.0409059329201203   0.188922044262309   -0.00890592233497435   0.0250936538151711   0
0.0761893203234292   0.121640245839124   0.0352833874033089   -0.0672817984231855   0
0.0586883681226527   0.112594605031236   -0.0175009522007765   -0.00904564080788807   0
0.0630080022660614   0.0892041595253411   0.00431963414340868   -0.0233904455058948   0
0.0452194798551465   0.0911407786816088   -0.0177885224109149   0.00193661915626774   0
0.280659483224227   0.158743187141102   0.23544000336908   0.0676024084594934   0
0.286189236880512   0.113332689911826   0.00552975365628561   -0.0454104972292767   0
0.176892615059342   0.0748849748297347   -0.10929662182117   -0.0384477150820908   0
0.186742695739459   0.0657325742171642   0.0098500806801167   -0.0091524006125705   0
0.129347241963331   0.0661486898344555   -0.0573954537761274   0.00041611561729131   0
0.10777778342961   0.0740857096668615   -0.0215694585337208   0.00793701983240601   0
0.0839394279202966   0.049814139574673   -0.0238383555093138   -0.0242715700921885   0
0.0788544832089597   0.0483121076777344   -0.00508494471133697   -0.00150203189693861   0
0.229694395427054   0.0869069321439333   0.150839912218095   0.0385948244661989   0
0.147365222722655   0.0271319872232942   -0.0823291727043997   -0.0597749449206391   0
0.00899880965809368   0.00905413478655471   -0.138366413064561   -0.0180778524367395   0
0.0610810949816963   0.0369803350984344   0.0520822853236026   0.0279262003118797   0
0.101734613625268   0.0431797272523519   0.0406535186435714   0.00619939215391747   0
0.140454463356101   0.0394891434015047   0.0387198497308336   -0.00369058385084721   0
0.144036588132912   0.0502665848862592   0.0035821247768103   0.0107774414847545   0
0.14821798156516   0.0398736950595593   0.00418139343224802   -0.0103928898266999   0
0.228154192843371   0.047880711174073   0.0799362112782111   0.0080070161145137   0
0.250924533516773   0.0215260074787111   0.022770340673402   -0.0263547036953619   0
0.188219081411636   0.0299249818473629   -0.0627054521051369   0.00839897436865185   0
0.249889471985616   0.0769081663731005   0.0616703905739802   0.0469831845257375   0
0.1772239221344   0.106288998069132   -0.0726655498512157   0.0293808316960318   0
0.245054046526557   0.0300381494413889   0.0678301243921567   -0.0762508486277434   0
0.190004673428524   0.0262975084190637   -0.0550493730980332   -0.00374064102232521   0
0.0934082166803328   0.0388553754833321   -0.0965964567481911   0.0125578670642684   0
0.057083914004122   0.0347351989712525   -0.0363243026762107   -0.0041201765120796   0
0.0431546544940647   0.0556867983316737   -0.0139292595100573   0.0209515993604212   0
0.0681045291595236   0.0403540776935244   0.0249498746654589   -0.0153327206381494   0
0.0745504337013548   0.063467980894956   0.00644590454183122   0.0231139032014316   0
0.0898909508265988   0.0581281868643776   0.015340517125244   -0.00533979403057839   0
0.0862684149919309   0.0583469456052543   -0.00362253583466793   0.000218758740876665   0
0.0833131383479821   0.0627907750765389   -0.00295527664394879   0.00444382947128464   0
0.190887317425753   0.0890090134552114   0.10757417907777   0.0262182383786725   0
0.195784423291946   0.0989509779360467   0.00489710586619377   0.00994196448083531   0
0.384249566619092   0.0805035365907096   0.188465143327146   -0.0184474413453371   1
0.186659765772407   0.124628456359051   -0.197589800846685   0.0441249197683419   1
0.270332071670178   0.145815645417424   0.0836723058977701   0.0211871890583728   0
0.173539541986056   0.171191713769972   -0.0967925296841218   0.0253760683525477   0
0.103203033576974   0.144305242619594   -0.0703365084090818   -0.0268864711503775   0
0.148182871462157   0.159530027973576   0.0449798378851826   0.0152247853539818   0
0.115741970498044   0.153708877019188   -0.0324409009641129   -0.00582115095438773   0
0.111218278409666   0.160631549960616   -0.00452369208837752   0.00692267294142795   0
0.36286564794046   0.148757138885702   0.251647369530794   -0.0118744110749145   0
0.368804608226362   0.110632126214902   0.00593896028590141   -0.0381250126707999   0
0.167672918394265   0.120132750841944   -0.201131689832096   0.00950062462704164   0
0.174741651198104   0.10639468210343   0.00706873280383899   -0.0137380687385133   0
0.153701559753356   0.0930774472334733   -0.0210400914447487   -0.0133172348699571   0
0.143636530959989   0.0922157787320501   -0.0100650287933663   -0.000861668501423177   0
0.373354537357844   0.11668317518671   0.229718006397855   0.0244673964546601   0
0.282728522747971   0.12631261046968   -0.0906260146098732   0.00962943528297026   0
0.166592091607645   0.121792448058942   -0.116136431140326   -0.00452016241073881   0
0.137055205747538   0.134622814213686   -0.0295368858601069   0.0128303661547439   0
0.119722975640092   0.114888198044186   -0.0173322301074459   -0.0197346161695   0
0.108013603956215   0.136132121657611   -0.0117093716838775   0.0212439236134251   0
0.328247292596603   0.115284982667952   0.220233688640389   -0.0208471389896586   0
0.176666669703852   0.100681894551652   -0.151580622892751   -0.0146030881162999   0
0.311990464063311   0.0979176459146154   0.135323794359459   -0.00276424863703673   0
0.183649688979127   0.0871106211352123   -0.128340775084184   -0.0108070247794031   0
0.233987450445531   0.101010673010628   0.0503377614664047   0.0139000518754156   0
0.261492903085896   0.0870705751063873   0.0275054526403649   -0.0139400979042407   0
0.187360650186986   0.109152844517459   -0.0741322528989107   0.0220822694110714   0
0.188453766433706   0.0902855449459657   0.00109311624672087   -0.0188672995714929   0
0.182279879974176   0.0823671980839005   -0.00617388645953051   -0.00791834686206525   0
0.243677939331816   0.102342460964206   0.0613980593576396   0.0199752628803054   0
0.3082670643018   0.109221032242249   0.0645891249699843   0.00687857127804362   0
0.296664165981013   0.107966860273188   -0.0116028983207869   -0.00125417196906194   0
0.142486858535572   0.101029524388913   -0.154177307445441   -0.00693733588427438   0
0.149803477676221   0.116559792651926   0.00731661914064891   0.0155302682630129   0
0.224741925196791   0.0623206825413723   0.0749384475205701   -0.0542391101105538   0
0.177929270186805   0.0943697364308203   -0.0468126550099865   0.0320490538894481   0
0.852236568885659   0.116091234609509   0.674307298698854   0.0217214981786884   1
0.580470404424558   0.160242597617643   -0.2717661644611   0.0441513630081348   0
0.320600609834355   0.136407623049569   -0.259869794590204   -0.0238349745680748   0
0.300355502275154   0.15356947439515   -0.0202451075592006   0.0171618513455808   0
0.205153853569559   0.160324063310066   -0.0952016487055951   0.00675458891491629   0
0.814161292635556   1.36634967138879   0.609007439065997   1.20602560807872   1
0.533942094954738   1.34822530494582   -0.280219197680818   -0.018124366442968   1
0.970686333498623   1.40690795311714   0.436744238543885   0.0586826481713159   0
0.777523180128412   1.22144600623871   -0.193163153370211   -0.185461946878424   0
0.908188676663286   1.1859499876034   0.130665496534873   -0.0354960186353139   0
0.943431724209341   1.11984574929106   0.0352430475460555   -0.0661042383123405   0
0.930118857172028   1.04451902371008   -0.0133128670373126   -0.0753267255809817   0
0.76691964312697   0.83902595017392   -0.163199214045058   -0.205493073536156   0
0.802194035172791   0.841176075919899   0.0352743920458203   0.00215012574597884   0
0.482693145869091   0.700117839824454   -0.319500889303699   -0.141058236095445   1
0.527323160918426   0.707724041894727   0.0446300150493343   0.00760620207027329   1
0.215350740496145   0.428131551589287   -0.311972420422281   -0.279592490305441   1
0.299812381733977   0.433940482636228   0.0844616412378319   0.00580893104694136   0
0.279910852013637   0.398336345413195   -0.0199015297203404   -0.0356041372230333   0
0.244560446368766   0.415926487118769   -0.0353504056448709   0.0175901417055748   0
0.285118474575044   0.400212755354574   0.0405580282062782   -0.0157137317641955   0
0.429335563125162   0.426895077649649   0.144217088550118   0.0266823222950753   0
0.250734890815479   0.345849177570762   -0.178600672309683   -0.0810459000788872   0
0.259185860681577   0.367719107125602   0.00845096986609867   0.02186992955484   0
0.284436346426068   0.266085812975345   0.0252504857444905   -0.101633294150258   0
0.290544654846531   0.299454827590907   0.00610830842046356   0.0333690146155628   0
0.292184673247931   0.317536994007391   0.00164001840139932   0.0180821664164839   0
0.235848567591601   0.323305181259905   -0.0563361056563296   0.00576818725251382   0
0.234275127585943   0.335810668721975   -0.00157344000565773   0.0125054874620699   0
0.201597096011426   0.341057922360337   -0.0326780315745176   0.00524725363836254   0
0.338085326428107   0.351677322272847   0.136488230416682   0.0106193999125097   0
0.260818742231075   0.362135707462686   -0.0772665841970324   0.0104583851898387   0
0.212682750598726   0.340581750757803   -0.0481359916323488   -0.0215539567048833   0
0.207347347916509   0.317955705254678   -0.00533540268221688   -0.0226260455031241   0
0.237420313815478   0.341064472057703   0.0300729658989685   0.023108766803025   0
0.265993935774032   0.373109976054648   0.0285736219585543   0.0320455039969445   0
0.245839509070959   0.373800045040795   -0.0201544267030735   0.000690068986146597   0
0.255981580052159   0.36110816119066   0.0101420709812005   -0.0126918838501341   0
0.24199782261882   0.345950120362387   -0.013983757433339   -0.0151580408282735   0
0.280381731126263   0.314509479568979   0.0383839085074427   -0.0314406407934079   0
0.241622284013209   0.342587200118816   -0.0387594471130536   0.0280777205498374   0
0.255232033056198   0.373053084373055   0.0136097490429884   0.030465884254239   0
0.290137165845743   0.375923236675388   0.034905132789545   0.00287015230233284   0
0.270567281335641   0.370599500385861   -0.0195698845101015   -0.00532373628952698   0
0.254132848868481   0.342261094331506   -0.0164344324671606   -0.0283384060543553   0
0.297115979321022   0.366202913403894   0.0429831304525414   0.0239418190723881   0
0.316427225348831   0.436035612124744   0.0193112460278091   0.0698326987208497   0
0.401709532185882   0.460012962875504   0.0852823068370506   0.0239773507507605   0
0.198907185348469   0.295007898920097   -0.202802346837413   -0.165005063955407   0
0.25730902792341   0.315897593505   0.0584018425749411   0.0208896945849029   0
0.239510042934007   0.309798182980872   -0.0177989849894024   -0.00609941052412738   0
0.259295810950659   0.313420862688654   0.0197857680166519   0.00362267970778163   0
0.239531499464601   0.317432892937232   -0.0197643114860585   0.00401203024857782   0
0.276954248676564   0.303238202473732   0.0374227492119632   -0.0141946904634999   0
0.286553726196607   0.316816374468713   0.00959947752004303   0.0135781719949815   0
0.22590655086626   0.295984581539732   -0.0606471753303472   -0.0208317929289817   0
0.286346175266931   0.329047404204926   0.0604396244006713   0.0330628226651944   0
0.26939097356259   0.339702032859313   -0.0169552017043412   0.0106546286543874   0
0.318025105834429   0.368983847993716   0.0486341322718395   0.029281815134403   0
0.290084943457946   0.367884077187706   -0.0279401623764829   -0.00109977080601042   0
0.326576677777211   0.382391670661771   0.0364917343192641   0.0145075934740647   0
0.286498598962107   0.342212406524442   -0.0400780788151039   -0.0401792641373286   0
0.3102043853906   0.394173524703905   0.0237057864284935   0.0519611181794628   0
0.211639063993985   0.312314894745672   -0.0985653213966154   -0.0818586299582331   0
0.711169905255622   0.572918439176991   0.499530841261637   0.26060354443132   1
0.290477922880552   0.958667652843909   -0.42069198237507   0.385749213666918   1
0.40340103952811   0.723870453344036   0.112923116647558   -0.234797199499873   0
0.417808634454818   0.663190305981812   0.0144075949267081   -0.0606801473622236   0
0.307192397191011   0.648088238816675   -0.110616237263807   -0.015102067165137   0
0.334265273918799   0.674342240464736   0.0270728767277882   0.0262540016480609   0
0.359275265738737   0.648117957666658   0.0250099918199375   -0.0262242827980782   0
0.35125060730766   0.645946531643487   -0.00802465843107686   -0.00217142602317133   0
0.375112406583533   0.664717442651387   0.0238617992758733   0.0187709110079003   0
0.347871666913246   0.642816318129254   -0.0272407396702878   -0.0219011245221332   0
0.426689205821989   0.664092879934915   0.0788175389087439   0.0212765618056616   0
0.399918616996871   0.696606408889015   -0.0267705888251184   0.0325135289541   0
0.427336589505521   0.70566247273059   0.0274179725086498   0.0090560638415742   0
0.363556771433899   0.656742557496086   -0.0637798180716222   -0.0489199152345033   0
0.426635430984922   0.709179354769476   0.0630786595510233   0.0524367972733896   0
0.412845596143691   0.701435119200807   -0.0137898348412304   -0.0077442355686691   0
0.414530096418825   0.656354450889342   0.00168450027513312   -0.0450806683114644   0
0.402234798523897   0.697505450304333   -0.0122952978949274   0.0411509994149905   0
0.437031640696643   0.695691390115797   0.0347968421727462   -0.0018140601885358   0
0.372751597268208   0.651935831180876   -0.0642800434284358   -0.0437555589349208   0
0.300012154838766   0.649858434494775   -0.0727394424294411   -0.00207739668610096   0
0.391536337296757   0.724612918538236   0.0915241824579907   0.0747544840434607   0
0.374286560051266   0.726995343157712   -0.0172497772454911   0.00238242461947646   0
0.344702871392839   0.696197698531459   -0.029583688658427   -0.0307976446262537   0
0.409358304298325   0.761377634854742   0.0646554329054859   0.0651799363232828   0
0.40653563511851   0.754214944290585   -0.00282266917981533   -0.00716269056415653   0
0.260795867086962   0.668282231303137   -0.145739768031548   -0.0859327129874475   0
0.27507386659632   0.680332326627215   0.0142779995093578   0.0120500953240779   0
0.399113910401529   0.778480835280644   0.124040043805209   0.0981485086534292   0
0.395108251665287   0.771204002688815   -0.00400565873624203   -0.00727683259182932   0
0.30626111354315   0.572697468453022   -0.0888471381221377   -0.198506534235793   0
0.298989575783521   0.357550934230439   -0.00727153775962841   -0.215146534222583   0
0.281979903812311   0.32507411349871   -0.0170096719712106   -0.032476820731729   0
0.186721846871282   0.370616156414558   -0.0952580569410287   0.0455420429158474   0
0.161336969691166   0.395708691413899   -0.0253848771801164   0.0250925349993407   0
0.163300888620669   0.456007292609998   0.00196391892950293   0.060298601196099   0
0.184835529112371   0.452641976759503   0.0215346404917021   -0.00336531585049504   0
0.178742210975975   0.474832319503685   -0.00609331813639546   0.0221903427441829   0
0.346568144354036   0.559666449252365   0.167825933378061   0.0848341297486795   0
0.171812008148791   0.577462964961823   -0.174756136205245   0.0177965157094583   0
0.294817096458126   0.571227195497991   0.123005088309335   -0.0062357694638322   0
0.339266028551342   0.61093088250636   0.044448932093216   0.039703687008369   0
0.169493859410776   0.580322183832921   -0.169772169140566   -0.0306086986734395   0
0.241966815200949   0.650100832820271   0.0724729557901723   0.0697786489873505   0
0.218570934293675   0.659227038788847   -0.0233958809072735   0.00912620596857627   0
0.31513672300646   0.696384019384824   0.0965657887127845   0.0371569805959765   0
0.22782357927144   0.700195572876623   -0.0873131437350198   0.00381155349179918   0
0.229992779031864   0.715671485699612   0.00216919976042459   0.015475912822989   0
0.230583396564822   0.731864389530104   0.000590617532957693   0.0161929038304924   0
0.254816909746469   0.763231662544357   0.0242335131816467   0.0313672730142526   0
0.223794093517144   0.733568085918289   -0.0310228162293252   -0.0296635766260679   0
0.251444175315099   0.768164679748264   0.027650081797955   0.0345965938299745   0
0.278033405217089   0.784858394120627   0.0265892299019904   0.0166937143723638   0
0.306345907416437   0.828968200709473   0.0283125021993477   0.0441098065888451   0
0.266083704791857   0.84735364719103   -0.0402622026245799   0.0183854464815572   0
0.277214640543118   0.854575593650037   0.011130935751261   0.00722194645900687   0
0.254515067629867   0.852299654695314   -0.0226995729132511   -0.00227593895472222   0
0.358803174622856   0.915165176379242   0.10428810699299   0.0628655216839281   0
0.395383713351992   0.919753538397881   0.0365805387291353   0.00458836201863877   0
0.419315480994633   0.911690480436365   0.0239317676426408   -0.0080630579615163   0
0.168159750576647   0.689865653044482   -0.251155730417986   -0.221824827391883   0
0.268052149038205   0.642534259724141   0.0998923984615583   -0.0473313933203414   0
0.146215745174519   0.899151382814652   -0.121836403863685   0.256617123090511   0
1.48866893771724   1.64493426273164   1.34245319254272   0.745782879916993   1
1.53451019086627   1.46569853320431   0.0458412531490304   -0.179235729527339   1
1.34367909774858   1.38621952935177   -0.190831093117694   -0.0794790038525326   0
1.32700280461365   1.3855345000775   -0.0166762931349316   -0.000685029274275717   0
1.18042178165414   1.33948311440925   -0.146581022959507   -0.046051385668249   0
1.21277004439507   1.34828819230395   0.0323482627409233   0.00880507789470042   0
1.23911670951557   1.35955798046323   0.0263466651205029   0.0112697881592787   0
1.25719243433901   1.38848785192174   0.0180757248234389   0.0289298714585131   0
1.18332308584807   1.35750237267979   -0.0738693484909372   -0.0309854792419539   0
1.08689088002585   1.22626632103084   -0.0964322058222236   -0.131236051648951   0
0.917190143859767   1.09894458957504   -0.16970073616608   -0.127321731455797   0
0.829427071892544   1.17010824653534   -0.0877630719672227   0.071163656960298   1
0.911133280528156   2.51468783358631   0.081706208635612   1.34457958705097   1
0.839099763858863   2.80567042855659   -0.0720335166692931   0.290982594970279   1
0.776780672543415   2.77422173586454   -0.0623190913154485   -0.0314486926920452   0
0.744974004391428   2.74252430737131   -0.0318066681519863   -0.0316974284932288   0
0.632336606616286   2.7174194628985   -0.112637397775142   -0.0251048444728159   0
0.490090106656929   2.66045723527748   -0.142246499959357   -0.0569622276210175   0
0.472082413166388   2.64468617854869   -0.0180076934905413   -0.0157710567287923   0
0.392281057086625   2.65920821468826   -0.0798013560797627   0.0145220361395726   0
0.270936305489482   2.58420014089665   -0.121344751597143   -0.0750080737916128   0
0.397909291822697   2.42092722318748   0.126972986333215   -0.163272917709166   1
0.32396699558685   2.47364990377201   -0.0739422962358469   0.0527226805845236   0
0.328410417925498   2.51972118820957   0.00444342233864781   0.046071284437565   0
0.378576833255813   2.47521917607694   0.0501664153303158   -0.0445020121326314   0
0.474083864826678   2.50982209683854   0.0955070315708646   0.0346029207616003   0
0.420167431751915   2.34896770087548   -0.0539164330747632   -0.160854395963057   0
0.977974700796912   1.80326108556181   0.557807269044997   -0.545706615313674   1
0.563207148917805   1.05205799007184   -0.414767551879107   -0.751203095489968   1
0.330360093981779   0.776472098981588   -0.232847054936026   -0.275585891090253   0
0.520816889824648   0.805760687295907   0.190456795842869   0.0292885883143195   0
0.519668809908291   0.803305592543242   -0.00114807991635701   -0.00245509475266459   0
0.567685077270453   0.864700376748883   0.0480162673621614   0.0613947842056405   0
0.50615045220126   0.842612434503106   -0.0615346250691932   -0.0220879422457774   0
0.565371751588021   0.882153187289628   0.0592212993867609   0.0395407527865228   0
0.594856453844598   0.932677073519554   0.0294847022565772   0.050523886229926   0
0.570239659232116   0.890172090924699   -0.0246167946124816   -0.0425049825948555   0
0.588655323804822   0.890975605146684   0.018415664572706   0.000803514221985324   0
0.615707273513445   0.914061454668974   0.0270519497086227   0.0230858495222894   0
0.624683867860928   0.954650769197565   0.00897659434748355   0.0405893145285914   0
0.636867906695737   0.960759473429354   0.0121840388348085   0.00610870423178922   0
0.669753817801384   1.01376397057266   0.0328859111056474   0.0530044971433082   0
0.674310030823359   1.05603375579394   0.00455621302197518   0.042269785221275   0
0.695085296262264   1.05770121153152   0.020775265438905   0.00166745573758487   0
