0.0362387780614223   0.347730783360849   0   0   0
0.0577291241121845   0.336279109437384   0.0214903460507621   -0.0114516739234656   0
0.0339562158563053   0.322746206261592   -0.0237729082558792   -0.013532903175792   0
0.0492400362099339   0.362090589480727   0.0152838203536286   0.0393443832191346   0
0.0553863989699421   0.346389622792745   0.00614636276000818   -0.0157009666879818   0
0.0446663092972276   0.384060180887384   -0.0107200896727145   0.037670558094639   0
0.0608396895596485   0.363568138198674   0.0161733802624209   -0.02049204268871   0
0.0675092306687878   0.354718514576699   0.00666954110913935   -0.00884962362197456   0
0.0525244927031009   0.338336806775068   -0.0149847379656869   -0.0163817078016308   0
0.0655224714466724   0.319103777155254   0.0129979787435715   -0.0192330296198144   0
0.0843539763971444   0.314136705231178   0.018831504950472   -0.00496707192407603   0
0.0755756283436664   0.354426555892755   -0.00877834805347798   0.0402898506615768   0
0.104670345534253   0.329476376957059   0.0290947171905869   -0.0249501789356958   0
0.0508367162732842   0.299828509018489   -0.0538336292609692   -0.0296478679385702   0
0.0409543970005737   0.211511565417828   -0.00988231927271052   -0.0883169436006611   0
0.0534376687155989   0.170717662432743   0.0124832717150252   -0.0407939029850847   0
0.0299605278545639   0.157422728989495   -0.023477140861035   -0.013294933443248   0
0.0256306473840596   0.122696788798648   -0.00432988047050433   -0.0347259401908471   0
0.0178081507105623   0.0752562801794641   -0.00782249667349729   -0.0474405086191838   0
0.00454554679986908   0.0332725375303925   -0.0132626039106932   -0.0419837426490715   0
0.00595324947491704   0.0105736121214846   0.00140770267504796   -0.022698925408908   0
0.0166712458191642   0.0146307531198194   0.0107179963442472   0.00405714099833483   0
0.00509478252957867   0.0458870182968179   -0.0115764632895855   0.0312562651769985   0
0.0141097803366672   0.0685950392342806   0.00901499780708852   0.0227080209374627   0
0.0181070121414329   0.0795008449531513   0.00399723180476575   0.0109058057188706   0
0.0484680032039695   0.091873983217843   0.0303609910625366   0.0123731382646917   0
0.0611617931140839   0.108972454540414   0.0126937899101144   0.0170984713225705   0
0.0184318681407393   0.12518351444743   -0.0427299249733446   0.0162110599070168   0
0.042377714882353   0.134337018831371   0.0239458467416137   0.00915350438394019   0
0.0268444135559039   0.127117720791831   -0.015533301326449   -0.00721929803953913   0
0.0306844346198997   0.137439056242212   0.00384002106399576   0.0103213354503809   0
0.0273649920249504   0.13081106545415   -0.00331944259494929   -0.006627990788062   0
0.0280843613803127   0.142378740129979   0.000719369355362293   0.0115676746758284   0
0.0264179902034826   0.143690501600663   -0.00166637117683016   0.00131176147068385   0
0.0721881827390744   0.144168977004417   0.0457701925355918   0.000478475403754064   0
0.0690300713552434   0.138728652693928   -0.00315811138383097   -0.00544032431048858   0
0.0643368850152073   0.157015879372916   -0.00469318634003617   0.0182872266789877   0
0.0716476261712836   0.15864559232708   0.00731074115607631   0.00162971295416414   0
0.0837661747956178   0.157345416748687   0.0121185486243343   -0.00130017557839249   0
0.0664620551904619   0.146618945545626   -0.017304119605156   -0.0107264712030614   0
0.0912220535103765   0.169212014662087   0.0247599983199147   0.0225930691164615   0
0.119505477177115   0.188369138810216   0.0282834236667387   0.0191571241481287   0
0.120562109939649   0.168939152983226   0.00105663276253376   -0.0194299858269897   0
0.119004590416462   0.203823005104772   -0.00155751952318646   0.0348838521215457   0
0.0679897890017317   0.210607476702211   -0.0510148014147308   0.00678447159743914   0
0.0774676270109005   0.227108371822248   0.00947783800916878   0.0165008951200368   0
0.0832830591344963   0.247328192851895   0.00581543212359575   0.020219821029647   0
0.0838971388714776   0.260166712932905   0.000614079736981354   0.0128385200810097   0
0.074365811251639   0.256956354232095   -0.00953132761983859   -0.0032103587008096   0
0.076285493795413   0.316505024290295   0.00191968254377402   0.0595486700581994   0
0.125201218451339   0.29083755214726   0.0489157246559263   -0.0256674721430349   0
0.0888599489562086   0.297991787141022   -0.0363412694951307   0.007154234993762   0
0.0987959376045898   0.275971476472588   0.00993598864838117   -0.022020310668434   0
0.0609694820062464   0.285180827154895   -0.0378264555983434   0.00920935068230716   0
0.0586596900770273   0.284549104181071   -0.00230979192921903   -0.000631722973823856   0
0.090429190977582   0.375949203808507   0.0317695009005547   0.0914000996274356   0
0.0880919172844478   0.320750551883391   -0.00233727369313419   -0.0551986519251154   0
0.0789825310886528   0.308514375776272   -0.00910938619579506   -0.0122361761071195   0
0.0910187826811038   0.308638787229429   0.012036251592451   0.000124411453157003   0
0.0817067871371161   0.309249388467722   -0.00931199554398769   0.000610601238293373   0
0.0683723357034115   0.309763021137631   -0.0133344514337046   0.000513632669909114   0
0.0689934949258986   0.313891083629991   0.000621159222487136   0.00412806249235992   0
0.0641741447268298   0.300646019518736   -0.00481935019906882   -0.0132450641112554   0
0.0811979599141506   0.321903611611395   0.0170238151873207   0.0212575920926596   0
0.055241456103546   0.311618344688079   -0.0259565038106045   -0.0102852669233167   0
0.0650267428721445   0.310317225134656   0.00978528676859852   -0.00130111955342294   0
0.0702799990270347   0.309301721827167   0.00525325615489018   -0.0010155033074889   0
0.0632852954451   0.314596864558362   -0.00699470358193467   0.00529514273119552   0
0.0700539761471824   0.331441537973577   0.00676868070208235   0.0168446734152147   0
0.0652509040853267   0.325336365769725   -0.00480307206185573   -0.00610517220385154   0
0.0645404414035117   0.32679222136871   -0.000710462681814975   0.00145585559898415   0
0.0712785226296428   0.350395977981997   0.00673808122613112   0.0236037566132873   0
0.0997529228620019   0.34725852739409   0.0284744002323591   -0.00313745058790643   0
0.0748258203064718   0.330557997542886   -0.0249271025555301   -0.0167005298512046   0
0.0917159095559762   0.330190357113745   0.0168900892495044   -0.000367640429140725   0
0.0655980820822294   0.34405909421284   -0.0261178274737468   0.013868737099095   0
0.0669555307763295   0.367097496072028   0.00135744869410011   0.0230384018591877   0
0.0729462147489978   0.350872587325513   0.0059906839726683   -0.0162249087465145   0
0.144957239494476   0.37874258873343   0.0720110247454783   0.0278700014079165   0
0.1038033322495   0.379846447059203   -0.0411539072449765   0.00110385832577325   0
0.0748863606910205   0.388364827167703   -0.028916971558479   0.00851838010850009   0
0.0719356117269854   0.370777887718847   -0.00295074896403512   -0.0175869394488561   0
0.0850947385692611   0.346290122086629   0.0131591268422757   -0.0244877656322181   0
0.081506847597244   0.35091336282033   -0.00358789097201709   0.0046232407337008   0
0.0913826368616599   0.365416613569639   0.00987578926441585   0.0145032507493086   0
0.0824563363553099   0.365442933541969   -0.00892630050635002   2.63199723304908e-05   0
0.0921276568933108   0.387476978675185   0.00967132053800093   0.0220340451332163   0
0.0821813785738649   0.381035911632355   -0.0099462783194459   -0.00644106704283004   0
0.077575207299607   0.385138188188668   -0.00460617127425791   0.00410227655631296   0
0.0801461980105214   0.391816089788947   0.00257099071091438   0.00667790160027865   0
0.0883403901472594   0.379617349141869   0.008194192136738   -0.0121987406470774   0
0.0822961201237269   0.39016566084357   -0.00604427002353242   0.0105483117017009   0
0.0792474207256621   0.393343591333963   -0.00304869939806483   0.00317793049039305   0
0.0943536044781544   0.388622849080571   0.0151061837524923   -0.00472074225339275   0
0.112836918370939   0.387596034987782   0.0184833138927848   -0.0010268140927886   0
0.105202229574235   0.373845297579761   -0.00763468879670441   -0.0137507374080211   0
0.143288076960157   0.344704145444322   0.0380858473859226   -0.0291411521354394   0
0.171178956107607   0.342048137266365   0.0278908791474494   -0.00265600817795669   0
0.205965947260463   0.387164214196638   0.0347869911528566   0.045116076930273   0
0.100175170541657   0.423949541819837   -0.105790776718807   0.0367853276231995   0
0.0821823877798668   0.430641906992921   -0.0179927827617899   0.00669236517308408   0
0.107116245070297   0.445348653205834   0.0249338572904306   0.0147067462129123   0
0.144251142956304   0.47252704554475   0.0371348978860065   0.0271783923389159   0
0.13210235260812   0.494458898532022   -0.0121487903481841   0.0219318529872718   0
0.12627502967317   0.483055015969713   -0.00582732293494959   -0.0114038825623082   0
0.137398650995597   0.504795595754113   0.0111236213224273   0.0217405797843998   0
0.117540240814327   0.501356664578472   -0.0198584101812704   -0.00343893117564165   0
0.129079195581201   0.496565458727497   0.0115389547668742   -0.00479120585097409   0
0.111015785132431   0.499427308299216   -0.0180634104487706   0.00286184957171837   0
0.106275227640217   0.510288084027542   -0.00474055749221335   0.0108607757283264   0
0.123539931080198   0.451738017285462   0.0172647034399804   -0.0585500667420806   0
0.123720922937917   0.485765766435841   0.000180991857719331   0.0340277491503794   0
0.0983916431553742   0.493808529876965   -0.0253292797825428   0.00804276344112448   0
0.112445685762416   0.497936409784673   0.0140540426070418   0.00412787990770769   0
0.115673354454032   0.479224759988463   0.00322766869161592   -0.0187116497962102   0
0.130988460401785   0.43956149971136   0.0153151059477531   -0.0396632602771029   0
0.18291323417402   0.46857840561986   0.0519247737722353   0.0290169059084999   0
0.202503415822079   0.507441573732632   0.0195901816480591   0.0388631681127717   0
0.12687301418505   0.440419328151592   -0.075630401637029   -0.0670222455810394   0
0.106081975998234   0.443045970565414   -0.0207910381868159   0.00262664241382199   0
0.107512535439408   0.470517852498978   0.00143055944117369   0.0274718819335637   0
0.142779673419783   0.46635512430711   0.0352671379803752   -0.00416272819186814   0
0.136364955611037   0.484348019201328   -0.00641471780874672   0.0179928948942181   0
0.137173100713114   0.500461885944374   0.000808145102076913   0.0161138667430464   0
0.163778926063825   0.524277072855089   0.0266058253507119   0.0238151869107143   0
0.165028315430838   0.516507148792977   0.00124938936701205   -0.00776992406211219   0
0.155267913174165   0.515653343367906   -0.00976040225667266   -0.000853805425070187   0
0.134522551251342   0.51174870595342   -0.0207453619228226   -0.00390463741448621   0
0.160975688538394   0.546734925754931   0.0264531372870516   0.0349862198015108   0
0.154062576877222   0.582797772822186   -0.00691311166117164   0.0360628470672547   0
0.155043424043492   0.597636652608632   0.000980847166269561   0.0148388797864458   0
0.176212747697208   0.584762777795193   0.0211693236537166   -0.0128738748134387   0
0.171964571250164   0.582200849981559   -0.00424817644704387   -0.00256192781363362   0
0.149984381445399   0.577977787213531   -0.0219801898047656   -0.00422306276802797   0
0.142232242539553   0.549486472624213   -0.00775213890584631   -0.0284913145893182   0
0.155752284409732   0.559350216359349   0.0135200418701793   0.00986374373513554   0
0.146595991078883   0.560450008449014   -0.00915629333084866   0.0010997920896656   0
0.133607209980229   0.547853702552287   -0.0129887810986546   -0.0125963058967269   0
0.149408550666988   0.563005519642792   0.0158013406867596   0.0151518170905044   0
0.143986098292509   0.568091113397534   -0.00542245237447947   0.00508559375474249   0
0.137579334084157   0.553082884815197   -0.00640676420835207   -0.0150082285823376   0
0.154735391297563   0.562045055644341   0.0171560572134065   0.00896217082914408   0
0.14546180019555   0.575581088518812   -0.00927359110201359   0.0135360328744709   0
0.154265004331669   0.578808065563188   0.00880320413611985   0.00322697704437669   0
0.170772044079966   0.604553788578196   0.016507039748297   0.0257457230150077   0
0.181223794138629   0.623192727186783   0.0104517500586621   0.0186389386085869   0
0.169682873373155   0.61201574463918   -0.011540920765474   -0.0111769825476028   0
0.149792946093065   0.602359991113288   -0.0198899272800891   -0.00965575352589232   0
0.16120352283936   0.501896274565273   0.0114105767462944   -0.100463716548015   0
0.13694852431673   0.553115799543821   -0.0242549985226297   0.0512195249785476   0
0.15299170801648   0.574879559815358   0.0160431836997504   0.0217637602715374   0
0.150817026976963   0.570469408604221   -0.0021746810395174   -0.00441015121113675   0
0.164776655403488   0.559807436574846   0.0139596284265255   -0.0106619720293756   0
0.170464772580055   0.496120768616372   0.00568811717656692   -0.0636866679584735   0
0.116403878161254   0.51772659867685   -0.0540608944188017   0.0216058300604776   0
0.13339824940568   0.526248234516278   0.0169943712444263   0.00852163583942855   0
0.171199565823778   0.535042673147199   0.0378013164180978   0.00879443863092011   0
0.172137123968016   0.540568635391242   0.00093755814423796   0.00552596224404389   0
0.157193642277097   0.580361967402456   -0.0149434816909185   0.039793332011214   0
0.154701993232343   0.610855807258145   -0.00249164904475388   0.0304938398556885   0
0.153464520716581   0.598681496124817   -0.00123747251576209   -0.0121743111333276   0
0.168112990504155   0.614279121359745   0.0146484697875734   0.0155976252349274   0
0.170909643571216   0.644983959500932   0.00279665306706103   0.0307048381411872   0
0.187005711730658   0.610005928295988   0.0160960681594424   -0.034978031204944   0
0.173663750091041   0.603791516815407   -0.0133419616396169   -0.00621441148058088   0
0.139452133550262   0.584202227402464   -0.0342116165407796   -0.0195892894129434   0
0.126968327740307   0.609820567939045   -0.0124838058099547   0.0256183405365817   0
0.129527500737874   0.614126978333268   0.00255917299756725   0.0043064103942223   0
0.124794452537643   0.623064140729107   -0.00473304820023132   0.00893716239583886   0
0.168551282226033   0.597935599995727   0.0437568296883906   -0.0251285407333796   0
0.126071280746647   0.619735355083321   -0.042480001479386   0.0217997550875939   0
0.123828117420923   0.675128184951199   -0.00224316332572402   0.0553928298678777   0
0.166164710420233   0.653056829660329   0.0423365929993099   -0.0220713552908698   0
0.159065890137452   0.640816731549669   -0.00709882028278119   -0.0122400981106604   0
0.12962398026839   0.633254304078938   -0.029441909869062   -0.00756242747073055   0
0.122839532421881   0.673051547994654   -0.006784447846509   0.0397972439157159   0
0.155401535276972   0.668100946586105   0.0325620028550909   -0.00495060140854864   0
0.199529087699413   0.69462489693161   0.0441275524224408   0.0265239503455048   0
0.207084487710113   0.64683605994738   0.00755540001070026   -0.0477888369842305   0
0.143271897728061   0.673935769085044   -0.063812589982052   0.0270997091376647   0
0.152794627295759   0.712776525762458   0.0095227295676982   0.0388407566774137   0
0.163381704357648   0.714651652972446   0.010587077061889   0.00187512720998839   0
0.162678114275769   0.641037995908199   -0.00070359008187984   -0.0736136570642476   0
0.1853229638496   0.649931749817048   0.0226448495738311   0.00889375390884928   0
0.14881558703191   0.629023526862271   -0.0365073768176892   -0.0209082229547772   0
0.576183132632291   0.571479338610986   0.42736754560038   -0.0575441882512848   1
0.687617767557827   0.822456844534259   0.111434634925536   0.250977505923273   1
0.526917454363632   0.756368807085042   -0.160700313194195   -0.0660880374492164   0
0.455759881083899   0.758118951843641   -0.0711575732797325   0.00175014475859814   0
0.373476238497766   0.729419445771087   -0.0822836425861335   -0.0286995060725533   0
0.27841935563793   0.688079728505716   -0.095056882859836   -0.0413397172653711   0
0.287529960867124   0.693103857599458   0.00911060522919449   0.00502412909374217   0
0.268690729741463   0.670005616621421   -0.018839231125661   -0.0230982409780377   0
0.245187082041449   0.660397312061648   -0.0235036477000147   -0.00960830455977235   0
0.212186781357581   0.650331247205799   -0.0330003006838673   -0.0100660648558493   0
0.178779444468904   0.638320175952084   -0.033407336888677   -0.0120110712537146   0
0.179930173212861   0.646646231067073   0.00115072874395633   0.00832605511498841   0
0.179620961898131   0.684824261333884   -0.000309211314729052   0.0381780302668113   0
0.205512185981756   0.664168775895856   0.0258912240836248   -0.0206554854380279   0
0.213651445384767   0.680472787614979   0.0081392594030105   0.0163040117191224   0
0.203552000316479   0.672284163312843   -0.0100994450682875   -0.00818862430213518   0
0.169326618405406   0.720151228611914   -0.0342253819110733   0.047867065299071   0
0.197543476435973   0.787661850228256   0.0282168580305674   0.0675106216163418   0
0.22903947582144   0.772459885723039   0.0314959993854666   -0.0152019645052176   0
0.201828305276069   0.768935696328048   -0.0272111705453712   -0.00352418939499066   0
0.240940558003421   0.56389800534383   0.0391122527273525   -0.205037690984218   0
0.268318226106614   0.501788237966475   0.0273776681031927   -0.0621097673773546   0
0.181227671183101   0.534786314896193   -0.0870905549235134   0.0329980769297177   0
0.194314192018828   0.538179477358855   0.0130865208357276   0.00339316246266186   0
0.179395784060161   0.578580028540132   -0.0149184079586669   0.0404005511812773   0
0.227062814696308   0.609402750734274   0.047667030636147   0.0308227221941423   0
0.229752989493064   0.579854424286174   0.00269017479675579   -0.0295483264481007   0
0.246407994716507   0.453975258156488   0.0166550052234427   -0.125879166129686   0
0.169305395177856   0.457185636916231   -0.0771025995386507   0.00321037875974312   0
0.174235686788011   0.468251901280443   0.00493029161015535   0.011066264364212   0
0.183290105853644   0.46820139411876   0.00905441906563254   -5.05071616836439e-05   0
0.15693033264621   0.57270983966796   -0.0263597732074343   0.1045084455492   0
0.203543929373981   0.5397242032601   0.0466135967277709   -0.0329856364078591   0
0.192174356303436   0.563438956378595   -0.0113695730705445   0.0237147531184942   0
0.182905030923701   0.593787117643605   -0.00926932537973513   0.0303481612650099   0
0.184821427161707   0.688306755893221   0.0019163962380056   0.0945196382496163   0
0.196176053789065   0.603719226372036   0.0113546266273581   -0.0845875295211845   0
0.224687454388891   0.587668450067085   0.0285114005998263   -0.0160507763049513   0
0.215754828112837   0.539813167543642   -0.00893262627605368   -0.0478552825234431   0
0.159149516905465   0.551492419417303   -0.0566053112073723   0.0116792518736607   0
0.179556317862252   0.580689130759523   0.0204068009567868   0.02919671134222   0
0.159527633775469   0.607033924604301   -0.0200286840867833   0.0263447938447782   0
0.21265431597313   0.601952839412275   0.053126682197662   -0.00508108519202588   0
0.21421282485708   0.59283489304949   0.00155850888394943   -0.00911794636278518   0
0.204806788349019   0.589089210341057   -0.00940603650806057   -0.0037456827084329   0
0.197589064266826   0.585893921755893   -0.00721772408219307   -0.00319528858516427   0
0.186476458358153   0.636164425564649   -0.0111126059086732   0.0502705038087565   0
0.183905078181898   0.753693810238282   -0.00257138017625511   0.117529384673633   0
0.220722028472259   0.578076257281632   0.0368169502903614   -0.17561755295665   0
0.199040345193858   0.594209421084856   -0.0216816832784018   0.0161331638032238   0
0.231705818651496   0.629163529712467   0.0326654734576385   0.0349541086276105   0
0.185041861892024   0.627606621861975   -0.046663956759472   -0.00155690785049178   0
0.188791826525647   0.652701003189822   0.00374996463362298   0.0250943813278471   0
0.196858244178419   0.800763996486127   0.00806641765277188   0.148062993296305   0
0.231002875525279   0.671725844327505   0.0341446313468602   -0.129038152158622   0
0.192231256751757   0.65853815678839   -0.0387716187735219   -0.0131876875391155   0
0.158182966646223   0.840913516457156   -0.0340482901055345   0.182375359668767   0
0.221072696548918   0.767955906376668   0.0628897299026954   -0.0729576100804883   0
0.336395620009595   0.520677435599326   0.115322923460677   -0.247278470777342   0
0.165755170154659   0.638027463089364   -0.170640449854936   0.117350027490038   0
0.165254923679296   0.591814685338662   -0.000500246475362953   -0.0462127777507018   0
0.169919594526117   0.621582962155696   0.00466467084682082   0.029768276817034   0
0.201668496452317   0.63591364982775   0.0317489019261998   0.0143306876720533   0
0.233281692063565   0.654174511770368   0.0316131956112483   0.0182608619426188   0
0.251552963437046   0.666193563098594   0.0182712713734813   0.0120190513282253   0
