0.038554238397012   0.0881677652107617   0   0   0
0.033927388149694   0.0845715729091194   -0.004626850247318   -0.00359619230164228   0
0.0400368757934053   0.10200532082323   0.00610948764371128   0.0174337479141102   0
0.0268809655061794   0.0807214001399736   -0.0131559102872259   -0.021283920683256   0
0.0766089457810231   0.143887598858449   0.0497279802748437   0.0631661987184757   0
0.0168103883960782   0.0822624647112673   -0.0597985573849449   -0.0616251341471819   0
0.0398813077880214   0.0975968394916044   0.0230709193919433   0.0153343747803371   0
0.0356983534125945   0.0974204960659769   -0.00418295437542691   -0.000176343425627529   0
0.0788265230093273   0.147601396299055   0.0431281695967327   0.0501809002330779   0
0.0156409615381184   0.0959895377112681   -0.0631855614712088   -0.0516118585877867   0
0.0870643250256159   0.115861836463514   0.0714233634874975   0.0198722987522462   0
0.0691660171060797   0.0605671793622553   -0.0178983079195362   -0.055294657101259   0
0.0187267100705966   0.0462703563405946   -0.0504393070354831   -0.0142968230216607   0
0.0148632503873855   0.0366141349727807   -0.00386345968321106   -0.00965622136781391   0
0.0283074116767857   0.0435462210786783   0.0134441612894002   0.00693208610589763   0
0.0149519498248102   0.0181070460336577   -0.0133554618519756   -0.0254391750450206   0
0.0195356074065858   0.0221034016651176   0.00458365758177563   0.00399635563145991   0
0.0141063268857143   0.0189619568047472   -0.00542928052087154   -0.0031414448603704   0
0.0535712904400318   0.0920506880358588   0.0394649635543176   0.0730887312311116   0
0.0732685059456341   0.0827013423768925   0.0196972155056023   -0.00934934565896628   0
0.0064455633263835   0.0129732767336167   -0.0668229426192506   -0.0697280656432758   0
0.0247032187401196   0.00716596767714591   0.0182576554137361   -0.00580730905647077   0
0.00876288688232988   0.0168749862765396   -0.0159403318577897   0.00970901859939369   0
0.0196275498540444   0.0115730103985934   0.0108646629717146   -0.00530197587794624   0
0.0517287632134955   0.0221153556257298   0.032101213359451   0.0105423452271365   0
0.0279877340199685   0.0178542694391314   -0.023741029193527   -0.00426108618659847   0
0.0199279666453544   0.0195049444937713   -0.0080597673746141   0.00165067505463996   0
0.030309700233483   0.0159860185575584   0.0103817335881286   -0.00351892593621297   0
0.018044860966253   0.0153963268160331   -0.01226483926723   -0.000589691741525247   0
0.0157589823406367   0.016540401394407   -0.00228587862561625   0.00114407457837386   0
0.0101943256873714   0.0160389295321758   -0.00556465665326534   -0.000501471862231203   0
0.0626052241373673   0.0920340183386692   0.0524108984499959   0.0759950888064934   0
0.0251254311392442   0.0135309406264827   -0.0374797929981232   -0.0785030777121865   0
0.0448489500090024   0.0926139217322104   0.0197235188697583   0.0790829811057277   0
0.0226658155681723   0.0149860757547139   -0.0221831344408302   -0.0776278459774965   0
0.07838252505763   0.0931871248296271   0.0557167094894578   0.0782010490749132   0
0.0225262120435638   0.0394235065341732   -0.0558563130140662   -0.0537636182954538   0
0.0354859693160776   0.0171013077278464   0.0129597572725138   -0.0223221988063268   0
0.0644905454630367   0.113110908026591   0.0290045761469591   0.0960096002987449   0
0.0343994923258774   0.0206203416040448   -0.0300910531371592   -0.0924905664225465   0
0.0635728133954287   0.108489098890211   0.0291733210695513   0.0878687572861663   0
0.0470454376974229   0.0872348289664312   -0.0165273756980058   -0.0212542699237799   0
0.0268701196825098   0.0410869165627271   -0.0201753180149131   -0.0461479124037041   0
0.0222590805575522   0.0377195431248179   -0.00461103912495755   -0.00336737343790918   0
0.104489990100966   0.11081051706404   0.0822309095434139   0.0730909739392225   0
0.0380028614840199   0.0333479324864751   -0.0664871286169463   -0.0774625845775654   0
0.0364401325337066   0.0351876880614868   -0.00156272895031329   0.00183975557501171   0
0.0703508013433394   0.147629801477107   0.0339106688096328   0.11244211341562   0
0.0391772161034957   0.0352141667092237   -0.0311735852398437   -0.112415634767883   0
0.0759142599548333   0.0862518082330017   0.0367370438513376   0.051037641523778   0
0.0354787709287526   0.0615229869296225   -0.0404354890260807   -0.0247288213033792   0
0.0520611446008912   0.0396100810127296   0.0165823736721386   -0.0219129059168929   0
0.0457642542513259   0.127991594173523   -0.00629689034956528   0.0883815131607935   0
0.0585787803772834   0.0428096435033627   0.0128145261259575   -0.0851819506701604   0
0.0367308916072629   0.0592280893155646   -0.0218478887700204   0.016418445812202   0
0.0660607281307132   0.134415483938282   0.0293298365234502   0.0751873946227172   0
0.0340105589505568   0.0523408403517989   -0.0320501691801564   -0.0820746435864829   0
0.0422492573277922   0.040816871873773   0.00823869837723535   -0.0115239684780259   0
0.0389364917268171   0.0637887591157329   -0.00331276560097503   0.0229718872419599   0
0.0342989573544678   0.0661066276489355   -0.00463753437234934   0.00231786853320257   0
0.0557513619952912   0.116837814664057   0.0214524046408234   0.0507311870151214   0
0.0685326613836789   0.153553199353579   0.0127812993883877   0.0367153846895223   0
0.0471674914165466   0.0558201145863657   -0.0213651699671323   -0.0977330847672134   0
0.07303782634293   0.11712706966912   0.0258703349263834   0.0613069550827547   0
0.051061039844693   0.0666981413803638   -0.0219767864982371   -0.0504289282887567   0
0.0358418616048274   0.0650763496699886   -0.0152191782398656   -0.0016217917103752   0
0.0390108666800111   0.0648335340580012   0.00316900507518371   -0.000242815611987426   0
0.0339956780063937   0.0698701036256746   -0.00501518867361741   0.00503656956767337   0
0.0501476646176071   0.0688221226976835   0.0161519866112134   -0.00104798092799108   0
0.0524921960802184   0.0633958516205911   0.00234453146261136   -0.0054262710770924   0
0.0731682189373228   0.163729486258646   0.0206760228571043   0.100333634638054   0
0.0382891926581327   0.0843882910821312   -0.0348790262791901   -0.0793411951765143   0
0.0414259872727253   0.0829027562146459   0.00313679461459267   -0.00148553486748533   0
0.0406952601727769   0.0814177208601573   -0.000730727099948453   -0.00148503535448852   0
0.0407214010499749   0.0790371734835103   2.61408771980581e-05   -0.00238054737664706   0
0.0556946288205604   0.145407922554627   0.0149732277705855   0.0663707490711171   0
0.08238968193348   0.101319482307415   0.0266950531129196   -0.0440884402472128   0
0.0446845049816645   0.0857258734015   -0.0377051769518155   -0.0155936089059146   0
0.0552499509413981   0.0947128377017208   0.0105654459597336   0.00898696430022079   0
0.0395784375615056   0.0886131831174121   -0.0156715133798925   -0.00609965458430871   0
0.0539824112590388   0.0901549892747484   0.0144039736975332   0.00154180615733633   0
0.0336988618573224   0.0917030711198377   -0.0202835494017164   0.00154808184508926   0
0.0994241822913319   0.163374321134634   0.0657253204340095   0.0716712500147963   0
0.11142237482952   0.246860250524078   0.0119981925381878   0.0834859293894444   0
0.0437060517680206   0.0234772353477789   -0.0677163230614991   -0.223383015176299   0
0.0871278700732005   0.0565098707635093   0.0434218183051798   0.0330326354157304   0
0.0772360202566782   0.0202973200963705   -0.00989184981652229   -0.0362125506671388   0
0.0661994177035569   0.0436384014540233   -0.0110366025531213   0.0233410813576528   0
0.0673247162645339   0.081595651658054   0.00112529856097705   0.0379572502040308   0
0.0656088336434203   0.0293931125533687   -0.00171588262111362   -0.0522025391046854   0
0.0535822494524073   0.0913069505552014   -0.012026584191013   0.0619138380018327   0
0.0422815938500064   0.0753892173291546   -0.0113006556024009   -0.0159177332260468   0
0.0736595458675249   0.0517724526689146   0.0313779520175185   -0.02361676466024   0
0.0475318555401533   0.0470126378121086   -0.0261276903273716   -0.004759814856806   0
0.0319755674968389   0.037381931740618   -0.0155562880433144   -0.00963070607149055   0
0.0455756255331729   0.0626368172253947   0.013600058036334   0.0252548854847766   0
0.0648624153276765   0.0829054397902514   0.0192867897945036   0.0202686225648567   0
0.0425288520983109   0.0657200519120496   -0.0223335632293656   -0.0171853878782017   0
0.0485627053774808   0.0576712478551704   0.0060338532791699   -0.00804880405687922   0
0.0475055050620883   0.0744664713134374   -0.00105720031539244   0.016795223458267   0
0.0888541403908726   0.164338230458375   0.0413486353287843   0.0898717591449377   0
0.0570833507316275   0.13899320314287   -0.0317707896592451   -0.0253450273155055   0
0.106375315896922   0.177243512257854   0.0492919651652947   0.0382503091149843   0
0.0723350741264768   0.118904724239409   -0.0340402417704454   -0.0583387880184445   0
0.0554541661694593   0.127071083625278   -0.0168809079570176   0.008166359385869   0
0.057981026184301   0.109619102929781   0.00252686001484172   -0.0174519806954971   0
0.0645838054848892   0.128211461442182   0.0066027793005882   0.0185923585124002   0
0.0655208246445357   0.12334483145041   0.000937019159646543   -0.00486662999177173   0
0.110963193571427   0.215370318723101   0.0454423689268914   0.092025487272691   0
0.0726255043404175   0.136427474930987   -0.0383376892310096   -0.0789428437921141   0
0.0526569488842641   0.134634381634939   -0.0199685554561534   -0.00179309329604735   0
0.0747992294362716   0.184996551252341   0.0221422805520075   0.0503621696174016   0
0.0766006052807679   0.134001991763182   0.00180137584449626   -0.0509945594891585   0
0.102093965404572   0.16662130121401   0.0254933601238044   0.0326193094508281   0
0.0523186038852338   0.142907613409197   -0.0497753615193385   -0.0237136878048135   0
0.0684994369414815   0.158737984428814   0.0161808330562477   0.0158303710196173   0
0.0505204230157468   0.158074391160175   -0.0179790139257347   -0.000663593268639351   0
0.0563506052473263   0.15578820796348   0.00583018223157951   -0.00228618319669496   0
0.0639219542183278   0.14272136664305   0.00757134897100151   -0.0130668413204297   0
0.068424932805009   0.164239544756158   0.00450297858668119   0.0215181781131076   0
0.133806016665806   0.242609977609042   0.0653810838607971   0.0783704328528844   0
0.0698693973071187   0.15679330203612   -0.0639366193586875   -0.0858166755729221   0
0.0749850209738585   0.159256779387284   0.00511562366673984   0.0024634773511637   0
0.0659309294437747   0.160632722737959   -0.00905409153008378   0.00137594335067512   0
0.117936292671086   0.225692912321699   0.0520053632273111   0.0650601895837398   0
0.112505119628842   0.221717356865109   -0.005431173042244   -0.00397555545659001   1
0.038932871013194   0.273089106041343   -0.0735722486156478   0.0513717491762345   0
0.102544683853199   0.109800659452129   0.0636118128400049   -0.163288446589214   0
0.0693229458683054   0.132943413583411   -0.0332217379848934   0.0231427541312821   0
0.0463934571941198   0.152431159595315   -0.0229294886741856   0.0194877460119038   0
0.131898914446026   0.129180207598271   0.0855054572519059   -0.0232509519970439   0
0.0670748811982548   0.124609240808256   -0.0648240332477708   -0.00457096679001513   0
0.0687398524327926   0.146144641460917   0.00166497123453774   0.0215354006526608   0
0.0603976435971636   0.14652409780699   -0.00834220883562896   0.000379456346073337   0
0.0593056248152736   0.14132609310705   -0.00109201878188999   -0.00519800469994067   0
0.127690950755721   0.150396086515283   0.0683853259404475   0.00906999340823331   0
0.0662007291543681   0.133704218658584   -0.061490221601353   -0.0166918678566988   0
0.0666432156742905   0.141903216098693   0.00044248651992243   0.00819899744010924   0
0.0897685492274995   0.153996273733036   0.023125333553209   0.012093057634342   0
0.088859033790043   0.140335811160071   -0.000909515437456515   -0.0136604625729649   0
0.0757932372037242   0.136514946124499   -0.0130657965863188   -0.00382086503557114   0
0.0734081100800456   0.146232525668445   -0.00238512712367853   0.00971757954394581   0
0.0565905712367352   0.128553193362281   -0.0168175388433105   -0.0176793323061643   0
0.106719129666054   0.135953191027362   0.0501285584293186   0.00739999766508145   0
0.124454217279568   0.170093888267451   0.0177350876135145   0.0341406972400883   0
0.0772186286209487   0.136982287372839   -0.0472355886586196   -0.0331116008946119   0
0.102367032718986   0.186492822516605   0.0251484040980375   0.0495105351437663   0
0.0800862808683859   0.150558205871496   -0.0222807518506003   -0.0359346166451094   0
0.0852732985701855   0.150058741914775   0.00518701770179955   -0.000499463956720986   0
0.135141302295264   0.181407798790522   0.0498680037250788   0.0313490568757471   0
0.095485351663606   0.14958233163951   -0.0396559506316583   -0.0318254671510115   0
0.0797318616412536   0.151702550172211   -0.0157534900223524   0.00212021853270036   0
0.104402952524773   0.187974043668993   0.0246710908835194   0.0362714934967822   0
0.106864437743807   0.191838087234554   0.00246148521903403   0.00386404356556136   0
0.0841216550116556   0.157675080323628   -0.0227427827321514   -0.0341630069109265   0
0.101817550191556   0.14051200725849   0.0176958951799003   -0.0171630730651377   0
0.0975952446154012   0.116298109885436   -0.00422230557615466   -0.024213897373054   0
0.092909044251569   0.0913497031170831   -0.00468620036383224   -0.0249484067683531   0
0.092640784276365   0.121892542060084   -0.000268259975203952   0.0305428389430004   0
0.068766286983466   0.105813042273964   -0.023874497292899   -0.0160794997861194   0
0.0873022693160951   0.105054836865952   0.0185359823326291   -0.000758205408012455   0
0.114323227893373   0.161419142096748   0.0270209585772775   0.056364305230796   0
0.113550793769176   0.141884839166426   -0.000772434124196322   -0.0195343029303219   0
0.0747540360080103   0.122072599753364   -0.038796757761166   -0.0198122394130618   0
0.0769020035230552   0.127653292278197   0.00214796751504494   0.00558069252483345   0
0.126927379911074   0.19483887577127   0.0500253763880183   0.0671855834930729   0
0.217637207885164   0.156650707472557   0.0907098279740903   -0.0381881682987137   0
0.0836314400945601   0.188119292594759   -0.134005767790604   0.0314685851222023   0
0.0738133731470964   0.16618786303594   -0.00981806694746368   -0.0219314295588184   0
0.100585672549337   0.147340620102163   0.0267722994022408   -0.0188472429337772   0
0.102769249996728   0.202900156089917   0.00218357744739082   0.0555595359877533   0
0.0724311027950452   0.137022977312612   -0.0303381472016829   -0.0658771787773048   0
0.0824214750917502   0.153689648457183   0.00999037229670506   0.0166666711445713   0
0.0724111762029757   0.165979359200173   -0.0100102988887745   0.0122897107429898   0
0.092719676902101   0.1602207491028   0.0203085006991253   -0.00575861009737247   0
0.0831295882601236   0.152288455746964   -0.00959008864197734   -0.0079322933558364   0
0.0804571430176339   0.166263846240283   -0.00267244524248972   0.0139753904933191   0
0.127547198797935   0.205297448991701   0.0470900557803013   0.0390336027514177   0
0.0890175035779481   0.165228564616564   -0.0385296952199871   -0.040068884375137   0
0.0942246716685179   0.144755320507676   0.00520716809056984   -0.0204732441088878   0
0.148091619653004   0.207308540131226   0.0538669479844861   0.0625532196235496   0
0.128626649430241   0.210652742787799   -0.0194649702227635   0.00334420265657312   0
0.0933995760730208   0.196631403971212   -0.0352270733572197   -0.0140213388165867   0
0.121495562820129   0.11681272732285   0.0280959867471085   -0.0798186766483621   0
0.150773944352895   0.133530871084892   0.029278381532766   0.0167181437620418   0
0.178088198534546   0.104519435420338   0.027314254181651   -0.0290114356645543   0
0.227035204585765   0.141009276490059   0.0489470060512183   0.0364898410697218   0
0.181970873950101   0.158815802082948   -0.0450643306356635   0.0178065255928883   0
0.239858840910817   0.222212774891544   0.0578879669607154   0.0633969728085964   0
0.213153473346094   0.188036559354823   -0.0267053675647223   -0.0341762155367206   0
0.231681729718422   0.208494488360604   0.0185282563723279   0.0204579290057806   0
0.221237079627376   0.252669220049158   -0.0104446500910459   0.0441747316885545   0
0.238652733766366   0.262352727522509   0.0174156541389899   0.00968350747335089   0
0.232112133193097   0.213070052006963   -0.00654060057326905   -0.0492826755155461   0
0.197697611017086   0.214583434548196   -0.0344145221760114   0.00151338254123301   0
0.217880186956947   0.213246171382396   0.0201825759398612   -0.00133726316580068   0
0.255896407194865   0.293132229176527   0.0380162202379179   0.0798860577941315   0
0.178051844281322   0.20051655903067   -0.0778445629135431   -0.0926156701458575   0
0.224354130178631   0.202901422453121   0.0463022858973092   0.00238486342245176   0
0.190495066869722   0.19731566239531   -0.0338590633089084   -0.0055857600578112   0
0.21343807698855   0.218342960401177   0.0229430101188272   0.021027298005867   0
0.267338060744014   0.313054350777145   0.0538999837554642   0.0947113903759683   0
0.255322533329943   0.276255723002257   -0.0120155274140704   -0.036798627774888   0
0.224431167037468   0.291707824809774   -0.030891366292475   0.0154521018075168   0
0.243922075661265   0.287173619096967   0.0194909086237969   -0.0045342057128071   0
0.258919033189381   0.297699099244942   0.0149969575281155   0.0105254801479751   0
0.296994754487432   0.34397198833844   0.0380757212980513   0.0462728890934979   0
0.232039709357687   0.286152657175327   -0.0649550451297447   -0.0578193311631135   0
0.23793471686387   0.266454890124952   0.00589500750618274   -0.0196977670503751   0
0.272568498322422   0.276398408668085   0.0346337814585516   0.00994351854313391   0
0.245597108760661   0.280179412914743   -0.0269713895617604   0.00378100424665745   0
0.241342038246634   0.307381889591352   -0.00425507051402682   0.0272024766766089   0
0.238748106746504   0.305974421021186   -0.00259393150013063   -0.00140746857016583   0
0.270382751595382   0.308197551623143   0.0316346448488781   0.00222313060195717   0
0.244680010643146   0.309866420088963   -0.025702740952236   0.00166886846582032   0
0.274213695850536   0.311673932479924   0.0295336852073896   0.00180751239096016   0
0.24275164354539   0.299405993519251   -0.0314620523051455   -0.0122679389606723   0
0.2612315735901   0.291274131667661   0.0184799300447102   -0.00813186185159021   0
0.258016926745049   0.306917807646445   -0.00321464684505124   0.0156436759787835   0
0.287214091467741   0.346618269915551   0.0291971647226921   0.0397004622691067   0
0.256233197100142   0.3188279544088   -0.0309808943675997   -0.0277903155067511   0
0.249225038031816   0.315313304523057   -0.00700815906832578   -0.00351464988574335   0
0.293021839403909   0.350234418956076   0.0437968013720928   0.0349211144330189   0
0.280902260124122   0.360713251106055   -0.0121195792797864   0.0104788321499793   0
0.258596443249632   0.308302379797416   -0.0223058168744905   -0.0524108713086394   0
0.26803561582978   0.353786700452052   0.00943917258014865   0.0454843206546363   0
0.260409522446017   0.325150668222441   -0.00762609338376363   -0.0286360322296109   0
0.274113585942835   0.360095244308363   0.0137040634968183   0.0349445760859223   0
0.241078184977924   0.324794900748919   -0.0330354009649113   -0.0353003435594448   0
0.239222801944129   0.348995364632182   -0.00185538303379465   0.0242004638832637   0
0.257158793816444   0.314577505054796   0.017935991872315   -0.0344178595773868   0
0.323692635286764   0.40665347786291   0.0665338414703199   0.0920759728081141   0
0.242681258219501   0.331488493847826   -0.0810113770672633   -0.075164984015084   0
0.268774015443997   0.353898407804415   0.0260927572244964   0.0224099139565893   0
0.260201390842267   0.361913708058979   -0.00857262460173053   0.00801530025456421   0
0.278625262733586   0.35182507518119   0.0184238718913197   -0.0100886328777892   0
0.227273116241429   0.338410836849605   -0.0513521464921575   -0.0134142383315849   0
0.286791908058456   0.397231091937678   0.0595187918170275   0.0588202550880729   0
0.260703151439046   0.355713047306744   -0.0260887566194105   -0.0415180446309338   0
0.236304306467174   0.3339571582243   -0.0243988449718717   -0.0217558890824444   0
0.259996003418822   0.381850220389487   0.0236916969516478   0.0478930621651875   0
0.284325053995121   0.357471580544873   0.0243290505762991   -0.0243786398446138   0
0.250933848593608   0.356246993955388   -0.0333912054015124   -0.00122458658948582   0
0.27619393923077   0.380026435789341   0.0252600906371611   0.0237794418339532   0
0.291474122429093   0.36076055742348   0.0152801831983237   -0.0192658783658609   0
0.266758534246535   0.361759953580755   -0.0247155881825578   0.000999396157274957   0
0.237587964312252   0.344009933140745   -0.0291705699342832   -0.0177500204400097   0
0.252153572430077   0.366972077617971   0.0145656081178246   0.0229621444772256   0
0.281601799392777   0.429548615820724   0.0294482269627006   0.0625765382027532   0
0.283630923069065   0.363084986624688   0.00202912367628788   -0.0664636291960359   0
