0.0386528735952434   0.0444013552975864   0   0   0
0.0515233485299885   0.0336568637411821   0.0128704749347451   -0.0107444915564042   0
0.0587755487715124   0.0185555014759943   0.00725220024152388   -0.0151013622651879   0
0.0427512389463912   0.0104176118839684   -0.0160243098251212   -0.00813788959202584   0
0.0511422727027573   0.0537560517702193   0.00839103375636615   0.0433384398862509   0
0.0302527074175881   0.0278869541959139   -0.0208895652851692   -0.0258690975743054   0
0.0368181674618837   0.0477035932104176   0.00656546004429558   0.0198166390145037   0
0.0274869142142712   0.0477719792926554   -0.00933125324761244   6.83860822378313e-05   0
0.0271028655534888   0.0479932767135929   -0.000384048660782413   0.000221297420937475   0
0.0480987899999574   0.0305838596644537   0.0209959244464686   -0.0174094170491392   0
0.0267337322925811   0.0339051563008859   -0.0213650577073762   0.00332129663643213   0
0.0314586695576021   0.064470441723034   0.00472493726502095   0.0305652854221482   0
0.0296263122293359   0.0526288090689978   -0.00183235732826615   -0.0118416326540362   0
0.00350273710752265   0.0434056893572041   -0.0261235751218133   -0.00922311971179372   0
0.00533514741903233   0.0339191588569425   0.00183241031150968   -0.00948653050026158   0
0.0540102796806179   0.00810812317962826   0.0486751322615856   -0.0258110356773142   0
0.0236963645222237   0.0101123691449877   -0.0303139151583943   0.00200424596535948   0
0.0260390047916337   0.0151721848819641   0.00234264026941005   0.00505981573697636   0
0.0135407554132707   0.026751058811298   -0.012498249378363   0.0115788739293339   0
0.0447411677894371   0.00728481862634376   0.0312004123761663   -0.0194662401849542   0
0.0222976370752333   0.00682642086049674   -0.0224435307142037   -0.000458397765847024   0
0.0243266103123303   0.0155044633966513   0.00202897323709699   0.00867804253615457   0
0.0251314724680505   0.0112356760316458   0.000804862155720235   -0.0042687873650055   0
0.031062807368488   0.0391928184641957   0.00593133490043748   0.0279571424325499   0
0.0221439968383208   0.01511699363369   -0.00891881053016721   -0.0240758248305057   0
0.0188118576075652   0.010595354082244   -0.00333213923075566   -0.00452163955144601   0
0.0186369018167297   0.0196285908455045   -0.00017495579083545   0.00903323676326053   0
0.00523736229981933   0.0200955015261053   -0.0133995395169104   0.000466910680600747   0
0.0420129847804298   0.0159204202672417   0.0367756224806105   -0.0041750812588636   0
0.0308242078068707   0.0135287940092271   -0.011188776973559   -0.00239162625801456   0
0.0322606479978279   0.0218109093120673   0.00143644019095711   0.00828211530284019   0
0.0367977537218075   0.0140771314610479   0.00453710572397965   -0.00773377785101941   0
0.0216658603089758   0.0411903572353785   -0.0151318934128317   0.0271132257743306   0
0.0261550767765704   0.0309701453504016   0.00448921646759461   -0.0102202118849769   0
0.00264694749665306   0.0148435844390127   -0.0235081292799173   -0.0161265609113889   0
0.0417804348569962   0.0360372774065484   0.0391334873603431   0.0211936929675357   0
0.0160913214479468   0.0414772571561585   -0.0256891134090494   0.00543997974961005   0
0.0274028294732739   0.0249946036761058   0.011311508025327   -0.0164826534800527   0
0.0216927040940342   0.0240442297401705   -0.0057101253792397   -0.000950373935935257   0
0.0216766344542471   0.0312101105476751   -1.60696397870745e-05   0.00716588080750459   0
0.0644786344888082   0.0436370989782559   0.0428020000345611   0.0124269884305808   0
0.00905325622719405   0.0145010448612548   -0.0554253782616142   -0.0291360541170011   0
0.0528902697572461   0.0443267319448175   0.0438370135300521   0.0298256870835626   0
0.0455125628777374   0.0391380559166523   -0.00737770687950874   -0.00518867602816518   0
0.046805678519113   0.0422891861054632   0.00129311564137561   0.00315113018881091   0
0.0197465326403295   0.0797016433971879   -0.0270591458787835   0.0374124572917247   0
0.0345809347365489   0.0605713706841978   0.0148344020962193   -0.01913027271299   0
0.0208289980352512   0.0544962874288928   -0.0137519367012976   -0.00607508325530502   0
0.0161611106351468   0.0680377139480377   -0.00466788740010441   0.0135414265191449   0
0.0505020961505058   0.0500265660151184   0.034340985515359   -0.0180111479329192   0
0.026974228915422   0.0546201529980693   -0.0235278672350839   0.00459358698295089   0
0.0282196540305654   0.0710085037607117   0.00124542511514343   0.0163883507626424   0
0.0730338487846821   0.0579078805093486   0.0448141947541167   -0.013100623251363   0
0.0119202610577621   0.0543678382991059   -0.06111358772692   -0.00354004221024274   0
0.0152203349289708   0.0853523521711307   0.00330007387120866   0.0309845138720248   0
0.0387214765679263   0.0946785641321466   0.0235011416389555   0.00932621196101589   0
0.0573937089088931   0.0815629865565411   0.0186722323409668   -0.0131155775756055   0
0.020570907293881   0.099040004601676   -0.036822801615012   0.0174770180451349   0
0.0648893845836225   0.0870408885817322   0.0443184772897415   -0.0119991160199438   0
0.0332450350997168   0.0910550855375196   -0.0316443494839058   0.00401419695578731   0
0.0161239473551701   0.104991538204681   -0.0171210877445467   0.0139364526671615   0
0.0248288037368492   0.111104559358898   0.00870485638167908   0.00611302115421745   0
0.0122693194162879   0.0926594881297686   -0.0125594843205613   -0.0184450712291299   0
0.0519701886910923   0.129925083468022   0.0397008692748044   0.0372655953382535   0
0.0591929490309559   0.126531946937732   0.00722276033986362   -0.00339313653028966   0
0.034025086661843   0.127057099197989   -0.0251678623691129   0.000525152260256234   0
0.0312086790499569   0.117381344748224   -0.00281640761188618   -0.00967575444976417   0
0.0140441333873046   0.152615877865863   -0.0171645456626523   0.0352345331176388   0
0.0675525472466694   0.117265553877311   0.0535084138593648   -0.0353503239885524   0
0.029969731567268   0.126983085274979   -0.0375828156794014   0.0097175313976678   0
0.0188516839327691   0.168168902905041   -0.0111180476344989   0.041185817630062   0
0.0520214392448386   0.14877934034346   0.0331697553120696   -0.0193895625615811   0
0.0523955411740812   0.14525296695876   0.000374101929242587   -0.00352637338470005   0
0.0286717368521971   0.143225184192732   -0.0237238043218841   -0.00202778276602728   0
0.0272277106899783   0.163461269889934   -0.00144402616221874   0.0202360856972022   0
0.0488427068839361   0.141786098424935   0.0216149961939578   -0.0216751714649999   0
0.0241867276605094   0.132253308291456   -0.0246559792234267   -0.00953279013347819   0
0.0774045617698126   0.150354290776328   0.0532178341093032   0.0181009824848713   0
0.0550779512138594   0.149556685785666   -0.0223266105559531   -0.000797604990661449   0
0.0277761255586448   0.149615899456124   -0.0273018256552147   5.92136704577195e-05   0
0.05555015861513   0.135139715022426   0.0277740330564852   -0.014476184433698   0
0.0599974849396673   0.16819328667296   0.00444732632453728   0.033053571650534   0
0.0747131154761572   0.171628850219644   0.0147156305364899   0.00343556354668376   0
0.0411859799685777   0.173568011467314   -0.0335271355075795   0.00193916124766988   0
0.0373410279976196   0.14999636021859   -0.00384495197095813   -0.0235716512487237   0
0.0449299222287361   0.17371929039042   0.00758889423111654   0.0237229301718305   0
0.060342130882845   0.186294052287627   0.0154122086541089   0.0125747618972063   0
0.0511668857087433   0.174863484594755   -0.00917524517410172   -0.0114305676928718   0
0.0212398083162583   0.161153961897466   -0.029927077392485   -0.0137095226972887   0
0.0756393288574289   0.183319957629584   0.0543995205411706   0.0221659957321178   0
0.0954023177404513   0.176494044452474   0.0197629888830224   -0.00682591317711015   0
0.0561533342672466   0.1847467239804   -0.0392489834732048   0.00825267952792583   0
0.0390414131199598   0.157645522330528   -0.0171119211472868   -0.0271012016498718   0
0.0734550046026728   0.188660826567681   0.034413591482713   0.0310153042371531   0
0.0861654001814619   0.182939431633376   0.0127103955787891   -0.00572139493430546   0
0.0849406471368847   0.190608036395283   -0.00122475304457725   0.00766860476190789   0
0.0584172101726263   0.204996424668346   -0.0265234369642583   0.0143883882730629   0
0.0372074298824643   0.203028529497835   -0.0212097802901621   -0.00196789517051174   0
0.062695983022858   0.194763997966751   0.0254885531403937   -0.00826453153108389   0
0.107050801599351   0.192301910567713   0.0443548185764931   -0.00246208739903825   0
0.0767888658113069   0.19742622105909   -0.0302619357880442   0.00512431049137707   0
0.0657141543592275   0.212734835221556   -0.0110747114520794   0.0153086141624662   0
0.0310894668613107   0.205052341166816   -0.0346246874979168   -0.00768249405473934   0
0.0462372143520775   0.202774517066155   0.0151477474907668   -0.00227782410066119   0
0.0431680810937634   0.178375317305934   -0.00306913325831407   -0.0243991997602217   0
0.0863497912767541   0.189289913739679   0.0431817101829907   0.0109145964337451   0
0.0755271974198361   0.200514466994965   -0.010822593856918   0.0112245532552865   0
0.0924791955119318   0.172709797069369   0.0169519980920956   -0.0278046699255966   0
0.0954025559247183   0.190151451773954   0.00292336041278653   0.0174416547045858   0
0.0698549685677469   0.2103460314568   -0.0255475873569714   0.0201945796828454   0
0.104524101458806   0.178148737812712   0.0346691328910588   -0.0321972936440875   0
0.0979227677385709   0.201774145374538   -0.00660133372023479   0.0236254075618252   0
0.0957098688576243   0.18927269422945   -0.00221289888094661   -0.0125014511450872   0
0.0597722620938007   0.20410238862596   -0.0359376067638236   0.0148296943965099   0
0.0954637519152113   0.195139371620965   0.0356914898214106   -0.00896301700499547   0
0.0916216178597606   0.170007845764909   -0.00384213405545067   -0.025131525856056   0
0.0876098234712301   0.170007845764909   -0.00401179438853048   0   0
0.0679435659590682   0.170007845764909   -0.0196662575121619   0   0
0.0867801293849237   0.161484473484682   0.0188365634258555   -0.00852337228022668   0
0.0779918847074489   0.191632414410702   -0.00878824467747483   0.0301479409260198   0
0.096020950692388   0.20056383069892   0.0180290659849391   0.00893141628821795   0
0.0951676948159684   0.196807838880023   -0.000853255876419559   -0.00375599181889705   0
0.0746999861493187   0.187818832933827   -0.0204677086666497   -0.00898900594619534   0
0.0589326746267434   0.204027592851126   -0.0157673115225753   0.0162087599172989   0
0.0814232412435172   0.197030783558369   0.0224905666167738   -0.00699680929275701   0
0.0534972344284263   0.193802512963261   -0.0279260068150909   -0.00322827059510827   0
0.0462617957562177   0.207527577065977   -0.00723543867220861   0.0137250641027158   0
0.0571152053556669   0.200571255753971   0.0108534095994492   -0.00695632131200555   0
0.076190330578118   0.203791619789983   0.0190751252224511   0.00322036403601164   0
0.0685793994983858   0.221077721423089   -0.00761093107973215   0.0172861016331061   0
0.124797122728724   0.199862973767216   0.0562177232303378   -0.0212147476558728   0
0.118716742846377   0.199806750183283   -0.00608037988234658   -5.62235839329794e-05   0
0.103364191660325   0.216546964968053   -0.0153525511860515   0.0167402147847693   0
0.0785965868163497   0.19692376952929   -0.0247676048439758   -0.0196231954387624   0
0.0425664205262787   0.212661560677112   -0.036030166290071   0.0157377911478218   0
0.0569396782236254   0.216023936618891   0.0143732576973467   0.00336237594177863   0
0.0850735131399415   0.193332004285051   0.0281338349163162   -0.0226919323338396   0
0.0865892515633436   0.21458249732812   0.00151573842340201   0.0212504930430686   0
0.0822160407311128   0.249685538190666   -0.00437321083223076   0.0351030408625462   0
0.0844713119895401   0.246999054139373   0.00225527125842734   -0.00268648405129276   0
0.079377775558936   0.212143169543265   -0.00509353643060416   -0.0348558845961081   0
0.0860478073410679   0.238269676396714   0.00667003178213191   0.0261265068534494   0
0.0918932844838319   0.237274279347831   0.00584547714276402   -0.000995397048883462   0
0.0764480723700122   0.236789911282206   -0.0154452121138197   -0.000484368065624907   0
0.0497283885136941   0.236354110094732   -0.0267196838563181   -0.000435801187474438   0
0.0473792182567922   0.238160432671204   -0.00234917025690182   0.0018063225764722   0
0.0531444858834595   0.282215043430227   0.00576526762666723   0.0440546107590234   0
0.090397035965298   0.28221874658122   0.0372525500818385   3.70315099307295e-06   0
0.0715272708366424   0.23713538001328   -0.0188697651286555   -0.0450833665679407   0
0.0777343063957947   0.279065365077225   0.00620703555915232   0.0419299850639457   0
0.0943765295631138   0.285821920810323   0.016642223167319   0.00675655573309764   0
0.138784413834674   0.264581217183255   0.0444078842715603   -0.0212407036270684   0
0.104363574064112   0.261290006875885   -0.0344208397705625   -0.00329121030736956   0
0.104406324663193   0.287967123644718   4.27505990811539e-05   0.0266771167688334   0
0.106775959503278   0.278899522312042   0.00236963484008504   -0.0090676013326767   0
0.124886687280068   0.269323247370504   0.0181107277767901   -0.0095762749415374   0
0.0868326707583177   0.260006098276943   -0.0380540165217501   -0.00931714909356085   0
0.0885566836658999   0.284642878152844   0.00172401290758217   0.024636779875901   0
0.114472740534786   0.287020410788262   0.025916056868886   0.00237753263541729   0
0.0914110965232524   0.300404770238822   -0.0230616440115334   0.0133843594505604   0
0.105532353571989   0.275129531454712   0.0141212570487369   -0.0252752387841098   0
0.13204622127001   0.304878673532997   0.0265138676980208   0.0297491420782843   0
0.118448524870417   0.308239773897894   -0.0135976963995933   0.00336110036489773   0
0.162465810378084   0.30854087952348   0.0440172855076675   0.000301105625585552   0
0.115558175761226   0.270162534894043   -0.046907634616858   -0.0383783446294369   0
0.122843045317392   0.303765834708226   0.00728486955616586   0.0336032998141826   0
0.10172807000534   0.300958376332176   -0.021114975312052   -0.00280745837604979   0
0.106476306809043   0.300506690122682   0.00474823680370229   -0.000451686209493984   0
0.120234528167902   0.278567885992001   0.0137582213588591   -0.0219388041306807   0
0.0729031915822648   0.301374267991213   -0.0473313365856368   0.0228063819992121   0
0.115379401050149   0.334276227248327   0.0424762094678838   0.0329019592571136   0
0.124299874725956   0.329465508826781   0.00892047367580701   -0.00481071842154607   0
0.108810923648769   0.339231683615327   -0.0154889510771865   0.00976617478854658   0
0.104242247891861   0.315780022757124   -0.00456867575690781   -0.0234516608582037   0
0.103095271907435   0.31926776315538   -0.00114697598442591   0.00348774039825589   0
0.132427936994652   0.323248646445635   0.0293326650872172   0.0039808832902552   0
0.132194748138226   0.314791559472533   -0.000233188856426397   -0.00845708697310138   0
0.15272147727919   0.316994792446957   0.0205267291409635   0.00220323297442393   0
0.0711127837645653   0.32821703262008   -0.0816086935146242   0.0112222401731232   0
0.165104205695034   0.32762326615564   0.0939914219304685   -0.000593766464440149   0
0.0959091257184863   0.348407871140262   -0.0691950799765475   0.0207846049846219   0
0.118376073810812   0.356858030766423   0.0224669480923262   0.00845015962616114   0
0.088931644578985   0.322288693537703   -0.0294444292318274   -0.0345693372287202   0
0.119627725628302   0.356635652400535   0.0306960810493174   0.0343469588628316   0
0.111898896365871   0.336950172821097   -0.00772882926243111   -0.0196854795794379   0
0.138632378146335   0.334353743015522   0.0267334817804641   -0.00259642980557512   0
0.138073015003764   0.305166086631918   -0.00055936314257149   -0.0291876563836033   0
0.0693527493130943   0.335307379588475   -0.0687202656906696   0.0301412929565564   0
0.128312613991172   0.359184727262295   0.058959864678078   0.0238773476738207   0
0.0965458283207514   0.336880314158203   -0.0317667856704209   -0.0223044131040925   0
0.121444929487865   0.346236324823339   0.0248991011671132   0.00935601066513564   0
0.120167077580286   0.370805020163548   -0.00127785190757886   0.0245686953402098   0
0.1202384056423   0.365350648731448   7.13280620147499e-05   -0.00545437143210087   0
0.12994561874819   0.324606323806607   0.00970721310588971   -0.0407443249248409   0
0.117505178478004   0.363510508023668   -0.0124404402701861   0.0389041842170612   0
0.176182698620681   0.357961528560294   0.0586775201426766   -0.00554897946337335   0
0.169462309805074   0.354743412349243   -0.00672038881560663   -0.00321811621105145   0
0.102281814119141   0.358987511142783   -0.0671804956859331   0.0042440987935396   0
0.147222341051743   0.384542172708325   0.0449405269326016   0.0255546615655427   0
0.125839599171088   0.382301563399452   -0.0213827418806546   -0.0022406093088736   0
0.128851591730789   0.375614829183087   0.0030119925597005   -0.00668673421636495   0
0.1648786678711   0.361086911098852   0.0360270761403117   -0.014527918084235   0
0.151710056636055   0.351015401644835   -0.0131686112350456   -0.0100715094540165   0
0.13951574223403   0.378664346801345   -0.0121943144020243   0.0276489451565101   0
0.100343714342205   0.263416137236293   -0.0391720278918254   -0.115248209565052   0
0.105790850228499   0.228550790338275   0.00544713588629381   -0.0348653468980183   0
0.141494639544542   0.2499667901744   0.0357037893160437   0.0214159998361253   0
0.0753409641077814   0.236565264097484   -0.0661536754367611   -0.0134015260769157   0
0.0606957552569148   0.261733218076919   -0.0146452088508666   0.0251679539794347   0
0.0895346111900867   0.255040680638168   0.0288388559331719   -0.00669253743875098   0
0.103723260420216   0.254088799795765   0.0141886492301296   -0.000951880842402664   0
0.121951014318079   0.283806499410602   0.0182277538978631   0.0297176996148367   0
0.109681571944345   0.286217101742475   -0.0122694423737345   0.00241060233187335   0
0.0834220935964808   0.327781911772293   -0.0262594783478641   0.0415648100298182   0
0.0890857546145286   0.324149153012857   0.0056636610180478   -0.00363275875943664   0
0.143009965786025   0.331517316430409   0.0539242111714963   0.00736816341755225   0
0.135648653327521   0.324913061613765   -0.00736131245850377   -0.00660425481664456   0
0.109118688900298   0.356276829423277   -0.0265299644272232   0.031363767809512   0
0.122668546083581   0.358434344331971   0.0135498571832829   0.00215751490869448   0
0.114365498460849   0.389630048206388   -0.00830304762273208   0.0311957038744173   0
0.13392768094286   0.355819396142214   0.0195621824820112   -0.0338106520641741   0
0.14200132880649   0.347979046102725   0.00807364786363007   -0.00784035003948907   0
0.142073507453657   0.376722179294689   7.2178647167187e-05   0.028743133191964   0
0.134439629977749   0.363593419850473   -0.00763387747590813   -0.013128759444216   0
0.133775656251989   0.368144883805475   -0.000663973725759825   0.00455146395500161   0
0.11882892461619   0.357605815099563   -0.0149467316357996   -0.0105390687059122   0
0.120045594683868   0.35046652006085   0.00121667006767864   -0.00713929503871208   0
0.132390310635976   0.384760737671492   0.0123447159521072   0.0342942176106413   0
0.183496468797876   0.399739232131411   0.0511061581619008   0.0149784944599191   0
0.157913038503222   0.397124559850326   -0.0255834302946546   -0.00261467228108508   0
0.163393709388336   0.366938218838424   0.00548067088511425   -0.030186341011902   0
0.147716332187307   0.378296529673568   -0.0156773772010287   0.0113583108351445   0
0.152741485299083   0.387658979568515   0.00502515311177579   0.009362449894947   0
0.122892734291047   0.348477196633632   -0.0298487510080356   -0.0391817829348834   0
0.117409796220549   0.394857027745974   -0.00548293807049823   0.0463798311123422   0
0.162791643569349   0.399593441982149   0.0453818473487998   0.0047364142361746   0
0.123357006967812   0.377453492905302   -0.0394346366015367   -0.0221399490768471   0
0.143793997703312   0.384542830264878   0.0204369907354993   0.00708933735957601   0
0.115793102264384   0.390185563760069   -0.0280008954389281   0.00564273349519095   0
0.133503840073835   0.400751097880966   0.017710737809451   0.0105655341208973   0
0.160511046080231   0.397250628432725   0.0270072060063963   -0.00350046944824073   0
0.177628423249912   0.401515575950725   0.0171173771696815   0.00426494751800005   0
0.125607110926094   0.372918657531405   -0.0520213123238187   -0.0285969184193205   0
0.159782726417282   0.403917102928905   0.0341756154911884   0.0309984453975009   0
0.160254256756724   0.414424328806629   0.000471530339441917   0.0105072258777236   0
0.164509995766488   0.380133055929108   0.00425573900976436   -0.0342912728775209   0
0.17785474826099   0.409362985710497   0.0133447524945013   0.0292299297813888   0
0.186445638819624   0.383630615750702   0.00859089055863416   -0.0257323699597954   0
0.163074692231088   0.4013717406069   -0.0233709465885357   0.0177411248561983   0
0.173469493139109   0.407852572037421   0.010394800908021   0.00648083143052158   0
