0.0419895428537868   0.0734350298478356   0   0   0
0.0897916362163537   0.0698862775608703   0.0478020933625669   -0.00354875228696531   0
0.13966006123742   0.0845791651824047   0.0498684250210666   0.0146928876215344   0
0.0338790479574028   0.0601803348617096   -0.105781013280018   -0.0243988303206951   0
0.062061428995633   0.0702584664898117   0.0281823810382302   0.0100781316281021   0
0.0476727079894776   0.041209989430052   -0.0143887210061555   -0.0290484770597597   0
0.0263599761056113   0.0506530745185818   -0.0213127318838663   0.00944308508852976   0
0.0724880519457821   0.047152566305372   0.0461280758401707   -0.00350050821320982   0
0.0583390376359604   0.0585577471533921   -0.0141490143098217   0.0114051808480201   0
0.0520738053596424   0.0223273127587407   -0.00626523227631794   -0.0362304343946514   0
0.105885945134307   0.077106787654243   0.0538121397746643   0.0547794748955023   0
0.0772117191536388   0.0862638739614303   -0.0286742259806679   0.00915708630718723   0
0.08473904498624   0.0734234943917136   0.00752732583260111   -0.0128403795697166   0
0.0881561808532499   0.0432358773163272   0.00341713586700992   -0.0301876170753864   0
0.0847167347009674   0.0647991676117842   -0.00343944615228248   0.0215632902954569   0
0.00771437558402493   0.0387954057080217   -0.0770023591169425   -0.0260037619037625   0
0.130212190701303   0.0629541092869242   0.122497815117278   0.0241587035789026   0
0.0918114291440782   0.0583228725913985   -0.0384007615572247   -0.00463123669552575   0
0.0595010583024571   0.0595388791657393   -0.0323103708416211   0.00121600657434077   0
0.00577412076888629   0.0365900847585107   -0.0537269375335708   -0.0229487944072285   0
0.018011521821684   0.022968689056028   0.0122374010527977   -0.0136213957024828   0
0.0478333658988117   0.013711078069944   0.0298218440771277   -0.00925761098608397   0
0.0261783866167962   0.0145249287293432   -0.0216549792820155   0.000813850659399193   0
0.104483258102616   0.0286299882636197   0.0783048714858195   0.0141050595342764   0
0.0205355210831768   0.0256585435787692   -0.0839477370194388   -0.00297144468485043   0
0.0985119045372309   0.0339235324653584   0.0779763834540541   0.00826498888658916   0
0.0613716920447603   0.0319705575488875   -0.0371402124924706   -0.00195297491647094   0
0.0310400435584826   0.0340762657936884   -0.0303316484862777   0.00210570824480097   0
0.109317647108178   0.04499228790554   0.0782776035496952   0.0109160221118516   0
0.0205757550442286   0.0269762932890737   -0.0887418920639492   -0.0180159946164662   0
0.0661396861828812   0.035087776450425   0.0455639311386525   0.00811148316135127   0
0.0688437912820757   0.0304838336348137   0.00270410509919453   -0.00460394281561129   0
0.229297101574257   0.0367305005176543   0.160453310292181   0.00624666688284055   0
0.121795625884594   0.0235558803275642   -0.107501475689662   -0.0131746201900901   0
0.0676339043895885   0.0236936505059773   -0.0541617214950056   0.000137770178413158   0
0.0501781892422395   0.0276602262726645   -0.017455715147349   0.00396657576668718   0
0.0783491096928357   0.0351335357288802   0.0281709204505962   0.00747330945621567   0
0.0644505302130246   0.0351307299932694   -0.0138985794798111   -2.80573561075442e-06   0
0.0727519368255581   0.0391187334893718   0.00830140661253348   0.00398800349610239   0
0.098549183823358   0.0329067601120575   0.0257972469977999   -0.00621197337731429   0
0.0511575582196375   0.0405003407979797   -0.0473916256037205   0.00759358068592219   0
0.0839239827098905   0.0307925171954973   0.032766424490253   -0.00970782360248236   0
0.0456233525323206   0.0379772463740662   -0.0383006301775699   0.00718472917856886   0
0.0655251316958615   0.034454676444674   0.019901779163541   -0.00352256992939217   0
0.108203228629602   0.0457655299877539   0.0426780969337408   0.0113108535430798   0
0.0781626301219451   0.0440939913177521   -0.0300405985076573   -0.00167153867000176   0
0.0828638266325542   0.0317918677026221   0.0047011965106091   -0.01230212361513   0
0.198760050352831   0.0801118062054526   0.115896223720277   0.0483199385028306   0
0.122879911945159   0.147266924771493   -0.0758801384076724   0.0671551185660401   0
0.110698398166685   0.138699402973526   -0.0121815137784736   -0.00856752179796694   0
0.0616105961303735   0.127596246407722   -0.0490878020363118   -0.0111031565658042   0
0.0614159644610422   0.0929362766023849   -0.000194631669331327   -0.0346599698053366   0
0.0986884750609715   0.112657358956217   0.0372725105999293   0.0197210823538324   0
0.0709622504972186   0.100409833346316   -0.027726224563753   -0.0122475256099011   0
0.0811006787489476   0.0908502298412888   0.010138428251729   -0.00955960350502745   0
0.0930753952910757   0.0932208781972955   0.0119747165421281   0.00237064835600669   0
0.107970423772856   0.11323373158676   0.0148950284817798   0.0200128533894649   0
0.12123718086004   0.0748512775475142   0.0132667570871843   -0.0383824540392462   0
0.214876834929454   0.0569216031131854   0.0936396540694146   -0.0179296744343288   0
0.101226090160097   0.0477766628504441   -0.113650744769358   -0.00914494026274136   0
0.0878745150250629   0.055835549152959   -0.0133515751350337   0.00805888630251494   0
0.149525556726267   0.0575567238519967   0.0616510417012038   0.00172117469903765   0
0.0939924838157818   0.0558631491522811   -0.0555330729104849   -0.00169357469971558   0
0.126525736878313   0.0810934149352461   0.0325332530625308   0.025230265782965   0
0.106215658310533   0.0551759624978351   -0.0203100785677791   -0.0259174524374111   0
0.127328527257563   0.0590666803355327   0.0211128689470297   0.00389071783769759   0
0.118151478078355   0.0869081877332194   -0.00917704917920814   0.0278415073976867   0
0.105643812161858   0.0640757777472502   -0.0125076659164967   -0.0228324099859692   0
0.112042211668014   0.0695636214674919   0.00639839950615546   0.00548784372024173   0
0.160124983271381   0.0807611656138797   0.0480827716033671   0.0111975441463878   0
0.110034336116155   0.0912928869839266   -0.0500906471552262   0.010531721370047   0
0.0993594057667919   0.162602546741464   -0.0106749303493628   0.0713096597575374   0
0.254673028338063   0.193711833811392   0.155313622571271   0.0311092870699283   0
0.167560073768902   0.149146745749983   -0.087112954569161   -0.0445650880614096   0
0.199322761770351   0.0796276041668968   0.0317626880014484   -0.069519141583086   0
0.158437211479911   0.0568841265636117   -0.0408855502904399   -0.022743477603285   0
0.162509308877523   0.0485572723931751   0.00407209739761166   -0.00832685417043669   0
0.184947599311508   0.0511854065039294   0.0224382904339852   0.00262813411075436   0
0.152373282091875   0.0412288345317934   -0.0325743172196331   -0.00995657197213601   0
0.192979834373854   0.0577748540912048   0.0406065522819791   0.0165460195594114   0
0.151801927770895   0.0970133789471813   -0.0411779066029588   0.0392385248559765   0
0.352560258443858   0.792813483154283   0.200758330672963   0.695800104207102   1
0.311461129400781   0.842031960610736   -0.0410991290430772   0.0492184774564528   0
0.274900343487813   0.420743202046828   -0.036560785912968   -0.421288758563908   0
0.322870244534859   0.455164908989928   0.0479699010470466   0.0344217069431   0
0.346636182776697   0.428537937386181   0.023765938241838   -0.0266269716037473   0
0.311256779672347   0.446716269329261   -0.0353794031043504   0.0181783319430794   0
0.269167408568202   0.406800705280488   -0.0420893711041446   -0.0399155640487727   0
0.317993389262246   0.315524029843644   0.0488259806940431   -0.0912766754368443   0
0.268473261041021   0.131761763894206   -0.0495201282212249   -0.183762265949438   0
0.294604559323596   0.264238731779446   0.026131298282575   0.13247696788524   0
0.302330135501987   0.235994483403453   0.00772557617839165   -0.0282442483759933   0
0.346560416062265   0.242180033730074   0.0442302805602774   0.0061855503266218   0
0.31900798372511   0.252901977823983   -0.0275524323371548   0.0107219440939088   0
0.318324493990912   0.219822449064836   -0.000683489734198239   -0.033079528759147   0
0.317315470007767   0.264033886331849   -0.00100902398314479   0.0442114372670133   0
0.317620572445819   0.256601686459774   0.000305102438052485   -0.00743219987207572   0
0.30859087635541   0.233891281983746   -0.00902969609040927   -0.0227104044760281   0
0.280497998101199   0.21796797074341   -0.0280928782542115   -0.0159233112403357   0
0.316757069385989   0.229661163871365   0.0362590712847899   0.0116931931279552   0
0.308326258049635   0.244534536708008   -0.00843081133635371   0.0148733728366427   0
0.191386627617527   0.254453182654   -0.116939630432108   0.00991864594599245   0
0.154339578397506   0.155631047214887   -0.0370470492200208   -0.0988221354391129   0
0.126888686192057   0.1578437938888   -0.027450892205449   0.00221274667391272   0
0.1610629284409   0.146625882395469   0.0341742422488424   -0.0112179114933308   0
0.229482771135983   0.126954708591923   0.0684198426950833   -0.0196711738035467   0
0.172580024964681   0.138025178413904   -0.0569027461713019   0.0110704698219812   0
0.152957932545978   0.150930832400143   -0.0196220924187031   0.0129056539862389   0
0.142511272202798   0.129166613281064   -0.0104466603431801   -0.0217642191190786   0
0.195870558649048   0.144252294925419   0.0533592864462495   0.0150856816443546   0
0.145600831058274   0.156666604359385   -0.0502697275907737   0.012414309433966   0
0.181368781222238   0.132462659993298   0.0357679501639641   -0.0242039443660871   0
0.218059437796212   0.133411263862914   0.036690656573974   0.000948603869616038   0
0.169412519032213   0.138881422055832   -0.0486469187639987   0.00547015819291774   0
0.168703525379792   0.139095018862107   -0.00070899365242158   0.000213596806275834   0
0.22339082125121   0.129057722218742   0.0546872958714182   -0.0100372966433652   0
0.202650302918032   0.112513991216604   -0.0207405183331782   -0.0165437310021383   0
0.181177250296857   0.121199211640598   -0.0214730526211746   0.00868522042399433   0
0.216555382205476   0.132220393570631   0.0353781319086194   0.0110211819300326   0
0.179074472903231   0.122251565092395   -0.0374809093022455   -0.00996882847823614   0
0.195021672223602   0.138035518794294   0.0159471993203709   0.0157839537018998   0
0.17433761779963   0.133719486891403   -0.0206840544239715   -0.00431603190289173   0
0.17508886756536   0.138487832178499   0.000751249765729128   0.00476834528709599   0
0.197699545728512   0.1386247320836   0.0226106781631525   0.000136899905101795   0
0.403860789243385   0.213195213459402   0.206161243514873   0.0745704813758016   0
0.274305100511547   0.133881151580422   -0.129555688731838   -0.0793140618789798   0
0.198557906797916   0.11622385267771   -0.0757471937136309   -0.0176572989027124   0
0.227473132983832   0.149945422235059   0.0289152261859154   0.0337215695573487   0
0.225050307208611   0.162085726982668   -0.00242282577522113   0.0121403047476094   0
0.221730727237566   0.176934621629714   -0.00331957997104432   0.0148488946470458   0
0.246750153115332   0.185619521787176   0.0250194258777661   0.00868490015746246   0
0.225843094028586   0.190462411089433   -0.0209070590867461   0.00484288930225626   0
0.24954658730177   0.197807991766005   0.0237034932731838   0.00734558067657265   0
0.201745098006332   0.179738708091774   -0.0478014892954384   -0.018069283674231   0
0.218239423800192   0.184847722034923   0.0164943257938607   0.00510901394314842   0
0.210969458565665   0.197147968205356   -0.00726996523452705   0.0123002461704333   0
0.236533112766078   0.174921754294749   0.0255636542004123   -0.022226213910607   0
0.24264102915212   0.194907079967609   0.00610791638604247   0.0199853256728603   0
0.238602570270335   0.20585825023453   -0.00403845888178539   0.0109511702669211   0
0.250275736013482   0.22631153730822   0.011673165743147   0.02045328707369   0
0.224492349914401   0.202493436814882   -0.0257833860990805   -0.0238181004933386   0
0.242311042578026   0.237996061026968   0.0178186926636249   0.0355026242120867   0
0.20861775833301   0.23070236030145   -0.0336932842450166   -0.0072937007255186   0
0.198848675015676   0.229569193236162   -0.00976908331733342   -0.00113316706528738   0
0.238905650920693   0.261392463007931   0.0400569759050168   0.0318232697717684   0
0.385771286227993   0.260293379293443   0.1468656353073   -0.00109908371448819   1
0.289787585208545   0.157620654842568   -0.0959837010194474   -0.102672724450874   0
0.275513505523795   0.133565764187731   -0.0142740796847509   -0.0240548906548374   0
0.279014613576135   0.138549854473724   0.0035011080523405   0.00498409028599289   0
0.284441974444068   0.133901537322764   0.00542736086793322   -0.00464831715095979   0
0.374045126740077   0.128269785974445   0.0896031522960083   -0.00563175134831859   0
0.320719590711263   0.128565409438235   -0.0533255360288138   0.000295623463789307   0
0.292033528847288   0.129692146396071   -0.0286860618639745   0.00112673695783677   0
0.289044014852911   0.137034071808118   -0.00298951399437708   0.00734192541204687   0
0.286889373855167   0.137105449116893   -0.00215464099774393   7.13773087749892e-05   0
0.275450665355595   0.133601985871852   -0.0114387084995723   -0.00350346324504136   0
0.298980157839948   0.145033123320468   0.0235294924843526   0.0114311374486159   0
0.275718480349595   0.168615308325015   -0.0232616774903526   0.0235821850045477   0
0.284610329596731   0.175445784567484   0.00889184924713626   0.0068304762424686   0
0.288935228460567   0.170025569978459   0.00432489886383564   -0.00542021458902456   0
0.273572154337754   0.1649560796241   -0.0153630741228127   -0.00506949035435922   0
0.276699149220756   0.196394479588277   0.0031269948830015   0.0314383999641764   0
0.264274615498519   0.305213285460451   -0.0124245337222368   0.108818805872174   0
0.277335935861258   0.395654507010728   0.0130613203627394   0.0904412215502778   0
0.28074623553494   0.35796940208426   0.00341029967368167   -0.0376851049264685   0
0.259347184511824   0.346994398617042   -0.0213990510231162   -0.010975003467218   0
0.296075236497415   0.266791912668474   0.0367280519855908   -0.0802024859485682   0
0.271129605559057   0.305697937932402   -0.0249456309383573   0.038906025263928   0
0.275969930132179   0.301796844732098   0.00484032457312211   -0.0039010932003038   0
0.257143066495599   0.286920579834821   -0.0188268636365805   -0.0148762648972767   0
0.270118659241101   0.323289640673422   0.012975592745502   0.0363690608386004   0
0.286317139042374   0.311037433318725   0.0161984798012729   -0.012252207354697   0
0.279493934235504   0.307875656698041   -0.00682320480687021   -0.00316177662068357   0
0.305078635114965   0.325685988781372   0.0255847008794615   0.0178103320833311   0
0.287683637276592   0.313054244561546   -0.0173949978383727   -0.0126317442198265   0
0.306489334316873   0.300729694428818   0.0188056970402807   -0.012324550132728   0
0.276775398444209   0.309106934102504   -0.0297139358726646   0.00837723967368681   0
0.369548898330113   0.173223994146459   0.0927734998859042   -0.135882939956045   0
0.378264178168962   0.268554662285912   0.00871527983884901   0.0953306681394525   0
0.331643251598762   0.223157245213997   -0.0466209265701993   -0.0453974170719146   0
0.325252698891939   0.197826498481624   -0.00639055270682387   -0.025330746732373   0
0.356095646074197   0.186463474890553   0.0308429471822588   -0.0113630235910707   0
0.330749550995251   0.19452808043226   -0.0253460950789465   0.00806460554170718   0
0.326738592749999   0.196328457184408   -0.00401095824525133   0.00180037675214773   0
0.328201735507051   0.183600039447814   0.00146314275705123   -0.0127284177365941   0
0.322758177812109   0.184030468390998   -0.00544355769494176   0.000430428943183597   0
0.319113960794573   0.178914721642714   -0.00364421701753631   -0.00511574674828325   0
0.34472641305969   0.183823426943739   0.0256124522651174   0.00490870530102414   0
0.326452117037951   0.208661521372533   -0.0182742960217391   0.0248380944287943   0
0.329815253923829   0.186772639493858   0.00336313688587841   -0.0218888818786753   0
0.329242877137243   0.18399208533793   -0.000572376786585838   -0.00278055415592793   0
0.318193169360626   0.186264446461617   -0.0110497077766176   0.00227236112368712   0
0.339138767693993   0.187082158350977   0.0209455983333669   0.000817711889360112   0
0.33718265069247   0.185448401059944   -0.00195611700152321   -0.00163375729103246   0
0.361801468272897   0.241632391401691   0.0246188175804278   0.0561839903417466   0
0.405075214884841   0.285262167325953   0.0432737466119434   0.043629775924262   0
0.38997472721447   0.204300916309742   -0.0151004876703712   -0.0809612510162115   0
0.36598708229663   0.228601429966   -0.0239876449178399   0.0243005136562585   0
0.523582617763701   0.515883916956615   0.157595535467071   0.287282486990615   0
0.509910318998439   0.381347402746498   -0.0136722987652619   -0.134536514210117   0
0.448436358041194   0.184273659514186   -0.0614739609572451   -0.197073743232313   0
0.479242731305338   0.208953461989147   0.0308063732641435   0.0246798024749617   0
0.488060013592273   0.195774550150166   0.00881728228693568   -0.0131789118389809   0
0.471436284076873   0.176460737353639   -0.0166237295154004   -0.0193138127965272   0
0.482503758913856   0.162144621772733   0.0110674748369826   -0.0143161155809065   0
0.474452855058972   0.190378582069386   -0.00805090385488344   0.0282339602966536   0
0.508919133519265   0.173832194165091   0.0344662784602933   -0.0165463879042949   0
0.490596092006744   0.184943377601092   -0.018323041512521   0.0111111834360005   0
0.466245998502336   0.189348915331591   -0.0243500935044088   0.0044055377304992   0
0.454198355621198   0.152395038035405   -0.0120476428811379   -0.0369538772961861   0
0.445774456807476   0.170507292960338   -0.00842389881372202   0.018112254924933   0
0.494656256010874   0.186657741056331   0.048881799203398   0.0161504480959936   0
0.535716283416967   0.206401217103249   0.0410600274060933   0.0197434760469175   0
0.511871948225396   0.200995088365742   -0.0238443351915709   -0.00540612873750676   0
0.486519587690249   0.196107430602266   -0.0253523605351469   -0.00488765776347636   0
0.452045439367549   0.18131749160955   -0.0344741483227006   -0.0147899389927159   0
0.320127336452059   0.197167557515175   -0.131918102915489   0.0158500659056255   0
0.373950314118881   0.188753928126251   0.0538229776668219   -0.00841362938892423   0
0.408586811985776   0.182666075782759   0.0346364978668949   -0.00608785234349263   0
0.419994692569525   0.18548240148192   0.011407880583749   0.00281632569916102   0
0.37545714876967   0.166368853818375   -0.0445375437998553   -0.0191135476635441   0
0.370760371731851   0.173986995938317   -0.00469677703781929   0.00761814211994169   0
0.37933377772591   0.199724258475279   0.00857340599405931   0.0257372625369617   0
0.345315316210851   0.199772591049173   -0.034018461515059   4.83325738938334e-05   0
0.365366192427064   0.209660456982832   0.0200508762162126   0.00988786593365942   0
0.368372438018047   0.232879470496006   0.00300624559098361   0.0232190135131736   0
0.290921648817753   0.199175147746926   -0.0774507892002941   -0.0337043227490792   0
0.328313354906574   0.226534442392321   0.037391706088821   0.027359294645395   0
0.344569337315975   0.25774901209607   0.0162559824094007   0.0312145697037485   0
0.379882463956946   0.247850169023545   0.0353131266409708   -0.00989884307252456   0
0.42120695761382   0.261168362891163   0.0413244936568741   0.0133181938676172   0
0.487384658908146   0.271462758835351   0.0661777012943265   0.0102943959441885   0
0.815369935733444   1.31362018415484   0.327985276825297   1.04215742531949   1
0.874799741774653   1.24349131550938   0.0594298060412097   -0.0701288686454611   0
0.811648818197063   1.10543176923194   -0.0631509235775899   -0.138059546277444   0
0.837354087773171   0.968385634634003   0.025705269576108   -0.137046134597934   0
0.833998147849598   0.961022468118332   -0.00335593992357341   -0.00736316651567093   0
0.824087810124625   0.951116463532201   -0.00991033772497307   -0.00990600458613111   0
0.876925000351227   0.97448459298031   0.0528371902266024   0.0233681294481091   0
0.845628710596589   0.906921522232492   -0.0312962897546383   -0.067563070747818   0
0.855709159217663   0.875229492965274   0.0100804486210739   -0.0316920292672181   0
0.853858906756409   0.726211487912612   -0.00185025246125392   -0.149018005052662   0
0.838649460884081   0.786237598479779   -0.0152094458723281   0.0600261105671669   0
0.814879959584116   0.697436117671002   -0.0237695012999652   -0.0888014808087768   0
0.843348640785672   0.643849514260902   0.0284686812015559   -0.0535866034100997   0
0.829471245646285   0.681281868662487   -0.0138773951393864   0.0374323544015845   0
0.825236747149404   0.620489214988867   -0.00423449849688151   -0.0607926536736204   0
0.810738410173985   0.640009308115124   -0.0144983369754192   0.0195200931262577   0
0.854842899787914   0.551850859588893   0.0441044896139297   -0.0881584485262313   0
0.848936409412866   0.547073130833758   -0.00590649037504776   -0.00477772875513505   0
