0.0305543981435232   0.124663766860995   0   0   0
0.0594553075838482   0.139546871811768   0.0289009094403251   0.014883104950773   0
0.0394238523340883   0.112608132229682   -0.0200314552497599   -0.0269387395820857   0
0.037487543937192   0.0952265703521408   -0.00193630839689632   -0.0173815618775414   0
0.0338240644886152   0.0533217214374238   -0.00366347944857679   -0.041904848914717   0
0.0329264186955839   0.0843931765094785   -0.000897645793031254   0.0310714550720547   0
0.0707962065534193   0.0389486838038527   0.0378697878578353   -0.0454444927056258   0
0.0803170981122133   0.0289522499553144   0.00952089155879406   -0.00999643384853837   0
0.0101564550641402   0.0522973354285618   -0.0701606430480731   0.0233450854732474   0
0.0478168351379512   0.0392405314306522   0.0376603800738109   -0.0130568039979096   0
0.0596603730234944   0.0691871704608232   0.0118435378855433   0.029946639030171   0
0.0510139915548509   0.0190637437853901   -0.00864638146864351   -0.0501234266754331   0
0.0384287056833222   0.0132586674228634   -0.0125852858715287   -0.00580507636252668   0
0.0325416064771302   0.0341900316758043   -0.00588709920619203   0.0209313642529409   0
0.0208187515809786   0.0363829577284204   -0.0117228548961515   0.00219292605261611   0
0.0403591784666896   0.0462719791009635   0.019540426885711   0.00988902137254307   0
0.05643843624843   0.0304803017870148   0.0160792577817404   -0.0157916773139486   0
0.00598581360452362   0.0359686428538109   -0.0504526226439064   0.00548834106679603   0
0.018843017499769   0.0151465268376945   0.0128572038952454   -0.0208221160161164   0
0.0389476046152019   0.030045029526782   0.020104587115433   0.0148985026890875   0
0.008230960632247   0.00970730100134558   -0.0307166439829549   -0.0203377285254364   0
0.0608426180696426   0.0979581301361199   0.0526116574373956   0.0882508291347743   0
0.0270781201480753   0.031769631364048   -0.0337644979215673   -0.0661884987720719   0
0.0256101042663711   0.0166793114851213   -0.00146801588170416   -0.0150903198789266   0
0.0549648066820843   0.014568269728904   0.0293547024157132   -0.00211104175621734   0
0.0613407297214534   0.0611163077211189   0.00637592303936912   0.0465480379922149   0
0.0375871954623499   0.0109766333916871   -0.0237535342591035   -0.0501396743294318   0
0.0782558745808236   0.0457208411208947   0.0406686791184737   0.0347442077292077   0
0.0427785383811532   0.0520187254156136   -0.0354773361996704   0.00629788429471882   0
0.0521236453110265   0.0471956658045951   0.00934510692987332   -0.00482305961101849   0
0.0624703572137026   0.0171788533078724   0.010346711902676   -0.0300168124967226   0
0.0542685837167039   0.089871458347047   -0.00820177349699866   0.0726926050391745   0
0.0178907448339637   0.061961727645475   -0.0363778388827402   -0.0279097307015719   0
0.0941168431468358   0.0351083429869953   0.0762260983128721   -0.0268533846584798   0
0.0821126529283983   0.0328750553490728   -0.0120041902184375   -0.00223328763792247   0
0.0581631246462748   0.098937601506265   -0.0239495282821235   0.0660625461571922   0
0.0552601648842998   0.106623524632395   -0.00290295976197501   0.00768592312613024   0
0.107688924724103   0.0764324142081257   0.0524287598398036   -0.0301911104242696   0
0.0707810147921213   0.13774580139399   -0.036907909931982   0.0613133871858641   0
0.0808503780370878   0.105443191898432   0.0100693632449664   -0.032302609495558   0
0.0809932109530231   0.102679878718581   0.000142832915935323   -0.00276331317985086   0
0.0177025372839602   0.0931136987601158   -0.0632906736690629   -0.00956617995846515   0
0.0478281245408902   0.109822203015738   0.03012558725693   0.0167085042556223   0
0.0602016372815258   0.166050868170969   0.0123735127406357   0.0562286651552308   0
0.0537472436255256   0.155341532050994   -0.00645439365600025   -0.0107093361199749   0
0.0572048457369662   0.228106301263556   0.00345760211144062   0.0727647692125616   0
0.102071561031085   0.152510530644248   0.0448667152941187   -0.075595770619308   0
0.0650946149101636   0.205373610485622   -0.0369769461209213   0.0528630798413744   0
0.107835062010706   0.138775072818977   0.0427404471005428   -0.0665985376666446   0
0.11468046826026   0.2196675816844   0.00684540624955314   0.0808925088654225   0
0.0808316251993637   0.181638921415049   -0.0338488430608959   -0.0380286602693505   0
0.0994764423093227   0.11659116451567   0.018644817109959   -0.0650477568993796   0
0.106501711806618   0.212140750923673   0.00702526949729572   0.0955495864080034   0
0.0857410574984243   0.183369547506544   -0.0207606543081941   -0.0287712034171291   0
0.128583818354294   0.138909391456931   0.0428427608558694   -0.0444601560496128   0
0.129086881567532   0.149622192375914   0.000503063213238175   0.0107128009189826   0
0.0424428590190388   0.211162943697361   -0.0866440225484931   0.0615407513214468   0
0.0978152997511437   0.161339945505019   0.055372440732105   -0.0498229981923417   0
0.105937174014977   0.23975332026359   0.00812187426383364   0.0784133747585711   0
0.0568247288628894   0.24021114115468   -0.0491124451520879   0.000457820891090255   0
0.10671212057074   0.323823750799957   0.0498873917078503   0.0836126096452764   0
0.0956999703217138   0.269282679243954   -0.011012150249026   -0.0545410715560023   0
0.111874847633282   0.242269217365826   0.0161748773115679   -0.0270134618781282   0
0.110692556684223   0.270999997712445   -0.00118229094905836   0.0287307803466187   0
0.118560418647287   0.186815899662315   0.00786786196306381   -0.0841840980501304   0
0.12910893430619   0.296074063581969   0.0105485156589025   0.109258163919655   0
0.129374381927065   0.292280986930744   0.000265447620874965   -0.00379307665122497   0
0.105464632776585   0.266579276224466   -0.0239097491504793   -0.0257017107062786   0
0.141117723793151   0.393665584025315   0.0356530910165655   0.12708630780085   0
0.168083673982603   0.302635727286139   0.0269659501894522   -0.0910298567391767   0
0.158270449756106   0.362373779814962   -0.00981322422649733   0.0597380525288234   0
0.124917904766971   0.408719070858316   -0.0333525449891349   0.046345291043354   0
0.135630355946927   0.411814461187377   0.0107124511799557   0.00309539032906148   0
0.185742312285731   0.37166112435687   0.0501119563388044   -0.0401533368305078   0
0.150725936484734   0.407000950037325   -0.0350163758009972   0.0353398256804553   0
0.188260384506699   0.474617054595818   0.0375344480219648   0.0676161045584934   0
0.16123448149912   0.394634263639566   -0.0270259030075788   -0.0799827909562522   0
0.144582239216475   0.369050589294882   -0.0166522422826448   -0.0255836743446836   0
0.173304703655152   0.351763708858603   0.0287224644386768   -0.0172868804362795   0
0.16558307850336   0.374536189453199   -0.00772162515179151   0.022772480594596   0
0.177878523273609   0.41650114085622   0.012295444770249   0.0419649514030206   0
0.127506321304397   0.41381995059544   -0.0503722019692129   -0.00268119026077956   0
0.198717105215832   0.41318328328166   0.0712107839114354   -0.000636667313779926   0
0.164284948616999   0.440813926005421   -0.0344321565988329   0.0276306427237606   0
0.203312633865582   0.42624816023386   0.0390276852485825   -0.014565765771561   0
0.193811231823984   0.405880223825466   -0.00950140204159772   -0.0203679364083941   0
0.165944348646466   0.546679731721645   -0.0278668831775174   0.14079950789618   0
0.193459400738243   0.438954689014849   0.0275150520917763   -0.107725042706797   0
0.207114604039986   0.545743709079638   0.0136552033017428   0.106789020064789   0
0.139488379480156   0.529719574876415   -0.0676262245598296   -0.0160241342032222   0
0.218844576997009   0.449149770785036   0.0793561975168535   -0.0805698040913798   0
0.158689113450199   0.446958444190285   -0.0601554635468109   -0.00219132659475063   0
0.132000476974517   0.573390247113604   -0.0266886364756816   0.126431802923319   0
0.171578927494054   0.532086184572847   0.0395784505195375   -0.0413040625407568   0
0.232990076474278   0.442236361434756   0.0614111489802237   -0.0898498231380909   0
0.174988583588644   0.54470915928778   -0.0580014928856338   0.102472797853024   0
0.22344109649035   0.602060312875712   0.0484525129017058   0.057351153587932   0
0.199856730283871   0.531299695586211   -0.0235843662064791   -0.0707606172895013   0
0.179259932389366   0.564730506762518   -0.0205967978945053   0.033430811176307   0
0.209552654355033   0.554981121593564   0.0302927219656674   -0.00974938516895385   0
0.184537643638066   0.580218944999429   -0.0250150107169667   0.0252378234058649   0
0.178683099798722   0.523091280126375   -0.00585454383934456   -0.0571276648730532   0
0.198051665594839   0.604492806009716   0.0193685657961173   0.0814015258833405   0
0.182442963201215   0.588274008529401   -0.0156087023936239   -0.0162187974803149   0
0.204386484875615   0.632531245519144   0.0219435216743997   0.0442572369897432   0
0.228786015888996   0.625008666877708   0.0243995310133812   -0.00752257864143602   0
0.189441680865537   0.571129601529504   -0.0393443350234591   -0.0538790653482042   0
0.232668858293154   0.57542923605188   0.0432271774276174   0.00429963452237581   0
0.21201408503682   0.596012877143816   -0.0206547732563343   0.0205836410919366   0
0.201247175910719   0.54391046012584   -0.0107669091261008   -0.0521024170179768   0
0.166722243624689   0.642170971600438   -0.0345249322860308   0.098260511474598   0
0.220889334707767   0.569748641268454   0.0541670910830786   -0.0724223303319832   0
0.201869164697732   0.607203480081842   -0.0190201700100353   0.0374548388133876   0
0.249109985335414   0.623958642004621   0.0472408206376818   0.0167551619227786   0
0.249644132332486   0.612035208803587   0.000534146997072771   -0.0119234332010338   0
0.20706182756742   0.634429472486304   -0.0425823047650664   0.0223942636827172   0
0.239509708595309   0.688533817708506   0.0324478810278893   0.0541043452222019   0
0.261309937741679   0.623736431091892   0.0218002291463693   -0.0647973866166143   0
0.251131269239595   0.630204976967415   -0.0101786685020837   0.00646854587552337   0
0.27092632528252   0.586604709025806   0.0197950560429253   -0.0436002679416093   0
0.205802294618136   0.613601602464028   -0.0651240306643845   0.0269968934382219   0
0.21480588482928   0.580768752207796   0.00900359021114436   -0.0328328502562318   0
0.241777515822067   0.639449656008978   0.0269716309927871   0.0586809038011821   0
0.237156592685086   0.637460958956115   -0.00462092313698084   -0.00198869705286242   0
0.276894678676279   0.616776536877417   0.0397380859911929   -0.0206844220786981   0
0.258092379878291   0.589113022376437   -0.0188022987979885   -0.0276635145009805   0
0.209115225994187   0.605002883432178   -0.0489771538841036   0.0158898610557417   0
0.264738031305591   0.582694880454093   0.0556228053114036   -0.0223080029780851   0
0.276993023582274   0.606580179506592   0.0122549922766829   0.0238852990524991   0
0.237461203588734   0.607929213321748   -0.03953181999354   0.00134903381515594   0
0.293576184617486   0.577127489244794   0.056114981028752   -0.0308017240769543   0
0.22557285781636   0.69472185191719   -0.0680033268011251   0.117594362672396   0
0.219924860957578   0.698303045883376   -0.00564799685878253   0.00358119396618573   0
0.2481816884453   0.663033255752681   0.0282568274877221   -0.0352697901306948   0
0.212010092980594   0.662419974926217   -0.0361715954647063   -0.000613280826463836   0
0.22741492001232   0.687561699596662   0.0154048270317265   0.0251417246704446   0
0.253368907881374   0.620712039990365   0.0259539878690534   -0.0668496596062971   0
0.18920334380663   0.664266606175751   -0.0641655640747432   0.0435545661853862   0
0.226057924961037   0.668985830364889   0.0368545811544069   0.00471922418913806   0
0.280007091024495   0.686569947610038   0.0539491660634579   0.0175841172451489   0
0.24712543490418   0.699015829024994   -0.0328816561203155   0.0124458814149564   0
0.288483023381983   0.815293443305538   0.0413575884778037   0.116277614280544   0
0.277758939485753   0.735246336186213   -0.0107240838962308   -0.0800471071193244   0
0.276493488167732   0.744447195176058   -0.00126545131802019   0.0092008589898448   0
0.254052123701043   0.780780159931398   -0.0224413644666895   0.0363329647553403   0
0.31678249140224   0.86137076322525   0.0627303677011967   0.0805906032938518   0
0.322690662708437   0.729282062868168   0.00590817130619709   -0.132088700357082   0
0.297176902338927   0.771721680503699   -0.02551376036951   0.0424396176355308   0
0.307498203611013   0.868885705961952   0.0103213012720863   0.0971640254582533   0
0.315148050468284   0.779484743460223   0.00764984685727083   -0.0894009625017288   0
0.274053813164148   0.742397415476542   -0.0410942373041354   -0.0370873279836806   0
0.333752878419663   0.907373077970137   0.059699065255514   0.164975662493594   0
0.326226645240452   0.803241549435785   -0.00752623317921008   -0.104131528534352   0
0.297455215461908   0.75729384171618   -0.0287714297785446   -0.0459477077196052   0
0.334806664025509   0.840917207974423   0.0373514485636012   0.0836233662582438   0
0.352054075600738   0.751052955693705   0.0172474115752289   -0.0898642522807187   0
0.344269204686405   0.905308603996173   -0.00778487091433255   0.154255648302468   0
0.281393398412276   0.849672230517451   -0.0628758062741291   -0.0556363734787223   0
0.342877920543522   0.877373578872478   0.0614845221312462   0.0277013483550268   0
0.320710469511443   0.925605285562507   -0.0221674510320797   0.0482317066900294   0
0.359577474381753   0.853994838068855   0.03886700487031   -0.0716104474936521   0
0.294376152736613   0.918495516786146   -0.0652013216451392   0.0645006787172914   0
0.319331732096593   0.892603723850203   0.0249555793599791   -0.0258917929359431   0
0.380484213164962   0.91494439578329   0.0611524810683691   0.0223406719330869   0
0.339920737039107   0.959072442012854   -0.0405634761258543   0.0441280462295642   0
0.288630672948597   0.913237157096255   -0.0512900640905103   -0.0458352849165993   0
0.348491742780457   0.902096993903095   0.0598610698318597   -0.0111401631931601   0
0.362985474157245   0.923338992737364   0.0144937313767883   0.0212419988342692   0
0.294156351079422   0.939043855919147   -0.0688291230778233   0.0157048631817832   0
0.356718116262687   0.974468083226947   0.0625617651832655   0.0354242273077997   0
0.391568672537832   1.03673213204038   0.0348505562751449   0.0622640488134369   0
0.329249850163003   1.01273851263443   -0.0623188223748291   -0.0239936194059529   0
0.372732447072548   0.977347485626914   0.0434825969095452   -0.0353910270075175   0
0.366437142577346   1.04068886291641   -0.0062953044952026   0.0633413772894964   0
0.318866728352536   1.06190187049934   -0.0475704142248097   0.0212130075829313   0
0.332235291049882   1.10264021502687   0.0133685626973463   0.0407383445275278   0
0.396139576850647   1.07197222984098   0.0639042858007652   -0.0306679851858855   0
0.378289184678917   1.14705878089573   -0.0178503921717302   0.0750865510547474   0
0.366341648930285   1.10518782349076   -0.0119475357486325   -0.041870957404968   0
0.400757554109165   1.09396917954803   0.0344159051788798   -0.0112186439427282   0
0.377816699177644   1.14914199646236   -0.022940854931521   0.055172816914326   0
0.434672148675539   1.13713230191401   0.0568554494978956   -0.0120096945483528   0
0.411345926455143   1.19178667155253   -0.0233262222203961   0.0546543696385189   0
0.418522113441381   1.16188859316782   0.00717618698623773   -0.0298980783847049   0
0.428017316490863   1.17542254199128   0.0094952030494827   0.0135339488234614   0
0.455058897915248   1.16626561382431   0.0270415814243844   -0.00915692816697078   0
0.381715236426593   1.18112935800974   -0.0733436614886546   0.0148637441854274   0
0.443049660116391   1.14181717596306   0.0613344236897981   -0.0393121820466833   0
0.43895135280557   1.17190461907881   -0.00409830731082139   0.0300874431157532   0
0.422920600481414   1.22561018919761   -0.0160307523241558   0.0537055701187998   0
0.456519290051154   1.23540100196657   0.0335986895697402   0.00979081276895877   0
0.455031563252716   1.17163332053655   -0.00148772679843884   -0.0637676814300194   0
0.437494075520126   1.21416564658411   -0.0175374877325892   0.0425323260475574   0
0.468419816410408   1.17606025025294   0.0309257408902813   -0.0381053963311697   0
0.468506944861269   1.21446348749767   8.71284508612291e-05   0.0384032372447325   0
0.434306467331031   1.25369342365319   -0.0342004775302377   0.0392299361555186   0
0.503481808035295   1.21343074643642   0.0691753407042641   -0.0402626772167662   0
0.43780064410872   1.23141363924637   -0.0656811639265755   0.017982892809953   0
0.484074102565051   1.27003470738953   0.0462734584563316   0.038621068143152   0
0.487947059276526   1.23803108315179   0.00387295671147497   -0.0320036242377344   0
0.484619091067665   1.24168775227762   -0.00332796820886122   0.00365666912582863   0
0.445759987880799   1.29332651365162   -0.0388591031868663   0.0516387613739977   0
0.471238798561292   1.1976787957159   0.0254788106804932   -0.0956477179357136   0
0.455058449321634   1.23246711893543   -0.0161803492396583   0.0347883232195256   0
0.507569438885765   1.2304792632053   0.0525109895641309   -0.0019878557301336   0
0.492104931575574   1.28030379134143   -0.0154645073101911   0.0498245281361371   0
0.492125470685922   1.29163635985414   2.05391103481056e-05   0.0113325685127048   0
0.48092414670217   1.24771284535365   -0.011201323983752   -0.0439235145004893   0
0.47520751246949   1.3208186330759   -0.00571663423268015   0.0731057877222545   0
0.520907224689282   1.32496010974453   0.0456997122197925   0.00414147666863096   0
0.498838291988105   1.28237908905333   -0.0220689327011769   -0.0425810206912043   0
0.464944374435007   1.32261315146994   -0.0338939175530981   0.0402340624166106   0
0.4824543506501   1.31909912587663   0.0175099762150934   -0.00351402559330749   0
0.537028188597032   1.28232792805214   0.0545738379469322   -0.0367711978244918   0
0.483208909184475   1.32009425202729   -0.0538192794125577   0.0377663239751518   0
0.48122056272674   1.33824643096825   -0.0019883464577351   0.0181521789409527   0
0.534139439551331   1.32061019662162   0.0529188768245913   -0.0176362343466239   0
0.525438552011403   1.32349596411408   -0.00870088753992793   0.00288576749245428   0
0.516253979545921   1.34042173162526   -0.00918457246548232   0.0169257675111789   0
0.55421627390231   1.29680963688401   0.037962294356389   -0.0436120947412411   0
0.487598722419122   1.35617873140859   -0.0666175514831877   0.0593690945245708   0
0.521271002582572   1.34706444788891   0.0336722801634501   -0.00911428351967714   0
0.564586935200603   1.3704586717904   0.0433159326180309   0.0233942239014888   0
0.546618443729847   1.44396930342139   -0.017968491470756   0.0735106316309915   0
0.48420652586603   1.64002912128756   -0.0624119178638175   0.196059817866172   0
0.554746391923562   1.46040139715833   0.0705398660575322   -0.179627724129232   0
0.540998153740926   1.48237815341844   -0.0137482381826363   0.0219767562601061   0
0.512335981848825   1.50578352195236   -0.0286621718921002   0.0234053685339235   0
0.553077455686136   1.42074543195113   0.040741473837311   -0.0850380900012297   0
0.567006871223101   1.50488369354354   0.0139294155369645   0.084138261592412   0
0.516095384095237   1.45276144493728   -0.050911487127864   -0.0521222486062625   0
0.557479278102326   1.45574992813884   0.0413838940070888   0.00298848320156564   0
0.522729465581624   1.52228061269958   -0.0347498125207018   0.066530684560733   0
0.542102084442967   1.5343596489606   0.0193726188613434   0.0120790362610241   0
0.634551497980266   1.54765177436278   0.0924494135372992   0.0132921254021749   0
0.792672049701514   1.45055402747648   0.158120551721248   -0.0970977468862919   0
0.635753770194373   1.50633494782884   -0.156918279507141   0.0557809203523512   0
0.629795029664739   1.51724706208028   -0.00595874052963385   0.0109121142514474   0
0.60787981001596   1.53050587746021   -0.0219152196487792   0.0132588153799282   0
0.618648899436579   1.52341816146134   0.0107690894206183   -0.00708771599887115   0
0.660346759750179   1.55173550130845   0.0416978603136   0.0283173398471146   0
0.600226480832435   1.67812777154855   -0.0601202789177431   0.126392270240095   0
0.624027588901813   1.62256659380809   0.0238011080693774   -0.0555611777404552   0
0.607171473710714   1.57709690526534   -0.0168561151910991   -0.0454696885427581   0
0.575841876946623   1.61178864180799   -0.0313295967640905   0.0346917365426556   0
0.665044347640937   1.68490263639483   0.0892024706943141   0.0731139945868386   0
0.699741798345826   1.66539165560815   0.0346974507048883   -0.0195109807866816   0
0.688314553156397   1.68995849667832   -0.0114272451894289   0.0245668410701723   0
0.686945938244022   1.65108385067242   -0.00136861491237439   -0.0388746460059053   0
0.592709462396071   1.68423397332363   -0.0942364758479509   0.0331501226512141   0
