0.132984542850641   0.0685431015925746   0   0   0
0.144382616314429   0.0681132607718571   0.0113980734637883   -0.000429840820717536   0
0.126375905729449   0.0522508314676427   -0.0180067105849804   -0.0158624293042144   0
0.10057249139514   0.0626767699605173   -0.0258034143343086   0.0104259384928746   0
0.113727230773641   0.0803348890881789   0.0131547393785004   0.0176581191276616   0
0.143908115278156   0.078472307160297   0.0301808845045147   -0.00186258192788187   0
0.0918768239987779   0.069861261639123   -0.0520312912793776   -0.00861104552117399   0
0.0662481165959373   0.062988311928107   -0.0256287074028407   -0.00687294971101605   0
0.136795276861089   0.0625354640541869   0.0705471602651517   -0.000452847873920068   0
0.11848817945362   0.0657363429502471   -0.018307097407469   0.00320087889606019   0
0.0506005703158076   0.0631124391969602   -0.0678876091378124   -0.00262390375328686   0
0.0894764669708326   0.0628870279123803   0.0388758966550249   -0.00022541128457991   0
0.0604683554737468   0.0805294106645051   -0.0290081114970857   0.0176423827521248   0
0.0734471079581429   0.0831303364011749   0.012978752484396   0.00260092573666978   0
0.0914167630292754   0.0737560573274494   0.0179696550711325   -0.00937427907372547   0
0.0593558331464278   0.0647211267357306   -0.0320609298828476   -0.00903493059171882   0
0.0685354379897758   0.0577907493514749   0.00917960484334802   -0.00693037738425564   0
0.0589893324986323   0.055103410887948   -0.00954610549114349   -0.00268733846352693   0
0.0508288021640379   0.0331976681675144   -0.00816053033459443   -0.0219057427204336   0
0.0589471926855616   0.0503572288435027   0.00811839052152378   0.0171595606759883   0
0.00954629370289285   0.0214448366497043   -0.0494008989826688   -0.0289123921937984   0
0.0357549329377557   0.0144419483401652   0.0262086392348628   -0.00700288830953909   0
0.0437081077096374   0.0188464687360584   0.00795317477188177   0.00440452039589316   0
0.036107270009477   0.0366392377134473   -0.0076008377001604   0.017792768977389   0
0.0522166587610656   0.0315854994650235   0.0161093887515886   -0.00505373824842381   0
0.0322656599165593   0.0263014568766637   -0.0199509988445063   -0.00528404258835981   0
0.0352102024043842   0.0197049229340031   0.00294454248782487   -0.00659653394266063   0
0.0374300645195757   0.0191816194626523   0.00221986211519154   -0.000523303471350801   0
0.0228712839818844   0.0229617304171005   -0.0145587805376913   0.00378011095444827   0
0.0293035492530236   0.0220657694039779   0.00643226527113927   -0.000895961013122684   0
0.080944266208367   0.016483941479195   0.0516407169553434   -0.00558182792478287   0
0.071639407913344   0.0225950641623237   -0.00930485829502301   0.00611112268312872   0
0.0206156219792782   0.0150778390138317   -0.0510237859340658   -0.00751722514849202   0
0.01706040630396   0.0211392216424713   -0.00355521567531826   0.00606138262863956   0
0.0863609820792775   0.0264426170811349   0.0693005757753176   0.0053033954386636   0
0.0652478989478711   0.0101558084683409   -0.0211130831314064   -0.0162868086127939   0
0.0667449558555816   0.0238553587252325   0.00149705690771051   0.0136995502568916   0
0.0523590335840913   0.0240057918016674   -0.0143859222714903   0.000150433076434892   0
0.0312646425392023   0.0307904330021961   -0.021094391044889   0.00678464120052871   0
0.0303790876422289   0.0348807848791455   -0.00088555489697343   0.00409035187694943   0
0.0721766786789119   0.0384469181244414   0.041797591036683   0.00356613324529589   0
0.0946158330810727   0.0387197304844055   0.0224391544021607   0.000272812359964104   0
0.0264503954473659   0.0522289243948695   -0.0681654376337067   0.0135091939104641   0
0.0384175542311389   0.0266658155276095   0.011967158783773   -0.02556310886726   0
0.0350199554112589   0.035837756061764   -0.00339759881987999   0.00917194053415447   0
0.0732832917537797   0.0492222286957326   0.0382633363425208   0.0133844726339686   0
0.0636015758598292   0.0665173217485679   -0.00968171589395056   0.0172950930528353   0
0.0706093288734754   0.0458781373837528   0.00700775301364624   -0.020639184364815   0
0.0510501581498662   0.0547811768242751   -0.0195591707236092   0.0089030394405223   0
0.0525300103711051   0.055049145876344   0.0014798522212388   0.000267969052068842   0
0.0365002292264835   0.0425582979337755   -0.0160297811446215   -0.0124908479425685   0
0.0528937906418825   0.043607274687498   0.016393561415399   0.00104897675372246   0
0.0431505695988141   0.0522779010783237   -0.00974322104306843   0.00867062639082576   0
0.0623377355738633   0.0460099544025258   0.0191871659750492   -0.00626794667579796   0
0.0329274639775463   0.0434571472391633   -0.029410271596317   -0.00255280716336242   0
0.010096504914742   0.047682572302703   -0.0228309590628043   0.00422542506353966   0
0.0240863582941673   0.0391168124020222   0.0139898533794253   -0.00856575990068079   0
0.0324067068234742   0.0434661307195559   0.00832034852930693   0.00434931831753372   0
0.0361629377515212   0.0442200639743431   0.00375623092804704   0.000753933254787197   0
0.0764935647107505   0.0684834507299026   0.0403306269592292   0.0242633867555595   0
0.0429317761630208   0.0569681842683045   -0.0335617885477296   -0.0115152664615981   0
0.0274289140173446   0.0517918924652151   -0.0155028621456763   -0.00517629180308948   0
0.0338947817021219   0.050358622704111   0.00646586768477738   -0.00143326976110409   0
0.0542151444628713   0.0550735182765274   0.0203203627607493   0.00471489557241647   0
0.0413487028259635   0.0519898175318254   -0.0128664416369078   -0.00308370074470202   0
0.0369940326782041   0.0510399087003594   -0.00435467014775935   -0.000949908831465986   0
0.0416259660349162   0.0642412652421712   0.00463193335671209   0.0132013565418118   0
0.0387039059209791   0.0398767844696576   -0.00292206011393714   -0.0243644807725137   0
0.0342679427135858   0.0403096108984148   -0.00443596320739326   0.000432826428757187   0
0.0642618247998763   0.0392021599171146   0.0299938820862905   -0.0011074509813002   0
0.0701728978733955   0.0418130631482916   0.00591107307351921   0.00261090323117707   0
0.0497350460471286   0.036295011060434   -0.020437851826267   -0.00551805208785766   0
0.04996992236706   0.0402077891907305   0.000234876319931389   0.00391277813029652   0
0.0376473526301505   0.040473391376959   -0.0123225697369095   0.000265602186228502   0
0.0343188238864985   0.0478853045709025   -0.003328528743652   0.00741191319394352   0
0.0256952781576012   0.0405197864714524   -0.00862354572889725   -0.0073655180994501   0
0.0454881570747816   0.0447490528670507   0.0197928789171803   0.00422926639559829   0
0.0346582280522605   0.0405957550316412   -0.010829929022521   -0.00415329783540948   0
0.0499630570864114   0.0457379637547475   0.0153048290341508   0.00514220872310631   0
0.0209071779936365   0.0464042728793912   -0.0290558790927748   0.000666309124643633   0
0.051230857355063   0.0402622321804694   0.0303236793614265   -0.00614204069892178   0
0.0683541991892963   0.0459002711762207   0.0171233418342333   0.00563803899575134   0
0.015666188885016   0.0675843567792133   -0.0526880103042803   0.0216840856029926   0
0.0269325241777372   0.0490876832610024   0.0112663352927212   -0.0184966735182109   0
0.0838003062231875   0.0485294597312035   0.0568677820454503   -0.000558223529798958   0
0.0586883888725871   0.040627915102065   -0.0251119173506005   -0.00790154462913851   0
0.0580929808656777   0.0641230407591725   -0.000595408006909312   0.0234951256571075   0
0.0762570030615549   0.0633055468018798   0.0181640221958772   -0.000817493957292678   0
0.0608966249655102   0.0614415303339687   -0.0153603780960447   -0.00186401646791112   0
0.0340521850971417   0.0604566656865891   -0.0268444398683685   -0.000984864647379624   0
0.0354486699918347   0.0590901131406939   0.00139648489469296   -0.00136655254589525   0
0.0643618700986073   0.0571842004924656   0.0289132001067726   -0.00190591264822828   0
0.0749077913433576   0.0812766462344658   0.0105459212447503   0.0240924457420002   0
0.0345206546647076   0.0729160698840969   -0.04038713667865   -0.0083605763503689   0
0.0297593217260088   0.0732895246744206   -0.00476133293869881   0.000373454790323677   0
0.0247513152929395   0.0562072060339686   -0.00500800643306933   -0.0170823186404519   0
0.0515910045974102   0.0750564981088413   0.0268396893044707   0.0188492920748727   0
0.039924574086037   0.064647901858181   -0.0116664305113732   -0.0104085962506603   0
0.0406457432444038   0.0643716522907599   0.000721169158366855   -0.000276249567421047   0
0.0705883635352173   0.0707919452043981   0.0299426202908135   0.00642029291363815   0
0.10282574233965   0.0722275685611976   0.0322373788044323   0.0014356233567995   0
0.190575015278315   0.12367800639371   0.0877492729386654   0.0514504378325121   0
0.084144045595039   0.16263645502777   -0.106430969683276   0.0389584486340607   0
0.0327819068595224   0.146887492855076   -0.0513621387355166   -0.0157489621726944   0
0.0505543405164186   0.141744209167429   0.0177724336568962   -0.00514328368764652   0
0.0451198612729472   0.146679624121757   -0.00543447924347138   0.00493541495432781   0
0.0441979119329183   0.135918944900076   -0.000921949340028913   -0.0107606792216809   0
0.027077192807601   0.13966298997408   -0.0171207191253173   0.00374404507400372   0
0.0227356132228713   0.140391182652259   -0.00434157958472971   0.000728192678179085   0
0.05238006727468   0.145778628904411   0.0296444540518087   0.0053874462521519   0
0.0490221843542289   0.138494923782426   -0.00335788292045112   -0.00728370512198501   0
0.0441884629903553   0.139539010059911   -0.00483372136387356   0.00104408627748512   0
0.0349383340138021   0.143557641254306   -0.00925012897655322   0.00401863119439475   0
0.0341750349071014   0.137987097414034   -0.000763299106700678   -0.00557054384027234   0
0.0385854708794645   0.138464524284201   0.00441043597236306   0.00047742687016708   0
0.018184011915177   0.157554332181791   -0.0204014589642874   0.0190898078975899   0
0.0445788646137382   0.13275949740979   0.0263948526985612   -0.0247948347720007   0
0.0594434300119029   0.142075613798604   0.0148645653981647   0.00931611638881388   0
0.0443652820738243   0.182853207867677   -0.0150781479380786   0.0407775940690736   0
0.0340801690500502   0.168852815530272   -0.0102851130237741   -0.0140003923374054   0
0.045720906994783   0.183751125319683   0.0116407379447328   0.0148983097894116   0
0.0513911995210269   0.168760991810163   0.00567029252624392   -0.0149901335095201   0
0.0528214929938562   0.158637660531792   0.00143029347282926   -0.0101233312783715   0
0.055112018423118   0.145102047477801   0.00229052542926181   -0.0135356130539908   0
0.0152606442085287   0.16105367465072   -0.0398513742145893   0.0159516271729191   0
0.0558741514695302   0.164558729377994   0.0406135072610015   0.0035050547272743   0
0.0711002569866664   0.157743611284261   0.0152261055171362   -0.0068151180937335   0
0.027784458727773   0.156565873810355   -0.0433157982588934   -0.0011777374739059   0
0.0466772128745922   0.173083853129776   0.0188927541468192   0.0165179793194214   0
0.0599857427802507   0.147826744704739   0.0133085299056585   -0.0252571084250377   0
0.0301887623709552   0.138281725536131   -0.0297969804092955   -0.00954501916860723   0
0.0497732705680961   0.138265834295751   0.0195845081971409   -1.5891240380761e-05   0
0.0278141364327728   0.153984198336225   -0.0219591341353233   0.0157183640404747   0
0.0425276731493377   0.154185383874413   0.0147135367165649   0.000201185538187293   0
0.0645950784577927   0.154688395754174   0.022067405308455   0.000503011879761484   0
0.0743460175182235   0.164656206894851   0.0097509390604308   0.00996781114067691   0
0.036829911219912   0.152263240491591   -0.0375161062983115   -0.0123929664032603   0
0.0494433118832062   0.15140114980574   0.0126134006632942   -0.000862090685851163   0
0.0375506548893624   0.165830923134077   -0.0118926569938438   0.014429773328337   0
0.0743168005224256   0.162652532127539   0.0367661456330632   -0.00317839100653788   0
0.0270009295138964   0.152972826492976   -0.0473158710085292   -0.00967970563456311   0
0.0516192161925188   0.141135784278828   0.0246182866786225   -0.0118370422141471   0
0.0666351168399216   0.165729800140168   0.0150159006474027   0.0245940158613395   0
0.0455138093173929   0.163418184943567   -0.0211213075225287   -0.0023116151966005   0
0.0251895711050685   0.149604297954638   -0.0203242382123244   -0.0138138869889297   0
0.0720422373742654   0.161684484571804   0.0468526662691969   0.0120801866171666   0
0.0728502269589251   0.170726127422694   0.000807989584659705   0.00904164285088993   0
0.0586546924994923   0.168071834042025   -0.0141955344594328   -0.00265429338066914   0
0.0442130541292241   0.169877267971615   -0.0144416383702683   0.00180543392959032   0
0.035359372323756   0.176375344848706   -0.00885368180546808   0.00649807687709075   0
0.107223789140936   0.195183392405066   0.0718644168171805   0.01880804755636   0
0.0604636359929049   0.185094616770721   -0.0467601531480316   -0.0100887756343453   0
0.0586202570870139   0.182449654919515   -0.00184337890589099   -0.00264496185120608   0
0.0622391842165368   0.179029208259435   0.00361892712952291   -0.00342044666008012   0
0.0906559337467769   0.216597171380422   0.0284167495302401   0.0375679631209876   0
0.087131786353833   0.196401608849062   -0.00352414739294389   -0.0201955625313601   0
0.0751302242638214   0.190733387377512   -0.0120015620900116   -0.00566822147155024   0
0.0396539791336569   0.1860388898228   -0.0354762451301645   -0.00469449755471166   0
0.0608034198557943   0.189808665266499   0.0211494407221374   0.00376977544369914   0
0.0952890600713933   0.211973502043888   0.034485640215599   0.0221648367773882   0
0.0721243117237738   0.197681811567858   -0.0231647483476194   -0.0142916904760298   0
0.0152029340144304   0.213813715805371   -0.0569213777093434   0.0161319042375134   0
0.0532969624545377   0.195819240895781   0.0380940284401073   -0.0179944749095899   0
0.0375626756889069   0.198577430520817   -0.0157342867656308   0.00275818962503607   0
0.0306326384335401   0.200279410457615   -0.0069300372553668   0.00170197993679816   0
0.0326677819469351   0.189588644452272   0.00203514351339498   -0.0106907660053435   0
0.0296783492847833   0.213672148043445   -0.00298943266215177   0.0240835035911733   0
0.0378173628305835   0.213458542193795   0.00813901354580018   -0.000213605849650605   0
0.027974137300773   0.217797624680574   -0.00984322552981051   0.00433908248677894   0
0.0255862976157161   0.209262145765186   -0.0023878396850569   -0.0085354789153875   0
0.0194043014229346   0.198346319202676   -0.00618199619278156   -0.0109158265625097   0
0.0288430710745233   0.208721058037995   0.0094387696515887   0.0103747388353184   0
0.0404115335083055   0.219823445463058   0.0115684624337823   0.0111023874250631   0
0.052538077869865   0.231178309357734   0.0121265443615595   0.0113548638946757   0
0.0236420597366748   0.220109088121095   -0.0288960181331902   -0.0110692212366385   0
0.0510364431359592   0.211443663994692   0.0273943833992844   -0.00866542412640356   0
0.0413324548027866   0.213055626903515   -0.0097039883331726   0.00161196290882396   0
0.0620668808850388   0.20076181995651   0.0207344260822522   -0.0122938069470058   0
0.0296078688619495   0.210372191868365   -0.0324590120230893   0.00961037191185493   0
0.0241975199607832   0.195779162904278   -0.00541034890116635   -0.0145930289640862   0
0.0660122896732237   0.196413183377542   0.0418147697124406   0.000634020473263719   0
0.0410770065329571   0.178523746472983   -0.0249352831402666   -0.0178894369045589   0
0.0478264003963595   0.198432004975256   0.00674939386340244   0.0199082585022727   0
0.0685250918555597   0.208456419522763   0.0206986914592002   0.0100244145475067   0
0.0582991278684759   0.194790550325856   -0.0102259639870839   -0.0136658691969062   0
0.0330834106064414   0.17668123266847   -0.0252157172620345   -0.0181093176573865   0
0.0266588453465806   0.168292291197488   -0.00642456525986085   -0.00838894147098224   0
0.103490629379232   0.19419152833543   0.0768317840326517   0.025899237137942   0
0.0697041361875319   0.193995192282567   -0.0337864931917003   -0.000196336052863066   0
0.0620017508383433   0.196074400444066   -0.00770238534918868   0.00207920816149951   0
0.0504488498601148   0.170299087456451   -0.0115529009782285   -0.025775312987615   0
0.0209257501244854   0.173626962749165   -0.0295230997356294   0.00332787529271406   0
0.0585471750950462   0.192870861554435   0.0376214249705608   0.0192438988052697   0
0.060981801156873   0.183281260290025   0.0024346260618268   -0.00958960126440961   0
0.0256144827648351   0.175998786519964   -0.0353673183920379   -0.00728247377006092   0
0.024971401161771   0.197807989405762   -0.000643081603064095   0.0218092028857975   0
0.0632527261701456   0.191405583041614   0.0382813250083746   -0.00640240636414838   0
0.0380657274287514   0.175274242681291   -0.0251869987413942   -0.0161313403603228   0
0.0249880634348182   0.193524038781362   -0.0130776639939332   0.018249796100071   0
0.0417578181967174   0.202097338318692   0.0167697547618991   0.00857329953733066   0
0.0760828069415817   0.199559830919201   0.0343249887448644   -0.0025375073994916   0
0.0258028919840878   0.207597635421264   -0.050279914957494   0.00803780450206312   0
0.0496120967103145   0.189066574412295   0.0238092047262268   -0.0185310610089686   0
0.0315791859055929   0.159898688910541   -0.0180329108047216   -0.0291678855017542   0
0.0239248155205009   0.191314723700896   -0.00765437038509206   0.0314160347903544   0
0.0533422323029323   0.18075600051658   0.0294174167824315   -0.0105587231843152   0
0.0310148024075499   0.183410362141156   -0.0223274298953825   0.00265436162457564   0
0.0565906278835109   0.207582572207399   0.025575825475961   0.024172210066243   0
0.0458545474610752   0.176340097686693   -0.0107360804224357   -0.0312424745207058   0
0.0614621972752561   0.199187667610849   0.0156076498141809   0.0228475699241557   0
0.0441209789617094   0.18579179938711   -0.0173412183135468   -0.0133958682237392   0
0.0604051939634333   0.186740485062158   0.016284215001724   0.000948685675048189   0
0.0245033549310967   0.173359688250325   -0.0359018390323366   -0.0133807968118325   0
0.079669852643901   0.202193145744978   0.0551664977128043   0.0288334574946528   0
0.0520814743298421   0.192589582070916   -0.0275883783140589   -0.0096035636740624   0
0.0260345639087733   0.205892174301259   -0.0260469104210688   0.0133025922303431   0
0.0552657776662014   0.221841998966043   0.0292312137574281   0.0159498246647845   0
0.082280944459577   0.21956949663717   0.0270151667933757   -0.00227250232887388   0
0.0522456076657167   0.192940559964073   -0.0300353367938603   -0.0266289366730966   0
0.0444549317302366   0.209925305060514   -0.00779067593548011   0.0169847450964414   0
0.0906202423976564   0.220404212062179   0.0461653106674197   0.0104789070016648   0
0.103067212271265   0.230599384991591   0.0124469698736086   0.0101951729294119   0
0.0646405443091996   0.20678899891133   -0.0384266679620654   -0.0238103860802611   0
0.0435745357990191   0.20352152992067   -0.0210660085101805   -0.00326746899066035   0
0.0478184669341249   0.192349675962165   0.0042439311351058   -0.0111718539585042   0
0.081709057530362   0.21530429563469   0.033890590596237   0.0229546196725247   0
0.0318047947015855   0.204181905531563   -0.0499042628287765   -0.0111223901031273   0
0.0422127428851763   0.213614181700326   0.0104079481835908   0.00943227616876352   0
0.0681680365116966   0.209124143869736   0.0259552936265203   -0.00449003783059032   0
0.12932423773949   0.226276454136306   0.0611562012277929   0.0171523102665705   0
0.0831251204417774   0.2268068168183   -0.0461991172977121   0.000530362681993773   0
0.0421529633620271   0.225581037054869   -0.0409721570797503   -0.00122577976343158   0
0.0789404508285834   0.245964130072863   0.0367874874665563   0.0203830930179939   0
0.063054306564659   0.224480932217282   -0.0158861442639244   -0.0214831978555804   0
0.052213737398834   0.235298790931982   -0.010840569165825   0.0108178587146997   0
0.0511209822097541   0.231535345833525   -0.00109275518907989   -0.00376344509845686   0
0.0603883973239637   0.250748488500833   0.00926741511420951   0.0192131426673084   0
0.111740039992386   0.241988891806008   0.0513516426684223   -0.00875959669482501   0
0.0491387839840629   0.230343292852755   -0.062601256008323   -0.0116455989532534   0
0.0377980088098897   0.234907144886017   -0.0113407751741732   0.00456385203326176   0
0.0420191386437478   0.241018764229572   0.00422112983385809   0.00611161934355534   0
0.0597741827046594   0.245410488730107   0.0177550440609116   0.00439172450053513   0
0.0518768011204276   0.245602814496801   -0.00789738158423176   0.000192325766693813   0
0.068049057808246   0.229605298785764   0.0161722566878183   -0.0159975157110368   0
0.0276834146530662   0.249461735878471   -0.0403656431551798   0.0198564370927069   0
0.0284132436448217   0.253424563411383   0.000729828991755496   0.00396282753291183   0
0.0520649916063462   0.234028163251242   0.0236517479615245   -0.0193964001601407   0
0.0313298314636642   0.20784112574392   -0.020735160142682   -0.026187037507322   0
0.0359140170866474   0.214944059751601   0.00458418562298323   0.00710293400768136   0
0.00499944800316755   0.211062269946573   -0.0309145690834798   -0.00388178980502854   0
