0.0461050663543607   0.08194   0   0   0
0.0416906363879229   0.0767867308922896   -0.00441442996643778   -0.00515326910771041   0
0.0696496437001913   0.0662043825034682   0.0279590073122684   -0.0105823483888214   0
0.102494000790857   0.0516187324422561   0.0328443570906652   -0.0145856500612121   0
0.0888668235942413   0.060248   -0.0136271771966153   0.00862926755774387   0
0.0382140250491884   0.055732   -0.0506527985450528   -0.00451599999999999   0
0.0477390818440196   0.050776632468612   0.00952505679483116   -0.00495536753138803   0
0.0868483233974926   0.0447316751128605   0.039109241553473   -0.00604495735575151   0
0.0989208152177002   0.0608051109563168   0.0120724918202077   0.0160734358434563   0
0.0598190759204085   0.0320812   -0.0391017392972917   -0.0287239109563168   0
0.192157165305721   0.0173699944140031   0.132338089385312   -0.0147112055859969   0
0.0649016500368057   0.0250381442424978   -0.127255515268915   0.00766814982849465   0
0.0675263168431808   0.01621915   0.00262466680637516   -0.00881899424249779   0
0.0209280507533215   0.0452874270372032   -0.0465982660898594   0.0290682770372032   0
0.022827201843252   0.0179733470676026   0.00189915108993055   -0.0273140799696005   0
0.0707665957612771   0.0281345784676526   0.0479393939180251   0.0101612314000499   0
0.0732203273663981   0.013012   0.00245373160512097   -0.0151225784676526   0
0.0195620549224359   0.0128346164419705   -0.0536582724439621   -0.000177383558029483   0
0.0609534718923221   0.0218999598119494   0.0413914169698862   0.00906534336997891   0
0.161050562537898   0.01070085   0.100097090645576   -0.0111991098119494   0
0.00676407381010142   0.00323174497747734   -0.154286488727796   -0.00746910502252266   0
0.00946767271240404   0.00283414   0.00270359890230261   -0.000397604977477338   0
0.115603046177824   0.00859105   0.10613537346542   0.00575691   0
0.0190848750618415   0.00871350055057668   -0.0965181711159824   0.000122450550576674   0
0.0228892501006477   0.01665385   0.00380437503880617   0.00794034944942332   0
0.0175791065279581   0.0140006010936995   -0.00531014357268956   -0.00265324890630049   0
0.0304568003782292   0.0108065322677548   0.012877693850271   -0.00319406882594474   0
0.0341747118991514   0.016566263728898   0.00371791152092222   0.00575973146114319   0
0.0720137496193533   0.0222230243849144   0.0378390377202019   0.00565676065601644   0
0.0743560099988568   0.0892695288187638   0.00234226037950359   0.0670465044338494   0
0.0946189261922793   0.122593953946596   0.0202629161934225   0.0333244251278318   0
0.0825203005159942   0.0744434402787781   -0.0120986256762851   -0.0481505136678175   0
0.116815616516714   0.0835257009130274   0.0342953160007198   0.00908226063424929   0
0.128417523356628   0.0763566543637488   0.0116019068399136   -0.00716904654927857   0
0.0892766231187207   0.0789787289167153   -0.0391409002379069   0.00262207455296649   0
0.0945541448786355   0.0734405326566502   0.0052775217599148   -0.00553819626006515   0
0.152462264486987   0.0807501743340533   0.0579081196083515   0.00730964167740314   0
0.0937797464348779   0.0813579235031997   -0.0586825180521092   0.000607749169146451   0
0.110968139282814   0.0851128787609725   0.017188392847936   0.00375495525777274   0
0.094207835411817   0.0753392639388155   -0.016760303870997   -0.00977361482215702   0
0.116777140449062   0.0870666644033754   0.0225693050372452   0.01172740046456   0
0.0940514286782189   0.0977767631115517   -0.0227257117708433   0.0107100987081763   0
0.123363847721567   0.0913145670591089   0.0293124190433482   -0.00646219605244279   0
0.0883197061599505   0.0797866936536726   -0.0350441415616166   -0.0115278734054363   0
0.111812091430221   0.105429172089607   0.02349238527027   0.0256424784359346   0
0.103614277634021   0.104352964278405   -0.00819781379619947   -0.00107620781120252   0
0.104191051362547   0.0961467152096342   0.000576773728525895   -0.00820624906877049   0
0.106333814188573   0.0923139997822107   0.00214276282602617   -0.00383271542742346   0
0.115380274639515   0.0973714392613281   0.00904646045094225   0.00505743947911737   0
0.127741580594456   0.104492161985959   0.012361305954941   0.00712072272463142   0
0.188033524736521   0.122999849294623   0.060291944142065   0.0185076873086636   0
0.172619384232507   0.113744906428816   -0.015414140504014   -0.00925494286580761   0
0.193789737277287   0.127071496389828   0.0211703530447798   0.0133265899610122   0
0.156269225333909   0.121939196556112   -0.0375205119433783   -0.00513229983371617   0
0.153760701309697   0.118474486082447   -0.00250852402421145   -0.00346471047366423   0
0.157988337356559   0.117028074061312   0.00422763604686188   -0.00144641202113499   0
0.160875404235731   0.110501009826834   0.00288706687917209   -0.0065270642344786   0
0.156764046937364   0.117724844113297   -0.00411135729836762   0.00722383428646295   0
0.197090188950541   0.126709764314949   0.0403261420131773   0.00898492020165263   0
0.168404953529194   0.122172008768263   -0.0286852354213471   -0.0045377555466864   0
0.13676693154181   0.117355284350557   -0.0316380219873842   -0.00481672441770627   0
0.138922134856762   0.118303281092495   0.00215520331495231   0.000947996741938864   0
0.227475610842679   0.108008563963697   0.088553475985917   -0.0102947171287986   0
0.228808023218156   0.12611891011363   0.00133241237547641   0.0181103461499336   0
0.141235623443521   0.11184392368609   -0.0875723997746347   -0.0142749864275401   0
0.152081907586044   0.108531414094031   0.0108462841425231   -0.00331250959205949   0
0.14838978013765   0.0952102206541399   -0.00369212744839426   -0.013321193439891   0
0.140808304030666   0.103450074802486   -0.00758147610698354   0.0082398541483464   0
0.129474698487388   0.0996817925938458   -0.0113336055432782   -0.00376828220864042   0
0.152796790634784   0.102602820100388   0.0233220921473961   0.00292102750654177   0
0.278502886505131   0.126109729138953   0.125706095870347   0.023506909038565   0
0.135425315644676   0.108092659115918   -0.143077570860456   -0.0180170700230349   0
0.178011691133925   0.128174290313034   0.0425863754892497   0.0200816311971166   0
0.135718608745743   0.105188466997623   -0.0422930823881825   -0.0229858233154114   0
0.140514086352935   0.109963622850195   0.00479547760719198   0.00477515585257245   0
0.147201579784322   0.118661966731131   0.00668749343138686   0.00869834388093549   0
0.133358150763649   0.112181923930507   -0.0138434290206727   -0.0064800428006241   0
0.133310386388496   0.136849126626734   -4.77643751532753e-05   0.0246672026962277   0
0.108060542645706   0.102314729202544   -0.0252498437427898   -0.03453439742419   0
0.141891000870844   0.114580265688512   0.0338304582251387   0.0122655364859676   0
0.106492956932992   0.129675641825094   -0.0353980439378525   0.0150953761365817   0
0.133877243694401   0.1335934616308   0.0273842867614088   0.00391781980570616   0
0.111438168054756   0.133363115881041   -0.022439075639645   -0.000230345749758776   0
0.109319649056928   0.130093158726737   -0.00211851899782736   -0.00326995715430406   0
0.146977035795426   0.143184355987307   0.0376573867384978   0.0130911972605705   0
0.105800371176712   0.133214097073095   -0.0411766646187144   -0.00997025891421241   0
0.103668194810463   0.137746979471421   -0.00213217636624934   0.00453288239832561   0
0.112521730667192   0.144045440418987   0.00885353585672906   0.00629846094756653   0
0.098696711683622   0.135391902092592   -0.0138250189835696   -0.00865353832639529   0
0.10090646203782   0.136056053619455   0.00220975035419799   0.000664151526862999   0
0.103555676663474   0.133570053388662   0.00264921462565416   -0.00248600023079301   0
0.121497045267846   0.12184394598112   0.0179413686043714   -0.0117261074075423   0
0.0986301294368937   0.136417770707302   -0.0228669158309519   0.0145738247261823   0
0.120098711964117   0.142600533246724   0.0214685825272236   0.00618276253942196   0
0.129240214187729   0.150364387017837   0.00914150222361149   0.0077638537711136   0
0.210394961617811   0.142172623688599   0.0811547474300819   -0.00819176332923838   0
0.113953793121642   0.149521878726827   -0.0964411684961685   0.00734925503822803   0
0.143208091034725   0.13213861303003   0.0292542979130826   -0.0173832656967972   0
0.150012139914608   0.113322270377451   0.00680404887988356   -0.0188163426525794   0
0.129817437552125   0.124068703607114   -0.0201947023624828   0.0107464332296639   0
0.149845863220244   0.128892464118349   0.0200284256681183   0.00482376051123506   0
0.130467742415511   0.120796588680103   -0.0193781208047332   -0.00809587543824641   0
0.17141188775578   0.135040627855101   0.0409441453402691   0.0142440391749984   0
0.128950890937791   0.140098744682099   -0.0424609968179889   0.00505811682699772   0
0.152595795938322   0.123957942754791   0.0236449050005312   -0.0161408019273083   0
0.199013718106592   0.140935011265831   0.0464179221682699   0.0169770685110405   0
0.208869675995249   0.132958826825262   0.00985595788865667   -0.00797618444056936   0
0.115527380525738   0.12010876776261   -0.0933422954695108   -0.0128500590626523   0
0.141304024397219   0.131356851607558   0.0257766438714818   0.0112480838449483   0
0.131884205294061   0.123124938517751   -0.0094198191031582   -0.00823191308980679   0
0.118038663032976   0.127533827142057   -0.0138455422610851   0.00440888862430557   0
0.2810952875941   0.131428086676707   0.163056624561124   0.00389425953465025   0
0.140608400949161   0.130730398206576   -0.140486886644939   -0.000697688470130686   0
0.137450084271964   0.138675079033689   -0.00315831667719693   0.00794468082711311   0
0.171814002031965   0.141558259769609   0.0343639177600008   0.00288318073591926   0
0.154792963998303   0.125094141717348   -0.0170210380336616   -0.0164641180522604   0
0.196274925287491   0.135050910506001   0.0414819612891874   0.0099567687886532   0
0.130019113375265   0.115923882354975   -0.0662558119122256   -0.0191270281510268   0
0.19163186552855   0.118351099430888   0.0616127521532854   0.00242721707591363   0
0.14447146124287   0.135890953382666   -0.0471604042856806   0.0175398539517781   0
0.137351846796648   0.133562644494073   -0.00711961444622122   -0.00232830888859384   0
0.143755864955486   0.134082565048555   0.00640401815883776   0.00051992055448255   0
0.165134679387584   0.124546025561838   0.0213788144320973   -0.00953653948671708   0
0.130267897377865   0.137789167800847   -0.0348667820097184   0.0132431422390091   0
0.155047277585161   0.148050869107547   0.024779380207296   0.0102617013066998   0
0.134519953382389   0.157542934905854   -0.0205273242027725   0.00949206579830658   0
0.169050707813514   0.154410406910448   0.0345307544311252   -0.00313252799540595   0
0.156450844082159   0.163526661379727   -0.0125998637313548   0.00911625446927974   0
0.168339912409773   0.166748437543654   0.011889068327614   0.00322177616392702   0
0.156105288729306   0.166235309790068   -0.0122346236804669   -0.000513127753585974   0
0.149595921837462   0.15792926834979   -0.00650936689184417   -0.0083060414402783   0
0.156306027100589   0.15345348187806   0.00671010526312693   -0.00447578647173039   0
0.153677272313768   0.171857012324927   -0.00262875478682079   0.018403530446867   0
0.176679613560818   0.148215806745603   0.0230023412470501   -0.0236412055793234   0
0.171382176289397   0.155083229913811   -0.00529743727142093   0.0068674231682079   0
0.163784177717874   0.174167094220608   -0.00759799857152352   0.0190838643067965   0
0.151669693931286   0.154539149672502   -0.0121144837865875   -0.0196279445481055   0
0.135287227117714   0.137491486719178   -0.0163824668135718   -0.0170476629533237   0
0.13902304301526   0.128881074528895   0.00373581589754601   -0.00861041219028372   0
0.144471417275696   0.143020303745491   0.00544837426043618   0.0141392292165963   0
0.170776261162405   0.124943784199695   0.0263048438867087   -0.0180765195457958   0
0.190820062625527   0.136649838194196   0.0200438014631218   0.011706053994501   0
0.188494469291913   0.135795842021985   -0.00232559333361371   -0.000853996172210825   0
0.14531096703157   0.144183695861391   -0.0431835022603433   0.0083878538394053   0
0.159037423737434   0.141865416582936   0.0137264567058636   -0.00231827927845454   0
0.139746503564991   0.145230491160603   -0.0192909201724427   0.00336507457766694   0
0.164618412284562   0.164823710774573   0.0248719087195711   0.0195932196139697   0
0.143440388321769   0.146873201029834   -0.0211780239627925   -0.0179505097447389   0
0.12415649841732   0.134442751082013   -0.0192838899044493   -0.0124304499478213   0
0.240129538609893   0.166950082184017   0.115973040192573   0.0325073311020043   0
0.222347989224571   0.168624692215434   -0.0177815493853216   0.00167461003141756   0
0.132868166166693   0.164195483011105   -0.0894798230578779   -0.00442920920432968   0
0.186654202706609   0.199543917420452   0.0537860365399161   0.0353484344093468   0
0.181265724672372   0.176175869842467   -0.00538847803423775   -0.0233680475779842   0
0.18783481346867   0.172968459907435   0.00656908879629831   -0.00320740993503224   0
0.120663322709014   0.140009639480644   -0.0671714907596561   -0.0329588204267908   0
0.180042069664376   0.166224466197819   0.0593787469553624   0.0262148267171751   0
0.116414655398408   0.165956443211766   -0.0636274142659686   -0.000268022986053718   0
0.178157199958351   0.160410835427349   0.0617425445599438   -0.00554560778441682   0
0.12445829503191   0.158990793624191   -0.0536989049264412   -0.00142004180315813   0
0.133926980371255   0.133035428507785   0.00946868533934471   -0.0259553651164056   0
0.124390628475498   0.15614311603862   -0.00953635189575661   0.023107687530835   0
0.13723537099979   0.15319406059146   0.0128447425242917   -0.00294905544715987   0
0.122810787866742   0.145758930999956   -0.0144245831330475   -0.00743512959150402   0
0.114149845819826   0.141562339916907   -0.00866094204691663   -0.00419659108304896   0
0.19679714434698   0.167069688787344   0.0826472985271546   0.0255073488704368   0
0.22226579938992   0.136082029487732   0.0254686550429392   -0.0309876592996119   0
0.151449623919837   0.136349493270969   -0.0708161754700828   0.000267463783236777   0
0.151534554998159   0.138042686634425   8.49310783219426e-05   0.00169319336345586   0
0.172855213809188   0.12853752880871   0.0213206588110289   -0.00950515782571462   0
0.156346118270947   0.135457335114234   -0.0165090955382409   0.00691980630552422   0
0.183678193191135   0.139134206164408   0.0273320749201884   0.00367687105017364   0
0.148563793864622   0.132837109836154   -0.0351143993265129   -0.00629709632825382   0
0.184593561539535   0.15266314720734   0.0360297676749124   0.0198260373711859   0
0.138419439360846   0.139212653397599   -0.0461741221786884   -0.0134504938097413   0
0.174990393790059   0.164437222702161   0.0365709544292129   0.0252245693045619   0
0.251885479864609   0.188185847117949   0.0768950860745498   0.0237486244157881   0
0.302620317019529   0.204932606523462   0.0507348371549196   0.0167467594055129   0
0.262830566513866   0.190845182863624   -0.0397897505056621   -0.0140874236598379   0
0.215723177325572   0.178791313623593   -0.0471073891882949   -0.0120538692400308   0
0.194753559197261   0.164567224065881   -0.020969618128311   -0.0142240895577116   0
0.174479931444421   0.143439459184842   -0.0202736277528392   -0.0211277648810392   0
0.1910321174807   0.153219897095645   0.0165521860362787   0.00978043791080271   0
0.171833845993592   0.159387532252369   -0.0191982714871078   0.00616763515672425   0
0.16084647849187   0.160358868190225   -0.0109873675017223   0.000971335937856005   0
0.183295768180396   0.170124958287284   0.0224492896885263   0.00976609009705851   0
0.212364644103086   0.155238930092455   0.0290688759226897   -0.014886028194829   0
0.161719455182164   0.15202236625987   -0.0506451889209216   -0.00321656383258478   0
0.164340058637266   0.162644894697774   0.00262060345510146   0.0106225284379042   0
0.169269050020256   0.147876269266742   0.00492899138299033   -0.014768625431032   0
0.149855568332478   0.155065614625713   -0.0194134816877782   0.00718934535897053   0
0.17171805532107   0.175598395520859   0.0218624869885918   0.0205327808951463   0
0.258601755599242   0.173043795070063   0.086883700278172   -0.00255460045079578   0
0.153991962691047   0.164670158373489   -0.104609792908194   -0.00837363669657396   0
0.169086109397697   0.156675491482395   0.0150941467066498   -0.00799466689109427   0
0.159291424452291   0.169534655034008   -0.00979468494540589   0.0128591635516128   0
0.148368044467423   0.161383895486043   -0.0109233799848684   -0.00815075954796488   0
0.207461990788656   0.165253799116692   0.0590939463212332   0.00386990363064918   0
0.156867453388044   0.176395246195865   -0.0505945374006125   0.0111414470791735   0
0.143853635396572   0.158557032232885   -0.0130138179914711   -0.0178382139629809   0
0.158194873773773   0.159215498230386   0.0143412383772006   0.000658465997501273   0
0.21129239831958   0.163807018634734   0.0530975245458068   0.00459152040434785   0
0.175810583687365   0.160790971949609   -0.0354818146322145   -0.00301604668512456   0
0.155611919199153   0.179772459565557   -0.0201986644882127   0.0189814876159483   0
0.147766886141957   0.173121870534892   -0.00784503305719592   -0.0066505890306652   0
0.167004933336264   0.168731457302721   0.0192380471943073   -0.00439041323217115   0
0.140452215291322   0.168993017531051   -0.0265527180449416   0.000261560228329544   0
0.148812301469803   0.157072041490521   0.00836008617848075   -0.0119209760405295   0
0.168140312350311   0.157612456678557   0.0193280108805073   0.000540415188035798   0
0.167526847784855   0.154188198396473   -0.000613464565455524   -0.00342425828208434   0
0.145456980330474   0.148364157733598   -0.0220698674543807   -0.00582404066287448   0
0.152566940928662   0.161430637031822   0.00710996059818816   0.0130664792982243   0
0.171678813748115   0.149020243400855   0.0191118728194526   -0.0124103936309677   0
0.152631131933176   0.148117677889069   -0.0190476818149394   -0.000902565511785774   0
0.190548940225156   0.140328579122358   0.0379178082919801   -0.00778909876671063   0
0.177300538242979   0.167074156144809   -0.013248401982177   0.0267455770224506   0
0.17866144984761   0.146814034920031   0.001360911604631   -0.0202601212247782   0
0.175391825376812   0.155436558127424   -0.00326962447079812   0.0086225232073931   0
0.180469969626639   0.17234360611508   0.00507814424982728   0.0169070479876566   0
0.164815071420001   0.157249710980656   -0.0156548982066381   -0.015093895134424   0
0.156252286165339   0.154856310699629   -0.0085627852546622   -0.00239340028102761   0
0.217050805764365   0.171053159408121   0.0607985195990261   0.0161968487084919   0
0.161182943137412   0.16484815936643   -0.055867862626953   -0.0062050000416905   0
0.168473263002561   0.161460642105901   0.00729031986514897   -0.00338751726052888   0
0.177206692440918   0.153567746559947   0.00873342943835698   -0.00789289554595482   0
0.172179807442714   0.154433568196814   -0.00502688499820389   0.000865821636867381   0
0.161615317709213   0.151328455916262   -0.0105644897335004   -0.00310511228055219   0
0.177953312565431   0.160625041669255   0.0163379948562177   0.0092965857529935   0
0.18923763746002   0.163756982480901   0.011284324894589   0.00313194081164533   0
0.192874118027122   0.176083186849994   0.00363648056710142   0.0123262043690937   0
0.1874747143853   0.157832641098887   -0.00539940364182104   -0.0182505457511075   0
0.160156293705829   0.165515777211721   -0.0273184206794719   0.00768313611283405   0
0.169971367932484   0.163927192635176   0.00981507422665587   -0.00158858457654512   0
0.179947053593717   0.160313412273428   0.00997568566123241   -0.003613780361748   0
0.183247781286214   0.153123845162992   0.00330072769249684   -0.0071895671104355   0
0.16525228808419   0.156669771446983   -0.017995493202024   0.00354592628399117   0
0.182688608467551   0.163451265804979   0.017436320383361   0.00678149435799597   0
0.166732707138972   0.162905043710285   -0.0159559013285789   -0.000546222094693904   0
0.172477586060479   0.155773770819256   0.00574487892150746   -0.00713127289102972   0
0.161553750974095   0.1469452945019   -0.0109238350863839   -0.00882847631735612   0
0.177866309536573   0.162310352400116   0.0163125585624777   0.0153650578982169   0
0.179712852217892   0.169272540095108   0.00184654268131934   0.00696218769499168   0
0.169663395874007   0.169250800309038   -0.0100494563438854   -2.17397860697577e-05   0
0.183599279001771   0.175350380403066   0.0139358831277636   0.00609958009402772   0
0.167573602881659   0.180009435158966   -0.0160256761201114   0.00465905475589992   0
0.18242646337097   0.163192709016825   0.0148528604893112   -0.0168167261421414   0
0.24176045654937   0.166797042057855   0.0593339931784   0.0036043330410308   0
0.185227789393223   0.160823932127653   -0.0565326671561479   -0.00597310993020225   0
0.172139420480551   0.171674282982338   -0.0130883689126713   0.0108503508546852   0
0.198357648685625   0.176528818625317   0.0262182282050743   0.00485453564297839   0
