0.0894648094992663   0.0931885849482248   0   0   0
0.0768400101073002   0.123190329209764   -0.012624799391966   0.0300017442615391   0
0.0609944718243181   0.0956315471250367   -0.0158455382829822   -0.0275587820847271   0
0.0457640869920226   0.0976165230661594   -0.0152303848322954   0.00198497594112262   0
0.0779189841892982   0.0961474262334281   0.0321548971972756   -0.00146909683273125   0
0.0652291797379499   0.115736227643707   -0.0126898044513483   0.0195888014102791   0
0.0856043860419693   0.0846819491606448   0.0203752063040194   -0.0310542784830625   0
0.019864523483458   0.047412017817585   -0.0657398625585113   -0.0372699313430597   0
0.0419749787010495   0.0452075726757744   0.0221104552175915   -0.00220444514181062   0
0.0605757759498599   0.0580274517097384   0.0186007972488105   0.012819879033964   0
0.0418702925743285   0.0588012222959055   -0.0187054833755314   0.000773770586167108   0
0.0448280454354122   0.0251532337682161   0.00295775286108364   -0.0336479885276895   0
0.0719162736419713   0.0172371891820716   0.0270882282065592   -0.0079160445861445   0
0.0638701063073328   0.0199132454236307   -0.00804616733463848   0.00267605624155916   0
0.0430663579326137   0.0164603086362847   -0.0208037483747191   -0.00345293678734598   0
0.0198597291780449   0.0308412223863614   -0.0232066287545688   0.0143809137500767   0
0.0396236713905577   0.0194897873042787   0.0197639422125128   -0.0113514350820827   0
0.0113680628519957   0.00851908099359461   -0.028255608538562   -0.0109707063106841   0
0.0579221019450911   0.00785855533087666   0.0465540390930954   -0.00066052566271795   0
0.00569969008604854   0.00276385163500594   -0.0522224118590426   -0.00509470369587072   0
0.0054669032568488   0.0142325358803315   -0.00023278682919974   0.0114686842453256   0
0.0222123301228445   0.00911776410255277   0.0167454268659957   -0.00511477177777877   0
0.0275319764630802   0.0125087476887896   0.00531964634023566   0.00339098358623686   0
0.0402261741025666   0.00690683693910063   0.0126941976394864   -0.005601910749689   0
0.0291591237207585   0.00690683693910063   -0.0110670503818081   0   0
0.029163249123059   0.00735778095930084   4.12540230049219e-06   0.000450944020200208   0
0.0482945476460325   0.0054789572482936   0.0191312985229735   -0.00187882371100724   0
0.0344141294090087   0.00776188289759804   -0.0138804182370237   0.00228292564930444   0
0.0394644110789151   0.0205189081846409   0.0050502816699064   0.0127570252870429   0
0.0630976697902831   0.00991290306915815   0.0236332587113679   -0.0106060051154828   0
0.0508945515032248   0.0114014183256306   -0.0122031182870583   0.00148851525647244   0
0.0361972495955273   0.0161595051569046   -0.0146973019076975   0.00475808683127397   0
0.0520489750711971   0.0291810762848545   0.0158517254756698   0.01302157112795   0
0.0979691494463619   0.0472453830566014   0.0459201743751648   0.0180643067717469   0
0.0410993280535096   0.0429568706891575   -0.0568698213928524   -0.0042885123674439   0
0.0528117789741417   0.0306558758884802   0.0117124509206322   -0.0123009948006773   0
0.0340790421221548   0.0555599802032677   -0.018732736851987   0.0249041043147875   0
0.0476159358991179   0.0340296376404819   0.0135368937769631   -0.0215303425627858   0
0.0467963254817619   0.0310617078031376   -0.00081961041735594   -0.00296792983734425   0
0.0203223773341629   0.0479036002440579   -0.026473948147599   0.0168418924409202   0
0.0609098696807209   0.0292647521753559   0.0405874923465579   -0.0186388480687019   0
0.0283151534161163   0.0305989618218086   -0.0325947162646046   0.00133420964645266   0
0.00622095690843459   0.0287167253081284   -0.0220941965076817   -0.00188223651368023   0
0.0659234710754986   0.0207117598762756   0.059702514167064   -0.00800496543185276   0
0.0651290607521903   0.0267843725605062   -0.000794410323308251   0.00607261268423064   0
0.0620475240130902   0.0302139302705722   -0.00308153673910019   0.00342955771006597   0
0.0575404150639444   0.037286424188101   -0.00450710894914574   0.00707249391752874   0
0.0304269348877553   0.0383523492529793   -0.0271134801761891   0.00106592506487831   0
0.0475497739853724   0.0266545634560951   0.0171228390976171   -0.0116977857968842   0
0.0847721554894648   0.0198348157546749   0.0372223815040924   -0.00681974770142018   0
0.0512021469866255   0.0261068058736127   -0.0335700085028393   0.00627199011893782   0
0.0327427997280089   0.048959590767438   -0.0184593472586166   0.0228527848938253   0
0.0421867313802112   0.0379638148278726   0.00944393165220234   -0.0109957759395654   0
0.0495743118786898   0.0411025498717841   0.00738758049847851   0.0031387350439115   0
0.0519209178224923   0.042667431465346   0.00234660594380255   0.00156488159356193   0
0.0433053739908802   0.0460012540323359   -0.00861554383161215   0.00333382256698986   0
0.0526983911384399   0.0438600510248506   0.00939301714755973   -0.00214120300748528   0
0.0554976821983585   0.0510130730727389   0.00279929105991863   0.00715302204788829   0
0.0637020001539983   0.0551018061455566   0.00820431795563979   0.0040887330728177   0
0.04243085192898   0.0569158828257324   -0.0212711482250183   0.00181407668017579   0
0.0665875102026649   0.032153887746624   0.0241566582736849   -0.0247619950791084   0
0.0388768317909266   0.0546474197483574   -0.0277106784117383   0.0224935320017333   0
0.0658822673378808   0.092847957266571   0.0270054355469543   0.0382005375182136   0
0.0794742496007984   0.0217844692992831   0.0135919822629175   -0.071063487967288   0
0.0550673485996012   0.030335944400249   -0.0244069010011972   0.00855147510096596   0
0.0928234189748471   0.0284476129182661   0.0377560703752459   -0.00188833148198293   0
0.092369483714807   0.0219953126120663   -0.000453935260040048   -0.00645230030619975   0
0.106998600800291   0.0169517605073927   0.0146291170854838   -0.00504355210467361   0
0.0855830533131998   0.0366008939420201   -0.021415547487091   0.0196491334346273   0
0.0970310023735198   0.023813465343469   0.01144794906032   -0.012787428598551   0
0.0790178221752536   0.023006674875077   -0.0180131801982662   -0.000806790468392   0
0.0767857819529762   0.0313714177499842   -0.00223204022227745   0.0083647428749072   0
0.0532301452162447   0.0317956293506517   -0.0235556367367314   0.000424211600667503   0
0.1313476176308   0.051751126573124   0.0781174724145555   0.0199554972224723   0
0.222369824444797   0.164369578095492   0.0910222068139972   0.112618451522368   0
0.101674058067828   0.208164043952767   -0.12069576637697   0.0437944658572753   0
0.121555663431944   0.219016303669847   0.0198816053641161   0.0108522597170795   0
0.100074723832294   0.237614121722705   -0.0214809395996494   0.0185978180528584   0
0.153018816090212   0.281181206602815   0.0529440922579172   0.0435670848801101   0
0.196804857442849   0.265577646618032   0.0437860413526371   -0.0156035599847827   0
0.19044639107657   0.257742429555516   -0.00635846636627826   -0.00783521706251661   0
0.213623189417722   0.25673119489243   0.0231767983411517   -0.00101123466308556   0
0.227474064404472   0.256871387202862   0.0138508749867501   0.000140192310431442   0
0.157376913723996   0.236462496868933   -0.0700971506804765   -0.020408890333929   0
0.173314004851455   0.22233736209135   0.0159370911274588   -0.0141251347775829   0
0.169357523326276   0.236759588826915   -0.00395648152517888   0.0144222267355655   0
0.173199965786515   0.234805077740139   0.00384244246023943   -0.0019545110867768   0
0.191007876607223   0.213589202659755   0.0178079108207076   -0.0212158750803833   0
0.184594349050804   0.226884635348672   -0.00641352755641886   0.0132954326889171   0
0.184254950717993   0.258035170703026   -0.000339398332810908   0.0311505353543542   0
0.175120168099965   0.253202040653803   -0.00913478261802789   -0.0048331300492237   0
0.153744658558403   0.254871342769332   -0.0213755095415618   0.00166930211552957   0
0.187194822091424   0.230831491467613   0.033450163533021   -0.0240398513017198   0
0.223243101997576   0.203877599492447   0.0360482799061514   -0.0269538919751658   0
0.330934953576454   0.266871144033188   0.107691851578879   0.0629935445407411   0
0.24232450799754   0.21000815586529   -0.0886104455789141   -0.0568629881678977   0
0.202380035911253   0.230589213437522   -0.0399444720862875   0.0205810575722317   0
0.257217087183667   0.238988019229903   0.0548370512724138   0.00839880579238114   0
0.305701319184282   0.217403204245435   0.0484842320006149   -0.0215848149844676   0
0.22005521621275   0.216136989275714   -0.0856461029715319   -0.00126621496972165   0
0.21905085966097   0.176392636844633   -0.00100435655177958   -0.039744352431081   0
0.15479874710785   0.165563132471129   -0.0642521125531204   -0.0108295043735041   0
0.1226978334715   0.218167076464919   -0.0321009136363495   0.0526039439937908   0
0.0939444986931113   0.230625775777557   -0.0287533347783889   0.0124586993126376   0
0.177064795425432   0.21380115151058   0.0831202967323204   -0.016824624266977   0
0.149390688632123   0.206236221462793   -0.0276741067933085   -0.00756493004778749   0
0.164930619407192   0.196853392961615   0.0155399307750687   -0.00938282850117755   0
0.199023666088332   0.198247608018357   0.0340930466811404   0.0013942150567417   0
0.210616747765912   0.233353126699108   0.0115930816775802   0.0351055186807514   0
0.204996232111715   0.200889989598312   -0.00562051565419783   -0.0324631371007959   0
0.187269330652539   0.17337919877388   -0.0177269014591756   -0.0275107908244325   0
0.184972096909264   0.15746544860448   -0.00229723374327542   -0.0159137501694001   0
0.168989942500286   0.173278890676303   -0.0159821544089775   0.0158134420718229   0
0.173384093507334   0.1438141351217   0.00439415100704807   -0.0294647555546028   0
0.184942662349685   0.154373138979066   0.0115585688423509   0.0105590038573662   0
0.224837942909814   0.111543473809542   0.0398952805601292   -0.0428296651695239   0
0.240207809706114   0.147285487929056   0.0153698667963002   0.0357420141195136   0
0.132735226857719   0.11983627586524   -0.107472582848396   -0.0274492120638152   0
0.290749719050887   0.13394008720133   0.158014492193169   0.01410381133609   0
0.319080513349875   0.163587459992362   0.0283307942989879   0.0296473727910312   0
0.341861895297224   0.153635152560018   0.0227813819473485   -0.00995230743234357   0
0.269929397273824   0.170874255680376   -0.0719324980233996   0.017239103120358   0
0.320967342793453   0.14921208266605   0.0510379455196289   -0.0216621730143264   0
0.344544054401654   0.156848819209846   0.023576711608201   0.00763673654379626   0
0.361541985025543   0.168508758710281   0.016997930623889   0.0116599395004355   0
0.327223766589715   0.170422478969412   -0.0343182184358285   0.00191372025913111   0
0.272304714258953   0.18255471018596   -0.0549190523307617   0.0121322312165475   0
0.259544272905279   0.181294884073103   -0.0127604413536738   -0.0012598261128571   0
0.275920172454353   0.195654482627801   0.0163758995490741   0.0143595985546982   0
0.341066534032071   0.188041378401962   0.065146361577718   -0.00761310422583863   0
0.358259356883655   0.155091851073259   0.0171928228515836   -0.0329495273287039   0
0.334985415590366   0.130864127765518   -0.0232739412932892   -0.0242277233077406   0
0.376176498462788   0.161406357828378   0.0411910828724218   0.0305422300628604   0
0.334222961545972   0.171109381287095   -0.041953536916816   0.00970302345871676   0
0.316453578232132   0.157874118630413   -0.0177693833138396   -0.0132352626566819   0
0.320183901794216   0.138341521910452   0.00373032356208447   -0.0195325967199615   0
0.31490673923338   0.16128917549439   -0.00527716256083638   0.0229476535839378   0
0.340179599141101   0.167960914741823   0.0252728599077208   0.00667173924743361   0
0.330833749230535   0.171219213030139   -0.00934584991056586   0.00325829828831548   0
0.355500622778059   0.164298859608519   0.0246668735475244   -0.00692035342161917   0
0.36236043689124   0.145733205580986   0.00685981411318021   -0.0185656540275332   0
0.330728513615057   0.151448406530607   -0.0316319232761827   0.00571520094962075   0
0.292951111501231   0.129179663989383   -0.0377774021138254   -0.0222687425412236   0
0.319975881214444   0.12510341961834   0.0270247697132125   -0.00407624437104323   0
0.329516935021951   0.142948252573475   0.00954105380750736   0.0178448329551348   0
0.285682634845254   0.130493206755524   -0.0438343001766971   -0.0124550458179507   0
0.334178080774084   0.151865867930297   0.0484954459288294   0.021372661174773   0
0.325184191774954   0.12791556662503   -0.00899388899912973   -0.0239503013052673   0
0.316095802726578   0.127346872447697   -0.0090883890483755   -0.000568694177333073   0
0.384197871757302   0.135427841995285   0.0681020690307232   0.00808096954758847   0
0.354920715142598   0.132332517919104   -0.029277156614704   -0.00309532407618135   0
0.371493156448087   0.136940456541301   0.0165724413054889   0.00460793862219711   0
0.36528628723596   0.134816526732222   -0.00620686921212676   -0.00212392980907891   0
0.38255382413575   0.145481514242575   0.0172675368997899   0.0106649875103526   0
0.341494942299221   0.124293815628423   -0.041058881836529   -0.0211876986141515   0
0.385320632954725   0.126024972935923   0.0438256906555046   0.00173115730749915   0
0.385269612863511   0.137978762092903   -5.10200912138825e-05   0.0119537891569807   0
0.356620126716146   0.122321400419438   -0.0286494861473655   -0.0156573616734652   0
0.351856853767727   0.100721145144652   -0.0047632729484185   -0.0216002552747863   0
0.359817064656333   0.0952560566980389   0.00796021088860593   -0.00546508844661285   0
0.322609179598923   0.127347809215981   -0.0372078850574106   0.0320917525179425   0
0.360300811806719   0.108178569635626   0.0376916322077964   -0.0191692395803553   0
0.431560240326031   0.16437656228964   0.0712594285193118   0.0561979926540142   0
0.442384637314891   0.16695110570554   0.01082439698886   0.00257454341590005   0
0.505630044542812   0.151737064301838   0.0632454072279213   -0.0152140414037028   0
0.712473558178195   0.318009158592956   0.206843513635383   0.166272094291119   0
0.658499581510581   0.294485988582581   -0.0539739766676144   -0.0235231700103753   0
0.735435688990114   0.285274450630003   0.0769361074795335   -0.0092115379525779   0
0.77982403513696   0.276954461763121   0.0443883461468453   -0.00831998886688212   0
0.762484000747484   0.264176184242638   -0.0173400343894751   -0.0127782775204833   0
0.74696681722816   0.277866892480015   -0.0155171835193241   0.013690708237377   0
0.668688071625794   0.308780437126852   -0.0782787456023668   0.0309135446468378   0
0.697910327017476   0.306085967357228   0.0292222553916823   -0.0026944697696244   0
0.668868589742195   0.315449718657348   -0.0290417372752813   0.00936375130012007   0
0.622711255713438   0.320562381475899   -0.046157334028757   0.00511266281855133   0
0.683887257095404   0.353493304437651   0.0611760013819667   0.032930922961752   0
0.706102981745128   0.356691569996054   0.0222157246497232   0.00319826555840286   0
0.719190486231569   0.366166472281734   0.013087504486441   0.00947490228567999   0
0.674145944291857   0.346893228540498   -0.0450445419397113   -0.0192732437412365   0
0.686749650211371   0.423677970974713   0.0126037059195134   0.0767847424342156   0
0.671583947930259   0.418551087850993   -0.015165702281112   -0.00512688312371989   0
0.61682675764999   0.368165541761447   -0.0547571902802683   -0.0503855460895461   0
0.532573710571121   0.369961975267729   -0.0842530470788692   0.00179643350628206   0
0.616138913993466   0.373764365750335   0.0835652034223451   0.00380239048260533   0
0.599337222035913   0.372991494543106   -0.0168016919575532   -0.00077287120722852   0
0.57261103296015   0.339452798448474   -0.0267261890757631   -0.0335386960946327   0
0.510613757620415   0.33388550722291   -0.061997275339735   -0.00556729122556338   0
0.504816458439897   0.35604960376786   -0.00579729918051797   0.0221640965449497   0
0.562117689088013   0.332816135074984   0.057301230648116   -0.0232334686928758   0
0.543440984309594   0.333757292801596   -0.0186767047784187   0.000941157726611574   0
0.570688034469573   0.336490335375327   0.0272470501599787   0.0027330425737313   0
0.520242790519244   0.31371960699365   -0.0504452439503292   -0.0227707283816772   0
0.468349833220681   0.351827707546251   -0.0518929572985626   0.0381081005526009   0
0.491719154768024   0.331656959123806   0.0233693215473423   -0.0201707484224445   0
0.490634996229728   0.346300363015259   -0.00108415853829519   0.0146434038914526   0
0.442127866995692   0.25494356661279   -0.0485071292340367   -0.0913567964024689   0
0.477841605880561   0.295961932194835   0.0357137388848688   0.041018365582045   0
0.467894331774697   0.313514325431965   -0.00994727410586377   0.0175523932371301   0
0.491540787797198   0.315199616450992   0.0236464560225012   0.00168529101902715   0
0.445917401696135   0.263513856351995   -0.0456233861010631   -0.0516857600989968   0
0.493260996599782   0.288344007684398   0.047343594903647   0.0248301513324025   0
0.593365937530938   0.291947960528109   0.100104940931156   0.00360395284371162   0
0.625664048251943   0.273969126756232   0.0322981107210054   -0.017978833771877   0
0.609182692333105   0.293355142481979   -0.0164813559188384   0.0193860157257471   0
0.615896741820494   0.294993389637586   0.0067140494873893   0.00163824715560629   0
0.613207795971574   0.278565081726196   -0.00268894584891943   -0.0164283079113893   0
0.637376700960123   0.285309793790666   0.0241689049885485   0.00674471206446986   0
0.609572901647506   0.255206184303736   -0.027803799312617   -0.0301036094869302   0
0.595699658468427   0.279335305054468   -0.0138732431790795   0.0241291207507316   0
0.723231380564035   0.24510797486567   0.127531722095609   -0.0342273301887975   0
0.745386656284885   0.263872888578005   0.02215527572085   0.0187649137123344   0
0.73683463067858   0.293229282706383   -0.00855202560630475   0.0293563941283786   0
0.734363587736518   0.28999119715131   -0.0024710429420628   -0.0032380855550731   0
0.69244998419392   0.316385475441351   -0.0419136035425975   0.0263942782900414   0
0.771798427619602   0.302670698671014   0.0793484434256819   -0.0137147767703371   0
0.74402856863177   0.276898670118692   -0.0277698589878322   -0.0257720285523229   0
0.871908370239304   0.284205795995173   0.127879801607535   0.00730712587648163   0
0.711202673829029   0.309090724838194   -0.160705696410275   0.0248849288430205   0
0.681187038865164   0.337753530260233   -0.0300156349638653   0.0286628054220391   0
0.825666184921419   0.328234806044773   0.144479146056255   -0.00951872421545941   0
0.821620060997229   0.312241329610607   -0.00404612392418968   -0.0159934764341659   0
0.825441810068257   0.30959909026877   0.00382174907102795   -0.00264223934183744   0
0.893492155481518   0.327637731528666   0.0680503454132616   0.0180386412598956   0
0.873817077750309   0.330537286194765   -0.0196750777312091   0.00289955466609937   0
0.916595365114623   0.350478988058485   0.0427782873643142   0.0199417018637205   0
0.748100298935918   0.33182334080539   -0.168495066178705   -0.0186556472530955   0
0.71981210332575   0.296422853170096   -0.0282881956101683   -0.0354004876352945   0
0.8490168370326   0.337085296939068   0.12920473370685   0.0406624437689729   0
0.950850780043793   0.321130928847954   0.101833943011194   -0.015954368091114   0
0.852263258402713   0.316452089203484   -0.0985875216410801   -0.00467883964447013   0
0.928199274303579   0.326941603997564   0.0759360159008656   0.0104895147940797   0
0.834362992695176   0.278456556445076   -0.093836281608403   -0.0484850475524877   0
0.808918761847047   0.291670897652217   -0.0254442308481284   0.0132143412071405   0
0.742465011563508   0.277756059308793   -0.0664537502835394   -0.0139148383434234   0
0.854314023897513   0.338661357301435   0.111849012334005   0.0609052979926412   0
0.837526520297865   0.428873610557644   -0.0167875035996476   0.0902122532562097   0
0.722298528926371   0.356325583425117   -0.115227991371494   -0.0725480271325273   0
0.722188492026458   0.287407002770461   -0.000110036899912846   -0.0689185806546556   0
0.748570365707086   0.355875872422534   0.0263818736806272   0.068468869652073   0
0.849971050841786   0.40148035717112   0.1014006851347   0.0456044847485854   0
1.0170244075654   0.463548332762076   0.167053356723618   0.0620679755909558   0
1.10176793537834   0.469844643571947   0.0847435278129318   0.00629631080987142   0
1.15632760780689   0.453316089700664   0.0545596724285566   -0.0165285538712835   0
1.13766502793661   0.466954631011675   -0.0186625798702853   0.0136385413110119   0
1.0597641356213   0.46756042744949   -0.0779008923153073   0.000605796437814832   0
0.674697603650376   0.213695003484616   -0.385066531970923   -0.253865423964874   0
0.67303186352155   0.25623505345727   -0.00166574012882637   0.0425400499726541   0
0.731675712022232   0.284148351544136   0.0586438485006819   0.0279132980868662   0
0.696090936708912   0.29313078483375   -0.03558477531332   0.0089824332896134   0
0.733992711206051   0.291684254920453   0.0379017744971391   -0.0014465299132963   0
