0.135070938277818   0.191385153388396   0   0   0
0.321045368415571   0.202804593856377   0.185974430137754   0.0114194404679806   0
0.187340626735901   0.177243210937683   -0.133704741679671   -0.0255613829186939   0
0.172840218431359   0.181146735875229   -0.0145004083045412   0.00390352493754603   0
0.143876356004731   0.171995122766606   -0.0289638624266287   -0.00915161310862267   0
0.138486188332303   0.210085620148667   -0.00539016767242803   0.0380904973820606   0
0.115099536813447   0.258202633352179   -0.0233866515188558   0.0481170132035124   0
0.132079054792219   0.242855093556837   0.0169795179787726   -0.0153475397953425   0
0.256702309484819   0.235331016405084   0.1246232546926   -0.00752407715175274   0
0.133179081451449   0.242378318349641   -0.123523228033371   0.00704730194455699   0
0.168915933661363   0.227676468768184   0.0357368522099143   -0.0147018495814569   0
0.136353517396509   0.254378996564182   -0.0325624162648543   0.0267025277959975   0
0.116823845278993   0.25317856808091   -0.0195296721175161   -0.00120042848327179   0
0.295528825047998   0.255609154793505   0.178704979769005   0.00243058671259505   0
0.127520902564364   0.24879949315915   -0.168007922483634   -0.0068096616343549   0
0.140501443818204   0.260298669958185   0.0129805412538403   0.0114991767990346   0
0.159784353713529   0.23517037495763   0.0192829098953243   -0.0251282950005543   0
0.0436250698792896   0.0785056550375513   -0.116159283834239   -0.156664719920079   0
0.12330918693082   0.29294145415266   0.0796841170515308   0.214435799115109   1
0.249150380914459   0.0702274576766986   0.125841193983639   -0.222713996475961   0
0.00541044958125857   0.0318535549532372   -0.2437399313332   -0.0383739027234615   0
0.110781958717673   0.0404757018774811   0.105371509136414   0.00862214692424391   0
0.130620482770662   0.0589282286966546   0.0198385240529898   0.0184525268191735   0
0.0862099546918597   0.0847595087543484   -0.0444105280788027   0.0258312800576938   0
0.146930199513783   0.116982421341125   0.0607202448219231   0.0322229125867766   0
0.0343059262314895   0.0999259803154064   -0.112624273282293   -0.0170564410257186   0
0.0465603169170878   0.112923910482557   0.0122543906855983   0.0129979301671503   0
0.154322602297914   0.122900275077448   0.107762285380826   0.00997636459489168   0
0.0430482223939182   0.131197748807335   -0.111274379903995   0.00829747372988623   0
0.153827450299353   0.166078819014902   0.110779227905435   0.0348810702075668   0
0.0450301553780397   0.136708830510158   -0.108797294921314   -0.0293699885047431   0
0.151805335183575   0.150649527214326   0.106775179805535   0.0139406967041678   0
0.0858543870942073   0.167754805866606   -0.0659509480893678   0.0171052786522793   0
0.0409419205623087   0.167980614387271   -0.0449124665318986   0.000225808520665366   0
0.208481580297242   0.174304499948832   0.167539659734933   0.00632388556156147   0
0.0248358993672547   0.199757887623055   -0.183645680929987   0.0254533876742225   0
0.0850632461573863   0.221511037988753   0.0602273467901317   0.0217531503656987   0
0.0156189191411218   0.211299547297936   -0.0694443270162645   -0.0102114906908179   0
0.00760909768558774   0.208459358222952   -0.00800982145553403   -0.0028401890749836   0
0.0201888994747435   0.221297481555355   0.0125798017891558   0.0128381233324026   0
0.125412107005255   0.220865437464019   0.105223207530512   -0.000432044091335515   0
0.041702378816227   0.229355263282211   -0.0837097281890282   0.0084898258181923   0
0.0736526380694161   0.227405024426276   0.0319502592531891   -0.00195023885593582   0
0.0767660221247031   0.235875918330094   0.00311338405528698   0.00847089390381811   0
0.0533705119456437   0.223270885577061   -0.0233955101790593   -0.0126050327530328   0
0.0408202373323576   0.255659533122809   -0.0125502746132861   0.0323886475457478   0
0.117894230459096   0.252643300810792   0.0770739931267383   -0.00301623231201636   0
0.0550881875705672   0.158006714859124   -0.0628060428885286   -0.0946365859516683   0
0.234409998689924   0.0860709296381333   0.179321811119356   -0.0719357852209906   0
0.0767336103887397   0.136447994734816   -0.157676388301184   0.0503770650966831   0
0.197660545230074   0.137156631997518   0.120926934841334   0.000708637262701262   0
0.147097950845075   0.156788435482827   -0.050562594384999   0.019631803485309   0
0.0518594544819563   0.159148138491792   -0.0952384963631183   0.00235970300896499   0
0.0578947918750901   0.221580279150695   0.00603533739313378   0.0624321406589035   0
0.13912653283055   0.231070242913605   0.0812317409554595   0.00948996376290998   0
0.128253099896455   0.238025104272433   -0.0108734329340948   0.00695486135882764   0
0.086047293196358   0.21506437229525   -0.0422058067000968   -0.0229607319771826   0
0.0939785942019245   0.249479024256855   0.00793130100556648   0.0344146519616048   0
0.049857830514875   0.24725960928791   -0.0441207636870495   -0.00221941496894487   0
0.212317300911806   0.247196848481939   0.162459470396931   -6.27608059716733e-05   0
0.0602758917307741   0.261283521507581   -0.152041409181032   0.0140866730256424   0
0.117566139611127   0.264893949194583   0.0572902478803525   0.00361042768700237   0
0.0756367125357786   0.23837659456205   -0.041929427075348   -0.0265173546325332   0
0.165580411771713   0.216949045496863   0.0899436992359343   -0.0214275490651869   0
0.220524323406376   0.204518617629912   0.0549439116346633   -0.0124304278669515   0
0.098829836689686   0.228652889567353   -0.12169448671669   0.0241342719374411   0
0.116804478945715   0.200358019948042   0.0179746422560291   -0.0282948696193107   0
0.149379767734925   0.189203691099037   0.0325752887892095   -0.0111543288490045   0
0.188195308815868   0.22341995149214   0.0388155410809437   0.0342162603931021   0
0.205040444462282   0.128911358522203   0.0168451356464134   -0.0945085929699364   0
0.210440777449381   0.14364693015941   0.00540033298709958   0.0147355716372072   0
0.191072833262633   0.142415978219273   -0.0193679441867481   -0.00123095194013709   0
0.121914083587131   0.143576768077221   -0.069158749675502   0.00116078985794743   0
0.192752334540285   0.204590109274007   0.070838250953154   0.061013341196786   0
0.111006664159815   0.202861107404179   -0.08174567038047   -0.00172900186982727   0
0.214444988912052   0.20780024275431   0.103438324752237   0.00493913535013021   0
0.142759163825864   0.202638207584972   -0.0716858250861873   -0.00516203516933811   0
0.13788848979788   0.203448429048985   -0.00487067402798463   0.000810221464013772   0
0.105169977948263   0.22249059824069   -0.0327185118496163   0.0190421691917044   0
0.098864326398302   0.227382674680262   -0.00630565154996145   0.0048920764395726   0
0.177156839291318   0.232968193036625   0.0782925128930163   0.00558551835636231   0
0.102507458381281   0.24913386997807   -0.0746493809100376   0.0161656769414456   0
0.151803232796308   0.257047981696998   0.049295774415027   0.00791411171892734   0
0.106355869526834   0.262686495487016   -0.0454473632694739   0.00563851379001828   0
0.13515404109493   0.250134425659984   0.0287981715680961   -0.0125520698270319   0
0.182927175487187   0.252212755722228   0.0477731343922568   0.00207833006224362   0
0.124379345087518   0.277911416984351   -0.0585478303996682   0.0256986612621238   0
0.113289735427134   0.283379362205507   -0.0110896096603846   0.00546794522115579   0
0.103453666887453   0.277577762070829   -0.00983606853968133   -0.00580160013467768   0
0.109608009268392   0.282054729426755   0.00615434238093984   0.00447696735592557   0
0.116939241073174   0.260525579583848   0.00733123180478198   -0.0215291498429069   0
0.149273457286853   0.292320193637901   0.0323342162136788   0.031794614054053   0
0.12450680975276   0.266699305815557   -0.0247666475340931   -0.0256208878223441   0
0.172644880632239   0.272898180940713   0.0481380708794787   0.00619887512515577   0
0.114129083767552   0.30472603669854   -0.0585157968646869   0.0318278557578273   0
0.193434397103437   0.309863830298488   0.0793053133358846   0.00513779359994765   0
0.150192124447056   0.240531272774456   -0.0432422726563805   -0.0693325575240313   0
0.135941424939788   0.276619458240016   -0.0142506995072682   0.0360881854655596   0
0.146838919507602   0.293540778312401   0.010897494567814   0.0169213200723847   0
0.123615512955737   0.289995426576869   -0.0232234065518649   -0.00354535173553217   0
0.126213407447466   0.283490514277815   0.0025978944917287   -0.0065049122990537   0
0.163332751448936   0.285016400358821   0.0371193440014705   0.00152588608100651   0
0.145400041826713   0.282491090382069   -0.0179327096222229   -0.00252530997675288   0
0.160149396494648   0.302195988582741   0.0147493546679347   0.0197048982006722   0
0.132699626955843   0.314578271688065   -0.0274497695388047   0.0123822831053241   0
0.131927078908843   0.318547659958836   -0.000772548047000748   0.00396938827077081   0
0.114313594557523   0.325179582500962   -0.0176134843513192   0.00663192254212641   0
0.127088911782657   0.328111316699455   0.0127753172251337   0.0029317341984928   0
0.160911071481176   0.319664897500492   0.0338221596985185   -0.00844641919896305   0
0.121681517282823   0.331657813938176   -0.0392295541983524   0.0119929164376845   0
0.174806826341937   0.338574963844789   0.0531253090591135   0.00691714990661241   0
0.143258456800218   0.335807042648379   -0.0315483695417184   -0.00276792119641012   0
0.166376361343792   0.33116903225883   0.0231179045435736   -0.00463801038954859   0
0.125497866406622   0.341881351814485   -0.0408784949371703   0.0107123195556554   0
0.257054476627737   0.321323122371002   0.131556610221116   -0.0205582294434834   0
0.145351839047464   0.347694444604023   -0.111702637580273   0.0263713222330209   0
0.278812647926632   0.326948931982504   0.133460808879167   -0.020745512621519   0
0.169714706375847   0.333016421178821   -0.109097941550785   0.00606748919631722   0
0.129593528798702   0.344827940436241   -0.0401211775771451   0.0118115192574201   0
0.138784088646321   0.334235050922999   0.00919055984761941   -0.0105928895132418   0
0.193514822520783   0.352604333032792   0.0547307338744612   0.0183692821097924   0
0.128573461395788   0.343157828609519   -0.064941361124995   -0.00944650442327288   0
0.12157912816705   0.353046703835697   -0.00699433322873753   0.00988887522617754   0
0.282087257810416   0.351563054805962   0.160508129643366   -0.0014836490297343   0
0.160991136025994   0.365427410026602   -0.121096121784422   0.0138643552206394   0
0.141205215110161   0.37348029583634   -0.0197859209158325   0.00805288580973834   0
0.268814256175152   0.348543521757685   0.12760904106499   -0.0249367740786547   0
0.12971736374365   0.367381725663512   -0.139096892431502   0.0188382039058268   0
0.187888370327277   0.365610358394357   0.0581710065836271   -0.00177136726915522   0
0.139432704535234   0.358412391776568   -0.0484556657920426   -0.00719796661778888   0
0.138984935664158   0.360850099586379   -0.000447768871076976   0.00243770780981156   0
0.152725482573931   0.376912000154877   0.0137405469097732   0.0160619005684975   0
0.249486322912279   0.364567192235876   0.0967608403383484   -0.0123448079190012   0
0.154285943287683   0.382679037226041   -0.0952003796245966   0.0181118449901657   0
0.150455684175541   0.379873481498117   -0.00383025911214202   -0.00280555572792474   0
0.257382161463144   0.387744869584047   0.106926477287604   0.0078713880859308   0
0.141740892521848   0.395632703796716   -0.115641268941296   0.00788783421266853   0
0.181455699426086   0.380006146610157   0.039714806904238   -0.0156265571865591   0
0.145242758333936   0.390662138701398   -0.0362129410921503   0.0106559920912407   0
0.182320724341063   0.388530317071268   0.0370779660071278   -0.00213182163012965   0
0.180018476599515   0.398480841854725   -0.00230224774154869   0.0099505247834567   0
0.152173397682644   0.39104909935838   -0.027845078916871   -0.00743174249634476   0
0.151741818272165   0.391405914490635   -0.000431579410478139   0.000356815132254829   0
0.188442425831048   0.383252724742434   0.0367006075588824   -0.00815318974820051   0
0.146397839303215   0.407431146716841   -0.0420445865278328   0.0241784219744068   0
0.160184831151423   0.405407389422973   0.0137869918482082   -0.00202375729386806   0
0.152303616037553   0.400747288164561   -0.00788121511387022   -0.0046601012584116   0
0.179116217332798   0.400658792414755   0.0268126012952445   -8.84957498060168e-05   0
0.168451071906741   0.409278229398413   -0.0106651454260567   0.00861943698365769   0
0.15324494908417   0.397498892032104   -0.0152061228225704   -0.0117793373663094   0
0.202995496140087   0.304705597940865   0.0497505470559163   -0.0927932940912388   0
0.165862058753924   0.385169318935517   -0.0371334373861632   0.080463720994652   0
0.183743753550971   0.38310120708861   0.0178816947970475   -0.00206811184690697   0
0.181293815729219   0.387228618189242   -0.00244993782175215   0.00412741110063236   0
0.191325277711572   0.428872819627054   0.0100314619823526   0.0416442014378122   0
0.336213111329942   0.447131875125572   0.14488783361837   0.0182590554985174   0
0.248364689827278   0.478530017619647   -0.0878484215026641   0.0313981424940754   0
0.418341872140478   0.472858661929199   0.1699771823132   -0.0056713556904483   0
0.286906932134795   0.495926544774183   -0.131434940005683   0.0230678828449842   0
0.450180257805693   0.51201357770471   0.163273325670898   0.0160870329305265   0
0.341717885651307   0.512023678364661   -0.108462372154385   1.01006599514397e-05   0
0.24800409059699   0.512079224994993   -0.0937137950543175   5.55466303315821e-05   0
0.389561214796853   0.497027485721134   0.141557124199863   -0.0150517392738583   0
0.405836599258864   0.507706473666133   0.016275384462011   0.0106789879449987   0
0.53689290177744   0.539534459300099   0.131056302518576   0.0318279856339656   0
0.521660499185054   0.54846502896037   -0.0152324025923858   0.00893056966027161   0
0.543103833353255   0.594941127415749   0.0214433341682005   0.0464760984553786   0
0.818896225681252   1.61004316346923   0.275792392327997   1.01510203605348   1
0.876314190754093   1.6533673054776   0.0574179650728406   0.0433241420083692   0
0.868566673521958   1.60253539095085   -0.00774751723213429   -0.0508319145267451   0
0.713414348137883   1.621028760425   -0.155152325384076   0.0184933694741438   0
0.814881746820359   1.66151281603762   0.101467398682477   0.0404840556126205   0
0.790095626397843   1.66983574839151   -0.0247861204225162   0.00832293235389847   0
0.8444464931125   1.67419430404419   0.0543508667146572   0.0043585556526724   0
0.785668376053154   1.67220920926898   -0.0587781170593464   -0.00198509477520359   0
0.728730827773191   1.65552736920717   -0.056937548279963   -0.0166818400618178   0
0.814192481453863   1.67654359310875   0.0854616536806726   0.0210162239015845   0
0.746015497569588   1.69296881578198   -0.0681769838842755   0.0164252226732324   0
0.844251497651026   1.68847303512197   0.0982360000814378   -0.00449578066001211   0
0.76712526248586   1.70670025211254   -0.0771262351651656   0.0182272169905671   0
0.865710845094365   1.73196446526343   0.0985855826085049   0.0252642131508951   0
0.740026608934436   1.71351095742346   -0.12568423615993   -0.0184535078399768   0
0.733090273526392   1.71081175488421   -0.00693633540804384   -0.00269920253924316   0
0.880435618160124   1.73398851701532   0.147345344633733   0.0231767621311101   0
0.700473334360417   1.7320180064956   -0.179962283799708   -0.00197051051972075   0
0.708710092273279   1.66254376902956   0.0082367579128626   -0.0694742374660466   0
0.886663556803255   1.74963919751502   0.177953464529976   0.0870954284854633   0
0.766922896149281   1.78292990553723   -0.119740660653975   0.0332907080222122   0
0.822710585310533   1.81660774011955   0.0557876891612525   0.0336778345823165   0
0.823433380350888   1.78165907213059   0.000722795040354884   -0.0349486679889532   0
0.688586741800799   1.72398285741912   -0.134846638550089   -0.0576762147114729   0
0.715196843624886   1.76720481096957   0.0266101018240874   0.0432219535504501   0
0.776082377016519   1.75579400831219   0.0608855333916326   -0.011410802657378   0
0.717044453102149   1.74756914899132   -0.0590379239143699   -0.00822485932087269   0
0.722085740591102   1.82180881348044   0.00504128748895283   0.0742396644891166   0
0.832110673935865   1.75312495448841   0.110024933344764   -0.0686838589920247   0
0.912176861945095   1.75027028149405   0.0800661880092293   -0.00285467299436593   0
0.797022522792173   1.75475327024692   -0.115154339152922   0.0044829887528699   0
0.785469718019097   1.77463982846696   -0.011552804773076   0.0198865582200458   0
0.8851415579646   1.79451165252841   0.0996718399455032   0.0198718240614488   0
0.764936699507221   1.74909350182716   -0.12020485845738   -0.0454181507012508   0
0.767896983375374   1.78895077007649   0.00296028386815361   0.0398572682493246   0
0.775847704526475   1.79488550143011   0.00795072115110029   0.00593473135361977   0
0.785802218213337   1.7979700689431   0.00995451368686184   0.00308456751299335   0
0.694100730520434   1.78900840164943   -0.0917014876929027   -0.0089616672936681   0
0.736788942330841   1.79469433978853   0.0426882118104076   0.00568593813910301   0
0.820332189158758   1.81162654574618   0.0835432468279164   0.0169322059576502   0
0.809607873653042   1.85002990183733   -0.0107243155057157   0.038403356091149   0
0.722378765139868   1.82941978439484   -0.0872291085131744   -0.020610117442496   0
0.776388103332991   1.84540169395609   0.0540093381931238   0.0159819095612517   0
0.848526197059348   1.86502017432547   0.0721380937263569   0.0196184803693802   0
0.789539664096111   1.86900193770633   -0.0589865329632372   0.00398176338085721   0
0.850302289393014   1.85849933854905   0.0607626252969024   -0.0105025991572771   0
0.848574812447907   1.87450665291571   -0.00172747694510689   0.0160073143666593   0
0.748904674439945   1.88374571416871   -0.0996701380079617   0.00923906125300666   0
0.831244320105112   2.21500413500743   0.082339645665167   0.331258420838713   1
1.49353868415954   2.89372350248344   0.662294364054425   0.678719367476008   1
1.39077921610513   2.80192720316303   -0.102759468054407   -0.0917962993204049   0
1.43690375100074   2.85001111353973   0.046124534895611   0.0480839103767039   0
1.527236109487   2.8534166783218   0.0903323584862632   0.00340556478206278   0
1.5175569432733   2.82812936269719   -0.00967916621370479   -0.0252873156246096   0
1.42782114008898   2.86358550155657   -0.0897358031843176   0.0354561388593839   0
1.40376368285727   2.81105496590693   -0.0240574572317138   -0.0525305356496437   0
1.45747965267787   2.84201547042323   0.0537159698206007   0.0309605045163068   0
1.45389123397763   2.84058184321892   -0.00358841870023707   -0.00143362720431384   0
1.48260970287429   2.85855931956991   0.0287184688966617   0.0179774763509917   0
1.32644268836501   2.8682159199797   -0.156167014509281   0.00965660040978866   0
1.40580055194362   2.87334357567103   0.079357863578613   0.00512765569133222   0
1.41190567601416   2.88831544132995   0.00610512407053454   0.0149718656589126   0
1.39867360834471   2.93003789353483   -0.0132320676694533   0.0417224522048802   0
1.39177401879508   2.96011520063409   -0.00689958954962866   0.0300773070992637   0
1.38794944623534   2.95115206633782   -0.00382457255973256   -0.00896313429626749   0
1.18776547099754   2.96073947386882   -0.200183975237808   0.00958740753099452   0
1.35092058505635   2.97617412765954   0.163155114058817   0.0154346537907188   0
1.23224569684499   2.60654394429674   -0.118674888211361   -0.369630183362797   1
1.07029725127462   1.38337579879475   -0.161948445570375   -1.22316814550199   1
3.21827951752858   1.84348848593916   2.14798226625396   0.460112687144413   1
2.6329295678244   1.95933542608999   -0.585349949704178   0.115846940150834   1
2.49831396461474   1.95506224251486   -0.134615603209667   -0.00427318357512796   0
2.39504230250407   1.95477210953099   -0.103271662110665   -0.000290132983870706   0
2.4170891733697   1.9882593470426   0.022046870865625   0.0334872375116027   0
2.47427865601452   2.03849711763967   0.0571894826448203   0.0502377705970758   0
2.36516855640882   2.03707965185268   -0.109110099605692   -0.00141746578698854   0
2.40630890480337   2.04435986555578   0.0411403483945474   0.00728021370309717   0
2.55033235928986   2.07695960020296   0.144023454486492   0.0325997346471825   0
2.6396474220744   2.07728022411211   0.0893150627845318   0.000320623909145112   0
2.57515883071317   2.10221638855281   -0.0644885913612292   0.0249361644406974   0
2.54425132195387   2.09109726412361   -0.0309075087592992   -0.0111191244291948   0
2.43537622060412   2.09269454391915   -0.108875101349748   0.00159727979554436   0
2.38404398503887   2.17430223945459   -0.0513322355652517   0.0816076955354359   0
