0.138182708690487   0.155120034528394   0   0   0
0.107326582665922   0.15010146547669   -0.0308561260245655   -0.00501856905170339   0
0.116929432761046   0.148161394813165   0.00960285009512456   -0.00194007066352531   0
0.175419714425271   0.169221566725403   0.0584902816642248   0.0210601719122381   0
0.153063661619994   0.157029714105325   -0.022356052805277   -0.0121918526200782   0
0.0708172209864945   0.0975370327808366   -0.0822464406334994   -0.0594926813244881   0
0.14382297286553   0.118134380283641   0.0730057518790352   0.0205973475028048   0
0.0618308680586808   0.107573465972283   -0.0819921048068489   -0.0105609143113581   0
0.0956003202999341   0.088086038190354   0.0337694522412533   -0.0194874277819294   0
0.12543983204174   0.129325907974398   0.0298395117418061   0.0412398697840442   0
0.090670909352118   0.103660854179157   -0.0347689226896222   -0.0256650537952409   0
0.108636698026553   0.108523318049625   0.0179657886744347   0.00486246387046745   0
0.133363809007092   0.0853088375484041   0.0247271109805389   -0.0232144805012206   0
0.0311994151979312   0.0750256654572454   -0.10216439380916   -0.0102831720911587   0
0.0420056142006708   0.0632464848878971   0.0108061990027397   -0.0117791805693482   0
0.030455857679373   0.0532853248798919   -0.0115497565212978   -0.00996116000800525   0
0.0257748384392298   0.0344691292967345   -0.00468101924014318   -0.0188161955831574   0
0.0393433967430673   0.0320069679411079   0.0135685583038375   -0.00246216135562658   0
0.00780770390386316   0.0382122073477848   -0.0315356928392042   0.00620523940667692   0
0.0419216281061263   0.0260407577331651   0.0341139242022631   -0.0121714496146197   0
0.0186742345228446   0.0207627634974225   -0.0232473935832817   -0.00527799423574265   0
0.0619829673166919   0.01180213990584   0.0433087327938473   -0.00896062359158253   0
0.0524448454620661   0.0409655409296033   -0.00953812185462579   0.0291634010237633   0
0.0193817209277943   0.0363789578229297   -0.0330631245342718   -0.00458658310667353   0
0.0485183681206407   0.0307848022454668   0.0291366471928464   -0.00559415557746289   0
0.0647756693929133   0.0434629404627808   0.0162573012722726   0.0126781382173139   0
0.0333969212609486   0.0381592594531458   -0.0313787481319647   -0.00530368100963493   0
0.0359365954378333   0.0323479339838343   0.0025396741768847   -0.00581132546931157   0
0.033787810139901   0.0456855740451239   -0.00214878529793224   0.0133376400612896   0
0.0193896910987142   0.0536137566488537   -0.0143981190411869   0.00792818260372975   0
0.0430186031935766   0.0563857767098763   0.0236289120948624   0.00277202006102261   0
0.0636608950909426   0.0745771708408024   0.020642291897366   0.0181913941309261   0
0.0444664563501523   0.0725448206552213   -0.0191944387407903   -0.00203235018558108   0
0.0321001255695363   0.0725882014153299   -0.012366330780616   4.33807601085689e-05   0
0.0613126589958715   0.0668741570164626   0.0292125334263352   -0.00571404439886723   0
0.0292085315291611   0.0699326596853359   -0.0321041274667104   0.00305850266887324   0
0.040553094660779   0.0699385883290477   0.0113445631316178   5.92864371178059e-06   0
0.0551991497073098   0.0782669912495044   0.0146460550465308   0.00832840292045675   0
0.036501803561468   0.0613961429878946   -0.0186973461458418   -0.0168708482616098   0
0.0541695029263699   0.0652307443615739   0.0176676993649019   0.00383460137367928   0
0.0644492181973405   0.0489617978365276   0.0102797152709705   -0.0162689465250463   0
0.0412365975716959   0.0590536928494315   -0.0232126206256445   0.0100918950129039   0
0.0463193557163968   0.0606181633365982   0.00508275814470084   0.00156447048716669   0
0.0891673167453748   0.0770451575797921   0.042847961028978   0.0164269942431939   0
0.0154421333439133   0.0660811339483706   -0.0737251834014615   -0.0109640236314215   0
0.0745314639797958   0.0674868124700856   0.0590893306358825   0.00140567852171496   0
0.0212448047361914   0.0793361879944455   -0.0532866592436044   0.0118493755243599   0
0.0343594581347334   0.0777056934502871   0.0131146533985421   -0.00163049454415837   0
0.0877675862423258   0.0983277093469842   0.0534081281075924   0.020622015896697   0
0.0386540601713986   0.0913041290187087   -0.0491135260709273   -0.00702358032827551   0
0.0710357316152934   0.0945578359569555   0.0323816714438949   0.00325370693824678   0
0.0937091111502105   0.0776787391576357   0.022673379534917   -0.0168790967993198   0
0.0450090867048377   0.0941484381842445   -0.0487000244453727   0.0164696990266088   0
0.07305846578214   0.0981772969100927   0.0280493790773023   0.00402885872584825   0
0.119552910830111   0.107398484543556   0.0464944450479707   0.00922118763346358   0
0.0426181842579913   0.108950323441707   -0.0769347265721194   0.00155183889815037   0
0.0383642478854011   0.119656839737643   -0.00425393637259026   0.0107065162959364   0
0.0216809237716593   0.122807805804436   -0.0166833241137418   0.00315096606679266   0
0.0201144478404355   0.129024091581766   -0.00156647593122378   0.00621628577733049   0
0.0125657263354372   0.143964280869423   -0.00754872150499829   0.0149401892876564   0
0.0686000164502896   0.148148479191485   0.0560342901148524   0.00418419832206285   0
0.0303302819430746   0.156364518453676   -0.0382697345072149   0.00821603926219058   0
0.0239573560767126   0.157354747917723   -0.00637292586636201   0.000990229464046477   0
0.063553681677146   0.158197388010201   0.0395963256004333   0.000842640092478197   0
0.0261919879548613   0.15328660251307   -0.0373616937222847   -0.00491078549713048   0
0.0307749710124965   0.163946310898568   0.0045829830576352   0.010659708385498   0
0.125388936483749   0.173692502803806   0.0946139654712523   0.00974619190523729   0
0.0583464586532071   0.180247174638744   -0.0670424778305418   0.0065546718349388   0
0.0778552418426017   0.190921195068803   0.0195087831893946   0.0106740204300589   0
0.0856821526528716   0.177708754963001   0.00782691081026994   -0.013212440105802   0
0.0493381897265029   0.181799412609062   -0.0363439629263687   0.0040906576460609   0
0.0987845972731073   0.210036522450859   0.0494464075466044   0.0282371098417964   0
0.0454910908101795   0.179338837685818   -0.0532935064629278   -0.030697684765041   0
0.105183437594043   0.200856925275804   0.0596923467838638   0.0215180875899867   0
0.0893207312412969   0.202099292691118   -0.0158627063527464   0.00124236741531331   0
0.0859858686976529   0.215312524740782   -0.00333486254364405   0.0132132320496648   0
0.0571417870039956   0.227535489610962   -0.0288440816936573   0.0122229648701792   0
0.102901554768818   0.207692803330424   0.0457597677648221   -0.0198426862805381   0
0.0909299457756354   0.184200415461665   -0.0119716089931823   -0.0234923878687585   0
0.0358747340243799   0.215815565100157   -0.0550552117512555   0.0316151496384917   0
0.0804350385422298   0.188183347038201   0.04456030451785   -0.0276322180619558   0
0.156859602696112   0.222257931211689   0.0764245641538821   0.0340745841734883   0
0.15004955837242   0.16575691033785   -0.00681004432369156   -0.0565010208738394   0
0.034008630713094   0.157338617486847   -0.116040927659326   -0.00841829285100237   0
0.0562489889163574   0.16237695139829   0.0222403582032634   0.00503833391144209   0
0.0244074920272096   0.172886862486685   -0.0318414968891478   0.0105099110883956   0
0.0696621091589237   0.142493876592373   0.0452546171317141   -0.0303929858943119   0
0.0702773978664015   0.128363468060825   0.000615288707477832   -0.014130408531548   0
0.0575204803000636   0.140934914949073   -0.012756917566338   0.012571446888248   0
0.060260593679476   0.135544234204936   0.00274011337941241   -0.00539068074413734   0
0.0497856887197757   0.136980974171927   -0.0104749049597003   0.00143673996699065   0
0.0436208668145235   0.10442240737744   -0.00616482190525217   -0.0325585667944867   0
0.0892333912343519   0.104996695881359   0.0456125244198283   0.000574288503918746   0
0.0297634123377159   0.109960243701315   -0.0594699788966359   0.00496354781995602   0
0.0283080057410991   0.130375950481674   -0.00145540659661681   0.0204157067803597   0
0.0617242544220868   0.103157796205873   0.0334162486809877   -0.027218154275801   0
0.0674450387874483   0.111048524524237   0.00572078436536148   0.00789072831836334   0
0.0540583824595455   0.144615792216687   -0.0133866563279027   0.0335672676924503   0
0.0686612697523312   0.106086411666528   0.0146028872927857   -0.0385293805501593   0
0.063663105497482   0.117122850086992   -0.00499816425484925   0.0110364384204642   0
0.0175890315715249   0.107278203718474   -0.0460740739259571   -0.00984464636851756   0
0.151117825857441   0.215674629118726   0.133528794285917   0.108396425400252   0
0.0858442240221204   0.227236646388737   -0.065273601835321   0.0115620172700113   0
0.0413747203134958   0.176619654530576   -0.0444695037086247   -0.0506169918581613   0
0.120867094528577   0.155613794961276   0.0794923742150813   -0.0210058595693001   0
0.0744516389268228   0.1665417221682   -0.0464154556017543   0.0109279272069244   0
0.0948189004457444   0.162843616572004   0.0203672615189216   -0.00369810559619582   0
0.125698474322714   0.172985688051787   0.03087957387697   0.0101420714797821   0
0.13610254788899   0.147899852327512   0.0104040735662758   -0.0250858357242741   0
0.0981030857609387   0.163671524759959   -0.0379994621280516   0.0157716724324469   0
0.120977984519976   0.182984257285975   0.0228748987590375   0.0193127325260159   0
0.10317057176516   0.162216253865789   -0.0178074127548164   -0.0207680034201866   0
0.110049432298307   0.165238147251928   0.00687886053314689   0.00302189338613981   0
0.182696933134686   0.187959458641352   0.0726475008363795   0.0227213113894232   0
0.096185215418691   0.171281034438288   -0.0865117177159952   -0.0166784242030637   0
0.11935884890637   0.196751769344649   0.0231736334876787   0.0254707349063611   0
0.148980809450781   0.200563836512219   0.0296219605444115   0.00381206716756963   0
0.0920524219678527   0.162391060885444   -0.0569283874829286   -0.0381727756267747   0
0.0958196441672875   0.177316833104615   0.00376722219943487   0.0149257722191712   0
0.120754511560586   0.207576565342165   0.0249348673932981   0.0302597322375494   0
0.113305648661339   0.172041676979736   -0.00744886289924612   -0.0355348883624282   0
0.0866903397509872   0.197409372607407   -0.0266153089103522   0.0253676956276704   0
0.0688882588374274   0.213809522983075   -0.0178020809135598   0.0164001503756679   0
0.0583621979795732   0.199806609016068   -0.0105260608578542   -0.0140029139670065   0
0.0698791686060395   0.167648675578574   0.0115169706264663   -0.0321579334374942   0
0.0727190716668605   0.18343844474169   0.00283990306082102   0.0157897691631157   0
0.18764814592095   0.209759871338633   0.114929074254089   0.0263214265969434   0
0.0645051582367643   0.168849938979853   -0.123142987684185   -0.0409099323587805   0
0.156196384449993   0.198739723790313   0.0916912262132287   0.0298897848104605   0
0.0720984728488752   0.213805014942353   -0.0840979116011177   0.0150652911520402   0
0.114677930850186   0.217420386452467   0.0425794580013106   0.00361537151011332   0
0.0701166016005482   0.183150682698571   -0.0445613292496376   -0.0342697037538961   0
0.092401034154873   0.187995116747021   0.0222844325543248   0.00484443404845081   0
0.147981189502247   0.192051365090339   0.0555801553473743   0.00405624834331705   0
0.107203035277039   0.158092632102203   -0.0407781542252085   -0.0339587329881355   0
0.0894959118608778   0.182536318924132   -0.0177071234161609   0.0244436868219292   0
0.131579372748315   0.192280943507645   0.0420834608874371   0.00974462458351238   0
0.102555600713418   0.18839633078864   -0.029023772034897   -0.003884612719005   0
0.0603362014255629   0.189342475169995   -0.042219399287855   0.000946144381354957   0
0.122568436830205   0.209335046494035   0.0622322354046423   0.0199925713240409   0
0.145210108887949   0.191776922555218   0.0226416720577438   -0.0175581239388177   0
0.122241848514297   0.152603472268073   -0.0229682603736517   -0.0391734502871449   0
0.175134232466671   0.180502654310823   0.0528923839523739   0.0278991820427502   0
0.102829888174888   0.166323814603178   -0.072304344291783   -0.0141788397076446   0
0.1372947773955   0.154384048914072   0.0344648892206122   -0.0119397656891067   0
0.102554199864996   0.139741434423331   -0.0347405775305041   -0.0146426144907412   0
0.133106589548001   0.141499623493925   0.0305523896830047   0.0017581890705943   0
0.069793741698307   0.141541174113127   -0.063312847849694   4.15506192019965e-05   0
0.12630925030266   0.213471724012221   0.0565155086043529   0.0719305498990945   0
0.0956332148860055   0.212781158741793   -0.0306760354166545   -0.000690565270428628   0
0.09195457245412   0.197103043479096   -0.00367864243188551   -0.0156781152626965   0
0.0874206579383271   0.161969309574715   -0.00453391451579284   -0.0351337339043808   0
0.11136649584525   0.154869467969674   0.0239458379069225   -0.00709984160504099   0
0.0637486962510607   0.157473405757456   -0.0476177995941889   0.00260393778778198   0
0.0708715497540445   0.164625715506577   0.00712285350298376   0.00715230974912084   0
0.124976567830814   0.170867276355831   0.0541050180767693   0.00624156084925398   0
0.113892603611912   0.177409607646605   -0.0110839642189023   0.00654233129077428   0
0.122778148911197   0.163516354185721   0.0088855452992852   -0.013893253460885   0
0.143235360863894   0.165344566707535   0.0204572119526975   0.00182821252181448   0
0.127489149962261   0.145185481205672   -0.0157462109016328   -0.0201590855018631   0
0.121970061267842   0.121511618219257   -0.00551908869441912   -0.0236738629864148   0
0.117225503659308   0.149259645075025   -0.00474455760853451   0.0277480268557681   0
0.121102056711726   0.150310576732186   0.00387655305241773   0.00105093165716116   0
0.105905793043204   0.149324966630668   -0.0151962636685214   -0.000985610101518763   0
0.160403638796885   0.139974167928407   0.0544978457536809   -0.00935079870226022   0
0.127182424347613   0.132887145421877   -0.0332212144492718   -0.00708702250653073   0
0.144075074045652   0.131400805618963   0.0168926496980383   -0.00148633980291371   0
0.116403813440894   0.103496150047441   -0.0276712606047579   -0.0279046555715216   0
0.124935051984821   0.141523186140337   0.00853123854392751   0.0380270360928957   0
0.0895638848974457   0.123201079269684   -0.0353711670873756   -0.0183221068706529   0
0.110606654001692   0.120448239009221   0.0210427691042463   -0.00275284026046287   0
0.121691344297826   0.123879673951641   0.0110846902961343   0.00343143494242017   0
0.101353642021092   0.124832160808523   -0.0203377022767346   0.000952486856881762   0
0.128695365794616   0.120230410659554   0.0273417237735242   -0.00460175014896921   0
0.122127172406676   0.129675580812599   -0.00656819338793976   0.00944517015304541   0
0.0962792578675615   0.129111886293885   -0.0258479145391147   -0.000563694518714769   0
0.0882616896242645   0.141846127108224   -0.008017568243297   0.0127342408143395   0
0.100281765238028   0.141056459221343   0.0120200756137632   -0.00078966788688084   0
0.0949518884179772   0.120113782832415   -0.00532987682005048   -0.0209426763889286   0
0.0904939548091473   0.121146939473331   -0.00445793360882987   0.00103315664091654   0
0.0893064733884398   0.114660569597018   -0.00118748142070757   -0.00648636987631378   0
0.104661756845994   0.101072089497905   0.0153552834575544   -0.0135884800991126   0
0.154909488805381   0.0824551979684119   0.0502477319593867   -0.018616891529493   0
0.144882796515518   0.0969237704526346   -0.0100266922898631   0.0144685724842227   0
0.12680426260284   0.0893354941723753   -0.0180785339126777   -0.00758827628025931   0
0.115334864040584   0.0856308438940082   -0.011469398562256   -0.00370465027836708   0
0.101349431425588   0.0928826045645927   -0.0139854326149958   0.00725176067058453   0
0.127728083421276   0.158472878822371   0.0263786519956877   0.0655902742577787   0
0.58994896942428   0.724870263473575   0.462220886003004   0.566397384651204   1
0.430979920072107   0.207075009787299   -0.158969049352173   -0.517795253686276   1
0.436446731033983   0.234001056588405   0.00546681096187579   0.0269260468011061   0
0.41232330062411   0.218789242376591   -0.0241234304098733   -0.0152118142118146   0
0.370429304465252   0.188983003683936   -0.0418939961588582   -0.0298062386926548   0
0.387987683893355   0.187509416332327   0.0175583794281035   -0.00147358735160866   0
0.369004436814248   0.199982672084115   -0.0189832470791075   0.0124732557517873   0
0.345485793801916   0.170546810165574   -0.0235186430123316   -0.0294358619185401   0
0.360097270197429   0.180677981242873   0.0146114763955128   0.0101311710772986   0
0.377931381658483   0.182914401924377   0.0178341114610543   0.00223642068150384   0
0.329207156460321   0.197486968982488   -0.0487242251981625   0.0145725670581106   0
0.374636787770448   0.199946806816469   0.0454296313101278   0.00245983783398177   0
0.301099172227042   0.162154009614325   -0.0735376155434062   -0.0377927972021447   0
0.471018524034384   0.212589064236622   0.169919351807342   0.0504350546222971   0
0.318904400273201   0.183838809267963   -0.152114123761183   -0.0287502549686587   0
0.30301243293634   0.159294304741444   -0.0158919673368609   -0.0245445045265192   0
0.325134262317216   0.152980216295776   0.0221218293808756   -0.00631408844566761   0
0.294774537071912   0.14898908377231   -0.0303597252453037   -0.00399113252346597   0
0.267912128461628   0.162688541450535   -0.0268624086102837   0.0136994576782248   0
0.292848299584426   0.16602055494935   0.0249361711227982   0.00333201349881443   0
0.277038654819305   0.150224835920729   -0.0158096447651215   -0.0157957190286204   0
0.276193251667668   0.158873389324023   -0.000845403151636559   0.0086485534032936   0
0.265902225645142   0.157360438645495   -0.0102910260225264   -0.00151295067852805   0
0.272400520218391   0.154336447206104   0.00649829457324891   -0.00302399143939078   0
0.335750451191893   0.193195494984025   0.0633499309735026   0.0388590477779213   0
0.398435697829763   0.21879732849871   0.0626852466378693   0.025601833514685   0
0.312545034120797   0.161920376834117   -0.0858906637089661   -0.0568769516645931   0
0.319769823921849   0.159058821447319   0.00722478980105185   -0.00286155538679847   0
0.206574079873759   0.151069953032105   -0.11319574404809   -0.00798886841521337   0
0.249043444651731   0.162936501880188   0.0424693647779728   0.0118665488480827   0
0.290289990933618   0.158989699387421   0.0412465462818865   -0.00394680249276697   0
0.234422989979247   0.11999787496533   -0.0558670009543712   -0.0389918244220909   0
0.197721483070733   0.130146864142101   -0.0367015069085141   0.0101489891767709   0
0.205853319604057   0.114287827488987   0.0081318365333243   -0.0158590366531138   0
0.500026770809324   0.152185431179869   0.294173451205267   0.0378976036908813   0
0.41354295770089   0.126105468104688   -0.0864838131084339   -0.0260799630751805   0
0.429745370303404   0.14474397146967   0.0162024126025144   0.0186385033649814   0
0.456126323585364   0.14283641127476   0.0263809532819596   -0.00190756019490915   0
0.447318096288771   0.144703713030247   -0.00880822729659303   0.00186730175548636   0
0.434803078977656   0.116049905579496   -0.0125150173111145   -0.0286538074507505   0
0.457424669161   0.118416841316227   0.0226215901833434   0.00236693573673082   0
0.452839201375113   0.113331190460084   -0.00458546778588681   -0.00508565085614357   0
0.425411332712282   0.126810985545861   -0.0274278686628308   0.0134797950857772   0
0.459382509318629   0.110269133405784   0.0339711766063466   -0.0165418521400772   0
0.484542373382772   0.109697275081209   0.0251598640641436   -0.00057185832457432   0
0.494831713778533   0.0877574520724851   0.0102893403957606   -0.0219398230087241   0
0.500465905154637   0.0865963844739665   0.00563419137610388   -0.00116106759851863   0
0.480721884971259   0.0847640885097874   -0.0197440201833782   -0.00183229596417908   0
0.484565804434382   0.0863591510707175   0.00384391946312362   0.00159506256093003   0
0.513309413143506   0.0809712185805704   0.0287436087091232   -0.0053879324901471   0
0.638314887215088   0.0818780775422746   0.125005474071582   0.000906858961704213   0
0.337395865456662   0.0845051930454206   -0.300919021758425   0.00262711550314605   0
0.365586479983724   0.0828897004567063   0.0281906145270622   -0.0016154925887143   0
0.386182711246425   0.103835424883852   0.0205962312627011   0.0209457244271453   0
0.421121057573722   0.147299258825571   0.0349383463272965   0.0434638339417191   0
0.336434277896055   0.143281876854472   -0.0846867796776668   -0.00401738197109905   0
0.336025186905537   0.156255711810201   -0.000409090990518335   0.012973834955729   0
0.277280841226404   0.143301043892743   -0.0587443456791323   -0.0129546679174573   0
0.195314745706059   0.156737428831597   -0.0819660955203454   0.0134363849388537   0
0.285396675433579   0.145021981285631   0.0900819297275199   -0.0117154475459659   0
0.192538713398215   0.142581362564825   -0.0928579620353639   -0.00244061872080639   0
0.24494896684315   0.133804276971263   0.0524102534449346   -0.0087770855935618   0
