0.0769453250598255   0.112796009111426   0   0   0
0.126962689899238   0.0920256450049795   0.0500173648394122   -0.020770364106447   0
0.103367896931929   0.089790666962455   -0.0235947929673082   -0.0022349780425245   0
0.127715700357513   0.0745960291596007   0.0243478034255833   -0.0151946378028543   0
0.123333468746363   0.0929918577120734   -0.00438223161115024   0.0183958285524727   0
0.0698246172098466   0.0370699837277075   -0.053508851536516   -0.0559218739843659   0
0.0388667318040776   0.0209877491230599   -0.0309578854057689   -0.0160822346046477   0
0.0547350091533746   0.0225605595750637   0.015868277349297   0.00157281045200388   0
0.10397164880471   0.0835832504504491   0.0492366396513356   0.0610226908753854   0
0.180878533441478   0.059689954458644   0.0769068846367681   -0.023893295991805   0
0.170535594890598   0.0297673649561899   -0.0103429385508808   -0.0299225895024542   0
0.148080293461655   0.0992623207727006   -0.0224553014289421   0.0694949558165107   0
0.195014315224652   0.0717711234469163   0.0469340217629967   -0.0274911973257842   0
0.149727678513961   0.0496357642186055   -0.0452866367106914   -0.0221353592283108   0
0.181235393802673   0.0404054606021884   0.0315077152887124   -0.00923030361641711   0
0.0251199816609427   0.0297846313060595   -0.15611541214173   -0.0106208292961289   0
0.0725248184303118   0.0408183143770661   0.0474048367693691   0.0110336830710066   0
0.0924111293141275   0.0376319999791733   0.0198863108838156   -0.00318631439789278   0
0.106798383546566   0.0177828199872131   0.0143872542324384   -0.0198491799919602   0
0.0609710229877275   0.0161123827917444   -0.0458273605588384   -0.00167043719546871   0
0.00375669290991425   0.01979403950955   -0.0572143300778133   0.0036816567178056   0
0.0479633164651289   0.019618464238712   0.0442066235552146   -0.000175575270838002   0
0.0693737087684366   0.0201870599401349   0.0214103923033077   0.000568595701422953   0
0.076862749844772   0.0194220639717256   0.00748904107633545   -0.000764995968409357   0
0.0242310042945087   0.0202922500054824   -0.0526317455502633   0.000870186033756833   0
0.0895046755679104   0.0336824168095536   0.0652736712734017   0.0133901668040712   0
0.126058659388919   0.0405304659659015   0.036553983821009   0.00684804915634789   0
0.0473932492216274   0.107515343471525   -0.0786654101672921   0.0669848775056235   0
0.0341491086589738   0.106233840317813   -0.0132441405626536   -0.00128150315371198   0
0.0655097911303921   0.0662111601040535   0.0313606824714183   -0.0400226802137596   0
0.092363067072221   0.076477403028088   0.0268532759418289   0.0102662429240345   0
0.0651128821124945   0.111494419408372   -0.0272501849597266   0.0350170163802842   0
0.035493088364052   0.0957931180851474   -0.0296197937484425   -0.0157013013232248   0
0.0460688454066563   0.068366286906212   0.0105757570426044   -0.0274268311789354   0
0.0329543637288964   0.0758758198427411   -0.01311448167776   0.00750953293652905   0
0.0545229746842751   0.106833125348473   0.0215686109553787   0.0309573055057317   0
0.0575456368090788   0.105628945769652   0.00302266212480368   -0.0012041795788207   0
0.0996876465830245   0.123253242447978   0.0421420097739458   0.0176242966783257   0
0.0296547636409397   0.0627476607820562   -0.0700328829420848   -0.0605055816659216   0
0.132539357852111   0.0385339299599068   0.102884594211172   -0.0242137308221495   0
0.157252922006648   0.0821669183081001   0.0247135641545367   0.0436329883481934   0
0.180661891221216   0.0655914562562458   0.0234089692145678   -0.0165754620518544   0
0.0864109319482379   0.0497548148857475   -0.0942509592729779   -0.0158366413704983   0
0.160473858888942   0.0395663457343485   0.0740629269407045   -0.010188469151399   0
0.0301956329979169   0.0581355237101421   -0.130278225891025   0.0185691779757936   0
0.063218872668159   0.113779766974821   0.0330232396702421   0.0556442432646787   0
0.0834367253540765   0.0566322817810434   0.0202178526859175   -0.0571474851937774   0
0.0991749533336416   0.0726573950399579   0.0157382279795651   0.0160251132589145   0
0.0472262841831421   0.0467124457632813   -0.0519486691504995   -0.0259449492766766   0
0.034856036103665   0.0649701891333633   -0.0123702480794771   0.018257743370082   0
0.0929178897561713   0.0687747423385032   0.0580618536525062   0.00380455320513985   0
0.0863693811924689   0.0535877931108615   -0.0065485085637024   -0.0151869492276416   0
0.0980911312925893   0.101489641270932   0.0117217501001205   0.0479018481600707   0
0.113328882710587   0.0972400573135372   0.0152377514179977   -0.004249583957395   0
0.136546689774005   0.0488808742984567   0.0232178070634181   -0.0483591830150805   0
0.130940503301152   0.0512500555357992   -0.00560618647285352   0.00236918123734248   0
0.133754735981207   0.0711787251521478   0.00281423268005579   0.0199286696163486   0
0.215031101052964   0.087001974471632   0.0812763650717566   0.0158232493194842   0
0.0487452646131909   0.0521944991139586   -0.166285836439773   -0.0348074753576734   0
0.102053752222346   0.0916328537292302   0.0533084876091552   0.0394383546152716   0
0.0664174444787663   0.0612895026224312   -0.0356363077435798   -0.030343351106799   0
0.138017555658092   0.0765190036236261   0.0716001111793257   0.0152295010011949   0
0.143799656178309   0.0489445750144743   0.00578210052021749   -0.0275744286091518   0
0.08533948580206   0.0713697556747955   -0.0584601703762494   0.0224251806603212   0
0.0892319671763993   0.0595222395503563   0.00389248137433931   -0.0118475161244392   0
0.10308098910409   0.0827473150999626   0.0138490219276911   0.0232250755496063   0
0.115100534638838   0.0863128275390454   0.0120195455347479   0.00356551243908283   0
0.121716045055658   0.0899266833439886   0.00661551041681947   0.00361385580494318   0
0.158727194787427   0.0749402325042096   0.0370111497317691   -0.014986450839779   0
0.173534341817434   0.189117755785912   0.0148071470300072   0.114177523281703   0
0.16942640106955   0.155118948354158   -0.00410794074788395   -0.0339988074317542   0
0.142369814742536   0.129729315874439   -0.0270565863270137   -0.0253896324797191   0
0.0905851434480291   0.111159125312949   -0.0517846712945072   -0.0185701905614897   0
0.127504430877127   0.110060935500449   0.0369192874290977   -0.00109818981249996   0
0.085273543915918   0.120310583249407   -0.0422308869612087   0.0102496477489575   0
0.099981315027459   0.1234222601513   0.014707771111541   0.00311167690189319   0
0.12899065934935   0.122523780781743   0.0290093443218908   -0.000898479369557684   0
0.152081733534965   0.129419237881801   0.0230910741856149   0.00689545710005807   0
0.102215181926023   0.147896392356271   -0.0498665516089416   0.0184771544744702   0
0.0932536635618676   0.115488163769594   -0.00896151836415547   -0.032408228586677   0
0.219469785477227   0.125605825057996   0.126216121915359   0.0101176612884027   0
0.112155735189468   0.136329471048083   -0.107314050287759   0.0107236459900862   0
0.113990637352644   0.210809728199388   0.00183490216317676   0.0744802571513057   0
0.163342684505949   0.129147080838089   0.0493520471533046   -0.0816626473612989   0
0.184649697447897   0.123579379794133   0.0213070129419482   -0.00556770104395669   0
0.178153471818118   0.154632598669726   -0.00649622562977967   0.0310532188755931   0
0.280008437515729   0.156777848720132   0.101854965697612   0.00214525005040589   0
0.264855354707735   0.175387609400123   -0.0151530828079944   0.018609760679991   0
0.259104372791043   0.185643593598116   -0.00575098191669132   0.0102559841979935   0
0.323761965006793   0.246997060570566   0.0646575922157497   0.0613534669724502   0
0.386556730997043   0.201632212857966   0.0627947659902495   -0.0453648477126006   0
0.380880990566725   0.199659058153775   -0.00567574043031721   -0.00197315470419071   0
0.296049697185202   0.533273754930101   -0.0848312933815231   0.333614696776326   0
0.258798404406055   0.484561765622557   -0.0372512927791473   -0.0487119893075443   0
0.217909184230702   0.304919237871789   -0.0408892201753531   -0.179642527750768   0
0.236500288351029   0.380140502713786   0.0185911041203274   0.0752212648419973   0
0.290181814929347   0.389961240723998   0.053681526578318   0.0098207380102121   0
0.367774455896545   0.349155057261813   0.077592640967198   -0.0408061834621851   0
0.392834335016289   0.32970390798852   0.0250598791197436   -0.0194511492732931   0
0.333556438512285   0.291772382079683   -0.0592778965040037   -0.0379315259088371   0
0.319730722017763   0.290617283306224   -0.0138257164945224   -0.0011550987734591   0
0.498996206469959   0.375936360774692   0.179265484452196   0.0853190774684676   0
0.276949674471735   0.309715567465313   -0.222046531998224   -0.0662207933093784   0
0.206430401149855   0.243045091140098   -0.0705192733218802   -0.0666704763252154   0
0.141795311317582   0.252216170716213   -0.0646350898322729   0.00917107957611554   0
0.168231956330092   0.257456111332713   0.0264366450125101   0.00523994061650018   0
0.183568979917223   0.259429030502255   0.0153370235871314   0.00197291916954168   0
0.188838432117962   0.262772807776948   0.00526945220073813   0.00334377727469248   0
0.179033709864818   0.268346973330498   -0.00980472225314316   0.00557416555355089   0
0.217692603682923   0.265535398307194   0.0386588938181041   -0.0028115750233047   0
0.189864520322387   0.24784284483927   -0.0278280833605359   -0.0176925534679237   0
0.162951678740662   0.243888952664676   -0.0269128415817245   -0.00395389217459421   0
0.228025891621982   0.294915704207257   0.06507421288132   0.0510267515425815   0
0.302485022175661   0.273042172924262   0.0744591305536785   -0.0218735312829956   0
0.19193325505905   0.311615352971015   -0.11055176711661   0.0385731800467528   0
0.22080721804778   0.280861048836057   0.0288739629887299   -0.0307543041349575   0
0.239031033395248   0.302905985755238   0.0182238153474674   0.022044936919181   0
0.306114844275804   0.310893361323155   0.0670838108805568   0.00798737556791723   0
0.270793013412459   0.299605321776416   -0.0353218308633458   -0.0112880395467389   0
0.270945189405533   0.310484545515558   0.000152175993074155   0.0108792237391415   0
0.284829714777093   0.32032884532171   0.01388452537156   0.00984429980615215   0
0.281625971819167   0.334921126603339   -0.00320374295792619   0.0145922812816293   0
0.318041154500483   0.340237293196969   0.0364151826813163   0.00531616659362932   0
0.267061949376713   0.348905517527772   -0.0509792051237699   0.00866822433080339   0
0.282778727636999   0.35922435709804   0.0157167782602859   0.0103188395702677   0
0.25305517283636   0.375728866392246   -0.0297235548006389   0.0165045092942065   0
0.287080630743351   0.344741515867265   0.0340254579069906   -0.030987350524981   0
0.265098749301086   0.362956023562773   -0.0219818814422647   0.0182145076955074   0
0.257220517340666   0.437367022770289   -0.00787823196041965   0.0744109992075163   0
0.264643285218877   0.366553255429992   0.00742276787821095   -0.0708137673402969   0
0.270053253879675   0.401232284388884   0.00540996866079746   0.0346790289588922   1
0.137537333499443   0.548419667370867   -0.132515920380232   0.147187382981983   1
0.174279828862092   0.43788720274806   0.0367424953626492   -0.110532464622807   0
0.151338052239019   0.527934536568219   -0.022941776623073   0.0900473338201584   0
0.15909856490833   0.695918832751349   0.00776051266931083   0.16798429618313   0
0.242887817881422   0.658819538448952   0.0837892529730925   -0.037099294302397   0
0.219102222097381   0.491603297360344   -0.0237855957840414   -0.167216241088608   0
0.269264153964095   0.540447438164131   0.0501619318667144   0.0488441408037876   0
0.292485434996343   0.526325252347873   0.0232212810322478   -0.014122185816258   0
0.257818679964447   0.518468492731528   -0.0346667550318959   -0.00785675961634535   0
0.178966826557466   0.484935752795205   -0.0788518534069815   -0.0335327399363227   0
0.172129478305062   0.511181693711796   -0.00683734825240337   0.0262459409165904   0
0.18217358984145   0.612386249305703   0.0100441115363878   0.101204555593907   0
0.196727098031283   0.523522827295286   0.0145535081898328   -0.0888634220104165   0
0.232994523438234   0.462736945952017   0.0362674254069516   -0.0607858813432691   0
0.289810448819569   0.467144365448466   0.0568159253813345   0.00440741949644896   0
0.288071170763407   0.489805081307922   -0.00173927805616197   0.0226607158594559   0
0.24397786213499   0.475964930846276   -0.0440933086284174   -0.0138401504616463   0
0.254064361524477   0.490811744508523   0.0100864993894871   0.0148468136622477   0
0.305783426619577   0.460887895963802   0.0517190650950999   -0.0299238485447216   0
0.259560437579073   0.543319192008687   -0.0462229890405033   0.0824312960448852   0
0.178331831250761   0.622618483576863   -0.081228606328312   0.0792992915681761   0
0.235188862356958   0.48319757531961   0.0568570311061964   -0.139420908257253   0
0.327339751855774   0.607391679449359   0.0921508894988167   0.124194104129749   0
0.291232678167887   0.907757103701893   -0.0361070736878876   0.300365424252534   0
0.198843514303876   0.71368921820413   -0.0923891638640112   -0.194067885497763   0
0.189522142560071   0.680001791879119   -0.00932137174380432   -0.0336874263250114   0
0.218733211652666   0.717078665091824   0.0292110690925947   0.0370768732127054   0
0.224004558867359   0.670342720792203   0.00527134721469277   -0.0467359442996212   0
0.192314068299644   0.669851939387698   -0.0316904905677151   -0.000490781404505092   0
0.224190889397852   0.663579900727863   0.0318768210982086   -0.00627203865983517   0
0.180521154015236   0.569127325181609   -0.0436697353826166   -0.0944525755462541   0
0.274801076135084   0.898896314696179   0.094279922119848   0.329768989514571   0
0.235568004559427   1.01824029602993   -0.0392330715756562   0.119343981333752   0
0.269398694021055   0.756561413998826   0.0338306894616275   -0.261678882031106   0
0.254449084280942   0.686018341217208   -0.0149496097401128   -0.0705430727816172   0
0.250900127452259   0.753758768755794   -0.00354895682868284   0.0677404275385852   0
0.238415833593325   0.732054165806227   -0.0124842938589344   -0.0217046029495671   0
0.349373839756213   0.749428850332783   0.110958006162888   0.0173746845265568   0
0.390380984507442   0.707800881312598   0.0410071447512295   -0.0416279690201856   0
0.345225361097298   0.706610764220637   -0.0451556234101442   -0.00119011709196082   0
0.327560438164074   0.948181085950358   -0.0176649229332245   0.241570321729721   0
0.311160149973048   1.00089351905235   -0.0164002881910253   0.0527124331019935   0
0.403174077925913   1.18443443114678   0.0920139279528644   0.18354091209443   0
0.40063431983124   0.862611887875051   -0.00253975809467316   -0.32182254327173   0
0.338782204965078   0.726682246940472   -0.0618521148661618   -0.13592964093458   0
0.495472641670557   0.768532151702842   0.156690436705479   0.0418499047623703   0
0.402496599042775   1.05998583083618   -0.0929760426277823   0.291453679133341   0
0.380718181055226   1.08684401597653   -0.0217784179875484   0.0268581851403513   0
0.360981084175348   1.1017083698948   -0.0197370968798777   0.0148643539182625   0
0.367384451766824   1.09923591255517   0.00640336759147575   -0.00247245733962531   0
0.387350193441606   0.839892061825351   0.0199657416747823   -0.25934385072982   0
0.386815060933271   0.892043823447987   -0.000535132508335645   0.0521517616226352   0
0.412975172766608   0.926895957066277   0.0261601118333375   0.0348521336182904   0
0.356967771262001   0.961772774814357   -0.0560074015046077   0.03487681774808   0
0.346351665298277   0.904734111541066   -0.0106161059637232   -0.0570386632732909   0
0.317985292914625   0.800129712813298   -0.0283663723836522   -0.104604398727769   0
0.31475084623397   0.758252671185859   -0.00323444668065564   -0.0418770416274388   0
0.29643931144133   0.756406515829433   -0.0183115347926394   -0.00184615535642574   0
0.308500596150153   0.682556528849443   0.0120612847088231   -0.0738499869799903   0
0.292707225005192   0.622341585274518   -0.0157933711449615   -0.0602149435749247   0
0.347321709036449   0.673157167818371   0.0546144840312575   0.0508155825438525   0
0.440141454142063   0.766561363594755   0.092819745105614   0.0934041957763844   0
0.427478643291101   0.789229723529531   -0.0126628108509627   0.0226683599347761   0
0.527054264995551   0.578394056807383   0.0995756217044499   -0.210835666722148   0
0.393714732080221   0.571457159357115   -0.13333953291533   -0.00693689745026871   1
0.366844943431145   0.622369276433413   -0.0268697886490757   0.0509121170762984   0
0.398583932970209   0.564613019939542   0.0317389895390639   -0.0577562564938708   0
0.37708168089951   0.527970607281788   -0.0215022520706987   -0.0366424126577541   0
0.339622893689457   0.507800470571119   -0.0374587872100535   -0.0201701367106689   0
0.323460887726847   0.514415466363522   -0.0161620059626095   0.0066149957924031   0
0.509378325422274   0.603356593020454   0.185917437695427   0.0889411266569321   0
0.447909054056736   0.779673402490588   -0.061469271365538   0.176316809470134   0
0.450645641689523   0.98750030362489   0.00273658763278667   0.207826901134302   0
0.544125276036833   1.00540606896927   0.0934796343473107   0.0179057653443848   0
0.500873645052283   0.747449061867095   -0.0432516309845505   -0.25795700710218   0
0.577475890359069   0.989975517659654   0.0766022453067867   0.242526455792559   0
0.83639933004636   1.37704826032033   0.258923439687291   0.387072742660677   0
0.743403445896641   1.2207500247914   -0.092995884149719   -0.156298235528932   0
0.688597658232469   1.00408015208897   -0.0548057876641722   -0.216669872702429   0
0.611435169111166   0.799062803012105   -0.0771624891213031   -0.205017349076865   0
0.640399066187639   0.858987389790444   0.0289638970764732   0.0599245867783385   0
0.732376159530743   1.24912556888618   0.0919770933431039   0.390138179095731   0
0.812542902080647   1.34102640857041   0.0801667425499042   0.0919008396842342   0
0.837693446095462   1.38754620204143   0.0251505440148145   0.0465197934710226   0
0.781056910090225   1.13314949239297   -0.0566365360052364   -0.254396709648464   0
0.710724011225877   0.754302445774405   -0.0703328988643486   -0.378847046618562   0
0.707984419333505   0.723107762277691   -0.00273959189237161   -0.0311946834967142   0
0.859030828811749   1.26352799014977   0.151046409478244   0.540420227872074   1
0.783768320255916   1.01494727582732   -0.0752625085558329   -0.248580714322449   0
0.683878029853277   0.761313130547426   -0.0998902904026384   -0.25363414527989   0
0.786898138672344   1.11467122115671   0.103020108819067   0.353358090609288   0
0.853712585335955   1.30878900991166   0.0668144466636106   0.194117788754945   0
0.776209193024284   1.25004431800527   -0.0775033923116711   -0.058744691906393   0
0.812092960651673   0.970914912775703   0.0358837676273894   -0.279129405229563   0
0.837218607749493   1.08546506134341   0.0251256470978199   0.114550148567706   0
0.82550205196281   1.42311702992978   -0.0117165557866833   0.337651968586369   0
0.88242146854136   1.416508123491   0.0569194165785498   -0.00660890643877576   0
0.832551181793648   1.26016138459167   -0.0498702867477118   -0.15634673889933   0
0.891247496409948   1.47924000434826   0.0586963146163   0.219078619756591   0
0.864180244189646   1.54930615762702   -0.0270672522203017   0.0700661532787563   0
0.884120251745683   1.59060423609587   0.0199400075560368   0.0412980784688544   0
0.892970123444458   1.68003587423669   0.00884987169877471   0.0894316381408191   0
0.92871312564256   1.67651121663598   0.035743002198102   -0.00352465760071441   0
0.999898530249693   1.70943516350965   0.0711854046071334   0.0329239468736671   0
1.02418782240776   1.71479756272606   0.0242892921580645   0.00536239921641868   0
1.040993894258   1.41290194127406   0.0168060718502443   -0.301895621452007   0
1.03051242785974   1.38157967046923   -0.01048146639826   -0.0313222708048257   0
1.03104203575817   1.44522959135721   0.000529607898432261   0.0636499208879819   0
1.00609188902202   1.33054792359622   -0.0249501467361577   -0.114681667760998   0
0.910306721485126   1.37713661441234   -0.09578516753689   0.0465886908161268   0
0.905877211084929   1.49677934535307   -0.00442951040019701   0.119642730940723   0
0.88446366884482   1.56609825970245   -0.0214135422401092   0.0693189143493873   0
0.3622778841976   1.11708999847472   -0.52218578464722   -0.449008261227733   1
0.891793480831745   1.45389255254653   0.529515596634144   0.336802554071805   1
0.878701208367213   1.49275604477431   -0.0130922724645319   0.0388634922277875   0
0.811150982201988   1.19235842166094   -0.0675502261652249   -0.300397623113376   0
0.771673740801227   1.43278203836103   -0.0394772414007607   0.240423616700098   0
0.778698288649905   1.30707618807513   0.00702454784867723   -0.125705850285909   0
0.80155476153251   1.33530881685184   0.0228564728826059   0.028232628776711   0
