2.84462174593759e-09   0.003388405   0   0   0
2.4651157302498e-05   0.0174898956818644   2.46483126807521e-05   0.0141014906818644   0
1.37041661137225e-05   0.0208636408783133   -1.09469911887755e-05   0.00337374519644885   0
0.046633346087596   0.0220336776706506   0.0466196419214823   0.00117003679233728   0
0.00378401674650317   0.0284189362938253   -0.0428493293410929   0.00638525862317472   0
0.0221385857320223   0.0247034640077561   0.0183545689855191   -0.0037154722860692   0
0.0290664596376993   0.033400276005635   0.00692787390567699   0.00869681199787897   0
0.0369298567462697   0.0523845001083574   0.00786339710857042   0.0189842241027224   0
0.0395585518669339   0.0455896635384601   0.00262869512066423   -0.00679483656989731   0
0.0328646009282648   0.0570510773713564   -0.00669395093866915   0.0114614138328963   0
0.0185076252678106   0.0418980768002664   -0.0143569756604542   -0.01515300057109   0
0.0724142571370231   0.0522213861318091   0.0539066318692125   0.0103233093315426   0
0.0484611208177236   0.0470218626670084   -0.0239531363192995   -0.00519952346480065   0
0.0538616220411157   0.0434776053272544   0.00540050122339214   -0.00354425733975402   0
0.0709722644670438   0.0491158149358738   0.0171106424259281   0.00563820960861938   0
0.02542914705568   0.0462355381560007   -0.0455431174113637   -0.00288027677987304   0
0.0474255943034729   0.0485684089172427   0.0219964472477929   0.00233287076124196   0
0.0321373686604489   0.0606295831773153   -0.015288225643024   0.0120611742600726   0
0.0226459413437397   0.0595888700198703   -0.00949142731670913   -0.00104071315744502   0
0.0128831498842868   0.0659456436819939   -0.00976279145945288   0.00635677366212358   0
0.0101284128987961   0.0642611577500748   -0.0027547369854907   -0.00168448593191908   0
0.0247460055223101   0.0662273725685234   0.0146175926235139   0.00196621481844855   0
0.015770845956603   0.0722429558399468   -0.0089751595657071   0.00601558327142342   0
0.00817414629635413   0.0605235384954688   -0.00759669966024883   -0.0117194173444779   0
0.0129771088107107   0.0745987420849038   0.00480296251435652   0.014075203589435   0
0.0119490747827489   0.0655578048423107   -0.00102803402796178   -0.00904093724259308   0
0.0109493542565441   0.0558297531487915   -0.000999720526204789   -0.00972805169351919   0
0.00963256638819775   0.0704825791930354   -0.00131678786834634   0.0146528260442438   0
0.0154055377775429   0.0679224894755964   0.00577297138934511   -0.00256008971743898   0
0.0131732857042159   0.0689227558876602   -0.00223225207332692   0.00100026641206384   0
0.00630449600072837   0.0759940469969852   -0.00686878970348757   0.00707129110932501   0
0.0527449608907666   0.0713452754395307   0.0464404648900382   -0.00464877155745454   0
0.0139515469911584   0.0678567813978271   -0.0387934138996082   -0.00348849404170355   0
0.0316486574464716   0.0769590007969341   0.0176971104553132   0.00910221939910695   0
0.0142254474335256   0.0696951557001812   -0.017423210012946   -0.00726384509675289   0
0.0275283884877486   0.0790385876077154   0.013302941054223   0.00934343190753419   0
0.00722865125370563   0.0766307795536167   -0.020299737234043   -0.00240780805409868   0
0.0198802098129723   0.082216861599203   0.0126515585592667   0.00558608204558629   0
0.0253037699954849   0.0838501777451306   0.00542356018251256   0.00163331614592764   0
0.0299479539970346   0.0746560115442487   0.00464418400154972   -0.00919416620088191   0
0.034455388391658   0.0819772894807153   0.0045074343946234   0.0073212779364666   0
0.0814023249437729   0.0680152282589899   0.046946936552115   -0.0139620612217254   0
0.0245875661116041   0.0818801211345739   -0.0568147588321689   0.013864892875584   0
0.00665570989484217   0.0855826368964669   -0.0179318562167619   0.00370251576189297   0
0.0288185658048297   0.0894503135327932   0.0221628559099875   0.00386767663632627   0
0.0605405163586866   0.0976738735426982   0.0317219505538569   0.00822356000990504   0
0.0499570277558834   0.105170195795209   -0.0105834886028033   0.00749632225251033   0
0.0456845616502566   0.0984632739439432   -0.00427246610562671   -0.00670692185126535   0
0.0157532357080093   0.0904527733708177   -0.0299313259422473   -0.00801050057312554   0
0.0323447804180767   0.0945173625668983   0.0165915447100674   0.0040645891960806   0
0.0270573178222787   0.110481801743797   -0.00528746259579804   0.0159644391768984   0
0.0466982626535035   0.0985621574822487   0.0196409448312248   -0.011919644261548   0
0.0650593073406296   0.114383847167389   0.0183610446871261   0.0158216896851398   0
0.0695536219897886   0.125222952250399   0.00449431464915896   0.01083910508301   0
0.0570399970772229   0.134605463241653   -0.0125136249125656   0.00938251099125445   0
0.0505987319249939   0.133437564292668   -0.00644126515222899   -0.00116789894898467   0
0.0646942730672237   0.125521099279802   0.0140955411422297   -0.007916465012866   0
0.084866983604344   0.11608698329619   0.0201727105371204   -0.00943411598361189   0
0.0554779421538867   0.12483302189514   -0.0293890414504573   0.00874603859894955   0
0.0308803744504888   0.121751098183025   -0.0245975677033979   -0.00308192371211539   0
0.0500952095852847   0.116880513298007   0.0192148351347959   -0.00487058488501758   0
0.0408887361650626   0.120015413305552   -0.00920647342022207   0.00313490000754511   0
0.0460470064121219   0.114657668460901   0.00515827024705932   -0.00535774484465068   0
0.0419703725891313   0.117661167657092   -0.00407663382299069   0.00300349919619018   0
0.036051572166968   0.11117801113199   -0.00591880042216329   -0.00648315652510117   0
0.0840741023719457   0.109195132690702   0.0480225302049777   -0.00198287844128854   0
0.0697717446038151   0.115025451672108   -0.0143023577681306   0.00583031898140629   0
0.0342430502318295   0.122169359079353   -0.0355286943719856   0.00714390740724524   0
0.0239881234359505   0.120122757799313   -0.010254926795879   -0.0020466012800401   0
0.0402084144684928   0.118706841024696   0.0162202910325422   -0.00141591677461715   0
0.0895974301737745   0.129646724732791   0.0493890157052817   0.0109398837080945   0
0.0740189960912575   0.12611541832509   -0.015578434082517   -0.00353130640770044   0
0.0781001011632277   0.131109507881808   0.00408110507197014   0.00499408955671823   0
0.0770640774216496   0.114436278682578   -0.0010360237415781   -0.0166732291992308   0
0.0968015079902767   0.128284334070118   0.0197374305686271   0.0138480553875399   0
0.0866417925994147   0.141577104714542   -0.0101597153908619   0.0132927706444248   0
0.101662751150557   0.141852741737876   0.0150209585511419   0.000275637023333469   0
0.0946822868118261   0.144183086435624   -0.00698046433873049   0.00233034469774776   0
0.0801980163007789   0.14013326652709   -0.0144842705110472   -0.00404981990853337   0
0.082504430200845   0.154473268580044   0.00230641390006603   0.0143400020529541   0
0.0847177599121607   0.146171237935349   0.0022133297113157   -0.00830203064469501   0
0.0855561804851064   0.141330030874864   0.000838420572945739   -0.00484120706048533   0
0.0698253372979501   0.145954121921327   -0.0157308431871563   0.00462409104646316   0
0.0827223310649162   0.144861204627749   0.0128969937669661   -0.00109291729357838   0
0.102672151964829   0.144427168003427   0.0199498208999126   -0.000434036624322204   0
0.0769437880205212   0.148547037722265   -0.0257283639443076   0.00411986971883838   0
0.0783798668179055   0.142197381102079   0.00143607879738429   -0.00634965662018561   0
0.105894253693944   0.134682834363886   0.0275143868760382   -0.00751454673819316   0
0.1136103114479   0.138457035534999   0.0077160577539566   0.00377420117111291   0
0.0963640246722271   0.145607282305825   -0.0172462867756731   0.00715024677082551   0
0.067254113750387   0.131586101729523   -0.0291099109218401   -0.0140211805763011   0
0.0705030792440302   0.150828216908541   0.00324896549364313   0.0192421151790179   0
0.0795704510885643   0.158749591433403   0.0090673718445341   0.00792137452486202   0
0.0492391611019806   0.119599717915522   -0.0303312899865837   -0.0391498735178811   0
0.136142156870868   0.139966412735351   0.0869029957688877   0.0203666948198283   0
0.0467027483798555   0.103646408097447   -0.0894394084910127   -0.0363200046379037   0
0.142240635821818   0.155342909760916   0.0955378874419626   0.0516965016634696   0
0.0686219382677523   0.145250024349817   -0.0736186975540659   -0.0100928854110992   0
0.0748987567729432   0.16482932562384   0.00627681850519091   0.0195793012740232   0
0.13072585509596   0.147490273236204   0.0558270983230171   -0.0173390523876368   0
0.162339564379638   0.151133749230119   0.0316137092836776   0.00364347599391537   0
0.112860413300255   0.143813470899897   -0.0494791510793828   -0.0073202783302217   0
0.125871029389014   0.14630308170477   0.0130106160887588   0.00248961080487234   0
0.0961384500446335   0.147044043157506   -0.0297325793443804   0.000740961452736055   0
0.11100807426844   0.144109187319395   0.0148696242238061   -0.00293485583811096   0
0.0935162838703105   0.150766902362137   -0.0174917903981291   0.00665771504274207   0
0.123644734004481   0.147173604052685   0.0301284501341706   -0.00359329830945213   0
0.108667945473585   0.16072821023192   -0.0149767885308963   0.0135546061792357   0
0.101823514543155   0.151351738286392   -0.0068444309304303   -0.0093764719455284   0
0.128278422916843   0.147480183781098   0.0264549083736884   -0.00387155450529414   0
0.106803748848341   0.156350990835436   -0.0214746740685014   0.00887080705433785   0
0.101933045890035   0.159651531433941   -0.00487070295830636   0.00330054059850482   0
0.0725029929117281   0.17638132965964   -0.0294300529783069   0.0167297982256992   0
0.104274366953164   0.155773125103474   0.0317713740414362   -0.0206082045561659   0
0.0920881285492869   0.15680222479057   -0.0121862384038774   0.00102909968709636   0
0.0599425681512971   0.14789920679469   -0.0321455603979898   -0.00890301799588039   0
0.0784243261607806   0.161840162897695   0.0184817580094835   0.0139409561030054   0
0.078137955886496   0.164104892217935   -0.000286370274284575   0.00226472932023966   0
0.0682086792609231   0.170622085152655   -0.00992927662557294   0.00651719293472058   0
0.0852475614591409   0.168032185822694   0.0170388821982178   -0.00258989932996129   0
0.0911426417015246   0.176944802850133   0.00589508024238378   0.00891261702743906   0
0.0810389393749079   0.15935589815854   -0.0101037023266167   -0.0175889046915934   0
0.0719013110380471   0.176842705847343   -0.00913762833686078   0.0174868076888035   0
0.103904125000358   0.157105450334608   0.0320028139623108   -0.0197372555127353   0
0.116707532593959   0.189531458777059   0.0128034075936011   0.0324260084424509   0
0.0753639267571986   0.174452859519128   -0.0413436058367604   -0.0150785992579309   0
0.0792990058927601   0.157151279314909   0.00393507913556145   -0.0173015802042192   0
0.0655461793085608   0.179929187850221   -0.0137528265841993   0.0227779085353118   0
0.118985082029051   0.147826795159411   0.0534389027204902   -0.0321023926908096   0
0.0754471422074978   0.163986435522088   -0.0435379398215532   0.0161596403626771   0
0.101373057458773   0.163893728493231   0.0259259152512747   -9.27070288569698e-05   0
0.0827858503238325   0.168837883117423   -0.0185872071349401   0.00494415462419145   0
0.108085216465262   0.172614524749693   0.0252993661414293   0.00377664163227062   0
0.11633779479795   0.16635134227362   0.00825257833268854   -0.00626318247607291   0
0.0647913832432986   0.16651103426756   -0.0515464115546517   0.00015969199393942   0
0.0730556906206792   0.162346633298908   0.0082643073773806   -0.00416440096865217   0
0.0984559239153236   0.166454992227359   0.0254002332946444   0.00410835892845085   0
0.0812149984345872   0.172379059218955   -0.0172409254807364   0.00592406699159653   0
0.0568084649996495   0.170607617856954   -0.0244065334349377   -0.00177144136200119   0
0.0633180382680165   0.171947373212659   0.00650957326836701   0.00133975535570555   0
0.0737249124312128   0.174125037641604   0.0104068741631963   0.00217766442894451   0
0.072188076305953   0.173552340728878   -0.00153683612525977   -0.000572696912726184   0
0.0746697032495108   0.176808057180124   0.00248162694355773   0.00325571645124623   0
0.0795175394774788   0.186758189054215   0.00484783622796803   0.00995013187409127   0
0.139293619495259   0.178463991961432   0.0597760800177802   -0.00829419709278345   0
0.0801986383221685   0.17284663748339   -0.0590949811730905   -0.00561735447804196   0
0.0882649899736583   0.172252481817542   0.00806635165148975   -0.000594155665848251   0
0.0716961670176307   0.171006735770035   -0.0165688229560276   -0.0012457460475068   0
0.0605994950479325   0.174554471974088   -0.0110966719696982   0.00354773620405271   0
0.100133579362669   0.174470297250191   0.0395340843147368   -8.4174723896463e-05   0
0.107634538038978   0.188713996630357   0.00750095867630821   0.0142436993801662   0
0.0998849691540224   0.170055926448338   -0.00774956888495515   -0.0186580701820194   0
0.136848140503625   0.197497824292326   0.036963171349603   0.0274418978439882   0
0.0853736204773465   0.170024066944073   -0.0514745200262789   -0.0274737573482534   0
0.061926414384332   0.171215589858108   -0.0234472060930145   0.00119152291403576   0
0.117711206433372   0.182569774127079   0.0557847920490404   0.0113541842689702   0
0.0985404110738985   0.173252811446748   -0.0191707953594739   -0.00931696268033036   0
0.0699002412224736   0.165914974930241   -0.0286401698514249   -0.00733783651650727   0
0.0683585759335286   0.166918797836882   -0.00154166528894499   0.00100382290664136   0
0.0593403144647043   0.165150231565271   -0.00901826146882429   -0.00176856627161176   0
0.0558481226105229   0.168174161544543   -0.00349219185418144   0.00302392997927226   0
0.0683411654903543   0.174582909134378   0.0124930428798314   0.0064087475898352   0
0.0512464474871186   0.17210714155261   -0.0170947180032358   -0.00247576758176846   0
0.0768584748740827   0.176593315486912   0.0256120273869642   0.00448617393430231   0
0.0585926956490819   0.17995229790325   -0.0182657792250008   0.00335898241633803   0
0.0406399894339615   0.181275859539274   -0.0179527062151204   0.00132356163602379   0
0.0410065895843449   0.176721787259403   0.000366600150383388   -0.00455407227987101   0
0.0414282452143462   0.185842734429997   0.000421655630001357   0.00912094717059381   0
0.0447950925216145   0.18638508617413   0.00336684730726824   0.00054235174413389   0
0.0446460853760999   0.186347637291617   -0.000149007145514572   -3.74488825129193e-05   0
0.0386891484956144   0.195331053028361   -0.00595693688048552   0.00898341573674311   0
0.0551106273483618   0.172021148924102   0.0164214788527474   -0.0233099041042582   0
0.0827800829092361   0.163783474174907   0.0276694555608743   -0.00823767474919518   0
0.0531591677269885   0.157172146075814   -0.0296209151822475   -0.00661132809909321   0
0.0299955916951622   0.171437947052504   -0.0231635760318263   0.0142658009766895   0
0.0408970108601643   0.174414363298468   0.0109014191650021   0.00297641624596448   0
0.0291152044321537   0.171735469302529   -0.0117818064280107   -0.00267889399593871   0
0.0196501447652858   0.168767116708496   -0.00946505966686785   -0.00296835259403366   0
0.0680573702540731   0.163661523128101   0.0484072254887873   -0.0051055935803945   0
0.0486582756707428   0.182100180382228   -0.0193990945833304   0.0184386572541269   0
0.0413631715063243   0.177919512032049   -0.00729510416441847   -0.00418066835017888   0
0.0323830492348343   0.177893652108647   -0.00898012227149006   -2.58599234016776e-05   0
0.0441725654221033   0.178330135993619   0.0117895161872691   0.000436483884971084   0
0.0367080999385694   0.173271984929503   -0.00746446548353392   -0.00505815106411533   0
0.0420556975874149   0.165173598374566   0.00534759764884553   -0.00809838655493705   0
0.0458166189143197   0.164566488326249   0.00376092132690478   -0.000607110048316761   0
0.0578933533567542   0.172672194713128   0.0120767344424344   0.0081057063868786   0
0.0422490227875581   0.167977670471472   -0.0156443305691961   -0.00469452424165587   0
0.0366090309434653   0.17168309614756   -0.00563999184409276   0.00370542567608834   0
0.033387726053252   0.18001396926009   -0.00322130489021333   0.00833087311252914   0
0.0497820434506821   0.18318591736477   0.0163943173974301   0.00317194810468077   0
0.0459084452719758   0.17217159065322   -0.00387359817870627   -0.0110143267115503   0
0.0443340872262292   0.171527285298258   -0.00157435804574662   -0.000644305354962155   0
0.0330093155504594   0.166943307732812   -0.0113247716757698   -0.00458397756544562   0
0.0504376235493119   0.178693494542674   0.0174283079988525   0.0117501868098612   0
0.0546772105522036   0.183387711760876   0.00423958700289167   0.00469421721820207   0
0.0325826574783105   0.180378083540691   -0.0220945530738931   -0.00300962822018463   0
0.0425070810551795   0.175218357630818   0.00992442357686904   -0.00515972590987299   0
0.0278159982734846   0.17942651489056   -0.0146910827816949   0.00420815725974241   0
0.0222088806274382   0.178102717973253   -0.00560711764604642   -0.00132379691730766   0
0.0470166901084934   0.174967839880905   0.0248078094810552   -0.0031348780923478   0
0.0529168524432434   0.194794894416306   0.00590016233475005   0.0198270545354015   0
0.0521491685836888   0.189971530100986   -0.000767683859554599   -0.00482336431532004   0
0.0424736811396187   0.196689715302199   -0.00967548744407016   0.00671818520121231   0
0.0418715142502633   0.195810449452328   -0.00060216688935541   -0.000879265849871247   0
0.0542965678480694   0.191030243510556   0.0124250535978061   -0.00478020594177103   0
0.0491678168555408   0.208593113811368   -0.00512875099252858   0.017562870300812   0
0.0450688624313949   0.20378293006558   -0.00409895442414587   -0.00481018374578887   0
0.0522971397604114   0.191422293862686   0.00722827732901647   -0.0123606362028936   0
0.0379988893296751   0.18661750494346   -0.0142982504307362   -0.00480478891922551   0
0.0623128681061143   0.1781317776621   0.0243139787764392   -0.00848572728136002   0
0.0313472053831693   0.198332672715069   -0.030965662722945   0.020200895052968   0
0.0581390688020543   0.18557161297939   0.0267918634188849   -0.0127610597356785   0
0.0493805479236723   0.180280079326648   -0.00875852087838195   -0.00529153365274199   0
0.0328248898532745   0.182864515762087   -0.0165556580703979   0.00258443643543885   0
0.0442824732961022   0.192181989507485   0.0114575834428277   0.00931747374539801   0
0.0431462121218816   0.182096033489887   -0.00113626117422058   -0.010085956017598   0
0.0619543673843903   0.182332612526702   0.0188081552625087   0.00023657903681526   0
0.0669683757946241   0.186159208072076   0.00501400841023388   0.00382659554537387   0
0.0418199960948109   0.181814010017167   -0.0251483796998132   -0.00434519805490904   0
0.0480593991603099   0.192504056281348   0.00623940306549903   0.0106900462641813   0
0.062150543495371   0.188573983744444   0.014091144335061   -0.00393007253690383   0
0.0239841181184633   0.17034711393069   -0.0381664253769077   -0.018226869813754   0
0.0357037930652879   0.17238959040723   0.0117196749468246   0.00204247647653949   0
0.0491583926826336   0.182679943801475   0.0134545996173457   0.0102903533942449   0
0.0384639099816958   0.189001535369476   -0.0106944827009377   0.00632159156800099   0
0.0459891609198298   0.184843106753464   0.00752525093813396   -0.00415842861601179   0
0.0315204698496073   0.192396030659598   -0.0144686910702225   0.00755292390613377   0
0.0338891909713113   0.186961039754283   0.00236872112170407   -0.00543499090531505   0
0.147322205799974   0.173025119192735   0.113433014828663   -0.0139359205615482   0
0.100091921446349   0.176142177754761   -0.0472302843536254   0.00311705856202693   0
0.107882405707418   0.163326739378462   0.00779048426106928   -0.0128154383762996   0
0.0967896277428527   0.193932360761426   -0.0110927779645656   0.0306056213829644   0
0.0818345422914432   0.200580801268466   -0.0149550854514095   0.00664844050704005   0
0.0353191965190943   0.186825188228702   -0.0465153457723489   -0.0137556130397642   0
0.0668264625415711   0.182988039946092   0.0315072660224768   -0.00383714828261034   0
0.0626718805732683   0.201505469837204   -0.00415458196830279   0.0185174298911126   0
0.0702092481681723   0.186652518342701   0.007537367594904   -0.0148529514945029   0
0.0788312681621322   0.192603629547472   0.00862201999395995   0.00595111120477099   0
0.0415562571933518   0.186834636665428   -0.0372750109687805   -0.00576899288204444   0
0.0403694925431321   0.195902066775908   -0.00118676465021964   0.00906743011048045   0
0.0670966328819114   0.190450273309918   0.0267271403387793   -0.0054517934659904   0
0.0657631321405086   0.190564743865602   -0.00133350074140282   0.000114470555683893   0
0.0713743162357441   0.201804419624676   0.00561118409523544   0.0112396757590745   0
0.0379830031930073   0.200775024813621   -0.0333913130427368   -0.00102939481105574   0
0.0530268590337727   0.204289325840804   0.0150438558407654   0.00351430102718284   0
0.0814380360637485   0.199932025864942   0.0284111770299758   -0.00435729997586115   0
0.0698649273343929   0.196319960565278   -0.0115731087293556   -0.0036120652996639   0
0.0544301239213177   0.199855892756037   -0.0154348034130752   0.00353593219075835   0
0.0671931572409721   0.199322157608863   0.0127630333196544   -0.000533735147173642   0
