0.246261074381499   0.181535524640496   0   0   0
0.261232895295386   0.137964585145537   0.0149718209138872   -0.0435709394949591   0
0.228816966117331   0.138827372113535   -0.0324159291780543   0.000862786967998797   0
0.225193128261166   0.127176141410142   -0.00362383785616535   -0.0116512307033931   0
0.264112821583315   0.10065266235725   0.038919693322149   -0.0265234790528926   0
0.233407254699077   0.104834318233535   -0.0307055668842376   0.00418165587628493   0
0.209775295736295   0.102462991396467   -0.0236319589627825   -0.00237132683706742   0
0.228150066046035   0.118035758323908   0.0183747703097397   0.0155727669274408   0
0.242060866274662   0.145436016017388   0.0139108002286277   0.0274002576934803   0
0.23383775153777   0.126875634659585   -0.00822311473689208   -0.0185603813578032   0
0.248973632429139   0.147285651162834   0.0151358808913686   0.0204100165032489   0
0.23299896934536   0.108382709826965   -0.015974663083779   -0.0389029413358689   0
0.297312815509187   0.107814086092229   0.0643138461638273   -0.000568623734736332   0
0.248364021327285   0.0981362211596717   -0.0489487941819025   -0.00967786493255697   0
0.222150919075051   0.0798632694249678   -0.0262131022522335   -0.0182729517347039   0
0.192441368205643   0.100942936064652   -0.029709550869408   0.0210796666396846   0
0.140512893168465   0.0633976949631846   -0.0519284750371782   -0.0375452411014678   0
0.0403558036199256   0.0548955855633447   -0.10015708954854   -0.00850210939983987   0
0.0252172547232426   0.0400378600735916   -0.015138548896683   -0.0148577254897531   0
0.0144492306391205   0.0111878514590436   -0.010768024084122   -0.028850008614548   0
0.00814538283132843   0.013320767461236   -0.00630384780779211   0.0021329160021924   0
0.0548701897448879   0.00657856386729087   0.0467248069135595   -0.00674220359394518   0
0.0340582874304992   0.0158975758393576   -0.0208119023143887   0.00931901197206668   0
0.04084978141237   0.0287656199332206   0.00679149398187079   0.0128680440938631   0
0.0892449729396004   0.0348338348704033   0.0483951915272304   0.00606821493718267   0
0.309905135507368   0.0983704439350179   0.220660162567767   0.0635366090646146   0
0.0862523236168742   0.0514906375067548   -0.223652811890494   -0.0468798064282631   0
0.0837137653835975   0.0420271910211535   -0.00253855823327676   -0.00946344648560132   0
0.258097429523988   0.102933914489409   0.174383664140391   0.0609067234682552   0
0.414501928045986   0.245375854992397   0.156404498521998   0.142441940502989   0
0.269149944112961   0.145226024626786   -0.145351983933025   -0.100149830365611   0
0.232577364215114   0.121249884398429   -0.0365725798978465   -0.0239761402283571   0
0.228515253093114   0.118153488124611   -0.00406211112200028   -0.00309639627381879   0
0.239597212355152   0.117091265637735   0.0110819592620382   -0.00106222248687518   0
0.275015604827726   0.171312113331797   0.0354183924725737   0.054220847694062   0
0.283262682035615   0.197888389174719   0.00824707720788903   0.0265762758429215   0
0.322047026036276   0.104323814978951   0.0387843440006611   -0.0935645741957674   0
0.373641707489796   0.139607530685884   0.0515946814535194   0.0352837157069323   0
0.603967864856906   0.406503185471221   0.23032615736711   0.266895654785337   1
0.285114383358048   0.208042279239702   -0.318853481498858   -0.198460906231519   0
0.201175934300328   0.178178834060053   -0.0839384490577198   -0.0298634451796484   0
0.254695220614679   0.172869397086963   0.0535192863143507   -0.00530943697309053   0
0.331573178188466   0.149111625300176   0.0768779575737867   -0.023757771786787   0
0.262819735827354   0.128646088698578   -0.0687534423611119   -0.0204655366015973   0
0.24545198737635   0.124995704460563   -0.0173677484510035   -0.00365038423801503   0
0.26542683688625   0.173920600678794   0.0199748495098998   0.0489248962182306   0
0.274371872101059   0.145227222296355   0.00894503521480916   -0.0286933783824386   0
0.281788998346351   0.162160919858863   0.00741712624529206   0.0169336975625074   0
0.365730620579355   0.160304833009535   0.0839416222330035   -0.00185608684932742   0
0.525867181286302   0.213353902696459   0.160136560706947   0.0530490696869235   0
0.54500710798341   0.303567323877674   0.0191399266971082   0.090213421181215   0
0.478942059568796   0.239077419767264   -0.0660650484146139   -0.0644899041104099   0
0.488881431952943   0.240759934857365   0.0099393723841471   0.00168251509010084   0
0.457229470533659   0.168428056757923   -0.0316519614192841   -0.0723318780994421   0
0.318807981116361   0.132104655890283   -0.138421489417298   -0.0363234008676399   0
0.38346266808799   0.0901845113678064   0.064654686971629   -0.0419201445224763   0
0.443403857718232   0.268340574392413   0.0599411896302418   0.178156063024606   0
0.30513895730026   0.109765612024907   -0.138264900417972   -0.158574962367505   0
0.328648553574848   0.113672773135314   0.0235095962745883   0.00390716111040632   0
0.406683293997233   0.216778725489588   0.0780347404223848   0.103105952354274   0
0.442799214076719   0.232506663030331   0.0361159200794858   0.0157279375407436   0
0.390056060406873   0.159443470136754   -0.0527431536698461   -0.0730631928935771   0
0.390079128721353   0.151740395197686   2.30683144803456e-05   -0.00770307493906791   0
0.361360004835912   0.149722680132103   -0.0287191238854417   -0.00201771506558335   0
0.40878125363134   0.139016993953761   0.0474212487954286   -0.010705686178342   0
0.395723707347045   0.165570216959271   -0.0130575462842947   0.0265532230055099   0
0.411453511534523   0.126129538234507   0.0157298041874778   -0.0394406787247637   0
0.424000799156098   0.172433659459892   0.012547287621575   0.0463041212253849   0
0.395029359738185   0.146236931258532   -0.0289714394179137   -0.0261967282013604   0
0.393867198665286   0.185668348689942   -0.00116216107289835   0.0394314174314107   0
0.376684898181823   0.170429969643693   -0.0171823004834636   -0.0152383790462497   0
0.349575673925632   0.153943080893102   -0.0271092242561902   -0.0164868887505911   0
0.402571366131833   0.188601410209634   0.0529956922062003   0.0346583293165321   0
0.413401650433135   0.203003714104724   0.0108302843013025   0.0144023038950903   0
0.416067046441845   0.19261209418706   0.00266539600870946   -0.0103916199176636   0
0.408402781314489   0.182895910469453   -0.00766426512735591   -0.0097161837176078   0
0.398011519965239   0.204359296212119   -0.0103912613492494   0.0214633857426663   0
0.376197598562245   0.217345137705131   -0.0218139214029942   0.0129858414930125   0
0.358675926758906   0.225859229475602   -0.0175216718033391   0.00851409177047038   0
0.361913084129173   0.249413522781549   0.00323715737026731   0.0235542933059478   0
0.387948885860444   0.199158282026207   0.0260358017312711   -0.050255240755343   0
0.404322885775713   0.208456809256234   0.0163739999152684   0.00929852723002769   0
0.385786504683925   0.190591544494562   -0.0185363810917878   -0.0178652647616725   0
0.401410084671075   0.207126428371823   0.0156235799871506   0.0165348838772615   0
0.427853510663124   0.207867908548199   0.0264434259920486   0.00074148017637593   0
0.417896152779384   0.257103704893711   -0.00995735788374036   0.049235796345512   0
0.403310426332323   0.24442977621857   -0.0145857264470609   -0.0126739286751415   0
0.395811445234521   0.237214603389125   -0.00749898109780212   -0.00721517282944437   0
0.387839395920283   0.210171841033117   -0.00797204931423778   -0.0270427623560078   0
0.417350037982854   0.181292472373104   0.0295106420625714   -0.0288793686600139   0
0.363223303192182   0.444190098504289   -0.054126734790672   0.262897626131186   0
0.564864899037517   0.167273078375601   0.201641595845334   -0.276917020128688   0
0.481387841389134   0.167517859914249   -0.0834770576483828   0.000244781538648015   0
0.506225229064386   0.107195402679176   0.024837387675252   -0.0603224572350735   0
0.531291269657323   0.116059743973104   0.0250660405929368   0.00886434129392853   0
0.5197591276351   0.121526286361727   -0.011532142022223   0.00546654238862289   0
0.46447637028836   0.136201370764945   -0.0552827573467394   0.0146750844032179   0
0.61917192670793   0.140145413667813   0.15469555641957   0.00394404290286832   0
0.610115221278932   0.109488946048505   -0.00905670542899795   -0.030656467619308   0
0.559707683813399   0.152939009005224   -0.0504075374655328   0.0434500629567187   0
0.535949690645689   0.151089578708295   -0.0237579931677098   -0.00184943029692927   0
0.54055460444648   0.152606092884794   0.0046049138007902   0.00151651417649964   0
0.572407743557859   0.169160676433679   0.0318531391113798   0.0165545835488851   0
0.570966875315206   0.189353153198257   -0.00144086824265321   0.0201924767645773   0
0.588590141032629   0.194458752043492   0.0176232657174229   0.00510559884523573   0
0.64693414577007   0.22884775137917   0.0583440047374408   0.0343889993356777   0
0.64346178645608   0.237214080952291   -0.0034723593139897   0.00836632957312058   0
0.61868984630515   0.234047136007413   -0.0247719401509301   -0.00316694494487774   0
0.591806857231006   0.220842850379093   -0.0268829890741443   -0.01320428562832   0
0.646224889635033   0.217949833864521   0.0544180324040269   -0.00289301651457166   0
0.654404870560122   0.181853379273805   0.00817998092508943   -0.0360964545907161   0
0.628760167405379   0.205903052740021   -0.0256447031547432   0.024049673466216   0
0.697293984655461   0.229648547794349   0.068533817250082   0.0237454950543281   0
0.715349582529975   0.183249068345817   0.0180555978745145   -0.0463994794485322   0
0.710331598568732   0.188990013612234   -0.00501798396124342   0.00574094526641705   0
0.691292543698657   0.236055091886349   -0.0190390548700745   0.0470650782741144   0
0.687149040718395   0.240354913315185   -0.00414350298026267   0.0042998214288362   0
0.684396842097361   0.247678882556041   -0.00275219862103371   0.00732396924085568   0
0.670848265603005   0.246802531936789   -0.013548576494356   -0.000876350619251065   0
0.682439215467898   0.249111025491271   0.0115909498648931   0.00230849355448115   0
0.702036107884238   0.254839408116162   0.0195968924163404   0.00572838262489109   0
0.697595512227566   0.238885095185578   -0.00444059565667254   -0.0159543129305841   0
0.690761874818153   0.279825900676224   -0.00683363740941267   0.0409408054906464   0
0.657108696431275   0.277963894486478   -0.0336531783868779   -0.0018620061897458   0
0.641681138646633   0.26591204082307   -0.0154275577846419   -0.0120518536634083   0
0.688974710579162   0.29952163238636   0.0472935719325286   0.0336095915632904   0
0.681039365719604   0.285478235876752   -0.00793534485955838   -0.0140433965096082   0
0.690419985789671   0.295802199010589   0.00938062007006768   0.0103239631338368   0
0.718658749079951   0.304292321830789   0.0282387632902797   0.00849012282020012   0
0.716976522620204   0.300441363444604   -0.00168222645974692   -0.00385095838618521   0
0.69880327986223   0.325818947947322   -0.0181732427579742   0.0253775845027186   0
0.675904432988311   0.323579103879561   -0.0228988468739192   -0.00223984406776107   0
0.678162342011918   0.296147355713756   0.00225790902360745   -0.0274317481658052   0
0.691916236894474   0.338596749573146   0.013753894882556   0.0424493938593902   0
0.698035266097788   0.322183470518492   0.00611902920331386   -0.0164132790546544   0
0.673760817483489   0.342600274739382   -0.0242744486142989   0.02041680422089   0
0.659795713519726   0.274502499417241   -0.0139651039637627   -0.0680977753221408   0
0.653845291820443   0.357111422388115   -0.00595042169928361   0.0826089229708735   0
0.67999212764138   0.358464887981044   0.0261468358209367   0.00135346559292943   0
0.686153717257759   0.356491397453978   0.00616158961637903   -0.0019734905270663   0
0.681109837476607   0.342782748889   -0.00504387978115162   -0.0137086485649778   0
0.669330973144348   0.37587072291798   -0.0117788643322588   0.0330879740289801   0
0.639472171770938   0.356021504902443   -0.0298588013734101   -0.0198492180155375   0
1.18295001012217   0.396512456527925   0.543477838351231   0.0404909516254828   0
1.1200277840537   0.327634681392263   -0.0629222260684656   -0.068877775135662   0
0.988213669055412   0.37776479960256   -0.131814114998291   0.0501301182102968   0
0.94683168940177   0.409354683955445   -0.0413819796536421   0.031589884352885   0
0.945557033844601   0.370320956959166   -0.0012746555571691   -0.0390337269962792   0
0.874001004160544   0.435937652892707   -0.0715560296840566   0.0656166959335412   0
0.723180883737423   0.478330512763019   -0.150820120423122   0.0423928598703116   0
0.724151798511445   0.472608745632093   0.000970914774021669   -0.0057217671309262   0
0.762845352587935   0.51106514455948   0.03869355407649   0.0384563989273877   0
0.769425403507033   0.489384885273595   0.00658005091909808   -0.021680259285885   0
0.756231616430238   0.485621445154147   -0.0131937870767952   -0.0037634401194479   0
0.848538928160571   0.182883734793618   0.092307311730333   -0.302737710360529   0
0.771223489047377   0.211118259287662   -0.0773154391131935   0.0282345244940437   0
0.781681818750603   0.339429729691743   0.0104583297032257   0.128311470404081   0
0.779587317096783   0.309056523449207   -0.00209450165381975   -0.0303732062425368   0
0.689502831559153   0.417954112247771   -0.0900844855376298   0.108897588798565   0
0.860240965352151   0.711338387178177   0.170738133792998   0.293384274930406   0
0.770658739893112   0.670980176772503   -0.0895822254590384   -0.0403582104056736   0
0.789842226366918   0.660688065827303   0.0191834864738055   -0.0102921109452005   0
0.786301229721129   0.603875519733632   -0.00354099664578877   -0.056812546093671   0
0.771967413092003   0.564669685642024   -0.0143338166291259   -0.0392058340916076   0
0.874906724798341   0.656089444442648   0.102939311706338   0.0914197588006237   0
0.855706270949232   0.617644535092848   -0.0192004538491092   -0.0384449093498   0
0.80499063059017   0.569133299495911   -0.0507156403590616   -0.0485112355969367   0
0.842224979606993   0.594046733566047   0.037234349016823   0.0249134340701358   0
0.837874398202045   0.575967357469859   -0.00435058140494771   -0.0180793760961879   0
0.874830674320214   0.649297013942387   0.0369562761181683   0.0733296564725278   0
0.859309688169428   0.608302883969277   -0.0155209861507856   -0.0409941299731096   0
0.825619020903231   0.570349165202063   -0.0336906672661972   -0.0379537187672144   0
0.853893976400209   0.615135605538568   0.0282749554969776   0.0447864403365053   0
0.853301073969463   0.630095359404116   -0.000592902430745168   0.0149597538655483   0
0.868247870850767   0.648073115709256   0.0149467968813034   0.0179777563051395   0
0.862370654988567   0.607490472184587   -0.00587721586219991   -0.0405826435246687   0
0.858450417163065   0.618513889177923   -0.00392023782550222   0.0110234169933359   0
0.845183999057016   0.615077599321955   -0.0132664181060487   -0.00343628985596756   0
0.833520467101462   0.624379299544796   -0.0116635319555538   0.00930170022284094   0
0.855987684118317   0.635478994621616   0.0224672170168551   0.0110996950768201   0
0.859731518004336   0.632560602412172   0.00374383388601873   -0.00291839220944401   0
0.882816249772828   0.622150947438843   0.0230847317684919   -0.010409654973329   0
0.885173815770756   0.652810836191504   0.00235756599792791   0.0306598887526606   0
0.932207958137432   0.620684433051734   0.047034142366676   -0.0321264031397702   0
0.940619385593605   0.660939131565306   0.00841142745617274   0.040254698513572   0
0.727975678902043   0.507763384455526   -0.212643706691562   -0.15317574710978   0
0.662254441164421   0.548755101865486   -0.0657212377376214   0.0409917174099604   0
0.782273552845488   0.568912328912076   0.120019111681067   0.0201572270465902   0
1.50846750244594   0.709095883689223   0.726193949600451   0.140183554777147   1
0.383228879255739   0.61072309969496   -1.1252386231902   -0.0983727839942629   1
0.4581678406724   0.726777993660127   0.074938961416661   0.116054893965167   0
0.463679389847123   0.657487916745608   0.00551154917472246   -0.0692900769145189   0
0.638439895274637   0.715199745339021   0.174760505427514   0.0577118285934125   0
0.478999032316569   1.08344209135817   -0.159440862958067   0.368242346019148   1
0.598016349953896   1.14425550173974   0.119017317637326   0.0608134103815705   0
0.615988821948094   0.975093541962211   0.017972471994198   -0.169161959777528   0
0.599140919602392   0.97065739259366   -0.0168479023457015   -0.00443614936855097   0
0.638911828743411   1.0190955641844   0.0397709091410192   0.0484381715907363   0
0.61767170107318   1.00416240652409   -0.021240127670231   -0.0149331576603069   0
0.643741698787588   1.09473453908345   0.026069997714408   0.09057213255936   0
0.563244706937083   1.00325154904154   -0.0804969918505056   -0.091482990041913   0
0.431534119236249   0.858211615983966   -0.131710587700834   -0.14503993305757   0
0.187352411477703   0.902238076688465   -0.244181707758546   0.0440264607044988   0
0.382692839690184   0.873218868096224   0.195340428212481   -0.0290192085922413   0
0.421681169073697   0.686697373719823   0.0389883293835132   -0.1865214943764   0
0.439894175453552   0.800241104269065   0.0182130063798543   0.113543730549242   0
0.431271968535587   0.811781507554719   -0.00862220691796495   0.0115404032856541   0
0.447115591540275   0.85729754973294   0.0158436230046884   0.0455160421782208   0
0.475866618330904   0.867013321769742   0.0287510267906287   0.00971577203680207   0
0.480135082350623   0.894939010345131   0.00426846401971975   0.0279256885753889   0
0.546956691113145   0.911931599893628   0.0668216087625212   0.0169925895484973   0
0.54216888302101   0.988147845209582   -0.0047878080921343   0.0762162453159539   0
0.538630848722076   0.954754128224577   -0.00353803429893396   -0.0333937169850048   0
0.634584949530006   0.967051803395155   0.0959541008079293   0.0122976751705781   0
0.605643218240819   0.958469257505634   -0.0289417312891866   -0.0085825458895209   0
0.608244203849112   0.958522821623299   0.00260098560829281   5.35641176641066e-05   0
0.618651042642352   0.992014945904475   0.0104068387932398   0.0334921242811762   0
0.633938272319238   1.02722441268978   0.0152872296768861   0.0352094667853097   0
0.612542036055173   1.00076575594829   -0.0213962362640648   -0.0264586567414944   0
0.635216242296968   1.0312815526486   0.0226742062417948   0.0305157967003125   0
0.621721090624391   1.0124607411858   -0.0134951516725766   -0.0188208114628021   0
0.627153300917338   1.02792443833105   0.00543221029294727   0.0154636971452486   0
0.668982555177218   1.08125532410676   0.0418292542598799   0.0533308857757147   0
0.652393007292299   1.06369187680365   -0.0165895478849192   -0.0175634473031097   0
0.64106857558134   1.07976023649341   -0.0113244317109594   0.0160683596897548   0
0.494720270059651   1.07019785532989   -0.146348305521688   -0.0095623811635217   0
0.615583652934684   0.974931017392114   0.120863382875033   -0.0952668379377732   0
0.638067447741124   1.04001023962828   0.0224837948064397   0.065079222236166   0
0.615771263879601   1.02542383864861   -0.0222961838615228   -0.014586400979669   0
0.627539505908879   1.06732023573586   0.0117682420292778   0.0418963970872483   0
0.591399061786934   1.05641951590358   -0.0361404441219454   -0.0109007198322766   0
0.602021097180985   1.08163100739254   0.0106220353940512   0.0252114914889614   0
0.62432228767079   1.08489898605841   0.0223011904898052   0.00326797866586892   0
0.656932426950725   1.34096774147976   0.0326101392799351   0.256068755421345   0
0.391929246991291   0.615073804474309   -0.265003179959435   -0.725893937005449   1
0.390435727184245   0.450441081057115   -0.00149351980704582   -0.164632723417194   1
0.4997310897735   0.579408622690379   0.109295362589255   0.128967541633264   0
0.498662824526754   0.659845244795477   -0.00106826524674636   0.0804366221050979   0
0.53602748736687   0.731419951854454   0.0373646628401162   0.0715747070589778   0
0.516838127662124   0.781228213335745   -0.0191893597047459   0.0498082614812904   0
0.562219152343639   0.868596938617913   0.0453810246815149   0.087368725282168   0
0.57943124623793   0.905777997302595   0.0172120938942905   0.0371810586846824   0
0.554190809009532   0.902166455195902   -0.0252404372283972   -0.0036115421066929   0
0.52011688496884   0.884843109751623   -0.0340739240406919   -0.0173233454442792   0
0.544817700787557   0.926841569818064   0.0247008158187165   0.0419984600664405   0
0.533114885768687   0.812527138100322   -0.0117028150188702   -0.114314431717741   0
0.509876108801775   0.788503141447135   -0.0232387769669113   -0.0240239966531874   0
0.575278643961029   0.888410156444399   0.0654025351592532   0.0999070149972648   0
0.608031112855946   0.918806284922453   0.0327524688949172   0.0303961284780535   0
0.595534714919365   0.935973006725734   -0.0124963979365804   0.0171667218032806   0
