0.0908619325708517   0.154514851385726   0   0   0
0.130320944463889   0.145301212026518   0.0394590118930372   -0.00921363935920819   0
0.12797895460227   0.150751018049937   -0.0023419898616184   0.00544980602341968   0
0.0754807408692714   0.156794988658798   -0.052498213732999   0.00604397060886047   0
0.0825628038604552   0.165852197303993   0.0070820629911838   0.00905720864519496   0
0.108831513054721   0.109992581038159   0.0262687091942662   -0.0558596162658334   0
0.0926654188330253   0.142754918277874   -0.0161660942216962   0.0327623372397148   0
0.110575069273006   0.159692539530695   0.0179096504399804   0.0169376212528208   0
0.0935142474491431   0.184718768327781   -0.0170608218238625   0.0250262287970864   0
0.0775439293484822   0.162044243392731   -0.0159703181006609   -0.0226745249350506   0
0.0975002090620836   0.139784514877588   0.0199562797136013   -0.022259728515143   0
0.140700946321978   0.0740968788857534   0.043200737259894   -0.0656876359918342   0
0.0750444246334796   0.129267650874271   -0.0656565216884979   0.055170771988518   0
0.0937189590885964   0.088487409904192   0.0186745344551168   -0.0407802409700793   0
0.041502324748862   0.0926129352139457   -0.0522166343397344   0.00412552530975366   0
0.105653367359398   0.122181869056992   0.0641510426105365   0.0295689338430466   0
0.0401443134291135   0.0620513455333565   -0.065509053930285   -0.0601305235236358   0
0.0853225939453113   0.0817930578203921   0.0451782805161978   0.0197417122870356   0
0.113755836259825   0.0760241367099949   0.0284332423145136   -0.00576892111039713   0
0.0815740943291649   0.0117506507579368   -0.03218174193066   -0.0642734859520582   0
0.0109750979831711   0.00610197125422597   -0.0705989963459938   -0.00564867950371081   0
0.0463949490697867   0.0179638830226096   0.0354198510866156   0.0118619117683836   0
0.111294372003509   0.00733353877392081   0.0648994229337225   -0.0106303442486887   0
0.0531860648196396   0.0225283411045399   -0.0581083071838696   0.015194802330619   0
0.0932017376985686   0.0255565830307966   0.0400156728789291   0.00302824192625673   0
0.0768202398599484   0.0255565830307966   -0.0163814978386203   0   0
0.0488532634158661   0.0165780691533272   -0.0279669764440823   -0.00897851387746935   0
0.389188800244691   0.0825768231523834   0.340335536828825   0.0659987539990561   0
0.279662721157558   0.0474414909996777   -0.109526079087133   -0.0351353321527057   0
0.0912297750067466   0.0090561411883209   -0.188432946150811   -0.0383853498113568   0
0.0546168280781931   0.0328202285436333   -0.0366129469285535   0.0237640873553124   0
0.0617323119215537   0.0234610163898141   0.00711548384336061   -0.00935921215381927   0
0.0247828777752322   0.0294462244731392   -0.0369494341463215   0.00598520808332509   0
0.0434140619747519   0.00881092539439672   0.0186311841995197   -0.0206352990787424   0
0.104196295769553   0.0161608826350079   0.0607822337948008   0.00734995724061119   0
0.0618434085740146   0.0098684700391966   -0.0423528871955381   -0.0062924125958113   0
0.0630310560913626   0.00560426095561672   0.00118764751734804   -0.00426420908357989   0
0.0338046937173479   0.0341601147985849   -0.0292263623740147   0.0285558538429682   0
0.0641332670788203   0.00646563164610582   0.0303285733614724   -0.0276944831524791   0
0.0768237680480208   0.0189489094607111   0.0126905009692005   0.0124832778146052   0
0.0376788304861284   0.0539098136837812   -0.0391449375618924   0.0349609042230701   0
0.0254848901432162   0.0594367785635765   -0.0121939403429122   0.00552696487979531   0
0.0324678923686786   0.0322990271831057   0.0069830022254624   -0.0271377513804708   0
0.0564640095106467   0.0264341502121895   0.0239961171419681   -0.00586487697091615   0
0.0588539822336441   0.0345181225492947   0.00238997272299744   0.00808397233710513   0
0.0641972119278275   0.0396242445803387   0.00534322969418339   0.00510612203104403   0
0.0457345706307778   0.0314304902243824   -0.0184626412970498   -0.00819375435595626   0
0.0718404406606342   0.0322159013663672   0.0261058700298564   0.000785411141984764   0
0.0135954144485558   0.0392176601501419   -0.0582450262120784   0.00700175878377466   0
0.163358217447577   0.0633415332701477   0.149762802999022   0.0241238731200058   0
0.0755664108707625   0.0587242786313506   -0.0877918065768149   -0.00461725463879707   0
0.0115248462106225   0.0663621299370389   -0.06404156466014   0.00763785130568827   0
0.1280112987273   0.0474568405325039   0.116486452516677   -0.018905289404535   0
0.0565192614645662   0.0544531545784606   -0.0714920372627336   0.00699631404595675   0
0.0193999969015358   0.0830367765198349   -0.0371192645630304   0.0285836219413743   0
0.0709563200579941   0.0583327268364046   0.0515563231564583   -0.0247040496834302   0
0.0516481925432052   0.0558922133899258   -0.0193081275147889   -0.00244051344647884   0
0.0461449215782192   0.0705822173585529   -0.00550327096498604   0.0146900039686271   0
0.0406343189648848   0.0583476323326236   -0.00551060261333436   -0.0122345850259292   0
0.0866405890659799   0.0761414463053796   0.0460062701010951   0.0177938139727559   0
0.0143289940351757   0.0589570750744344   -0.0723115950308043   -0.0171843712309451   0
0.126318753223423   0.0665476587202925   0.111989759188247   0.00759058364585807   0
0.0414305154934729   0.0478480558051474   -0.08488823772995   -0.0186996029151451   0
0.0597922179479069   0.0670458795778122   0.018361702454434   0.0191978237726649   0
0.0977031724543216   0.0773294364100276   0.0379109545064147   0.0102835568322153   0
0.0871336720011845   0.0617046656667873   -0.0105695004531371   -0.0156247707432403   0
0.239918608192883   0.243329013414799   0.152784936191698   0.181624347748012   1
1.37014671426168   0.789792648716263   1.1302281060688   0.546463635301463   1
0.908380032998722   0.688109472218084   -0.461766681262962   -0.101683176498179   1
0.573212361090765   0.405352058955465   -0.335167671907957   -0.282757413262619   0
0.541108250169372   0.454284428663775   -0.032104110921393   0.0489323697083099   0
0.535907441690531   0.477730762679169   -0.0052008084788413   0.0234463340153934   0
0.540134662405598   0.502394428957388   0.00422722071506743   0.0246636662782195   0
0.487881769535376   0.475800057063786   -0.0522528928702222   -0.0265943718936016   0
0.536910432602394   0.524880301523843   0.0490286630670179   0.0490802444600561   0
0.476973751509452   0.515693543883935   -0.0599366810929426   -0.00918675763990795   0
0.365724911821823   0.379692448517665   -0.111248839687629   -0.136001095366269   0
0.386661856709451   0.45026403366293   0.0209369448876283   0.070571585145265   0
0.238055845560847   0.385323599550813   -0.148606011148604   -0.0649404341121179   0
0.266893818909206   0.330031214408993   0.0288379733483586   -0.0552923851418198   0
0.377804613165006   0.408498355229424   0.1109107942558   0.0784671408204317   0
0.289379481231548   0.317490345598886   -0.088425131933458   -0.0910080096305385   0
0.263691492856804   0.328186895882106   -0.0256879883747441   0.0106965502832204   0
0.289078494404703   0.331183468945526   0.025387001547899   0.00299657306342016   0
0.283755665020119   0.331536851490713   -0.00532282938458417   0.000353382545186409   0
0.249543920979815   0.317820081076389   -0.0342117440403043   -0.0137167704143238   0
0.250038104429805   0.28619316116316   0.000494183449990138   -0.0316269199132289   0
0.226888191185482   0.274509114195235   -0.0231499132443225   -0.0116840469679252   0
0.103875853391488   0.0637411067857509   -0.123012337793994   -0.210768007409484   0
0.191015543614754   0.510950275933481   0.0871396902232656   0.44720916914773   1
0.383150638354421   0.511507722590285   0.192135094739667   0.000557446656804572   0
0.352716941082747   0.49026562243492   -0.0304336972716737   -0.0212421001553648   0
0.235943465045549   0.426561496213031   -0.116773476037198   -0.0637041262218891   0
0.267728848395331   0.415207327647586   0.0317853833497822   -0.0113541685654452   0
0.292238983623968   0.402242567122439   0.0245101352286376   -0.0129647605251469   0
0.265282507968173   0.407598166893265   -0.0269564756557957   0.00535559977082595   0
0.286796773814578   0.398888748370708   0.021514265846405   -0.00870941852255713   0
0.322418512589615   0.449487918599043   0.0356217387750378   0.0505991702283349   0
0.269247955006477   0.392825735902703   -0.0531705575831382   -0.05666218269634   0
0.256987655701125   0.400469477105622   -0.0122602993053523   0.00764374120291877   0
0.263397170366445   0.382184341978449   0.00640951466531986   -0.0182851351271727   0
0.286794086379496   0.400245483930175   0.0233969160130514   0.018061141951726   0
0.259670071974207   0.373999143085582   -0.0271240144052889   -0.0262463408445924   0
0.219041448771368   0.355753085418454   -0.0406286232028389   -0.0182460576671283   0
0.248059941065985   0.360240622327286   0.0290184922946167   0.00448753690883141   0
0.238716399832793   0.336014658508375   -0.00934354123319192   -0.0242259638189103   0
0.22443136587467   0.337043149434535   -0.0142850339581232   0.00102849092615925   0
0.224708689495088   0.312061574506539   0.000277323620418241   -0.0249815749279958   0
0.264986168797543   0.269072435037947   0.0402774793024548   -0.0429891394685921   0
0.237781003427229   0.289216391850894   -0.0272051653703138   0.0201439568129477   0
0.223645890571904   0.264773031180009   -0.0141351128553254   -0.0244433606708853   0
0.228506222931215   0.234468454285966   0.00486033235931085   -0.0303045768940432   0
0.252894562322423   0.24794966167551   0.0243883393912085   0.0134812073895445   0
0.309120625078949   0.291884081445871   0.0562260627565255   0.043934419770361   0
0.247895651266697   0.251278016823498   -0.0612249738122514   -0.0406060646223736   0
0.189841161295568   0.298933262958056   -0.0580544899711289   0.047655246134558   0
0.209628824247239   0.249864282374953   0.0197876629516711   -0.0490689805831031   0
0.17644251245281   0.249728609551449   -0.0331863117944295   -0.000135672823503685   0
0.142732728267241   0.268326005659627   -0.0337097841855692   0.0185973961081778   0
0.17471891233776   0.233938182327084   0.0319861840705196   -0.0343878233325426   0
0.163022683349895   0.238461034390317   -0.0116962289878658   0.00452285206323305   0
0.160009626017218   0.23503227395243   -0.00301305733267651   -0.00342876043788728   0
0.0975042216489112   0.219682340796888   -0.0625054043683069   -0.0153499331555419   0
0.126550142476174   0.210956449653714   0.0290459208272631   -0.00872589114317382   0
0.143530667820957   0.201473959673453   0.0169805253447831   -0.00948248998026149   0
0.131356184814001   0.213037955522602   -0.0121744830069563   0.0115639958491491   0
0.169935325030319   0.196992951762874   0.0385791402163175   -0.0160450037597276   0
0.237040748012341   0.221470268675617   0.0671054229820222   0.024477316912743   0
0.24207356145035   0.240212834349562   0.00503281343800932   0.0187425656739447   0
0.219907648178593   0.24463638324869   -0.0221659132717567   0.00442354889912835   0
0.178215018153045   0.206164404530098   -0.0416926300255488   -0.0384719787185919   0
0.147450840716796   0.179340403837228   -0.0307641774362484   -0.0268240006928703   0
0.110190475249815   0.183001901450504   -0.0372603654669816   0.00366149761327614   0
0.0956973337181345   0.19747977415738   -0.0144931415316801   0.0144778727068764   0
0.135268640546507   0.174210220915709   0.0395713068283721   -0.0232695532416718   0
0.101079712699483   0.190213789493559   -0.0341889278470237   0.0160035685778504   0
0.0808525936692944   0.198604040534804   -0.0202271190301885   0.00839025104124475   0
0.121657433478559   0.162712938778728   0.0408048398092645   -0.035891101756076   0
0.144846385204947   0.193209943028303   0.0231889517263884   0.030497004249575   0
0.143387385272136   0.215652767715835   -0.00145899993281123   0.0224428246875325   0
0.0895143025082584   0.216543839744981   -0.0538730827638777   0.000891072029145706   0
0.159029861665192   0.196296004092034   0.0695155591569332   -0.0202478356529465   0
0.1068307759164   0.222299393491638   -0.052199085748792   0.0260033893996033   0
0.0829654636129781   0.20594352511611   -0.0238653123034215   -0.0163558683755273   0
0.0684098349261742   0.187250356364147   -0.014555628686804   -0.0186931687519635   0
0.0922992251160323   0.193085717211942   0.0238893901898581   0.00583536084779501   0
0.0932346183224879   0.212611790687864   0.000935393206455665   0.0195260734759219   0
0.203252295850305   0.192086217780584   0.110017677527817   -0.0205255729072797   0
0.124245462609143   0.215837453073488   -0.079006833241162   0.0237512352929035   0
0.123911587855414   0.191802876095485   -0.000333874753729133   -0.0240345769780026   0
0.08035926540997   0.20347936370244   -0.0435523224454441   0.0116764876069553   0
0.0969401380890289   0.202864340157407   0.0165808726790589   -0.000615023545033677   0
0.105596871850922   0.195990728189499   0.00865673376189287   -0.00687361196790787   0
0.0728079767088135   0.170937068115725   -0.0327888951421083   -0.0250536600737738   0
0.069168012778379   0.195144516440381   -0.00363996393043449   0.0242074483246557   0
0.11776540499336   0.1933519349567   0.0485973922149806   -0.00179258148368053   0
0.0762556267339008   0.175561069694423   -0.0415097782594588   -0.0177908652622772   0
0.101491940704866   0.17292553169001   0.0252363139709651   -0.00263553800441332   0
0.124276288798168   0.202494228646152   0.022784348093302   0.0295686969561422   0
0.133890931023315   0.197681200355522   0.00961464222514687   -0.00481302829062982   0
0.0772016006034849   0.196759272941582   -0.0566893304198298   -0.000921927413939871   0
0.141962440071767   0.185071236561256   0.064760839468282   -0.0116880363803258   0
0.132160411039851   0.200205065124487   -0.00980202903191538   0.0151338285632305   0
0.190424998644322   0.208748317601005   0.0582645876044704   0.00854325247651808   0
0.12722692957959   0.176991903717373   -0.0631980690647317   -0.0317564138836314   0
0.203912047025182   0.184767325136914   0.0766851174455917   0.00777542141954032   0
0.0996396312071156   0.168360459571866   -0.104272415818066   -0.0164068655650476   0
0.11245471470801   0.191504215839371   0.0128150835008948   0.0231437562675051   0
0.1027669553466   0.181466613170302   -0.00968775936141071   -0.0100376026690693   0
0.0973708737698132   0.186974419082531   -0.00539608157678642   0.00550780591222921   0
0.0639639923535078   0.168976703561438   -0.0334068814163054   -0.0179977155210934   0
0.0665918301241977   0.1777028466577   0.00262783777068991   0.00872614309626218   0
0.11005419225895   0.177717393002204   0.0434623621347526   1.45463445045957e-05   0
0.0769868538064779   0.187135729150662   -0.0330673384524724   0.00941833614845769   0
0.110480669612491   0.176781360103632   0.0334938158060131   -0.0103543690470302   0
0.11819010734592   0.163570340799455   0.00770943773342855   -0.0132110193041765   0
0.082239305007095   0.17097286706836   -0.0359508023388246   0.00740252626890425   0
0.124636612364305   0.173541531772693   0.0423973073572099   0.00256866470433298   0
0.0819659705133173   0.171928052015378   -0.0426706418509876   -0.00161347975731477   0
0.0610406275018876   0.184695730795192   -0.0209253430114297   0.012767678779814   0
0.0800019627296106   0.184276584818182   0.018961335227723   -0.00041914597701026   0
0.0955011314687507   0.180893870473829   0.0154991687391401   -0.00338271434435247   0
0.0966283121505913   0.182637574799109   0.00112718068184058   0.00174370432527943   0
0.119884429252385   0.17864367674321   0.0232561171017933   -0.00399389805589864   0
0.0981467413489622   0.174750003477139   -0.0217376879034224   -0.00389367326607126   0
0.107893113396315   0.188184093798792   0.00974637204735239   0.0134340903216532   0
0.103754016322083   0.177420096786159   -0.00413909707423137   -0.0107639970126329   0
0.0826190851452883   0.172334989829554   -0.0211349311767949   -0.00508510695660486   0
0.0764180601032217   0.174438563541072   -0.00620102504206663   0.00210357371151759   0
0.105530959698138   0.178334072962018   0.0291128995949162   0.00389550942094669   0
0.0800881892602149   0.17433114720225   -0.025442770437923   -0.00400292575976854   0
0.121551811328133   0.179091377781714   0.0414636220679183   0.0047602305794639   0
0.0871344158823596   0.177735160566755   -0.0344173954457736   -0.00135621721495921   0
0.085690462919102   0.17508187008961   -0.00144395296325756   -0.00265329047714474   0
0.105280009016479   0.166653247885092   0.0195895460973774   -0.00842862220451754   0
0.102976071404186   0.175675029551648   -0.00230393761229356   0.00902178166655609   0
0.106533676852533   0.179887746532588   0.00355760544834743   0.00421271698093933   0
0.0972095814206604   0.170404897454592   -0.00932409543187297   -0.00948284907799571   0
0.089485888879758   0.172537794687896   -0.00772369254090235   0.0021328972333039   0
0.0901919380284624   0.167762625415384   0.000706049148704369   -0.00477516927251168   0
0.127383770903871   0.171303925759343   0.037191832875409   0.00354130034395883   0
0.168028354134295   0.174588232963801   0.0406445832304234   0.00328430720445813   0
0.100330888115436   0.16526579034767   -0.0676974660188591   -0.00932244261613119   0
0.107872409180105   0.17344351516083   0.00754152106466917   0.00817772481315987   0
0.150695038190645   0.171458748930741   0.0428226290105402   -0.00198476623008847   0
0.138734253012585   0.171666072202496   -0.01196078517806   0.000207323271754462   0
0.118335514745616   0.178004719786197   -0.0203987382669688   0.00633864758370117   0
0.0919290478229074   0.175072665368591   -0.026406466922709   -0.00293205441760638   0
0.0905642935141245   0.171441289807591   -0.00136475430878288   -0.00363137556099927   0
0.110492339266892   0.176178597105558   0.0199280457527676   0.00473730729796662   0
0.139639839239953   0.174744055382651   0.0291474999730611   -0.00143454172290691   0
0.121814616069665   0.187945612269042   -0.0178252231702878   0.0132015568863908   0
0.126232779567512   0.175081182505802   0.00441816349784624   -0.0128644297632397   0
0.12775771566429   0.165758401218076   0.00152493609677842   -0.00932278128772659   0
0.101119849007799   0.171237094747867   -0.0266378666564914   0.00547869352979152   0
0.116704987024248   0.159556710199114   0.0155851380164498   -0.0116803845487527   0
0.107838325847029   0.167547316093395   -0.00886666117721949   0.00799060589428061   0
0.147512298562696   0.167624683187953   0.0396739727156672   7.73670945579674e-05   0
0.0817524623294736   0.173275788398279   -0.0657598362332225   0.00565110521032561   0
0.105053722827921   0.188268752212236   0.0233012604984471   0.0149929638139579   0
0.0974112565748435   0.173739709524061   -0.00764246625307721   -0.0145290426881757   0
0.127420238565504   0.190278822067729   0.0300089819906607   0.0165391125436683   0
0.11358641619987   0.180800017190603   -0.0138338223656346   -0.0094788048771256   0
0.0923036284926546   0.176925422797135   -0.021282787707215   -0.00387459439346841   0
0.0965034330233904   0.179057083924017   0.00419980453073583   0.00213166112688201   0
0.153997566009402   0.178626510524264   0.0574941329860112   -0.000430573399753054   0
0.168790896292128   0.176705421312031   0.0147933302827267   -0.00192108921223266   0
0.125200486685396   0.181228818655954   -0.0435904096067323   0.00452339734392218   0
0.138592992448897   0.187555859718705   0.013392505763501   0.00632704106275134   0
0.150110716402594   0.176422092417794   0.0115177239536971   -0.0111337673009113   0
0.12841251096077   0.18366130731954   -0.0216982054418235   0.00723921490174634   0
0.0926950727418912   0.178982984963159   -0.0357174382188793   -0.00467832235638069   0
0.0772812851010961   0.198750427433685   -0.0154137876407951   0.0197674424705258   0
0.0730616618582551   0.192176291788191   -0.00421962324284107   -0.00657413564549386   0
0.0899746030505698   0.186491990299912   0.0169129411923147   -0.00568430148827911   0
0.065142766039238   0.211314004442092   -0.0248318370113318   0.02482201414218   0
0.0802093469489061   0.230229802676044   0.0150665809096682   0.0189157982339516   0
0.140285743261138   0.242194170358976   0.0600763963122321   0.0119643676829319   0
0.0874623414505923   0.185422526407904   -0.0528234018105459   -0.0567716439510712   0
0.194462773714277   0.185417322345405   0.107000432263684   -5.20406249893135e-06   0
0.185483474039091   0.190115437478759   -0.00897929967518615   0.00469811513335372   0
0.2275934737429   0.195865182257822   0.0421099997038091   0.00574974477906326   0
0.185422980935185   0.183224488940132   -0.0421704928077147   -0.0126406933176906   0
0.144774002675791   0.199783162483579   -0.0406489782593938   0.0165586735434468   0
0.179251585881688   0.187151748050105   0.0344775832058963   -0.0126314144334737   0
0.185099529874741   0.206998606933193   0.00584794399305311   0.0198468588830878   0
0.193319251313727   0.218064647745699   0.00821972143898653   0.0110660408125058   0
0.228265473795097   0.20195041007649   0.0349462224813696   -0.0161142376692086   0
0.206274724632685   0.190266373107419   -0.0219907491624118   -0.0116840369690707   0
0.153308291376416   0.190840087214427   -0.0529664332562688   0.00057371410700735   0
