0.038115329524484   0.0368825693526088   0   0   0
0.0260251695881611   0.0142712411154531   -0.0120901599363229   -0.0226113282371557   0
0.078900597412884   0.00775751542975584   0.052875427824723   -0.00651372568569729   0
0.0390742284805484   0.00459677   -0.0398263689323356   -0.00316074542975584   0
0.0653312223117707   0.0169371221506311   0.0262569938312223   0.0123403521506311   0
0.0852050763228342   0.0208695410450949   0.0198738540110635   0.00393241889446374   0
0.0601513330883032   0.00459677   -0.025053743234531   -0.0162727710450949   0
0.130622723201287   0.0121878924869273   0.0704713901129836   0.00759112248692734   0
0.0866614258461629   0.0194778880200832   -0.0439612973551239   0.00728999553315584   0
0.0967357536062546   0.0188422960382354   0.0100743277600917   -0.000635591981847827   0
0.0982910379864818   0.0272489983306268   0.00155528438022716   0.0084067022923914   0
0.0696396042479421   0.0417599660824216   -0.0286514337385396   0.0145109677517948   0
0.0633564608110333   0.0260304011041417   -0.00628314343690883   -0.0157295649782799   0
0.0598490168124957   0.0253548824711415   -0.00350744399853755   -0.000675518633000149   0
0.0467163623376906   0.0280173726261939   -0.0131326544748051   0.00266249015505238   0
0.0639749951557763   0.0114044405138043   0.0172586328180857   -0.0166129321123897   0
0.034511627860766   0.0136989625437622   -0.0294633672950103   0.00229452202995795   0
0.0496899036329313   0.0106813720633353   0.0151782757721653   -0.0030175904804269   0
0.0760012017203182   0.0221343264565363   0.0263112980873869   0.011452954393201   0
0.0770812792640756   0.0160259011676606   0.00108007754375734   -0.00610842528887576   0
0.00502429969028521   0.00542685452756014   -0.0720569795737904   -0.0105990466401004   0
0.0985409445823491   0.00778400138074243   0.0935166448920639   0.00235714685318229   0
0.113423334698792   0.0331817409955445   0.0148823901164425   0.0253977396148021   0
0.0516204342928263   0.00459677   -0.0618029004059653   -0.0285849709955445   0
0.105453184471072   0.0219406086748978   0.053832750178246   0.0173438386748978   0
0.110102367713682   0.0193691014569597   0.00464918324260997   -0.00257150721793805   0
0.0782050492724095   0.0272160326008403   -0.0318973184412727   0.00784693114388052   0
0.0541311032247228   0.00967610483009046   -0.0240739460476867   -0.0175399277707498   0
0.111983500147745   0.0337496599976266   0.0578523969230222   0.0240735551675362   0
0.122909511559887   0.0263296   0.010926011412142   -0.00742005999762664   0
0.0804457240763143   0.0436256524151788   -0.0424637874835727   0.0172960524151788   0
0.0709888622933204   0.03522084838306   -0.00945686178299397   -0.00840480403211885   0
0.100399992932769   0.0397078189512469   0.0294111306394483   0.00448697056818687   0
0.116165908295238   0.043140485809272   0.0157659153624691   0.00343266685802514   0
0.0842005186239372   0.0466354886172537   -0.0319653896713006   0.0034950028079817   0
0.0799951207008278   0.0396927527454635   -0.00420539792310946   -0.00694273587179021   0
0.068454493293136   0.0422919   -0.0115406274076918   0.00259914725453651   0
0.130200691219824   0.0430737600367091   0.0617461979266882   0.000781860036709124   0
0.113967576958449   0.0452927348795933   -0.0162331142613752   0.00221897484288415   0
0.0798045579119896   0.0475334249632298   -0.0341630190464594   0.00224069008363655   0
0.09457666203229   0.0466883049978257   0.0147721041203004   -0.000845119965404074   0
0.109088791471718   0.0423966005844525   0.0145121294394282   -0.00429170441337322   0
0.113581560553611   0.0479280298778598   0.00449276908189288   0.00553142929340731   0
0.0916600147192875   0.0639498987240207   -0.0219215458343235   0.0160218688461608   0
0.0692563991697583   0.0620509163897972   -0.0224036155495292   -0.00189898233422349   0
0.114432798060434   0.0619825   0.0451763988906754   -6.84163897971823e-05   0
0.0974811694662102   0.0572885107370797   -0.0169516285942235   -0.00469398926292026   0
0.0941501078747661   0.0628407017001404   -0.00333106159144408   0.00555219096306064   0
0.0731275632609893   0.0697855   -0.0210225446137768   0.00694479829985964   0
0.0955796141514497   0.0715593242831429   0.0224520508904603   0.00177382428314285   0
0.0895256855335384   0.0751398739192614   -0.00605392861791131   0.00358054963611854   0
0.117221031487912   0.098995722638165   0.0276953459543734   0.0238558487189036   0
0.123889769013652   0.0858798199188407   0.00666873752574047   -0.0131159027193244   0
0.0790021193703055   0.0883002203471486   -0.0448876496433467   0.00242040042830798   0
0.112691034999861   0.0826646199926244   0.033688915629556   -0.00563560035452422   0
0.125624877672896   0.0920451197296331   0.0129338426730342   0.00938049973700872   0
0.119943941706949   0.0935626770502533   -0.0056809359659466   0.00151755732062019   0
0.137364040673703   0.0747415477238396   0.0174200989667543   -0.0188211293264137   0
0.10448991789015   0.0679980095334783   -0.032874122783553   -0.00674353819036139   0
0.152164923148228   0.0905149402859688   0.0476750052580778   0.0225169307524905   0
0.100363406022962   0.0703139697855492   -0.0518015171252658   -0.0202009705004196   0
0.105653831654147   0.0626074807325171   0.00529042563118476   -0.0077064890530321   0
0.134731504908732   0.0741141458963301   0.0290776732545846   0.011506665163813   0
0.130313265940272   0.0702590799331481   -0.00441823896845994   -0.00385506596318193   0
0.140138664365299   0.0660813514730139   0.00982539842502747   -0.00417772846013421   0
0.132361527836679   0.0690113752648069   -0.00777713652862008   0.00293002379179295   0
0.113941254460753   0.0585166289904844   -0.0184202733759265   -0.0104947462743225   0
0.0991975317439905   0.0730974542040624   -0.0147437227167622   0.014580825213578   0
0.127238404950471   0.0611840640507191   0.0280408732064803   -0.0119133901533433   0
0.102053601718166   0.0735418065623561   -0.0251848032323051   0.012357742511637   0
0.096165365861988   0.0561675509056608   -0.00588823585617777   -0.0173742556566953   0
0.124278491045675   0.0681597059325009   0.0281131251836874   0.0119921550268401   0
0.160737974834076   0.0816991858883551   0.0364594837884005   0.0135394799558542   0
0.127211175612444   0.074557095514411   -0.0335267992216321   -0.00714209037394413   0
0.115013463367251   0.0883472501227118   -0.0121977122451927   0.0137901546083008   0
0.0995308604690023   0.0860857630761905   -0.0154826028982488   -0.00226148704652131   0
0.130599443634267   0.0729597333965455   0.0310685831652644   -0.013126029679645   0
0.125618107997096   0.0695984992842698   -0.00498133563717096   -0.00336123411227575   0
0.12942621954156   0.0874497178621092   0.00380811154446395   0.0178512185778394   0
0.125978615852255   0.0929998868134257   -0.0034476036893048   0.00555016895131656   0
0.128310280999653   0.084252080912343   0.00233166514739847   -0.00874780590108271   0
0.142549178219483   0.0844689975558045   0.0142388972198299   0.000216916643461421   0
0.149941407086402   0.0814479754156603   0.00739222886691834   -0.0030210221401442   0
0.106370646302117   0.0826922375315997   -0.043570760784285   0.00124426211593939   0
0.153397561132927   0.0786139772754184   0.0470269148308101   -0.00407826025618124   0
0.125848484600372   0.079798153851217   -0.027549076532555   0.00118417657579858   0
0.131616491646906   0.0793219350668527   0.00576800704653402   -0.000476218784364282   0
0.163034423771331   0.0807907582905526   0.0314179321244255   0.00146882322369991   0
0.166152982730254   0.0798036403863414   0.0031185589589226   -0.000987117904211229   0
0.13887772077684   0.0808116304942086   -0.0272752619534135   0.00100799010786716   0
0.123227535934384   0.077727070246472   -0.0156501848424559   -0.00308456024773653   0
0.125413113285095   0.102786023340089   0.00218557735071036   0.0250589530936173   0
0.14039512865235   0.101200306215656   0.0149820153672556   -0.0015857171244336   0
0.126821750856113   0.0934276818781377   -0.0135733777962374   -0.00777262433751807   0
0.113763593896861   0.0931359881511975   -0.0130581569592516   -0.000291693726940198   0
0.132718562293373   0.0904617132604763   0.0189549683965119   -0.00267427489072124   0
0.130254595418473   0.0922982218911881   -0.00246396687490058   0.00183650863071187   0
0.140552347253683   0.0896419408946984   0.0102977518352107   -0.00265628099648973   0
0.137632181072633   0.101286001320037   -0.00292016618105051   0.0116440604253384   0
0.126503121583778   0.0927804495933815   -0.0111290594888554   -0.00850555172665536   0
0.127563138500626   0.095270139698596   0.0010600169168489   0.00248969010521455   0
0.15312631460572   0.0954255493372718   0.0255631761050938   0.00015540963867583   0
0.158338287399226   0.0967499117032801   0.00521197279350613   0.00132436236600827   0
0.148658630062099   0.0833731844363192   -0.00967965733712733   -0.0133767272669609   0
0.141056587241752   0.0847236803412275   -0.00760204282034696   0.00135049590490827   0
0.141979212495985   0.0986494806995962   0.000922625254232728   0.0139258003583687   0
0.146932252064991   0.0897175251706153   0.00495303956900606   -0.00893195552898084   0
0.152806557538805   0.083050592136664   0.00587430547381376   -0.0066669330339513   0
0.188590858666824   0.0800870885451738   0.0357843011280194   -0.00296350359149029   0
0.155268950159554   0.0835336200672669   -0.0333219085072702   0.00344653152209318   0
0.156228537480961   0.0796192516306358   0.000959587321407052   -0.00391436843663114   0
0.146369284890512   0.0826719216157759   -0.00985925259044837   0.00305266998514014   0
0.135066574522122   0.0748399051735436   -0.0113027103683903   -0.00783201644223232   0
0.145571057778461   0.101705364854982   0.0105044832563387   0.0268654596814383   0
0.154885723052611   0.118952412796263   0.00931466527414973   0.0172470479412808   0
0.154571306686655   0.110073912287676   -0.000314416365955472   -0.00887850050858671   0
0.150738678865512   0.10676339621215   -0.00383262782114299   -0.00331051607552615   0
0.14846831856972   0.104519550454042   -0.0022703602957917   -0.00224384575810802   0
0.128091673146618   0.0904694899349222   -0.0203766454231025   -0.0140500605191196   0
0.123325716744481   0.0984581283905752   -0.00476595640213678   0.00798863845565301   0
0.141508401223567   0.105421639017637   0.0181826844790858   0.00696351062706192   0
0.15644289210092   0.0867534610523695   0.0149344908773528   -0.0186681779652676   0
0.134652257995364   0.0946645790726526   -0.021790634105556   0.00791111802028309   0
0.12752173033056   0.107491828518497   -0.00713052766480402   0.0128272494458445   0
0.147093271559443   0.105462773745348   0.0195715412288831   -0.00202905477314898   0
0.148807267558913   0.111444560851584   0.00171399599947045   0.00598178710623624   0
0.163616225005835   0.130492460507542   0.0148089574469217   0.0190478996559579   0
0.149459816029761   0.12997994589478   -0.014156408976074   -0.000512514612762111   0
0.130180250493767   0.120403469115657   -0.0192795655359937   -0.00957647677912309   0
0.126421110461386   0.133247384035128   -0.00375914003238115   0.0128439149194713   0
0.153472263349799   0.133487252337414   0.0270511528884127   0.000239868302285784   0
0.139667190583544   0.129020313354923   -0.0138050727662548   -0.00446693898249131   0
0.128032777383762   0.116924860248366   -0.0116344131997818   -0.0120954531065565   0
0.130845501376356   0.125272108131619   0.00281272399259391   0.00834724788325246   0
0.137626822057112   0.114823718344175   0.00678132068075604   -0.0104483897874435   0
0.148053739885556   0.117713202597224   0.0104269178284443   0.00288948425304827   0
0.137721038238644   0.108178689098339   -0.0103327016469126   -0.00953451349888497   0
0.156861312131768   0.120933107311656   0.0191402738931243   0.0127544182133174   0
0.178975162635043   0.143055311655143   0.0221138505032746   0.0221222043434867   0
0.134887496231118   0.170246911603478   -0.0440876664039243   0.0271915999483355   0
0.157513488506001   0.162190262887673   0.0226259922748822   -0.00805664871580505   0
0.144493092095464   0.170263966929662   -0.0130203964105371   0.00807370404198884   0
0.122787381172537   0.157581660596943   -0.0217057109229261   -0.0126823063327194   0
0.154359306299588   0.144534805315329   0.0315719251270505   -0.0130468552816138   0
0.196525936379909   0.162238554999082   0.042166630080321   0.0177037496837527   0
0.197868634096893   0.140054151046122   0.00134269771698378   -0.0221844039529593   0
0.239148463577941   0.134595809440933   0.0412798294810488   -0.00545834160518899   0
0.205453672110673   0.141888313244291   -0.0336947914672683   0.00729250380335764   0
0.188977038807496   0.15118207597117   -0.0164766333031768   0.00929376272687879   0
0.199938488265691   0.162451512188899   0.010961449458195   0.0112694362177294   0
0.200899081872715   0.17070021750397   0.000960593607023996   0.00824870531507052   0
0.220524550656588   0.200043528213862   0.0196254687838725   0.029343310709892   0
0.236723894856624   0.176420166579277   0.0161993442000361   -0.0236233616345841   0
0.234477886126517   0.172633284721661   -0.00224600873010677   -0.00378688185761664   0
0.229937650874949   0.185415529525954   -0.00454023525156813   0.0127822448042934   0
0.253021899421394   0.180546873270967   0.0230842485464448   -0.0048686562549875   0
0.26954615277056   0.172392981523321   0.0165242533491659   -0.00815389174764597   0
0.281514936756471   0.178098097071022   0.0119687839859113   0.00570511554770142   0
0.255451084677772   0.175515822274097   -0.0260638520786997   -0.00258227479692485   0
0.300520122526346   0.197782573691895   0.0450690378485745   0.022266751417798   0
0.310244450109974   0.19560303860575   0.00972432758362773   -0.00217953508614538   0
0.275446471736416   0.188016383140034   -0.0347979783735582   -0.0075866554657161   0
0.302382923700215   0.195326365941954   0.0269364519637994   0.00730998280191986   0
0.292257802017933   0.207689490685157   -0.0101251216822823   0.0123631247432035   0
0.31198113678915   0.233674100314498   0.0197233347712168   0.0259846096293407   0
0.333437970606888   0.219382844760722   0.0214568338177386   -0.0142912555537762   0
0.279069219841978   0.201350453043593   -0.0543687507649105   -0.018032391717129   0
0.269029902112553   0.200042553349587   -0.0100393177294242   -0.00130789969400533   0
0.293972194372597   0.214350994391914   0.0249422922600438   0.014308441042327   0
0.310617254728404   0.221710025928244   0.0166450603558067   0.00735903153632936   0
0.30469952335606   0.25220376982016   -0.00591773137234403   0.0304937438919158   0
0.337009527052278   0.237179584079179   0.0323100036962181   -0.0150241857409802   0
0.304895132761102   0.215197956807703   -0.0321143942911759   -0.0219816272714764   0
0.315940400737243   0.229767476639428   0.0110452679761415   0.0145695198317248   0
0.337952837092116   0.245512410526433   0.0220124363548721   0.0157449338870057   0
0.351815454812449   0.23422541424086   0.013862617720333   -0.0112869962855734   0
0.322906020300503   0.225119555786275   -0.0289094345119454   -0.00910585845458461   0
0.319621233933057   0.235946688377375   -0.00328478636744595   0.0108271325910993   0
0.358010794460374   0.242754639037877   0.0383895605273164   0.0068079506605023   0
0.347601186082136   0.251282898892085   -0.0104096083782377   0.0085282598542083   0
0.351986064724808   0.247714854363889   0.00438487864267173   -0.00356804452819684   0
0.337077989152303   0.243683956750342   -0.0149080755725046   -0.00403089761354664   0
0.326710605101824   0.267922116450378   -0.0103673840504789   0.0242381597000363   0
0.352667469238672   0.264993656097089   0.0259568641368484   -0.00292846035328875   0
0.345613980512956   0.237546437998321   -0.00705348872571637   -0.0274472180987688   0
0.33793341597038   0.237927294977799   -0.00768056454257593   0.000380856979478178   0
0.349248836251207   0.247777626850574   0.011315420280827   0.00985033187277562   0
0.420213281943693   0.252389735790944   0.0709644456924863   0.00461210894036948   0
0.459444340041979   0.269349012951825   0.039231058098286   0.0169592771608813   0
0.427354317764653   0.241621018526561   -0.0320900222773264   -0.0277279944252647   0
0.372328467603201   0.215856911802101   -0.0550258501614517   -0.0257641067244595   0
0.347991609756054   0.228150939477005   -0.024336857847147   0.012294027674904   0
0.38178540498058   0.207092724462046   0.0337937952245258   -0.021058215014959   0
0.391469895545114   0.199215551397297   0.00968449056453391   -0.0078771730647495   0
0.32868098781203   0.194502640561645   -0.0627889077330844   -0.00471291083565145   0
0.450619000562227   0.220165439486423   0.121938012750197   0.0256627989247784   0
0.411891406481332   0.204103217960913   -0.0387275940808944   -0.0160622215255104   0
0.41116908988173   0.213909646673543   -0.000722316599602368   0.00980642871262991   0
0.432285476626268   0.210365025729659   0.0211163867445385   -0.00354462094388425   0
0.434481485036773   0.221119427234136   0.00219600841050516   0.0107544015044775   0
0.459036065583087   0.235265123406785   0.0245545805463134   0.0141456961726492   0
0.406208089974844   0.23432337910247   -0.0528279756082431   -0.000941744304315234   0
0.410808725386353   0.233311220750503   0.00460063541150935   -0.00101215835196711   0
0.440479620410025   0.238556429474475   0.0296708950236723   0.00524520872397155   0
0.410480898381265   0.223922075158056   -0.0299987220287608   -0.0146343543164189   0
0.414911225613685   0.20694043942642   0.00443032723242026   -0.0169816357316354   0
0.426054235943219   0.207855235294958   0.0111430103295341   0.000914795868537849   0
0.449635716180788   0.225074832192949   0.023581480237569   0.0172195968979909   0
0.473161135153174   0.226601224964452   0.0235254189723859   0.00152639277150243   0
0.498660160469121   0.235097623038813   0.0254990253159477   0.00849639807436176   0
0.433491282914276   0.22415079500807   -0.0651688775548454   -0.010946828030743   0
0.438513909185513   0.232334902169455   0.00502262627123651   0.00818410716138415   0
0.47834868380006   0.248733159053533   0.0398347746145477   0.0163982568840782   0
0.466467404404895   0.249924107791245   -0.0118812793951651   0.00119094873771258   0
0.447454434713949   0.211212651343119   -0.0190129696909462   -0.0387114564481262   0
0.432812745793143   0.220456578125353   -0.0146416889208057   0.00924392678223421   0
0.477334449630697   0.220224570487718   0.0445217038375534   -0.000232007637635007   0
0.446344256397964   0.218958250434872   -0.0309901932327324   -0.00126632005284658   0
0.530432780142819   0.214257988433337   0.0840885237448548   -0.00470026200153464   0
0.461613132611108   0.206689710074062   -0.0688196475317114   -0.00756827835927459   0
0.464166884191677   0.204997409325094   0.00255375158056975   -0.00169230074896881   0
0.478390421268027   0.197186826779833   0.0142235370763494   -0.00781058254526035   0
0.489537475592702   0.214990394936849   0.0111470543246757   0.0178035681570161   0
0.51487712890939   0.227407273882125   0.0253396533166872   0.012416878945276   0
0.515975660027186   0.207364515600548   0.00109853111779623   -0.0200427582815772   0
0.471015255032149   0.215400832520443   -0.0449604049950372   0.00803631691989493   0
0.470311642556295   0.204554606119619   -0.000703612475853821   -0.010846226400824   0
0.545167877403658   0.226263185614121   0.0748562348473635   0.0217085794945015   0
0.502048246014554   0.210075503344036   -0.0431196313891044   -0.0161876822700848   0
0.494748312474343   0.204187098674843   -0.00729993354021108   -0.00588840466919296   0
0.509635148875154   0.202444605761484   0.0148868364008109   -0.00174249291335926   0
0.534112543006518   0.221027421991594   0.0244773941313647   0.01858281623011   0
0.521837081124964   0.201777994829367   -0.0122754618815543   -0.0192494271622268   0
0.582901828399054   0.210870411163847   0.0610647472740896   0.00909241633448041   0
0.567815297741977   0.215872544982566   -0.0150865306570768   0.00500213381871881   0
0.505285213112357   0.21492450319778   -0.0625300846296201   -0.000948041784786163   0
0.529443305518013   0.202004748275876   0.024158092405656   -0.0129197549219039   0
0.5146989447992   0.191593980183362   -0.0147443607188129   -0.010410768092514   0
0.519999714810076   0.180011447504909   0.00530077001087548   -0.0115825326784533   0
0.523526066746404   0.194393943530271   0.00352635193632811   0.0143824960253618   0
0.54543548156584   0.186585752298668   0.0219094148194365   -0.00780819123160223   0
0.525258113240234   0.204943179758494   -0.0201773683256067   0.018357427459826   0
0.486358114706204   0.201051862847382   -0.0388999985340298   -0.00389131691111225   0
0.468870153689953   0.182578871137031   -0.0174879610162509   -0.0184729917103512   0
0.485622495654433   0.212004448472265   0.0167523419644803   0.0294255773352341   0
0.482596868738288   0.211804910389939   -0.00302562691614566   -0.000199538082326089   0
0.503295584145033   0.208032966753469   0.0206987154067454   -0.00377194363646963   0
0.520039262230997   0.208790657613439   0.0167436780859643   0.000757690859970295   0
0.513903274350544   0.19649320357903   -0.00613598788045377   -0.0122974540344098   0
0.517528120768292   0.200209304351575   0.00362484641774863   0.00371610077254539   0
