0.0524249642445276   0.0822481285410951   0   0   0
0.0827764820123445   0.0838040455085105   0.0303515177678169   0.00155591696741542   0
0.0587412491646203   0.0840138619627142   -0.0240352328477243   0.000209816454203746   0
0.0881955635416544   0.0874264415205148   0.0294543143770341   0.0034125795578006   0
0.0561737617212663   0.0850656327567867   -0.0320218018203881   -0.00236080876372816   0
0.0575291868843112   0.0793681512466588   0.0013554251630449   -0.00569748151012792   0
0.0537022503930701   0.0664223323653769   -0.00382693649124105   -0.0129458188812818   0
0.0856898857053153   0.070814131122891   0.0319876353122452   0.00439179875751407   0
0.0633190742097514   0.075882932393589   -0.022370811495564   0.00506880127069802   0
0.0564700381366083   0.0715648301727182   -0.00684903607314302   -0.00431810222087081   0
0.061912788189114   0.0824287370834385   0.0054427500525057   0.0108639069107203   0
0.0470980222096427   0.0665945971732317   -0.0148147659794713   -0.0158341399102068   0
0.0626673225971878   0.062663954558861   0.015569300387545   -0.00393064261437068   0
0.0344126370363505   0.0638433398786044   -0.0282546855608373   0.00117938531974338   0
0.0857228435626117   0.0779468556184918   0.0513102065262612   0.0141035157398874   0
0.0805294139527912   0.0691386308352375   -0.00519342960982051   -0.00880822478325424   0
0.0223451015979096   0.0652811230255778   -0.0581843123548816   -0.00385750780965971   0
0.0150651481993839   0.0486295633551968   -0.00727995339852565   -0.016651559670381   0
0.0367292905931615   0.0737474304814793   0.0216641423937776   0.0251178671262825   0
0.123233669705361   0.0620839764292062   0.0865043791121995   -0.0116634540522731   0
0.00979276266305377   0.0293694002605452   -0.113440907042307   -0.032714576168661   0
0.0447437245363146   0.0177503584760745   0.0349509618732608   -0.0116190417844707   0
0.0505783777144033   0.0317608740133301   0.00583465317808867   0.0140105155372556   0
0.0254557063234081   0.0588087684227711   -0.0251226713909951   0.0270478944094411   0
0.0527201054542724   0.0792939696747686   0.0272643991308643   0.0204852012519975   0
0.0271494998110757   0.0648039127165222   -0.0255706056431967   -0.0144900569582464   0
0.039566075691304   0.0557000851669513   0.0124165758802283   -0.00910382754957091   0
0.0247755454425609   0.0563121550576172   -0.0147905302487431   0.00061206989066593   0
0.0330743229170304   0.0252566231755279   0.00829877747446947   -0.0310555318820893   0
0.0482489032083632   0.0517772730289593   0.0151745802913328   0.0265206498534314   0
0.0313526710704032   0.0847453942225218   -0.01689623213796   0.0329681211935624   0
0.0421205197380434   0.0479059427205028   0.0107678486676401   -0.0368394515020189   0
0.0204013694215119   0.0238027739758552   -0.0217191503165315   -0.0241031687446476   0
0.037640256412077   0.0226600222358016   0.0172388869905651   -0.00114275174005356   0
0.0170967480212467   0.031477357704398   -0.0205435083908302   0.00881733546859637   0
0.0293354879790144   0.0149675920304578   0.0122387399577677   -0.0165097656739402   0
0.0302492714112919   0.0211128049796208   0.000913783432277441   0.00614521294916294   0
0.0628423846649457   0.0417352464498833   0.0325931132536538   0.0206224414702626   0
0.027775230418749   0.0369611799862626   -0.0350671542461967   -0.00477406646362073   0
0.0545310705486744   0.026429866564788   0.0267558401299253   -0.0105313134214746   0
0.0898285134292837   0.0377570861044983   0.0352974428806093   0.0113272195397103   0
0.0180358149744252   0.0303689145663786   -0.0717926984548585   -0.00738817153811975   0
0.0547249785032246   0.0393835485278117   0.0366891635287995   0.00901463396143315   0
0.0801599144129539   0.0289112313833725   0.0254349359097293   -0.0104723171444393   0
0.032387500657445   0.0371580048007492   -0.0477724137555089   0.00824677341737675   0
0.0462879029731581   0.0554293601589221   0.0139004023157131   0.0182713553581729   0
0.0528743654324097   0.0223916767846336   0.00658646245925157   -0.0330376833742885   0
0.090037178899453   0.0295873570084842   0.0371628134670433   0.0071956802238506   0
0.11245809707251   0.0353441065702261   0.0224209181730566   0.00575674956174189   0
0.0803899699511425   0.0356063547667407   -0.0320681271213671   0.000262248196514624   0
0.112667894018591   0.0251838925985857   0.0322779240674482   -0.010422462168155   0
0.0991400663634033   0.0315484977877315   -0.0135278276551875   0.00636460518914581   0
0.0966388852871865   0.0296956487490592   -0.0025011810762167   -0.00185284903867233   0
0.108416275659746   0.0261205169641969   0.0117773903725593   -0.00357513178486224   0
0.075605513727836   0.0487474478232707   -0.0328107619319098   0.0226269308590738   0
0.0891272845547871   0.0435173696064284   0.0135217708269511   -0.00523007821684229   0
0.161852523576434   0.0292922046523474   0.0727252390216465   -0.0142251649540811   0
0.128620232979458   0.0469159609619424   -0.0332322905969759   0.017623756309595   0
0.171631711486427   0.0437696011355381   0.0430114785069689   -0.00314635982640424   0
0.114668299282321   0.0741078771316855   -0.0569634122041054   0.0303382759961474   0
0.084937808071612   0.0627246145867992   -0.0297304912107092   -0.0113832625448864   0
0.159620579978147   0.0722887183641576   0.0746827719065349   0.00956410377735845   0
0.161127423700126   0.0703535915256819   0.00150684372197932   -0.0019351268384757   0
0.154174612914513   0.0660495958388468   -0.006952810785613   -0.00430399568683516   0
0.154720216411722   0.0769874571142761   0.000545603497208419   0.0109378612754294   0
0.17079482858143   0.0681464027029491   0.0160746121697082   -0.00884105441132704   0
0.179843087011539   0.0711788322775283   0.00904825843010917   0.00303242957457922   0
0.18890336244919   0.0707526600688271   0.00906027543765084   -0.00042617220870117   0
0.153839110589375   0.0769003909239088   -0.0350642518598147   0.00614773085508172   0
0.138778013603777   0.0939071603201801   -0.0150610969855986   0.0170067693962712   0
0.140857689514133   0.0896678698067764   0.00207967591035679   -0.00423929051340367   0
0.157082341750243   0.0964777964022422   0.0162246522361092   0.00680992659546581   0
0.1582485746399   0.102236979214935   0.00116623288965742   0.00575918281269254   0
0.238046021686984   0.129441141857023   0.0797974470470839   0.0272041626420884   0
0.218840493467274   0.12297667838751   -0.0192055282197099   -0.00646446346951346   0
0.214149320430862   0.126421871063456   -0.00469117303641203   0.00344519267594592   0
0.248050182620372   0.154067687971261   0.0339008621895102   0.0276458169078058   0
0.239602946325791   0.158553118882096   -0.00844723629458091   0.00448543091083428   0
0.220635737572135   0.158272810957923   -0.0189672087536563   -0.000280307924172551   0
0.2625011090148   0.166748203637318   0.0418653714426652   0.00847539267939487   0
0.260313744738921   0.176569497349351   -0.0021873642758794   0.00982129371203297   0
0.281628063385026   0.178665570861631   0.0213143186461048   0.00209607351227997   0
0.255238606697733   0.178029944220972   -0.0263894566872926   -0.000635626640658776   0
0.243757014161644   0.180602458912635   -0.0114815925360888   0.00257251469166273   0
0.311126642166819   0.201915111540939   0.0673696280051751   0.0213126526283044   0
0.319572894449764   0.186901925525795   0.00844625228294477   -0.0150131860151439   0
0.274253795049403   0.190600092459979   -0.0453190994003609   0.0036981669341834   0
0.271704381823334   0.187019621061027   -0.00254941322606922   -0.00358047139895223   0
0.302262114784503   0.208659393841974   0.030557732961169   0.0216397727809473   0
0.323951806721308   0.21855716182105   0.0216896919368056   0.00989776797907574   0
0.256258178865163   0.182643559682267   -0.0676936278561452   -0.0359136021387822   0
0.296821614561019   0.215387732371234   0.0405634356958555   0.032744172688967   0
0.358951352230926   0.236626247495016   0.0621297376699068   0.0212385151237814   0
0.300031852982462   0.22439947375941   -0.0589194992484631   -0.0122267737356062   0
0.331071474065405   0.253517740749538   0.0310396210829423   0.0291182669901284   0
0.33215581152557   0.238446092654608   0.00108433746016523   -0.0150716480949299   0
0.342392154720286   0.228337291827791   0.0102363431947156   -0.0101088008268168   0
0.301439292804389   0.211771682536287   -0.0409528619158969   -0.0165656092915043   0
0.291797636176169   0.246436161235648   -0.00964165662821959   0.0346644786993613   0
0.290521450968444   0.240878814371127   -0.00127618520772516   -0.00555734686452117   0
0.251207148456329   0.231580607043341   -0.0393143025121153   -0.00929820732778586   0
0.236438213941592   0.218340880789856   -0.0147689345147368   -0.0132397262534857   0
0.377119060916788   0.230636047385269   0.140680846975196   0.0122951665954131   0
0.265649545943542   0.209797483536505   -0.111469514973246   -0.0208385638487641   0
0.293071174273094   0.261219695262838   0.0274216283295516   0.0514222117263333   0
0.311651764781478   0.252695584354476   0.0185805905083849   -0.0085241109083623   0
0.297467481337305   0.26269136936051   -0.0141842834441733   0.00999578500603443   0
0.306645263117564   0.290493038803428   0.00917778178025874   0.0278016694429179   0
0.273319823143675   0.248712778763979   -0.0333254399738885   -0.041780260039449   0
0.303823210052836   0.241155786615727   0.030503386909161   -0.00755699214825223   0
0.294829302225898   0.266214888571343   -0.00899390782693826   0.025059101955616   0
0.272450492165751   0.269444245607607   -0.0223788100601471   0.00322935703626426   0
0.230942969721271   0.248909810840513   -0.0415075224444799   -0.0205344347670941   0
0.276707136341096   0.267153193973982   0.045764166619825   0.0182433831334688   0
0.254124492163998   0.28391215860632   -0.022582644177098   0.0167589646323378   0
0.322708831093433   0.322241827520885   0.068584338929435   0.0383296689145657   0
0.299029405772008   0.295665311817687   -0.0236794253214256   -0.0265765157031985   0
0.296466256376017   0.27179054631692   -0.002563149395991   -0.0238747655007666   0
0.292548990797456   0.282820247993739   -0.00391726557856065   0.0110297016768187   0
0.295168458787876   0.331583630035128   0.00261946799041995   0.0487633820413888   0
0.265980215796213   0.316905728971819   -0.029188242991663   -0.0146779010633088   0
0.28494775365707   0.339498564360573   0.0189675378608566   0.0225928353887538   0
0.401511473404298   0.34991070975929   0.116563719747228   0.0104121453987171   0
0.33507076482588   0.390692182999929   -0.0664407085784178   0.0407814732406391   0
0.267933849480222   0.36162904121734   -0.0671369153456582   -0.0290631417825892   0
0.326934183153062   0.344083721026907   0.0590003336728407   -0.0175453201904326   0
0.322125964977507   0.351725257522828   -0.00480821817555532   0.00764153649592125   0
0.390241523879456   0.387811151027146   0.068115558901949   0.0360858935043177   0
0.373333445147753   0.347380276743298   -0.0169080787317034   -0.0404308742838486   0
0.367449345299457   0.346885008598311   -0.00588409984829508   -0.00049526814498696   0
0.33609236303494   0.354116903035212   -0.0313569822645173   0.0072318944369017   0
0.322350880892632   0.356984933795532   -0.0137414821423077   0.00286803076031922   0
0.361500850023081   0.359459596776188   0.0391499691304484   0.00247466298065685   0
0.338940333885823   0.363764820241389   -0.0225605161372583   0.00430522346520057   0
0.348632461659496   0.382196731257608   0.00969212777367351   0.0184319110162187   0
0.339069645797864   0.340235537380357   -0.00956281586163216   -0.0419611938772511   0
0.324908221133923   0.337778400933585   -0.0141614246639412   -0.00245713644677115   0
0.29215738609354   0.353404078364625   -0.0327508350403823   0.0156256774310395   0
0.284657739149175   0.372199705963747   -0.00749964694436495   0.0187956275991225   0
0.268847541664807   0.398305996887443   -0.0158101974843686   0.0261062909236959   0
0.276834197153892   0.402405176793552   0.00798665548908528   0.00409917990610886   0
0.282791730074343   0.405381907236867   0.00595753292045081   0.00297673044331498   0
0.307969582276497   0.407177989754788   0.0251778522021541   0.00179608251792046   0
0.306007568437269   0.406416279984574   -0.00196201383922773   -0.000761709770213226   0
0.298242969038936   0.384031272467491   -0.00776459939833279   -0.0223850075170838   0
0.249417233984021   0.397439028998789   -0.0488257350549152   0.013407756531298   0
0.268456206152214   0.41145494125633   0.0190389721681928   0.0140159122575413   0
0.282731493580606   0.400810310482665   0.0142752874283916   -0.0106446307736653   0
0.333272364773994   0.384388849716664   0.0505408711933882   -0.0164214607660007   0
0.253434555661634   0.414486133945093   -0.0798378091123595   0.0300972842284295   0
0.26581403569791   0.412173762282757   0.0123794800362761   -0.00231237166233672   0
0.267701015772092   0.39505088874987   0.00188698007418187   -0.0171228735328862   0
0.305778695321061   0.407449710187036   0.0380776795489683   0.0123988214371659   0
0.325354403283619   0.450784319642443   0.0195757079625588   0.0433346094554063   0
0.36938709630002   0.460705745429227   0.0440326930164003   0.00992142578678457   0
0.329234821550652   0.481141828748551   -0.0401522747493672   0.0204360833193238   0
0.291882482229698   0.471903202652832   -0.0373523393209544   -0.00923862609571885   0
0.225684743752009   0.463981065082628   -0.0661977384776889   -0.00792213757020416   0
0.325699131146369   0.492508283338209   0.10001438739436   0.0285272182555814   0
0.311234611710716   0.481435500053665   -0.0144645194356537   -0.0110727832845444   0
0.265847146308269   0.473133268459469   -0.0453874654024471   -0.00830223159419596   0
0.308438818518114   0.443066000994491   0.0425916722098453   -0.0300672674649784   0
0.295436696263023   0.402164819669935   -0.0130021222550904   -0.0409011813245561   0
0.297710125210968   0.449487213607654   0.00227342894794408   0.0473223939377191   0
0.275437419011107   0.449647692192072   -0.0222727061998608   0.000160478584417922   0
0.345822123979438   0.455873165979056   0.0703847049683315   0.00622547378698474   0
0.328482138444406   0.479085749523434   -0.0173399855350321   0.0232125835443778   0
0.333642712296687   0.507830127512354   0.00516057385228108   0.0287443779889203   0
0.353405501625611   0.508311471750248   0.0197627893289241   0.000481344237893588   0
0.366093914700122   0.479419209916801   0.0126884130745104   -0.0288922618334467   0
0.307992092969755   0.474020906167123   -0.0581018217303671   -0.00539830374967881   0
0.265406900749943   0.461663148883807   -0.0425851922198118   -0.0123577572833151   0
0.26938081228484   0.478028849601216   0.00397391153489673   0.0163657007174086   0
0.301519269242763   0.472581011549755   0.0321384569579238   -0.0054478380514606   0
0.274450526199168   0.436215935882494   -0.0270687430435957   -0.0363650756672614   0
0.294662166889987   0.47729590363326   0.0202116406908191   0.0410799677507659   0
0.345477394400328   0.470284692586015   0.0508152275103416   -0.007011211047245   0
0.316812000511676   0.493425244695661   -0.0286653938886526   0.0231405521096457   0
0.324042372216104   0.473345411767992   0.00723037170442814   -0.0200798329276684   0
0.323321505941826   0.490049395647918   -0.000720866274278198   0.0167039838799263   0
0.361428312363846   0.502630362042277   0.0381068064220201   0.0125809663943582   0
0.323010366139357   0.495822762906263   -0.0384179462244885   -0.00680759913601386   0
0.32739932695557   0.475967151414108   0.00438896081621237   -0.0198556114921551   0
0.317544666803837   0.469756643561805   -0.00985466015173242   -0.00621050785230293   0
0.331602567164369   0.453874176682635   0.0140579003605321   -0.0158824668791694   0
0.29533986293098   0.454294034320618   -0.0362627042333893   0.000419857637982302   0
0.302227246194995   0.466369956839525   0.00688738326401489   0.012075922518907   0
0.308501872268046   0.486830643790859   0.00627462607305146   0.0204606869513347   0
0.24867023421994   0.504967481640897   -0.059831638048106   0.0181368378500381   0
0.282705453300233   0.515828893243438   0.0340352190802923   0.0108614116025406   0
0.292767918683042   0.524584100015908   0.0100624653828089   0.00875520677246988   0
0.260515137734835   0.540001800307647   -0.0322527809482066   0.0154177002917394   0
0.293767039155178   0.542591467560309   0.0332519014203433   0.00258966725266196   0
0.306650835881789   0.533508450185655   0.0128837967266109   -0.00908301737465378   0
0.301199104920649   0.577725025995499   -0.00545173096114032   0.0442165758098436   0
0.310719095269345   0.539888498331137   0.00951999034869572   -0.0378365276643622   0
0.316196424429499   0.55582519757699   0.0054773291601547   0.0159366992458532   0
0.290457768815021   0.566988952938459   -0.0257386556144786   0.011163755361469   0
0.349952762935228   0.540486090508581   0.0594949941202075   -0.026502862429878   0
0.360739066081011   0.547958568039136   0.0107863031457828   0.00747247753055469   0
0.387794329667157   0.557995123082855   0.0270552635861465   0.0100365550437189   0
0.332956833732242   0.463063083247574   -0.0548374959349153   -0.0949320398352802   0
0.397381853140024   0.547251415346045   0.0644250194077823   0.0841883320984711   0
0.358876818414062   0.553157332332312   -0.038505034725962   0.00590591698626663   0
0.36810553288697   0.56761007090079   0.0092287144729073   0.014452738568478   0
0.377144217780148   0.58763549089912   0.00903868489317866   0.0200254199983301   0
0.408093949264137   0.584576419263128   0.0309497314839885   -0.00305907163599251   0
0.426353641811583   0.565150804872469   0.0182596925474465   -0.0194256143906582   0
0.391492239937141   0.55820684669865   -0.0348614018744424   -0.00694395817381965   0
0.405870902865677   0.562297163913353   0.0143786629285362   0.00409031721470299   0
0.395447461397845   0.561382319541905   -0.0104234414678324   -0.000914844371447399   0
0.426505871931442   0.573123586049292   0.0310584105335975   0.0117412665073864   0
0.393967051928204   0.578796907079677   -0.0325388200032387   0.00567332103038498   0
0.405717231327436   0.622651277940952   0.011750179399232   0.0438543708612747   0
0.424057975032896   0.615061496598511   0.01834074370546   -0.00758978134244082   0
0.438189156062767   0.623765453135231   0.0141311810298714   0.00870395653672029   0
0.439428725500507   0.623972303300595   0.00123956943774006   0.000206850165364147   0
0.40975577003625   0.671917154420841   -0.0296729554642572   0.0479448511202457   0
0.390423412285944   0.635308203079419   -0.0193323577503061   -0.0366089513414221   0
0.4439222659757   0.645244866552614   0.0534988536897561   0.00993666347319477   0
0.379192976575253   0.659689270140306   -0.0647292894004473   0.0144444035876926   0
0.417023568765603   0.671043776088602   0.0378305921903509   0.011354505948296   0
0.449479316744386   0.659798085969678   0.0324557479787825   -0.0112456901189245   0
0.442868046752077   0.661321866522838   -0.00661126999230871   0.00152378055316005   0
0.413439826491111   0.661073823097126   -0.0294282202609662   -0.000248043425711941   0
0.406227392850359   0.689652228013149   -0.0072124336407518   0.0285784049160229   0
0.468591415410056   0.70285808810474   0.0623640225596971   0.013205860091591   0
0.461731103597104   0.713858709319638   -0.00686031181295194   0.0110006212148988   0
0.512327061659835   0.721533395730406   0.0505959580627303   0.00767468641076707   0
0.520795158186018   0.777244567452549   0.00846809652618374   0.0557111717221436   0
0.515033486228808   0.766876324146371   -0.00576167195721022   -0.0103682433061779   0
0.573142103735191   0.877389318680282   0.0581086175063825   0.110512994533911   0
0.483489852949366   0.932659013123902   -0.0896522507858242   0.0552696944436192   0
0.545756894364148   0.950189425891227   0.0622670414147817   0.0175304127673257   0
0.533830695105667   0.985211860909749   -0.0119261992584808   0.0350224350185214   0
0.546187162471803   0.967599018650288   0.0123564673661358   -0.0176128422594608   0
0.59004264375467   0.962050008174991   0.0438554812828664   -0.00554901047529699   0
0.604147316417114   0.93902903703573   0.014104672662444   -0.023020971139261   0
0.58542450719969   0.973362803684346   -0.0187228092174235   0.0343337666486158   0
0.600467673606165   0.962527371913261   0.0150431664064751   -0.0108354317710841   0
0.635393629805965   0.944535356430478   0.0349259561998001   -0.0179920154827835   0
0.621107140833206   0.966437435547304   -0.0142864889727592   0.0219020791168263   0
0.548355513238446   0.795975670304375   -0.0727516275947596   -0.170461765242929   0
0.621661738138194   1.06282144433249   0.0733062248997471   0.266845774028114   0
0.489858357215634   1.19311308775243   -0.131803380922559   0.130291643419941   0
0.596584919754095   1.13369088506828   0.106726562538461   -0.05942220268415   0
0.624552063015566   1.13967985945356   0.0279671432614713   0.00598897438528057   0
0.585203316526829   1.11806366916198   -0.0393487464887374   -0.0216161902915801   0
0.61950425495956   1.12621836364725   0.0343009384327314   0.00815469448526862   0
0.631785225735772   1.11803619486531   0.0122809707762113   -0.00818216878193967   0
