0.337165366801378   0.129681471089638   0   0   0
0.339578302947186   0.139666123819128   0.00241293614580829   0.00998465272949051   0
0.20093000267536   0.100026347500846   -0.138648300271827   -0.039639776318282   0
0.199886714014139   0.0767957587808402   -0.00104328866122103   -0.0232305887200057   0
0.228084884402803   0.0741936590554746   0.0281981703886645   -0.00260209972536569   0
0.159005430732156   0.0826340791865106   -0.0690794536706472   0.00844042013103602   0
0.190573076517499   0.0749770323404314   0.0315676457853429   -0.00765704684607914   0
0.208465383018169   0.0799849142540329   0.0178923065006702   0.00500788191360151   0
0.131119407128112   0.0649504876899512   -0.0773459758900568   -0.0150344265640818   0
0.109696606568743   0.059147979466948   -0.021422800559369   -0.00580250822300319   0
0.150644104990739   0.0538806932136874   0.0409474984219963   -0.00526728625326058   0
0.148954619155911   0.0468959633592874   -0.00168948583482831   -0.00698472985440002   0
0.165668219008982   0.0495109070238326   0.0167135998530712   0.00261494366454525   0
0.085485871548071   0.0472807360493415   -0.0801823474609112   -0.00223017097449114   0
0.0682533870592251   0.0258415519440632   -0.0172324844888459   -0.0214391841052783   0
0.0775795850778805   0.0294926197256487   0.00932619801865539   0.00365106778158556   0
0.13926322813593   0.0242660016079081   0.0616836430580492   -0.00522661811774061   0
0.0357024795830341   0.0126559116977808   -0.103560748552896   -0.0116100899101273   0
0.0533348603918497   0.0223014428229011   0.0176323808088157   0.00964553112512025   0
0.0822344783954492   0.0106616112097433   0.0288996180035995   -0.0116398316131577   0
0.00415628052284925   0.00611121526344687   -0.0780781978725999   -0.00455039594629648   0
0.0328999891891228   0.0180628894505074   0.0287437086662736   0.0119516741870605   0
0.0565451671711208   0.0214903280529963   0.023645177981998   0.00342743860248895   0
0.140027047100531   0.0391275864158844   0.0834818799294104   0.0176372583628881   0
0.0401569482517086   0.0701806779689752   -0.0998700988488227   0.0310530915530908   0
0.0492641759118084   0.0678268924922114   0.0091072276600998   -0.00235378547676383   0
0.0843533317211597   0.0281663487440425   0.0350891558093513   -0.0396605437481689   0
0.0466408715528001   0.0295879949130133   -0.0377124601683595   0.00142164616897078   0
0.17977510045276   0.0422980472970615   0.13313422889996   0.0127100523840483   0
0.0301610598638377   0.0518599179867431   -0.149614040588922   0.0095618706896816   0
0.0414345165720562   0.049231362275989   0.0112734567082185   -0.00262855571075411   0
0.161436631249416   0.0754224571279337   0.12000211467736   0.0261910948519447   0
0.114463397398863   0.085057617870741   -0.0469732338505534   0.00963516074280728   0
0.0528886031374662   0.0924147665870693   -0.0615747942613966   0.00735714871632831   0
0.0312120342453035   0.0600856137266235   -0.0216765688921627   -0.0323291528604459   0
0.130139718139474   0.0275722027197574   0.0989276838941703   -0.032513411006866   0
0.0619119663989927   0.0223782476045651   -0.0682277517404812   -0.00519395511519231   0
0.194664183583935   0.0160921686889928   0.132752217184942   -0.00628607891557234   0
0.0460689226040256   0.0252447666712331   -0.14859526097991   0.00915259798224027   0
0.0867724512919302   0.0268381301239952   0.0407035286879046   0.00159336345276216   0
0.140350320160839   0.0250536264545844   0.0535778688689088   -0.00178450366941085   0
0.0645878720058193   0.0269375002749884   -0.0757624481550196   0.00188387382040401   0
0.0500995395314169   0.0398289784184204   -0.0144883324744025   0.012891478143432   0
0.0948920491159712   0.0590384629616575   0.0447925095845543   0.019209484543237   0
0.106054765816252   0.0643266512287287   0.0111627167002806   0.00528818826707121   0
0.0662069468913195   0.0676181196254007   -0.0398478189249322   0.00329146839667203   0
0.09146696732407   0.0692186758227142   0.0252600204327506   0.00160055619731349   0
0.118140641757832   0.0675579000276985   0.026673674433762   -0.00166077579501572   0
0.141197882836854   0.0618187258793199   0.0230572410790222   -0.00573917414837855   0
0.169718227207834   0.0780428773216405   0.0285203443709799   0.0162241514423205   0
0.0958241097606443   0.099316927137636   -0.0738941174471898   0.0212740498159955   0
0.0334338803506264   0.0881461389231542   -0.0623902294100179   -0.0111707882144818   0
0.160305790683712   0.0937541114555516   0.126871910333085   0.00560797253239742   0
0.16720656491744   0.125372983528151   0.00690077423372806   0.0316188720725993   0
0.0533443353571867   0.112349456785525   -0.113862229560253   -0.0130235267426261   0
0.178156305473256   0.117232562440092   0.124811970116069   0.0048831056545669   0
0.202158885309278   0.150129350696458   0.0240025798360228   0.032896788256366   0
0.181223220047984   0.157238796041594   -0.0209356652612945   0.00710944534513624   0
0.2020436332156   0.19380681022477   0.0208204131676163   0.036568014183176   0
0.159061549722224   0.193818978357384   -0.042982083493376   1.21681326137879e-05   0
0.191424861888836   0.182786312418354   0.0323633121666119   -0.0110326659390301   0
0.211665881108506   0.167248049589524   0.0202410192196694   -0.0155382628288293   0
0.15992498139781   0.186511215107832   -0.0517408997106951   0.0192631655183077   0
0.19830301399477   0.176611360123719   0.0383780325969597   -0.00989985498411297   0
0.134610076073413   0.159545401206835   -0.0636929379213573   -0.0170659589168839   0
0.11160418703176   0.161893954746618   -0.0230058890416531   0.00234855353978283   0
0.245902236803572   0.166696284089508   0.134298049771812   0.00480232934289013   0
0.157823746948709   0.174409465818946   -0.0880784898548634   0.00771318172943763   0
0.169754071393325   0.169681039093324   0.0119303244446162   -0.00472842672562221   0
0.142485142073621   0.172730911630634   -0.0272689293197036   0.00304987253731076   0
0.295144376262212   0.193684604091936   0.152659234188591   0.0209536924613017   0
0.151234311034206   0.174118323040684   -0.143910065228006   -0.019566281051252   0
0.217679561458948   0.18361823306728   0.0664452504247424   0.00949991002659611   0
0.167108050947583   0.210651472847925   -0.0505715105113652   0.0270332397806447   0
0.307290964618698   0.193572087311807   0.140182913671115   -0.0170793855361173   0
0.265125129855338   0.226118924874722   -0.0421658347633599   0.0325468375629142   0
0.183148556159665   0.196459429087789   -0.0819765736956732   -0.0296594957869326   0
0.225818523191279   0.210910942461504   0.0426699670316134   0.0144515133737154   0
0.219747145465533   0.22388986860173   -0.00607137772574579   0.0129789261402258   0
0.244936542469759   0.224674564225682   0.0251893970042262   0.000784695623951587   0
0.300889706294516   0.219478943559513   0.0559531638247569   -0.00519562066616852   0
0.294621372832997   0.268988997003079   -0.0062683334615185   0.0495100534435659   0
0.2596143103294   0.221466717142351   -0.0350070625035974   -0.0475222798607283   0
0.218553688675643   0.197480881086126   -0.0410606216537567   -0.0239858360562251   0
0.29100296594504   0.202006037230258   0.0724492772693966   0.00452515614413262   0
0.215787647413841   0.19869963923694   -0.0752153185311992   -0.00330639799331855   0
0.259386603993653   0.214233520851173   0.0435989565798121   0.0155338816142333   0
0.297963255669218   0.227302433505451   0.0385766516755657   0.013068912654278   0
0.273052446836812   0.227317661395463   -0.0249108088324065   1.52278900122371e-05   0
0.242518634455128   0.21047877554459   -0.0305338123816839   -0.0168388858508731   0
0.295776938960765   0.237386421276049   0.0532583045056368   0.0269076457314592   0
0.247813045630552   0.240495785799357   -0.0479638933302129   0.00310936452330715   0
0.291139076292156   0.217982993229977   0.0433260306616044   -0.02251279256938   0
0.23475020002098   0.223587669025485   -0.0563888762711765   0.00560467579550883   0
0.233271155000463   0.234598991437517   -0.00147904502051688   0.0110113224120313   0
0.286592708401732   0.243274997581955   0.0533215534012688   0.00867600614443792   0
0.293615569890307   0.252172237786498   0.00702286148857578   0.00889724020454322   0
0.265285831182689   0.244796380606413   -0.0283297387076187   -0.00737585718008438   0
0.261456184013192   0.243158532283467   -0.00382964716949702   -0.00163784832294614   0
0.28795988702769   0.276063689754285   0.0265037030144983   0.0329051574708175   0
0.350592206036429   0.298366431795703   0.0626323190087392   0.0223027420414184   0
0.374484435672619   0.257095334209413   0.0238922296361899   -0.0412710975862898   0
0.252041659198713   0.269347185303188   -0.122442776473906   0.0122518510937747   0
0.303899927564338   0.259939457571374   0.0518582683656255   -0.00940772773181442   0
0.311552117563354   0.294268696048781   0.0076521899990159   0.0343292384774075   0
0.21811869240966   0.288018485197131   -0.0934334251536937   -0.00625021085165017   0
0.391975236404036   0.251368043841098   0.173856543994376   -0.0366504413560335   0
0.298513945995024   0.280342166759212   -0.0934612904090122   0.0289741229181147   0
0.33124611459187   0.294001600527106   0.0327321685968457   0.0136594337678937   0
0.289382173439174   0.290798010812058   -0.0418639411526959   -0.00320358971504764   0
0.356107774031697   0.250697640048725   0.066725600592523   -0.0401003707633335   0
0.291841193947479   0.260894116099329   -0.0642665800842179   0.0101964760506038   0
0.272823431878367   0.26840654622559   -0.0190177620691118   0.00751243012626174   0
0.376132847346732   0.253509983882785   0.103309415468365   -0.0148965623428052   0
0.451791894939794   0.280523490072133   0.0756590475930622   0.0270135061893477   0
0.455936743986104   0.273806740005154   0.00414484904630974   -0.00671675006697886   0
0.460304620677101   0.294615084433062   0.00436787669099731   0.0208083444279076   0
0.502174246656039   0.278002194126683   0.0418696259789376   -0.0166128903063785   0
0.455847645138285   0.298428901355499   -0.0463266015177536   0.0204267072288157   0
0.355301992640064   0.272516737373138   -0.100545652498221   -0.0259121639823605   0
0.356120654189054   0.256812424546594   0.000818661548990407   -0.0157043128265443   0
0.46386143982793   0.281613342696595   0.107740785638875   0.0248009181500013   0
0.49148476368209   0.322406679579146   0.0276233238541604   0.0407933368825505   0
0.30153252423082   0.356970658601656   -0.18995223945127   0.0345639790225101   0
0.37309787501271   0.369556404285597   0.0715653507818904   0.0125857456839416   0
0.713274085858305   0.420300341309343   0.340176210845594   0.0507439370237452   0
0.625100954987664   0.323084396285243   -0.0881731308706403   -0.0972159450240996   0
0.557414017850323   0.283392037196266   -0.0676869371373414   -0.0396923590889768   0
0.612684153174578   0.259301354542355   0.0552701353242553   -0.0240906826539115   0
0.642971846429188   0.221547741006876   0.0302876932546102   -0.0377536135354784   0
0.616466075964639   0.204090549076262   -0.0265057704645496   -0.0174571919306147   0
0.618646129900349   0.206694458942421   0.00218005393571052   0.00260390986615888   0
0.680956165612215   0.173718318288544   0.0623100357118653   -0.0329761406538762   0
0.644316591274727   0.175699894579287   -0.0366395743374878   0.00198157629074244   0
0.623186900882336   0.174371743900646   -0.0211296903923913   -0.00132815067864075   0
0.580738292614849   0.210402052088971   -0.0424486082674868   0.0360303081883248   0
0.673058836634101   0.188157478602074   0.0923205440192524   -0.0222445734868967   0
0.665388928977707   0.192448611014629   -0.00766990765639419   0.00429113241255488   0
0.617822878542677   0.193131111871838   -0.0475660504350297   0.000682500857209167   0
0.573275434227745   0.219544961834131   -0.044547444314932   0.0264138499622927   0
0.663888360205396   0.247107324208025   0.0906129259776508   0.0275623623738941   0
0.695633549561297   0.227009645624916   0.0317451893559012   -0.0200976785831089   0
0.687325285595729   0.231737157854001   -0.00830826396556883   0.00472751222908449   0
0.610528879620072   0.243809737891045   -0.076796405975657   0.0120725800370443   0
0.607993883018374   0.215182967456186   -0.00253499660169787   -0.0286267704348589   0
0.59427610153178   0.252307305848444   -0.0137177814865942   0.0371243383922575   0
0.629684988942058   0.236297907610817   0.0354088874102786   -0.016009398237627   0
0.610164568758446   0.252656984228618   -0.0195204201836124   0.0163590766178012   0
0.609079947714518   0.250921775825654   -0.0010846210439277   -0.00173520840296332   0
0.605937537318336   0.271020966999788   -0.0031424103961819   0.0200991911741332   0
0.558985929956166   0.271038285515626   -0.0469516073621699   1.73185158383049e-05   0
0.666716796451904   0.300791977394677   0.107730866495738   0.0297536918790512   0
0.611087599609009   0.293949040200848   -0.0556291968428957   -0.00684293719382884   0
0.614159124364395   0.317014231620601   0.00307152475538608   0.0230651914197526   0
0.601828222033704   0.348964728639228   -0.0123309023306902   0.031950497018627   0
0.558620361531121   0.320614877016414   -0.0432078605025837   -0.0283498516228143   0
0.655093934785119   0.307101565337512   0.0964735732539985   -0.0135133116789019   0
0.652026607126856   0.303287512598607   -0.0030673276582629   -0.00381405273890512   0
0.642292408584283   0.343495863453259   -0.00973419854257307   0.0402083508546524   0
0.544399781261896   0.324131447346983   -0.0978926273223875   -0.0193644161062761   0
0.644262685827109   0.294945954620079   0.099862904565213   -0.0291854927269035   0
0.640959379220119   0.254539222216832   -0.00330330660698996   -0.040406732403247   0
0.565654837133786   0.255618626587051   -0.0753045420863329   0.00107940437021814   0
0.484925524459767   0.233488445852787   -0.080729312674019   -0.0221301807342633   0
0.566469324099867   0.238258877512465   0.0815437996400999   0.00477043165967808   0
0.576302589206825   0.233348224260439   0.0098332651069577   -0.00491065325202669   0
0.561831726781872   0.220285642024736   -0.0144708624249527   -0.013062582235703   0
0.592466947516771   0.203717070450048   0.0306352207348989   -0.0165685715746873   0
0.486601348230489   0.210612740339942   -0.105865599286281   0.00689566988989396   0
0.639381232990342   0.214676812848407   0.152779884759853   0.00406407250846466   0
0.631263921202978   0.199049834831632   -0.00811731178736375   -0.015626978016775   0
0.575857865999597   0.203029592152228   -0.055406055203381   0.00397975732059586   0
0.552865922203756   0.213866586255895   -0.0229919437958409   0.0108369941036667   0
0.642095329916952   0.239185195446959   0.0892294077131961   0.0253186091910645   0
0.634057075769248   0.23934567698937   -0.00803825414770432   0.000160481542411273   0
0.591833766148485   0.234748531306907   -0.0422233096207627   -0.00459714568246311   0
0.538130521635579   0.291562867352395   -0.0537032445129068   0.0568143360454873   0
0.648067840219533   0.286422276390123   0.109937318583954   -0.00514059096227154   0
0.620732702335079   0.236533759793925   -0.0273351378844537   -0.0498885165961984   0
0.589101873631853   0.223518595449014   -0.0316308287032256   -0.0130151643449105   0
0.548967703044186   0.229616399855825   -0.040134170587667   0.00609780440681071   0
0.649567415120933   0.206478480117178   0.100599712076746   -0.0231379197386464   0
0.658153967271778   0.241502903252735   0.00858655215084492   0.0350244231355569   0
0.58059612634426   0.257450573851565   -0.0775578409275176   0.0159476705988295   0
0.621237980819758   0.217315619771681   0.0406418544754981   -0.0401349540798834   0
0.617594477948832   0.187549325345361   -0.00364350287092641   -0.0297662944263206   0
0.605992661435805   0.238450012114699   -0.0116018165130267   0.050900686769338   0
0.575442228292259   0.276097729357288   -0.0305504331435462   0.0376477172425888   0
0.501041549731996   0.279639154301128   -0.0744006785602629   0.00354142494384035   0
0.668344948562859   0.330877318729314   0.167303398830863   0.051238164428186   0
0.592051741158625   0.343945544584095   -0.0762932074042331   0.0130682258547816   0
0.50731058259512   0.370393959435423   -0.0847411585635055   0.0264484148513278   0
0.589112631781903   0.349923118237064   0.0818020491867829   -0.0204708411983597   0
0.568304954885465   0.264224325353477   -0.0208076768964381   -0.0856987928835867   0
0.58952451010394   0.183233778104639   0.0212195552184749   -0.0809905472488381   0
0.630360176175707   0.110369035962413   0.0408356660717671   -0.0728647421422254   0
0.619333922146922   0.11411552599043   -0.0110262540287844   0.00374649002801659   0
0.642104367974529   0.125294005417548   0.0227704458276071   0.0111784794271179   0
0.641598176789804   0.117121757420526   -0.000506191184725835   -0.008172247997022   0
0.611877033445945   0.110894240477542   -0.0297211433438587   -0.00622751694298393   0
0.638794575573494   0.117100535272299   0.0269175421275487   0.00620629479475744   0
0.655883025443264   0.132247933019046   0.0170884498697708   0.0151473977467464   0
0.612432403561609   0.135747474530505   -0.0434506218816549   0.0034995415114589   0
0.570762493451812   0.138136041053955   -0.0416699101097973   0.0023885665234506   0
0.655227040797989   0.121927106397521   0.0844645473461771   -0.0162089346564338   0
0.654435314978264   0.120599856806574   -0.000791725819724975   -0.0013272495909476   0
0.632645917718189   0.135680365513262   -0.021789397260075   0.0150805087066887   0
0.583735535886972   0.132190687460388   -0.0489103818312177   -0.0034896780528744   0
0.638885685689302   0.137058201983911   0.0551501498023306   0.0048675145235228   0
0.666683388489889   0.128461976587637   0.0277977028005867   -0.00859622539627425   0
0.5956110451859   0.108824215132996   -0.0710723433039891   -0.0196377614546411   0
0.542520246461171   0.14102086228282   -0.0530907987247285   0.0321966471498241   0
0.616630214649072   0.129020012050108   0.0741099681879003   -0.0120008502327118   0
0.575201921442279   0.143684386020724   -0.0414282932067922   0.0146643739706163   0
0.561481587606718   0.161376255816368   -0.0137203338355618   0.0176918697956442   0
0.523469591889118   0.160790410143368   -0.0380119957175993   -0.00058584567300049   0
0.551269332416206   0.162997169613655   0.0277997405270882   0.00220675947028667   0
0.669685728658787   0.156294913557671   0.11841639624258   -0.00670225605598318   0
0.544781147172595   0.146131788411845   -0.124904581486191   -0.0101631251458265   0
0.492142960069135   0.143216424108838   -0.0526381871034605   -0.00291536430300715   0
0.581600533420706   0.144467631726185   0.0894575733515715   0.00125120761734682   0
0.579917203155347   0.167255992820138   -0.00168333026535927   0.0227883610939532   0
0.561981090157178   0.140629784718965   -0.0179361129981692   -0.0266262081011726   0
0.560371245678113   0.143540045831294   -0.00160984447906487   0.00291026111232884   0
0.571495001907488   0.165055257447286   0.0111237562293752   0.0215152116159924   0
0.601950251618986   0.154385037713148   0.0304552497114974   -0.0106702197341389   0
0.582111551302403   0.225620260771833   -0.0198387003165826   0.0712352230586856   0
0.543143534428018   0.242778198560435   -0.0389680168743844   0.0171579377886018   0
0.599125580138764   0.177362285405466   0.0559820457107452   -0.0654159131549689   0
0.580647176182749   0.1970208718423   -0.018478403956015   0.0196585864368339   0
0.606271374969196   0.276616458826115   0.0256241987864478   0.0795955869838154   0
0.572271133183948   0.238220333034882   -0.0340002417852484   -0.0383961257912336   0
0.557068516889296   0.187482469744507   -0.0152026162946519   -0.0507378632903747   0
0.628336131648252   0.219539519464036   0.0712676147589563   0.0320570497195293   0
0.637413112097994   0.210205180030131   0.0090769804497417   -0.00933433943390488   0
0.645171742831349   0.238025192442418   0.0077586307333547   0.0278200124122862   0
0.708185450845335   0.196708570258771   0.063013708013986   -0.0413166221836463   0
0.800986816203643   0.168007625351805   0.092801365358308   -0.0287009449069663   0
0.729259559800288   0.181990692613908   -0.0717272564033544   0.0139830672621031   0
0.703545210837228   0.252846164612497   -0.02571434896306   0.070855471998589   0
0.625930667116223   0.264173709095455   -0.0776145437210053   0.0113275444829576   0
0.721402892986589   0.178304928489091   0.0954722258703659   -0.0858687806063634   0
0.742101317265736   0.191739568038264   0.0206984242791474   0.0134346395491724   0
0.688748812212409   0.155847680474398   -0.0533525050533272   -0.035891887563866   0
0.697808596578345   0.18814844658208   0.00905978436593635   0.0323007661076827   0
0.722664537008319   0.190629807073159   0.0248559404299736   0.00248136049107897   0
0.666043132540077   0.179362971115138   -0.0566214044682425   -0.011266835958021   0
0.652532081048145   0.200476235547384   -0.0135110514919318   0.021113264432245   0
0.665091160180629   0.182431092227312   0.0125590791324838   -0.0180451433200716   0
0.740101729855538   0.213128043535453   0.0750105696749096   0.0306969513081412   0
