0.0447781937538015   0.0367426829519157   0   0   0
0.0448277024918744   0.0388703279870392   4.95087380728426e-05   0.00212764503512342   0
0.0376626338627   0.0355075564552336   -0.00716506862917433   -0.00336277153180558   0
0.0403618214615608   0.0304757120818366   0.00269918759886078   -0.005031844373397   0
0.0252416184342837   0.0243773454887402   -0.0151202030272772   -0.00609836659309642   0
0.0653144298722823   0.0387779393763065   0.0400728114379986   0.0144005938875663   0
0.0389929278267226   0.027642271114997   -0.0263215020455597   -0.0111356682613094   0
0.0213565245255402   0.0290754839260243   -0.0176364033011824   0.0014332128110273   0
0.0700920289446667   0.0278210679126898   0.0487355044191265   -0.0012544160133345   0
0.0493525356618077   0.0149932568126475   -0.020739493282859   -0.0128278111000424   0
0.0256489040338881   0.0270437754698285   -0.0237036316279196   0.0120505186571811   0
0.0432752745262234   0.0173429940533411   0.0176263704923353   -0.00970078141648743   0
0.00706760100109756   0.0216632373502323   -0.0362076735251258   0.0043202432968912   0
0.0278368720018642   0.0305840676522209   0.0207692710007666   0.00892083030198859   0
0.0181790410521375   0.0286580186811759   -0.00965783094972667   -0.00192604897104503   0
0.0345750023168266   0.0283481691792945   0.0163959612646891   -0.000309849501881416   0
0.0316372189278704   0.0274955407834616   -0.00293778338895621   -0.000852628395832854   0
0.0321551204299657   0.0276000377297749   0.000517901502095353   0.000104496946313336   0
0.0345956102140478   0.00937813406483934   0.00244048978408209   -0.0182219036649356   0
0.0345930042717939   0.017716789182016   -2.60594225393734e-06   0.00833865511717669   0
0.00953861407698391   0.0240697766520589   -0.02505439019481   0.00635298747004288   0
0.0723683828054422   0.0380779538574242   0.0628297687284583   0.0140081772053653   0
0.0566034350193987   0.0120411265627899   -0.0157649477860435   -0.0260368272946343   0
0.0376740965631838   0.00994178011919395   -0.0189293384562149   -0.00209934644359597   0
0.0363501525713348   0.0212604921998198   -0.001323943991849   0.0113187120806259   0
0.0357608268223265   0.0187255163529267   -0.000589325749008322   -0.00253497584689314   0
0.0245527517860205   0.00662677152043889   -0.011208075036306   -0.0120987448324878   0
0.039052917196102   0.0241676750935004   0.0145001654100815   0.0175409035730615   0
0.0364140187910999   0.0331296038260722   -0.00263889840500207   0.00896192873257183   0
0.036713127914652   0.0407535477016385   0.000299109123552063   0.00762394387556627   0
0.0563856797368679   0.0339997669163334   0.0196725518222159   -0.00675378078530509   0
0.0385295726311828   0.0131740345166164   -0.0178561071056851   -0.020825732399717   0
0.0533356561513854   0.0290410399848563   0.0148060835202027   0.01586700546824   0
0.0744775131818054   0.0350261702101086   0.0211418570304199   0.00598513022525227   0
0.041551054890305   0.0481469695684474   -0.0329264582915004   0.0131207993583388   0
0.0268367904531813   0.0170173504974335   -0.0147142644371237   -0.0311296190710139   0
0.0573416232873059   0.035939283327675   0.0305048328341246   0.0189219328302415   0
0.0387241988919954   0.0157712699896172   -0.0186174243953104   -0.0201680133380578   0
0.0459581977837129   0.0402614873784489   0.00723399889171752   0.0244902173888317   0
0.0246341092700751   0.0331064485890967   -0.0213240885136378   -0.00715503878935223   0
0.0216767701065357   0.0554943710271817   -0.00295733916353939   0.022387922438085   0
0.0225192122384326   0.0464674086571707   0.000842442131896885   -0.00902696237001099   0
0.0228069506062455   0.0256570503056962   0.000287738367812901   -0.0208103583514745   0
0.0150963137214023   0.0337850778401131   -0.00771063688484317   0.00812802753441689   0
0.0190404972206848   0.0418267951895971   0.0039441834992825   0.00804171734948398   0
0.0812598172733092   0.0335910687874768   0.0622193200526244   -0.00823572640212023   0
0.0140942214480687   0.0296582623335341   -0.0671655958252405   -0.00393280645394277   0
0.035525012427578   0.02680094383575   0.0214307909795093   -0.00285731849778407   0
0.0112698902685565   0.0348063635304667   -0.0242551221590214   0.00800541969471668   0
0.0582216304930894   0.032847370905356   0.0469517402245328   -0.00195899262511071   0
0.032729476540286   0.0149024033784823   -0.0254921539528033   -0.0179449675268737   0
0.0434845430215991   0.0457388245520422   0.010755066481313   0.0308364211735599   0
0.0393584464629051   0.0335470372624022   -0.004126096558694   -0.01219178728964   0
0.0747555638769992   0.0482004887291822   0.0353971174140941   0.0146534514667801   0
0.00275720772826296   0.0485100275176432   -0.0719983561487362   0.000309538788460947   0
0.0675389780299998   0.0558596262476531   0.0647817703017369   0.00734959873000995   0
0.0330146432216165   0.035178794867967   -0.0345243348083834   -0.0206808313796862   0
0.0479098057648588   0.047887419662214   0.0148951625432424   0.012708624794247   0
0.0180584670763966   0.0364397665944089   -0.0298513386884622   -0.0114476530678051   0
0.0493597172689578   0.0370163323416502   0.0313012501925612   0.000576565747241305   0
0.0119884792353708   0.0290968673332152   -0.037371238033587   -0.00791946500843504   0
0.0759929498522883   0.0300037452634954   0.0640044706169175   0.000906877930280253   0
0.0426206524230601   0.0289346488120078   -0.0333722974292281   -0.00106909645148762   0
0.0464995533081327   0.0547588102278757   0.0038789008850726   0.0258241614158678   0
0.0271003988254698   0.0380783838915532   -0.0193991544826629   -0.0166804263363224   0
0.105146285655414   0.0290857380421299   0.0780458868299446   -0.00899264584942337   0
0.118872423824241   0.0217070239166243   0.0137261381688267   -0.00737871412550554   0
0.104956832859371   0.0177489616806371   -0.0139155909648698   -0.00395806223598719   0
0.0481069977439873   0.0263574059946156   -0.056849835115384   0.00860844431397851   0
0.069071613996272   0.0214718399126624   0.0209646162522847   -0.00488556608195328   0
0.0740610272875012   0.0272435619346113   0.00498941329122923   0.00577172202194892   0
0.0425528764456646   0.0461900785487804   -0.0315081508418366   0.0189465166141691   0
0.0789954507641681   0.0337304836917958   0.0364425743185034   -0.0124595948569846   0
0.0465270752817926   0.0250362455853134   -0.0324683754823754   -0.00869423810648236   0
0.0966052316329095   0.0455362160395506   0.0500781563511168   0.0204999704542372   0
0.0497967080656302   0.0266384124812389   -0.0468085235672793   -0.0188978035583117   0
0.0849737750072156   0.0499431353529844   0.0351770669415854   0.0233047228717455   0
0.0518544846995667   0.0526918109791809   -0.0331192903076489   0.00274867562619642   0
0.0361293604694036   0.0362696174116646   -0.0157251242301632   -0.0164221935675163   0
0.0727496960656579   0.035096000130428   0.0366203355962543   -0.00117361728123664   0
0.0561262662319177   0.0454829824908449   -0.0166234298337402   0.0103869823604169   0
0.0772480484600589   0.031807736878038   0.0211217822281412   -0.0136752456128068   0
0.0522136957035221   0.0161405662136037   -0.0250343527565368   -0.0156671706644343   0
0.0368372016609093   0.0306132314081265   -0.0153764940426128   0.0144726651945228   0
0.0711656195734598   0.0378049381215603   0.0343284179125505   0.0071917067134338   0
0.0467280436116054   0.0381447068451836   -0.0244375759618543   0.000339768723623388   0
0.0364748710747907   0.0381488195141737   -0.0102531725368148   4.11266899005835e-06   0
0.0682832005927703   0.0313255507449414   0.0318083295179796   -0.00682326876923229   0
0.0512719168485137   0.0370130872080741   -0.0170112837442566   0.0056875364631327   0
0.0431764338234517   0.0349494653228948   -0.00809548302506201   -0.00206362188517933   0
0.0362467486149048   0.0386812805378044   -0.0069296852085469   0.00373181521490961   0
0.0218880213174353   0.0463113767056217   -0.0143587272974695   0.0076300961678173   0
0.0666962566256346   0.0381209983979958   0.0448082353081993   -0.00819037830762588   0
0.0403141185746644   0.0460223929315037   -0.0263821380509702   0.00790139453350792   0
0.0439370949988731   0.0559456032286274   0.00362297642420872   0.00992321029712363   0
0.074635977047146   0.0538189167849233   0.0306988820482729   -0.00212668644370405   0
0.0289537606528271   0.0481490932475423   -0.0456822163943189   -0.00566982353738101   0
0.0271519737479561   0.0460759188795679   -0.00180178690487097   -0.00207317436797437   0
0.084666610955751   0.0534546794155105   0.0575146372077949   0.00737876053594255   0
0.0358536442057931   0.0536949257509031   -0.0488129667499579   0.000240246335392637   0
0.059005746468056   0.0543960896718459   0.0231521022622629   0.000701163920942778   0
0.0996534505066036   0.0552804068759674   0.0406477040385477   0.000884317204121465   0
0.0575162011619518   0.0626744328553119   -0.0421372493446519   0.00739402597934454   0
0.0566021232226319   0.0614145125626061   -0.000914077939319899   -0.00125992029270584   0
0.0831739735263532   0.0727102379480531   0.0265718503037213   0.011295725385447   0
0.0256495269682172   0.0518650564041728   -0.057524446558136   -0.0208451815438803   0
0.0522962185513876   0.0652014936599088   0.0266466915831704   0.013336437255736   0
0.0935679782836142   0.0564872349327096   0.0412717597322266   -0.00871425872719923   0
0.0216543456758684   0.0599247160009657   -0.0719136326077458   0.00343748106825618   0
0.0540912882656801   0.0482841864811607   0.0324369425898117   -0.0116405295198051   0
0.0946252279074571   0.0672715036675087   0.040533939641777   0.018987317186348   0
0.0278288710390918   0.0570138431284072   -0.0667963568683653   -0.0102576605391015   0
0.044481718687934   0.0565565875262113   0.0166528476488423   -0.000457255602195901   0
0.0731037948085084   0.0536500076874179   0.0286220761205744   -0.0029065798387934   0
0.0282707745011204   0.0620907983817701   -0.044833020307388   0.00844079069435219   0
0.0285536616163689   0.0630798126206197   0.000282887115248515   0.000989014238849659   0
0.0703581106862066   0.0660911290783415   0.0418044490698377   0.00301131645772178   0
0.0783720700178552   0.0580797088655108   0.00801395933164858   -0.00801142021283068   0
0.0497903207673941   0.0472279312027586   -0.0285817492504611   -0.0108517776627522   0
0.0881950369759121   0.0547057184730491   0.0384047162085179   0.00747778727029046   0
0.0494990280711904   0.0699375640084504   -0.0386960089047216   0.0152318455354014   0
0.0484443022384635   0.062303696107078   -0.00105472583272696   -0.00763386790137242   0
0.0376337780324724   0.0634563181854652   -0.0108105242059911   0.00115262207838719   0
0.0489423973212388   0.0555897989296168   0.0113086192887664   -0.00786651925584839   0
0.0617955534275436   0.0422498398712646   0.0128531561063049   -0.0133399590583522   0
0.0756408437120614   0.0605036426850434   0.0138452902845178   0.0182538028137788   0
0.0416359233188121   0.0537773732733212   -0.0340049203932493   -0.00672626941172211   0
0.0756149826127732   0.0552744021976061   0.0339790592939612   0.00149702892428489   0
0.098680021336875   0.058073273679035   0.0230650387241017   0.00279887148142887   0
0.0612748815206729   0.0619758300121305   -0.0374051398162021   0.00390255633309553   0
0.0344273615251024   0.0748599886925753   -0.0268475199955705   0.0128841586804448   0
0.0539937565270282   0.0759029306736077   0.0195663950019258   0.00104294198103244   0
0.0913432696827194   0.0874594490567236   0.0373495131556912   0.0115565183831158   0
0.0780989732191788   0.0711169905419408   -0.0132442964635406   -0.0163424585147828   0
0.0545083940761613   0.0889566680196038   -0.0235905791430174   0.017839677477663   0
0.025801162475749   0.0710868396352307   -0.0287072316004123   -0.0178698283843731   0
0.055238308984825   0.0636349412626428   0.029437146509076   -0.00745189837258785   0
0.0747728259620057   0.0713772700626747   0.0195345169771807   0.00774232880003191   0
0.0751474322084634   0.0752809312834432   0.000374606246457632   0.0039036612207685   0
0.0512737424962729   0.067662649609515   -0.0238736897121905   -0.00761828167392824   0
0.0491440273971314   0.0528568102492044   -0.00212971509914151   -0.0148058393603106   0
0.0640443683903347   0.0487700419326506   0.0149003409932033   -0.00408676831655378   0
0.0460237679930316   0.0591951610053558   -0.0180206003973031   0.0104251190727052   0
0.0649967930063199   0.0650376060070249   0.0189730250132883   0.00584244500166904   0
0.0505593475737138   0.0518595706500738   -0.0144374454326061   -0.013178035356951   0
0.0804034804287855   0.0616933501370399   0.0298441328550717   0.00983377948696605   0
0.0397843951770804   0.0695999958708332   -0.0406190852517051   0.00790664573379331   0
0.0505307068510465   0.0785399093660191   0.0107463116739661   0.00893991349518593   0
0.0714834768949273   0.0694399898331106   0.0209527700438807   -0.00909991953290856   0
0.0516412264017122   0.06120475403639   -0.0198422504932151   -0.00823523579672056   0
0.0747321869073755   0.0724628167760887   0.0230909605056632   0.0112580627396987   0
0.0693287225552325   0.0641742789692451   -0.00540346435214299   -0.00828853780684355   0
0.056947124539549   0.0642786117578974   -0.0123815980156835   0.000104332788652212   0
0.123005407530198   0.0883543268111415   0.0660582829906491   0.0240757150532442   0
0.0931395103162434   0.0829595619844223   -0.0298658972139547   -0.00539476482671924   0
0.120901753138735   0.0894010668298002   0.0277622428224916   0.00644150484537792   0
0.0931120245656279   0.0691082762718222   -0.027789728573107   -0.020292790557978   0
0.0879336927999592   0.099602971032294   -0.00517833176566872   0.0304946947604719   0
0.0669247850346708   0.0983297587308262   -0.0210089077652884   -0.00127321230146779   0
0.0703850834136961   0.0767238461522557   0.00346029837902531   -0.0216059125785706   0
0.073932462850716   0.0880316345742398   0.00354737943701985   0.0113077884219842   0
0.064941634405576   0.0912692852160709   -0.00899082844514001   0.00323765064183107   0
0.0763107495105139   0.0878065181905649   0.0113691151049379   -0.00346276702550605   0
0.0487353139788891   0.103914652799786   -0.0275754355316248   0.0161081346092208   0
0.0765049680313906   0.0972233204630453   0.0277696540525015   -0.00669133233674035   0
0.0707114074878453   0.0759750445229221   -0.00579356054354535   -0.0212482759401232   0
0.0987390655952668   0.0926437502274708   0.0280276581074215   0.0166687057045487   0
0.0923050501794217   0.0930189670846758   -0.00643401541584512   0.000375216857204999   0
0.105492447916852   0.113404227120289   0.0131873977374301   0.0203852600356128   0
0.123830773389526   0.091804130072195   0.018338325472674   -0.0216000970480936   0
0.103022327353879   0.0965401266857466   -0.0208084460356471   0.00473599661355159   0
0.105485826430509   0.10166927607381   0.00246349907663052   0.00512914938806294   0
0.102819240601309   0.0866554949746552   -0.00266658582919979   -0.0150137810991543   0
0.134342205363616   0.0801931025433142   0.0315229647623067   -0.00646239243134109   0
0.12988245506939   0.0923106508707157   -0.00445975029422616   0.0121175483274015   0
0.117252380325904   0.0842216721526295   -0.012630074743486   -0.0080889787180862   0
0.11500415711491   0.0950411718927644   -0.00224822321099398   0.010819499740135   0
0.114145284093731   0.0957461550092744   -0.000858873021179318   0.000704983116509961   0
0.0822567839859425   0.0993419955329064   -0.0318885001077882   0.00359584052363203   0
0.107808383847295   0.0882850350725563   0.0255515998613521   -0.0110569604603501   0
0.0751026055426175   0.101701233151128   -0.032705778304677   0.0134161980785712   0
0.102647559253106   0.0821354259856746   0.027544953710489   -0.019565807165453   0
0.0763170188426284   0.0789235348329952   -0.026330540410478   -0.00321189115267941   0
0.1049778132679   0.0770205177441375   0.0286607944252712   -0.00190301708885766   0
0.108946069226246   0.090400348669972   0.00396825595834646   0.0133798309258345   0
0.0640074148552338   0.0904407850661968   -0.0449386543710123   4.04363962247939e-05   0
0.0583614374689315   0.085977494652845   -0.00564597738630227   -0.00446329041335172   0
0.0794419482012494   0.0930593032616042   0.021080510732318   0.00708180860875919   0
0.0820847814393143   0.0972383243262924   0.00264283323806487   0.00417902106468815   0
0.0777121201991041   0.100915996534421   -0.00437266124021024   0.00367767220812838   0
0.0768049502799136   0.090477707401564   -0.000907169919190487   -0.0104382891328568   0
0.155294784674599   0.0719411128226413   0.0784898343946852   -0.0185365945789227   0
0.123304544655296   0.0869407168107096   -0.0319902400193023   0.0149996039880683   0
0.118056821738051   0.106753371691423   -0.00524772291724525   0.019812654880713   0
0.10427092413161   0.114451333630598   -0.0137858976064411   0.00769796193917566   0
0.130570622838562   0.134140724472855   0.0262996987069518   0.0196893908422572   0
0.165929193288493   0.165720234946309   0.0353585704499308   0.0315795104734541   0
0.153311397414344   0.168131891296119   -0.0126177958741488   0.00241165634980964   0
0.131959964411696   0.144667419170662   -0.0213514330026479   -0.0234644721254572   0
0.0778529056334605   0.182715075474665   -0.0541070587782356   0.038047656304003   0
0.112058761471032   0.182495583601282   0.0342058558375713   -0.000219491873382938   0
0.124179842680978   0.172227333259569   0.0121210812099464   -0.0102682503417134   0
0.139994544699213   0.14218476314712   0.015814702018235   -0.030042570112449   0
0.117740853983601   0.152659288672103   -0.0222536907156124   0.0104745255249835   0
0.101515856916367   0.157364660773155   -0.0162249970672333   0.00470537210105143   0
0.0806012774337982   0.15425188061373   -0.0209145794825693   -0.00311278015942426   0
0.0957823611650371   0.145008460152856   0.0151810837312389   -0.00924342046087401   0
0.103047281074959   0.149936626756407   0.0072649199099219   0.00492816660355042   0
0.0758493015008214   0.152599948884297   -0.0271979795741376   0.00266332212789014   0
0.0969200061674575   0.159300483608094   0.0210707046666361   0.00670053472379681   0
0.0955510001575075   0.181671798117512   -0.00136900600995002   0.0223713145094183   0
0.0633234301689351   0.191424784818111   -0.0322275699885724   0.00975298670059885   0
0.0956158147796692   0.175609996248534   0.0322923846107341   -0.0158147885695771   0
0.113161436521547   0.161763388767854   0.0175456217418774   -0.0138466074806792   0
0.107457150368368   0.177065194077379   -0.00570428615317875   0.0153018053095249   0
0.10775742837067   0.169759356203097   0.000300278002301868   -0.00730583787428221   0
0.120801400896678   0.191425847645381   0.0130439725260087   0.0216664914422836   0
0.126312706026591   0.207720867486809   0.00551130512991264   0.0162950198414284   0
0.131340432153888   0.184912560501991   0.00502772612729679   -0.0228083069848181   0
0.141818274088074   0.194452784063921   0.0104778419341859   0.00954022356193024   0
0.115782769791687   0.18206904752517   -0.0260355042963862   -0.0123837365387515   0
0.131955423114592   0.192802556926698   0.0161726533229041   0.010733509401528   0
0.130231118114105   0.200484574294533   -0.00172430500048648   0.007682017367835   0
0.146784573304733   0.204478382900516   0.0165534551906277   0.0039938086059832   0
0.152167025829   0.188085500149407   0.00538245252426728   -0.0163928827511091   0
0.171326939836209   0.201242135355577   0.0191599140072089   0.0131566352061705   0
0.185406071701684   0.181260839535902   0.014079131865475   -0.0199812958196753   0
0.172391623219791   0.184115124384174   -0.013014448481893   0.00285428484827238   0
0.184973955338204   0.218200155444199   0.0125823321184133   0.0340850310600244   0
0.187986942152992   0.208754284954375   0.00301298681478809   -0.00944587048982351   0
0.163448206248257   0.199105754190713   -0.024538735904735   -0.00964853076366257   0
0.188859555548376   0.165939843799832   0.0254113493001183   -0.0331659103908811   0
0.219572162074453   0.188945233305686   0.0307126065260776   0.0230053895058541   0
0.208398842733859   0.200066848712349   -0.0111733193405945   0.0111216154066635   0
0.209074084427239   0.209004950354507   0.000675241693380568   0.008938101642158   0
0.182718046291483   0.169617792091521   -0.0263560381357567   -0.039387158262986   0
0.174708992743801   0.187618439965106   -0.00800905354768139   0.0180006478735847   0
0.183953798198189   0.211288409310449   0.00924480545438763   0.0236699693453436   0
0.221247215104278   0.19123570747999   0.0372934169060891   -0.0200527018304589   0
0.209861851257832   0.208712972919755   -0.0113853638464465   0.0174772654397648   0
0.204467014760567   0.164079253859408   -0.00539483649726413   -0.0446337190603474   0
0.197787220070079   0.193671075421293   -0.0066797946904881   0.0295918215618847   0
0.176622631535261   0.187727289959505   -0.0211645885348188   -0.00594378546178775   0
0.146835073629785   0.194764927933753   -0.0297875579054752   0.00703763797424817   0
0.200584218200227   0.206231629722559   0.0537491445704412   0.0114667017888056   0
0.181313118612802   0.202258330262742   -0.0192710995874243   -0.00397329945981639   0
0.164459114750452   0.198765834977996   -0.0168540038623501   -0.00349249528474607   0
0.190864476470132   0.211452590026707   0.0264053617196798   0.0126867550487106   0
0.190070391038811   0.212129990019828   -0.000794085431321367   0.000677399993121691   0
0.213699576720568   0.217023748005166   0.0236291856817569   0.00489375798533809   0
