0.0943469190156202   0.145862878757045   0   0   0
0.131027145890918   0.114160774395948   0.0366802268752981   -0.0317021043610975   0
0.183030754490386   0.107941935588781   0.0520036085994678   -0.00621883880716706   0
0.0575272254852431   0.0370231473143829   -0.125503529005143   -0.0709187882743978   0
0.0751270880713082   0.0327612268574072   0.0175998625860651   -0.00426192045697571   0
0.1094922875578   0.0281329341544856   0.0343651994864919   -0.00462829270292157   0
0.1585315077542   0.0056719123662348   0.0490392201963999   -0.0224610217882508   0
0.11201714522081   0.0104502658028684   -0.0465143625333903   0.00477835343663356   0
0.119817497326476   0.157238256006713   0.00780035210566582   0.146787990203844   0
0.122771710128881   0.11405328227549   0.00295421280240545   -0.0431849737312231   0
0.142826519379351   0.0878422688875737   0.0200548092504695   -0.0262110133879159   0
0.136076140428806   0.159465492621787   -0.00675037895054503   0.0716232237342134   0
0.164140882797096   0.0880363495064533   0.0280647423682904   -0.0714291431153338   0
0.10316285908475   0.105386144140975   -0.0609780237123459   0.0173497946345219   0
0.111184666686868   0.111455187898262   0.00802180760211824   0.00606904375728684   0
0.133548410200567   0.0944642695048801   0.0223637435136987   -0.0169909183933819   0
0.113251213151849   0.149014966912472   -0.0202971970487177   0.0545506974075914   0
0.046860713762063   0.124583754815317   -0.0663904993897863   -0.0244312120971546   0
0.125332824845722   0.141340165180507   0.0784721110836589   0.0167564103651896   0
0.173882815384803   0.161524782625639   0.0485499905390815   0.0201846174451326   0
0.0261981128706325   0.0469836175757809   -0.147684702514171   -0.114541165049858   0
0.056191150255623   0.0472671313592334   0.0299930373849905   0.00028351378345251   0
0.0512201703500877   0.0205110329826413   -0.00497097990553533   -0.0267560983765921   0
0.134287026306639   0.0572897273106619   0.0830668559565515   0.0367786943280206   0
0.164854083573985   0.102369936556357   0.0305670572673457   0.0450802092456948   0
0.0996966492329787   0.0765270524490525   -0.0651574343410062   -0.0258428841073042   0
0.0893752819524705   0.0146699120451394   -0.0103213672805082   -0.0618571404039131   0
0.0753254578021939   0.148321659471274   -0.0140498241502766   0.133651747426134   0
0.0223704854778009   0.0560415114195049   -0.0529549723243931   -0.0922801480517688   0
0.164560065520872   0.00357493910425758   0.142189580043071   -0.0524665723152473   0
0.0145665971541915   0.0446229496629268   -0.149993468366681   0.0410480105586692   0
0.171220298262091   0.090952519951511   0.156653701107899   0.0463295702885842   0
0.0222778429813481   0.0591065392944808   -0.148942455280743   -0.0318459806570302   0
0.0567867405797832   0.0335090336969037   0.0345088975984352   -0.0255975055975771   0
0.15754666472946   0.110118624160289   0.100759924149677   0.0766095904633854   0
0.0786038811615559   0.13241935442643   -0.0789427835679042   0.022300730266141   0
0.0442078090471582   0.080203700263084   -0.0343960721143977   -0.052215654163346   0
0.0586261402282292   0.0761608750757974   0.0144183311810711   -0.00404282518728659   0
0.0216467030284337   0.0799509465186154   -0.0369794371997956   0.00379007144281797   0
0.0786745632855372   0.0667552675353447   0.0570278602571035   -0.0131956789832707   0
0.106452303961352   0.0214189997240674   0.0277777406758144   -0.0453362678112773   0
0.0856111293026648   0.0273520480788002   -0.0208411746586868   0.00593304835473283   0
0.15785404116874   0.0677877666229984   0.0722429118660756   0.0404357185441982   0
0.042247580972761   0.145154836576705   -0.115606460195979   0.0773670699537068   0
0.0433107405463125   0.107450511400854   0.00106315957355149   -0.0377043251758515   0
0.0300370583676232   0.145531568121834   -0.0132736821786894   0.0380810567209802   0
0.0526541203308573   0.0605800131712605   0.0226170619632341   -0.0849515549505734   0
0.0442147612597874   0.102342383804377   -0.00843935907106985   0.0417623706331169   0
0.187304067424091   0.0935119508913748   0.143089306164303   -0.0088304329130026   0
0.142033621648608   0.143307875014128   -0.0452704457754827   0.0497959241227534   0
0.0848518451877153   0.0988920738866998   -0.057181776460893   -0.0444158011274284   0
0.041758563516601   0.0614714198613897   -0.0430932816711143   -0.0374206540253101   0
0.0421104733942757   0.118043720235849   0.000351909877674687   0.0565723003744593   0
0.0711967189429288   0.0701691415707831   0.0290862455486531   -0.047874578665066   0
0.0905331339122335   0.0983364923757269   0.0193364149693046   0.0281673508049438   0
0.0567261673305186   0.176450028867949   -0.0338069665817148   0.078113536492222   0
0.138577214666655   0.0529736646882439   0.0818510473361361   -0.123476364179705   0
0.0204722667187979   0.0615351138660125   -0.118104947947857   0.0085614491777686   0
0.0178720394913537   0.117523126080725   -0.00260022722744415   0.0559880122147127   0
0.0830119347294713   0.183362515345581   0.0651398952381175   0.0658393892648561   0
0.0272402434838604   0.158103649520212   -0.0557716912456109   -0.0252588658253694   0
0.111742527772465   0.114002536831127   0.0845022842886041   -0.0441011126890848   0
0.0329552486937074   0.108796102498539   -0.0787872790787572   -0.00520643433258861   0
0.0678430218370733   0.188887930987861   0.0348877731433659   0.0800918284893227   0
0.0670819818598855   0.194872290023498   -0.000761039977187808   0.00598435903563729   0
0.107268622643064   0.0403003158315478   0.0401866407831782   -0.154571974191951   0
0.0652604853676404   0.145812607708764   -0.0420081372754233   0.105512291877217   0
0.0516662062801209   0.161872678636336   -0.0135942790875195   0.0160600709275716   0
0.0444306656361583   0.194084427163091   -0.00723554064396254   0.0322117485267546   0
0.0675630051706553   0.110528941599972   0.023132339534497   -0.0835554855631186   0
0.052155637936181   0.171340932451531   -0.0154073672344744   0.0608119908515588   0
0.0528978856565175   0.149247739568419   0.000742247720336528   -0.0220931928831121   0
0.0482530837321305   0.190874432502791   -0.00464480192438697   0.0416266929343724   0
0.0589578773231839   0.174559848167682   0.0107047935910533   -0.0163145843351094   0
0.0594251987246151   0.246387488691086   0.000467321401431249   0.0718276405234044   0
0.0979543107741563   0.197943124744085   0.0385291120495412   -0.0484443639470006   0
0.123829606940546   0.227239428157885   0.0258752961663892   0.0292963034137995   0
0.0561343244627563   0.236908320303261   -0.0676952824777892   0.00966889214537617   0
0.0666345410103499   0.233667132066622   0.0105002165475936   -0.00324118823663935   0
0.101821814176187   0.20804561763516   0.0351872731658373   -0.0256215144314621   0
0.136496283965425   0.316990275801581   0.034674469789238   0.108944658166422   0
0.0652184929913288   0.257512020838533   -0.0712777909740965   -0.0594782549630483   0
0.233943066244609   0.313937246971927   0.16872457325328   0.0564252261333938   0
0.0393279439453679   0.247683870560509   -0.194615122299241   -0.0662533764114177   0
0.061728571862064   0.262089877460639   0.0224006279166961   0.0144060069001296   0
0.0698107505102903   0.243197364915669   0.00808217864822632   -0.0188925125449697   0
0.0627477706248286   0.328785716159237   -0.00706297988546174   0.0855883512435683   0
0.0909630559299521   0.353931798165074   0.0282152853051235   0.0251460820058366   0
0.091847823552548   0.320228640383637   0.000884767622595928   -0.033703157781437   0
0.0655109106646366   0.284613116005223   -0.0263369128879114   -0.0356155243784138   0
0.0761135352795414   0.312783179113268   0.0106026246149048   0.0281700631080447   0
0.177449393696823   0.249421694367095   0.101335858417281   -0.0633614847461728   0
0.147026876845732   0.319111515899932   -0.0304225168510909   0.069689821532837   0
0.114413544563002   0.288387152675362   -0.0326133322827301   -0.03072436322457   0
0.094111680807751   0.347426431526766   -0.0203018637552508   0.0590392788514039   0
0.208961915776942   0.289439000094273   0.114850234969191   -0.057987431432493   0
0.145941370732017   0.346342023136455   -0.0630205450449255   0.0569030230421818   0
0.0893729746020015   0.290171011672858   -0.0565683961300155   -0.0561710114635965   0
0.172274237819356   0.291759932366496   0.0829012632173545   0.00158892069363814   0
0.0639394021452344   0.283486127207752   -0.108334835674122   -0.00827380515874387   0
0.143493775662849   0.291950139196747   0.0795543735176145   0.00846401198899466   0
0.0948632723202715   0.273522923460923   -0.0486305033425773   -0.018427215735824   0
0.0951361935069404   0.358937180203932   0.000272921186668815   0.085414256743009   0
0.0881154418116371   0.283053578875754   -0.00702075169530328   -0.0758836013281783   0
0.0746404491101842   0.339575524957442   -0.0134749927014529   0.0565219460816886   0
0.0726941380001526   0.372398058908072   -0.00194631111003166   0.03282253395063   0
0.101915541194658   0.313235761359639   0.0292214031945053   -0.0591622975484336   0
0.0738394841772341   0.338981488636341   -0.0280760570174238   0.0257457272767027   0
0.175108760742031   0.378477883739922   0.101269276564797   0.0394963951035807   0
0.074126150721035   0.318673108031867   -0.100982610020996   -0.0598047757080549   0
0.0478241904696995   0.388258025272936   -0.0263019602513355   0.0695849172410691   0
0.127433757729614   0.314902800167766   0.0796095672599147   -0.0733552251051702   0
0.0895765360529196   0.327227318678087   -0.0378572216766946   0.0123245185103205   0
0.151342655369529   0.259706981472389   0.0617661193166093   -0.0675203372056971   0
0.109394103210356   0.284035422395253   -0.0419485521591734   0.0243284409228639   0
0.119126796325848   0.300241777521467   0.00973269311549213   0.0162063551262135   0
0.171827960662402   0.281758546655199   0.0527011643365544   -0.0184832308662677   0
0.131877708351639   0.307874699452959   -0.0399502523107629   0.0261161527977601   0
0.104134146669908   0.279301471715152   -0.0277435616817307   -0.0285732277378069   0
0.173795884068093   0.297273557837306   0.0696617373981845   0.0179720861221535   0
0.118258243315052   0.33625706183328   -0.0555376407530407   0.0389835039959738   0
0.139746420523783   0.413845282359543   0.0214881772087308   0.0775882205262635   0
0.126364641643816   0.335958189084222   -0.0133817788799672   -0.0778870932753209   0
0.112402473782307   0.363976270147519   -0.0139621678615094   0.0280180810632972   0
0.129998951433002   0.359692244856627   0.0175964776506955   -0.00428402529089195   0
0.129516840710272   0.349959445722644   -0.000482110722729828   -0.00973279913398378   0
0.117365403454596   0.35364272374354   -0.0121514372556765   0.00368327802089669   0
0.128318169429041   0.329795841349614   0.0109527659744451   -0.023846882393926   0
0.11526454496615   0.390084224372763   -0.0130536244628908   0.0602883830231484   0
0.130774346421651   0.404050050855708   0.0155098014555011   0.0139658264829449   0
0.121647353199689   0.418402023612757   -0.0091269932219616   0.0143519727570491   0
0.135294604194698   0.406505896843453   0.0136472509950086   -0.0118961267693038   0
0.133257487969495   0.420781403313823   -0.00203711622520342   0.0142755064703698   0
0.135864284654807   0.346252805014992   0.00260679668531269   -0.0745285982988309   0
0.166664896730685   0.385211732711051   0.030800612075878   0.0389589276960589   0
0.137749729846015   0.381446739569891   -0.0289151668846707   -0.00376499314116002   0
0.129338913549544   0.414519173224533   -0.00841081629647067   0.0330724336546418   0
0.178648434177745   0.402635926225542   0.0493095206282008   -0.0118832469989906   0
0.215319382444219   0.38620800577312   0.0366709482664746   -0.0164279204524224   0
0.197432479392956   0.427421010168546   -0.0178869030512633   0.0412130043954261   0
0.147941993388253   0.377846311447856   -0.0494904860047027   -0.0495746987206899   0
0.149547638323312   0.362861019775823   0.00160564493505819   -0.0149852916720329   0
0.176311283596286   0.397985487678571   0.0267636452729745   0.0351244679027483   0
0.187963780143516   0.399189617162383   0.0116524965472299   0.00120412948381216   0
0.144496517365029   0.44399260437844   -0.0434672627784871   0.0448029872160569   0
0.171439967128555   0.388196040986059   0.026943449763526   -0.0557965633923811   0
0.192367591097383   0.408048505316463   0.0209276239688282   0.0198524643304045   0
0.194552843109526   0.351624798977902   0.00218525201214331   -0.0564237063385615   0
0.176828906877948   0.413882818197675   -0.0177239362315784   0.0622580192197733   0
0.165530817117931   0.445678327562604   -0.0112980897600167   0.031795509364929   0
0.152362976167473   0.395681643716258   -0.0131678409504581   -0.049996683846346   0
0.156793786295057   0.440799303914491   0.00443081012758384   0.0451176601982329   0
0.167552606941044   0.419304213079537   0.010758820645987   -0.0214950908349539   0
0.162269960267944   0.403630312445374   -0.00528264667310041   -0.0156739006341636   0
0.261242401889509   0.382214797169406   0.0989724416215658   -0.0214155152759679   0
0.175794970903863   0.404274455766748   -0.0854474309856466   0.0220596585973419   0
0.171710573763528   0.421022186314748   -0.00408439714033482   0.0167477305479999   0
0.185089647040995   0.400307246854213   0.0133790732774666   -0.0207149394605343   0
0.163665917218888   0.476577982379589   -0.0214237298221064   0.0762707355253759   0
0.179466834825519   0.425942293868841   0.0158009176066304   -0.0506356885107483   0
0.195467117993692   0.426909391330584   0.0160002831681735   0.000967097461743505   0
0.186042338137559   0.483835084251339   -0.00942477985613277   0.0569256929207543   0
0.169701080295913   0.474358974057095   -0.0163412578416462   -0.00947611019424338   0
0.176105859852817   0.465619364941472   0.00640477955690366   -0.00873960911562294   0
0.190235841329256   0.436017739914903   0.0141299814764394   -0.0296016250265694   0
0.212212414530442   0.509608808973609   0.0219765732011853   0.0735910690587057   0
0.191707438992335   0.445346247053627   -0.0205049755381063   -0.0642625619199819   0
0.173768580583833   0.512129045898346   -0.0179388584085026   0.066782798844719   0
0.170475192549261   0.447088852099334   -0.00329338803457185   -0.065040193799012   0
0.174134533811361   0.466622026404937   0.00365934126209999   0.0195331743056035   0
0.18929741635025   0.48318738545258   0.0151628825388894   0.0165653590476426   0
0.211729978611178   0.450586384860051   0.0224325622609279   -0.032601000592529   0
0.172254845377481   0.505361346259535   -0.0394751332336969   0.0547749613994845   0
0.191049605748769   0.488588035014418   0.0187947603712875   -0.0167733112451176   0
0.195695702970198   0.516883792107568   0.00464609722142928   0.0282957570931506   0
0.221586602490065   0.519378904180031   0.0258908995198667   0.00249511207246278   0
0.227920281295895   0.468010092844428   0.00633367880583036   -0.0513688113356033   0
0.211685226059827   0.440455591302914   -0.0162350552360684   -0.0275545015415135   0
0.231953379274802   0.457424655803828   0.0202681532149749   0.0169690645009131   0
0.227585950836162   0.493855456070144   -0.00436742843863958   0.0364308002663166   0
0.258667192614854   0.542305965012833   0.0310812417786919   0.0484505089426889   0
0.186890114820875   0.473921731685993   -0.0717770777939786   -0.0683842333268405   0
0.190884224538567   0.507587552626638   0.00399410971769143   0.0336658209406455   0
0.202501925882225   0.511725091540614   0.0116177013436578   0.00413753891397628   0
0.219932148750677   0.481564505381418   0.0174302228684526   -0.0301605861591961   0
0.195250919435095   0.534645976743723   -0.0246812293155821   0.0530814713623053   0
0.194143135922438   0.503308973734822   -0.00110778351265667   -0.0313370030089012   0
0.196008080203062   0.481934268493381   0.00186494428062361   -0.0213747052414417   0
0.180941211721515   0.603248698994038   -0.0150668684815474   0.121314430500658   0
0.233309820934396   0.489870792354984   0.0523686092128815   -0.113377906639054   0
0.215189676437416   0.504207921602289   -0.0181201444969797   0.0143371292473048   0
0.225646527739737   0.502768376653952   0.0104568513023207   -0.00143954494833709   0
0.250242432201256   0.547723458279358   0.0245959044615184   0.0449550816254065   0
0.297474583509247   0.43456907689716   0.0472321513079915   -0.113154381382198   0
0.291387604710633   0.48717084596397   -0.0060869787986142   0.0526017690668095   0
0.265893245304746   0.476572437659271   -0.0254943594058866   -0.0105984083046984   0
0.279998074255324   0.536483057992748   0.0141048289505778   0.0599106203334764   0
0.249167926570034   0.550931801190038   -0.0308301476852898   0.0144487431972906   0
0.260345920342705   0.522278994386382   0.0111779937726705   -0.0286528068036568   0
0.272106083161053   0.488616306097381   0.0117601628183484   -0.0336626882890002   0
0.295293261469001   0.489354362347726   0.0231871783079481   0.000738056250345065   0
0.245223733492009   0.597211655220534   -0.0500695279769921   0.107857292872808   0
0.264586542733167   0.463659412943111   0.0193628092411577   -0.133552242277423   0
0.284398761437106   0.503643647811873   0.0198122187039392   0.0399842348687623   0
0.287357684769783   0.520895327597349   0.00295892333267689   0.0172516797854764   0
0.271547365025803   0.579125599603834   -0.0158103197439797   0.0582302720064846   0
0.285482779130791   0.557291486180257   0.0139354141049877   -0.0218341134235766   0
0.286375917128606   0.564728145647311   0.000893137997814597   0.00743665946705319   0
0.297433351703941   0.529095466490689   0.011057434575335   -0.0356326791566214   0
0.292854846726155   0.558218559779904   -0.00457850497778517   0.0291230932892147   0
0.290355009421516   0.46226882776205   -0.00249983730463899   -0.0959497320178537   0
0.336566262746283   0.449662381314581   0.0462112533247666   -0.0126064464474688   0
0.340507797749185   0.434579435847464   0.00394153500290212   -0.0150829454671174   0
0.299782457063451   0.467356268494925   -0.0407253406857339   0.0327768326474606   0
0.278629082184771   0.496040407304939   -0.0211533748786799   0.0286841388100146   0
0.283233323257063   0.515092994841223   0.00460424107229174   0.0190525875362836   0
0.295387858252502   0.549694084841742   0.0121545349954385   0.0346010900005189   0
0.270091723202767   0.562220123294471   -0.0252961350497348   0.012526038452729   0
0.282764575018247   0.554966440054937   0.0126728518154805   -0.00725368323953368   0
0.308425722891266   0.547882327946659   0.0256611478730187   -0.00708411210827842   0
0.344199576584574   0.551495726662954   0.0357738536933079   0.00361339871629562   0
0.295912413679535   0.513213700783845   -0.0482871629050392   -0.0382820258791092   0
0.298367490824386   0.560527970835087   0.00245507714485116   0.0473142700512418   0
0.303420606429837   0.519203561857245   0.00505311560545102   -0.041324408977842   0
0.337960301766347   0.529253882497332   0.0345396953365096   0.0100503206400874   0
0.34344802798968   0.586942453819154   0.00548772622333343   0.057688571321822   0
0.316313547912526   0.554639286927549   -0.0271344800771538   -0.0323031668916053   0
0.312541498649379   0.622616580651768   -0.00377204926314684   0.0679772937242193   0
0.402588800611741   0.605300323304267   0.0900473019623614   -0.0173162573475015   0
0.34814470651584   0.568676943250076   -0.0544440940959013   -0.0366233800541911   0
0.323584344432854   0.6112319841208   -0.0245603620829853   0.0425550408707243   0
0.378774144095132   0.610927594888502   0.0551897996622781   -0.000304389232297808   0
0.329421437538603   0.601618780805794   -0.0493527065565288   -0.00930881408270834   0
0.313418875053857   0.554382395040869   -0.0160025624847467   -0.0472363857649251   0
0.263418168671031   0.498501846057765   -0.0500007063828252   -0.0558805489831035   0
0.455000837910217   0.608531356160059   0.191582669239186   0.110029510102293   1
0.393197070036451   0.440951365454854   -0.0618037678737661   -0.167579990705205   1
0.372653708166174   0.436440883219022   -0.0205433618702773   -0.00451048223583178   0
0.396218866167425   0.419856721397312   0.0235651580012513   -0.01658416182171   0
0.351335587250993   0.549740586608811   -0.0448832789164324   0.129883865211499   0
0.327581201166077   0.610066234019102   -0.0237543860849156   0.0603256474102909   0
0.336056100629047   0.51895548675898   0.00847489946296953   -0.091110747260122   0
0.352396836547715   0.529264388813379   0.0163407359186681   0.0103089020543992   0
0.449284054340904   0.58066875681235   0.0968872177931887   0.0514043679989706   0
0.335791265105273   0.579774607075025   -0.11349278923563   -0.000894149737324601   0
0.347932498094099   0.56087787377044   0.0121412329888253   -0.0188967333045851   0
0.327475850751242   0.614857027131511   -0.0204566473428563   0.0539791533610711   0
0.370090086953163   0.618523176872945   0.042614236201921   0.00366614974143331   0
0.344601737102412   0.606334222425429   -0.0254883498507512   -0.0121889544475153   0
0.333606486997615   0.585616235816597   -0.010995250104797   -0.0207179866088324   0
