0.202634425786859   0.332986330038862   0   0   0
0.18462326433132   0.332585565411745   -0.018011161455539   -0.000400764627117245   0
0.164692753082338   0.403732290655606   -0.0199305112489817   0.0711467252438609   0
0.219937371033574   0.464533829775077   0.0552446179512359   0.060801539119471   0
0.163041075130533   0.536321969407706   -0.0568962959030413   0.071788139632629   0
0.213927953745204   0.513089191621203   0.050886878614671   -0.0232327777865023   0
0.295271607641676   0.49801183824598   0.0813436538964726   -0.0150773533752235   0
0.292970310057402   0.280271744214347   -0.00230129758427472   -0.217740094031633   0
0.121277968714891   0.226165532135403   -0.171692341342511   -0.0541062120789443   0
0.139360861687491   0.25175930963738   0.0180828929726003   0.0255937775019767   0
0.123389416512155   0.220161581330826   -0.0159714451753363   -0.0315977283065534   0
0.17399853591384   0.183276851471517   0.0506091194016857   -0.0368847298593092   0
0.0808753028683664   0.139212312970378   -0.0931232330454739   -0.0440645385011389   0
0.103352003613766   0.168992508792735   0.0224767007454   0.0297801958223566   0
0.158314449305836   0.144587662068942   0.0549624456920692   -0.0244048467237929   0
0.155245691822897   0.129928459715376   -0.00306875748293836   -0.0146592023535661   0
0.151133671028659   0.171501819086016   -0.00411202079423834   0.0415733593706402   0
0.136626345762448   0.155975759318756   -0.0145073252662109   -0.0155260597672598   0
0.140973414041372   0.184132146018315   0.00434706827892362   0.0281563866995587   0
0.158946341650862   0.087458086160972   0.0179729276094902   -0.0966740598573428   0
0.00376203034651503   0.0215415645619115   -0.155184311304347   -0.0659165215990605   0
0.0953125679502137   0.00989223090226492   0.0915505376036986   -0.0116493336596465   0
0.120329011507076   0.0127049497524412   0.0250164435568622   0.0028127188501763   0
0.0750394602721795   0.00897621997917588   -0.0452895512348964   -0.00372872977326534   0
0.156506737222523   0.0992367093072039   0.081467276950344   0.0902604893280281   0
0.13236648709054   0.133579715470211   -0.0241402501319838   0.034343006163007   0
0.0477426797123831   0.0329128843230505   -0.0846238073781565   -0.10066683114716   0
0.153472926967267   0.0854711298828002   0.105730247254884   0.0525582455597497   0
0.120955950178154   0.120805169431491   -0.032516976789113   0.0353340395486909   0
0.102295358131295   0.0643751013593959   -0.0186605920468582   -0.0564300680720951   0
0.0693466165525759   0.0629916652988435   -0.0329487415787195   -0.00138343606055244   0
0.0542055826845354   0.137992199411597   -0.0151410338680406   0.0750005341127537   0
0.0286482921007955   0.152070105867031   -0.0255572905837399   0.0140779064554338   0
0.200218688035907   0.131362613870738   0.171570395935112   -0.0207074919962933   0
0.123217317457612   0.100642223002525   -0.0770013705782951   -0.0307203908682125   0
0.0664929745779206   0.115117465017531   -0.0567243428796916   0.014475242015006   0
0.126165058760538   0.120575197145029   0.0596720841826173   0.00545773212749742   0
0.0696344959721294   0.152309960444518   -0.0565305627884086   0.0317347632994891   0
0.138536682912974   0.121281903700231   0.0689021869408451   -0.0310280567442861   0
0.155419867492062   0.125057811140488   0.0168831845790872   0.00377590744025665   0
0.169574719598087   0.128103606250585   0.0141548521060258   0.00304579511009717   0
0.051955099920412   0.182542635058718   -0.117619619677675   0.0544390288081325   0
0.0453853008461991   0.170862044002062   -0.00656979907421295   -0.011680591056656   0
0.074993794667359   0.112009753377479   0.0296084938211599   -0.0588522906245831   0
0.109776289478421   0.162489415617458   0.0347824948110616   0.0504796622399794   0
0.0575521749513439   0.153688297947155   -0.0522241145270767   -0.00880111767030314   0
0.0798151671627016   0.216384854442818   0.0222629922113577   0.062696556495663   0
0.168785639779366   0.180385008226079   0.0889704726166647   -0.0359998462167392   0
0.183951473068579   0.13798443702303   0.0151658332892123   -0.0424005712030489   0
0.055776422596184   0.172971334744343   -0.128175050472395   0.034986897721313   0
0.227467481812236   0.176225236386535   0.171691059216052   0.00325390164219172   0
0.180710709174028   0.182031543656649   -0.0467567726382086   0.00580630727011436   0
0.0380283020077218   0.192882749728326   -0.142682407166306   0.0108512060716769   0
0.0649843954570703   0.172915477729468   0.0269560934493485   -0.0199672719988583   0
0.149561318421074   0.210325913366351   0.0845769229640041   0.0374104356368839   0
0.265712568731703   0.442422170362494   0.116151250310629   0.232096256996143   1
0.254819007712945   0.273678682941785   -0.0108935610187579   -0.168743487420709   0
0.191871400761031   0.256576879934163   -0.0629476069519145   -0.0171018030076215   0
0.177218727108085   0.326606547492162   -0.0146526736529453   0.0700296675579989   0
0.122039969545719   0.334105156611283   -0.0551787575623663   0.00749860911912087   0
0.125551952598874   0.269487705313712   0.00351198305315543   -0.0646174512975711   0
0.109059633783587   0.291648616824253   -0.0164923188152879   0.0221609115105412   0
0.166898637316306   0.249305992435501   0.0578390035327199   -0.0423426243887523   0
0.168858276057912   0.260022676791972   0.00195963874160551   0.0107166843564714   0
0.0853170051624528   0.189508002915444   -0.0835412708954591   -0.0705146738765281   0
0.330399018524571   0.161357106258913   0.245082013362118   -0.0281508966565316   0
0.104248542216522   0.147077011140423   -0.226150476308049   -0.0142800951184899   0
0.545283820826558   0.340601990509084   0.441035278610036   0.193524979368661   1
0.106120521332412   0.276754799513938   -0.439163299494146   -0.0638471909951458   0
0.0790874090854543   0.198387188418885   -0.0270331122469576   -0.0783676110950534   0
0.179514242274172   0.252248840624194   0.100426833188718   0.0538616522053094   0
0.0454295967073229   0.291206438383924   -0.134084645566849   0.0389575977597298   0
0.0682344637291889   0.280892269854939   0.0228048670218661   -0.0103141685289845   0
0.0885132724548251   0.454988634011341   0.0202788087256362   0.174096364156402   0
0.0928615367870358   0.647316720599283   0.00434826433221067   0.192328086587942   1
0.241331255453992   0.497794510127336   0.148469718666956   -0.149522210471947   0
0.188822154667428   0.46691576956675   -0.0525091007865644   -0.0308787405605861   0
0.110128919947467   0.290681104780651   -0.0786932347199607   -0.176234664786098   0
0.186156349722619   0.359412562058437   0.0760274297751519   0.0687314572777859   0
0.0514979811208595   0.317246900105423   -0.134658368601759   -0.0421656619530146   0
0.153953947877344   0.290997072464832   0.102455966756485   -0.026249827640591   0
0.242495775099567   0.308153388955079   0.0885418272222233   0.017156316490247   0
0.185405306464405   0.319585870373285   -0.0570904686351623   0.0114324814182061   0
0.141959361711301   0.276338863000664   -0.0434459447531041   -0.0432470073726203   0
0.126431496931856   0.229497311017471   -0.0155278647794447   -0.046841551983193   0
0.897802644898087   0.641324726353524   0.77137114796623   0.411827415336053   1
0.201589228140419   0.616692260408617   -0.696213416757668   -0.0246324659449065   1
0.44664448369297   0.447599053449625   0.245055255552551   -0.169093206958993   1
0.210250486902956   0.593740257500071   -0.236393996790014   0.146141204050446   0
0.277118787360114   0.453834137721316   0.066868300457158   -0.139906119778755   0
0.0877640120990853   0.593645380341033   -0.189354775261029   0.139811242619718   0
0.221175252527899   0.448462705246769   0.133411240428814   -0.145182675094265   0
0.111267108876478   0.421454421297547   -0.109908143651421   -0.0270082839492218   0
0.0729035757752663   0.473726799322669   -0.0383635331012116   0.0522723780251219   0
0.093422615342646   0.480764459222237   0.0205190395673797   0.00703765989956839   0
0.0400088276732773   0.668880952995748   -0.0534137876693687   0.188116493773511   0
0.21055749915644   0.494684887181224   0.170548671483162   -0.174196065814524   0
0.187334371604679   0.529605744805511   -0.0232231275517606   0.0349208576242871   0
0.170716796775713   0.546608524341233   -0.0166175748289663   0.0170027795357218   0
0.0909893025318911   0.464849423620972   -0.0797274942438217   -0.0817591007202605   0
0.162419649831663   0.438016547441133   0.0714303472997719   -0.0268328761798396   0
0.194350948832595   0.427667460436844   0.0319312990009321   -0.0103490870042881   0
0.183530336961631   0.469763178642175   -0.0108206118709636   0.0420957182053305   0
0.120997525204113   0.332041692545153   -0.0625328117575183   -0.137721486097022   0
0.311311768397823   0.46827068755184   0.19031424319371   0.136228995006687   0
0.192624438411745   0.375617488056999   -0.118687329986079   -0.0926531994948404   0
0.145437420247722   0.409722265838092   -0.047187018164023   0.0341047777810926   0
0.0806417774180976   0.359532888569669   -0.0647956428296241   -0.0501893772684229   0
0.229047970605548   0.406149443365986   0.14840619318745   0.0466165547963168   0
0.337092754038484   0.36553290131601   0.108044783432936   -0.0406165420499756   1
0.262411154959712   0.382946667902333   -0.0746815990787715   0.0174137665863233   0
0.107336032007756   0.34739856611175   -0.155075122951956   -0.0355481017905833   0
0.0591176744995796   0.268252608610802   -0.0482183575081763   -0.0791459575009483   0
0.10657406149059   0.338427195808419   0.0474563869910101   0.0701745871976172   0
0.0374291913359359   0.34830931274264   -0.0691448701546538   0.0098821169342207   0
0.121448511159462   0.322966412491299   0.0840193198235262   -0.0253429002513406   0
0.182783240329222   0.325978416649784   0.0613347291697595   0.00301200415848457   0
0.0929081522582922   0.370579861943414   -0.0898750880709294   0.0446014452936306   0
0.28240300225812   0.373755866008147   0.189494849999828   0.00317600406473278   0
0.0662950513220436   0.36876567141106   -0.216107950936077   -0.00499019459708688   0
0.0360582158402825   0.390714507553149   -0.0302368354817611   0.0219488361420891   0
0.0925176294500675   0.366191761224567   0.056459413609785   -0.0245227463285827   0
0.314680635079441   0.390990874097146   0.222163005629373   0.024799112872579   0
0.126733121496357   0.302119869146751   -0.187947513583083   -0.0888710049503946   0
0.0990937217228216   0.313729728062627   -0.0276393997735355   0.0116098589158761   0
0.137068633419174   0.351485921217693   0.0379749116963528   0.0377561931550655   0
0.222218427214846   0.327078448030438   0.0851497937956721   -0.0244074731872545   0
0.177379185723523   0.431886160940878   -0.0448392414913236   0.10480771291044   0
0.1365463549311   0.332064594855052   -0.0408328307924226   -0.0998215660858257   0
0.167229266945861   0.303596932148531   0.0306829120147607   -0.0284676627065208   0
0.538752371127924   0.524136158612435   0.371523104182063   0.220539226463904   0
0.292444485552113   0.453171820058422   -0.246307885575811   -0.0709643385540137   0
0.0586727667291223   0.347851875795575   -0.233771718822991   -0.105319944262847   0
0.195946149996983   0.375501070641616   0.13727338326786   0.0276491948460414   0
0.0833104516260115   0.314299438772964   -0.112635698370971   -0.0612016318686524   0
0.222651365249014   0.398301088815358   0.139340913623003   0.0840016500423946   0
0.124387162506068   0.314153727355733   -0.0982642027429466   -0.0841473614596257   0
0.647916582553961   0.59399592485071   0.523529420047893   0.279842197494977   1
0.121942459791698   0.433740229075538   -0.525974122762263   -0.160255695775172   1
0.189678629787764   0.407398827686703   0.0677361699960654   -0.0263414013888347   0
0.0642758669689488   0.36423467695258   -0.125402762818815   -0.0431641507341235   0
0.224794962353794   0.332445982183948   0.160519095384845   -0.0317886947686314   0
0.21100577177094   0.335552720101477   -0.0137891905828539   0.00310673791752858   0
0.203533721264807   0.326508162315278   -0.00747205050613331   -0.00904455778619867   0
0.237630947670563   0.283833860906781   0.0340972264057566   -0.0426743014084969   0
0.181002657152568   0.340951909842503   -0.0566282905179955   0.0571180489357214   0
0.339128876386382   0.333561867486378   0.158126219233814   -0.00739004235612456   0
0.15282012313205   0.30809086734152   -0.186308753254332   -0.0254710001448581   0
0.0114062965178397   0.314726890665939   -0.14141382661421   0.00663602332441926   0
0.327380217819663   0.349821745868521   0.315973921301823   0.0350948552025818   0
0.359308944308724   0.304275133608138   0.0319287264890614   -0.0455466122603833   0
0.637103565119706   0.85037870620286   0.277794620810982   0.546103572594722   1
0.336144408123785   1.28260762308519   -0.300959156995921   0.432228916882334   1
0.212631820539636   0.438416965283305   -0.123512587584149   -0.844190657801889   1
0.134248433582668   0.366482418963997   -0.0783833869569681   -0.0719345463193079   0
0.149555130695406   0.346862478520321   0.0153066971127382   -0.019619940443676   0
0.111354771747285   0.361792655567605   -0.0382003589481208   0.0149301770472847   0
0.118674133558202   0.300669480688384   0.00731936181091689   -0.0611231748792214   0
0.269105887197623   0.352795716322648   0.150431753639421   0.0521262356342636   0
0.255384566340353   0.27052863890136   -0.0137213208572707   -0.0822670774212874   0
0.294990750779834   0.28739247366704   0.0396061844394811   0.0168638347656794   0
0.470504996851594   0.451222124072224   0.17551424607176   0.163829650405185   0
0.585011860880615   0.593127904996047   0.114506864029021   0.141905780923823   0
0.346733286699229   0.464425990783099   -0.238278574181386   -0.128701914212948   0
0.555242291891468   0.431004449140403   0.208509005192238   -0.0334215416426958   0
0.61342781366596   0.432352941241297   0.0581855217744923   0.00134849210089327   0
0.390870783496401   0.325031727541328   -0.22255703016956   -0.107321213699969   0
0.217457421960277   0.27888241219683   -0.173413361536123   -0.0461493153444981   0
0.432214743465745   0.260779522603865   0.214757321505468   -0.0181028895929643   0
0.488777411936149   0.229636383214578   0.0565626684704038   -0.0311431393892875   0
0.418429032051565   0.232282471673096   -0.0703483798845837   0.00264608845851771   0
0.304608112499076   0.308444735485549   -0.113820919552489   0.0761622638124528   0
0.363704375429056   0.386220342538751   0.05909626292998   0.0777756070532023   0
0.296067792107433   0.307021351170582   -0.0676365833216236   -0.0791989913681685   0
0.301206748599695   0.256713007509359   0.00513895649226248   -0.0503083436612237   0
0.329179841628706   0.242783268481376   0.0279730930290109   -0.0139297390279824   0
0.379439317702224   0.196158204063072   0.0502594760735183   -0.0466250644183037   0
0.384808468097897   0.183494601404435   0.00536915039567243   -0.0126636026586374   0
0.344264364483524   0.191732717344289   -0.0405441036143724   0.00823811593985388   0
0.365988518934983   0.18822115859046   0.0217241544514588   -0.00351155875382922   0
0.3967467055617   0.181082761736312   0.0307581866267171   -0.00713839685414755   0
0.366737995436118   0.19504423794387   -0.0300087101255819   0.0139614762075579   0
0.348111550598727   0.177574559598194   -0.0186264448373915   -0.0174696783456762   0
0.349041614640504   0.186100540345293   0.000930064041776923   0.00852598074709907   0
0.473262631716724   0.194315755517894   0.124221017076221   0.00821521517260118   0
0.429191279631673   0.264284540616307   -0.0440713520850515   0.069968785098413   0
0.438683344426022   0.276569271515293   0.00949206479434922   0.0122847308989863   0
0.458746779091694   0.292249592171253   0.020063434665672   0.0156803206559594   0
0.434594946865757   0.25602668146992   -0.0241518322259373   -0.0362229107013326   0
0.416576235276102   0.273934423359405   -0.0180187115896552   0.0179077418894852   0
0.410549353295995   0.330726367822211   -0.00602688198010631   0.0567919444628057   0
0.346341016899948   0.217150495390869   -0.0642083363960474   -0.113575872431342   0
0.340455536571239   0.274960789806001   -0.00588548032870939   0.0578102944151319   0
0.22612699966165   0.278826535463198   -0.114328536909588   0.00386574565719666   0
0.140312843107287   0.304011913301453   -0.0858141565543638   0.0251853778382548   0
0.107673984631618   0.296391829882758   -0.0326388584756681   -0.0076200834186943   0
0.0927840631213141   0.281656384259864   -0.0148899215103043   -0.0147354456228946   0
0.102430694407243   0.23982301621377   0.00964663128592887   -0.0418333680460942   0
0.104658238693439   0.251123985024947   0.00222754428619626   0.0113009688111778   0
0.115729152816479   0.23432083293451   0.01107091412304   -0.0168031520904375   0
0.484392667084835   0.184355626611991   0.368663514268356   -0.0499652063225185   1
0.136112550829415   0.246099637063304   -0.348280116255421   0.0617440104513127   1
0.0952743775238317   0.304447839142849   -0.0408381733055831   0.0583482020795448   0
0.0878751476390225   0.264854520275018   -0.00739922988480916   -0.0395933188678307   0
0.131541721094792   0.338761939778512   0.0436665734557693   0.0739074195034936   1
0.39871689018933   0.599782803945312   0.267175169094538   0.2610208641668   1
0.250013748067106   0.311835290764211   -0.148703142122223   -0.287947513181101   0
0.268404040539799   0.245242367398559   0.0183902924726926   -0.0665929233656516   0
0.274468906099124   0.177471588949471   0.00606486555932556   -0.0677707784490884   0
0.285862217140026   0.16427500569863   0.0113933110409015   -0.0131965832508407   0
0.47902205966975   0.174009053039267   0.193159842529725   0.0097340473406369   0
0.805763176801348   0.229711254118078   0.326741117131597   0.0557022010788104   1
0.288595565288052   0.22428511995755   -0.517167611513296   -0.00542613416052776   0
0.142209938404107   0.287281756863362   -0.146385626883944   0.0629966369058125   0
0.138744551622541   0.336852271967015   -0.00346538678156613   0.049570515103653   0
0.149070142847252   0.34502600941016   0.0103255912247104   0.00817373744314498   0
0.151534728016716   0.29382820675296   0.00246458516946407   -0.0511978026572006   0
0.28356879771953   0.323706572194634   0.132034069702815   0.0298783654416747   0
0.239770471895519   0.400058933606663   -0.0437983258240111   0.0763523614120282   1
0.167504240175734   0.283175639962639   -0.0722662317197852   -0.116883293644024   0
0.211911742180772   0.340479292861181   0.044407502005038   0.0573036528985424   0
0.167806010398227   0.272615840666862   -0.0441057317825447   -0.0678634521943189   0
0.300294650796197   0.268124781777534   0.13248864039797   -0.00449105888932866   0
0.344486957135985   0.240326264962218   0.0441923063397879   -0.027798516815316   0
0.205959939742465   0.259097117054228   -0.13852701739352   0.0187708520920108   1
0.300389566937885   0.648506757565023   0.0944296271954194   0.389409640510795   1
0.260622334634576   0.422914963084483   -0.0397672323033088   -0.22559179448054   0
0.27303132850955   0.334122475847181   0.0124089938749744   -0.0887924872373025   0
0.250283034204603   0.341792603348142   -0.0227482943049473   0.00767012750096063   0
0.254469839761218   0.275714176297212   0.00418680555661499   -0.0660784270509298   0
0.267787582584803   0.311548207299549   0.0133177428235853   0.0358340310023368   0
1.8379927641519   0.464886272303402   1.5702051815671   0.153338065003853   1
1.76733821384886   0.142531902262265   -0.0706545503030416   -0.322354370041136   1
0.344713506086953   0.159047886841951   -1.42262470776191   0.0165159845796854   1
0.288904671774428   0.156351075790364   -0.0558088343125253   -0.0026968110515872   0
0.587064680801017   0.24744432677849   0.298160009026589   0.0910932509881261   1
0.760421440526923   0.348139695623883   0.173356759725905   0.100695368845393   0
1.0318513102394   0.660498795495874   0.271429869712474   0.312359099871991   1
0.48622694535988   1.06748363755633   -0.545624364879516   0.406984842060459   1
1.24170955669632   2.61872737259251   0.755482611336439   1.55124373503617   1
2.53385350100716   3.74176392586772   1.29214394431084   1.12303655327521   1
2.52269340161075   0.96194026952223   -0.0111600993964127   -2.77982365634549   1
0.485483712595273   0.327802311534517   -2.03720968901548   -0.634137957987713   1
0.218558246664568   0.218395538034778   -0.266925465930706   -0.109406773499739   1
0.227224388574135   0.181231522176745   0.0086661419095676   -0.0371640158580326   0
0.218972704861679   0.258758474173311   -0.00825168371245616   0.0775269519965659   0
0.175434783791699   0.229677074402845   -0.0435379210699806   -0.0290813997704659   0
0.212420591839099   0.249031260317355   0.0369858080474   0.0193541859145095   0
0.210697777684299   0.27403888688376   -0.00172281415479933   0.0250076265664051   0
0.229952416000302   0.256676150891668   0.0192546383160025   -0.0173627359920913   0
