0.0866310764575277   0.0317609870502319   0   0   0
0.14572744367294   0.0530301555231785   0.0590963672154127   0.0212691684729466   0
0.109758423585247   0.053764301628869   -0.0359690200876938   0.000734146105690454   0
0.141835076235923   0.0384718080875139   0.0320766526506761   -0.015292493541355   0
0.120273833683058   0.0472389689432623   -0.0215612425528642   0.00876716085574839   0
0.142128483803107   0.0561799968820309   0.0218546501200484   0.00894102793876859   0
0.129703424888243   0.0801463709632882   -0.0124250589148642   0.0239663740812573   0
0.133751596511294   0.070569002921396   0.00404817162305141   -0.00957736804189216   0
0.249714074644062   0.052621863399268   0.115962478132768   -0.017947139522128   0
0.20963721036629   0.067368669503083   -0.040076864277772   0.014746806103815   0
0.157609784913533   0.0662350571073393   -0.0520274254527571   -0.00113361239574369   0
0.176770578457616   0.0457809492641044   0.0191607935440829   -0.0204541078432349   0
0.147345798005169   0.0583543732086336   -0.0294247804524468   0.0125734239445293   0
0.099935329167998   0.0511674418791139   -0.0474104688371708   -0.00718693132951974   0
0.0906044610598176   0.0437878563927831   -0.00933086810818037   -0.00737958548633076   0
0.126513369515834   0.0566627891437802   0.0359089084560166   0.0128749327509971   0
0.190273220200453   0.0180078536980396   0.0637598506846186   -0.0386549354457406   0
0.0906704374123121   0.0327499861753024   -0.0996027827881408   0.0147421324772628   0
0.0787997345383498   0.0204637936832036   -0.0118707028739622   -0.0122861924920988   0
0.0753801777459439   0.0181958322093962   -0.00341955679240587   -0.00226796147380744   0
0.00261309963964943   0.0143765973247158   -0.0727670781062945   -0.00381923488468041   0
0.0474067876318666   0.0279210166434265   0.0447936879922172   0.0135444193187107   0
0.298742000014612   0.0168275659394786   0.251335212382745   -0.0110934507039479   0
0.0874302402752074   0.0188274878570702   -0.211311759739405   0.00199992191759158   0
0.0384049798252844   0.0188243771475977   -0.049025260449923   -3.1107094724328e-06   0
0.343324564834211   0.0301996108902499   0.304919585008926   0.0113752337426522   0
0.194033087072825   0.0224371031025063   -0.149291477761386   -0.00776250778774355   0
0.13714325944063   0.0549696124507441   -0.0568898276321946   0.0325325093482377   0
0.109623615726357   0.0431252250850358   -0.0275196437142731   -0.0118443873657083   0
0.103084067005576   0.0290081045768247   -0.00653954872078145   -0.014117120508211   0
0.252502084088904   0.0385175021519831   0.149418017083328   0.00950939757515839   0
0.0904005080657183   0.0302350756957548   -0.162101576023186   -0.00828242645622829   0
0.0802703099055934   0.0303770545257934   -0.0101301981601249   0.00014197883003856   0
0.282871223345394   0.024454502149615   0.202600913439801   -0.00592255237617839   0
0.0898599322749578   0.0396999007957514   -0.193011291070437   0.0152453986461364   0
0.22325701005319   0.023066839865615   0.133397077778232   -0.0166330609301364   0
0.193992960682134   0.0243847032343645   -0.0292640493710555   0.00131786336874948   0
0.149018846906188   0.0353941348698555   -0.0449741137759457   0.0110094316354911   0
0.134081974974575   0.0598204514543521   -0.0149368719316136   0.0244263165844966   0
0.170385589951293   0.0407670721203464   0.0363036149767178   -0.0190533793340057   0
0.103547006400427   0.0518516561661592   -0.0668385835508659   0.0110845840458128   0
0.211632542506629   0.0536582195121635   0.108085536106202   0.00180656334600426   0
0.074632656707704   0.0507766077577857   -0.136999885798925   -0.0028816117543778   0
0.275327262527796   0.0467339572207996   0.200694605820092   -0.00404265053698614   0
0.115303515879309   0.0429710522006094   -0.160023746648487   -0.00376290502019015   0
0.170269077250128   0.0625656530641414   0.0549655613708191   0.019594600863532   0
0.251907489581811   0.0494237178038341   0.0816384123316827   -0.0131419352603073   0
0.192647870208549   0.0594273749851676   -0.0592596193732614   0.0100036571813336   0
0.0834004335069069   0.0527936255093924   -0.109247436701642   -0.00663374947577522   0
0.212477491508183   0.0527701068226605   0.129077058001276   -2.35186867319007e-05   0
0.198887724788862   0.0503158075223684   -0.0135897667193213   -0.0024542993002921   0
0.328079711226723   0.0397741010870519   0.129191986437861   -0.0105417064353165   0
0.140078115131558   0.0479244624670168   -0.188001596095165   0.00815036137996485   0
0.37543013140141   0.0422504351602738   0.235352016269852   -0.00567402730674299   0
0.161706379641404   0.0430537910398785   -0.213723751760006   0.000803355879604742   0
0.333214559263787   0.0429338131018839   0.171508179622383   -0.000119977937994599   0
0.228759475059483   0.0688259285065812   -0.104455084204305   0.0258921154046973   0
0.0937766123783004   0.0532928977256165   -0.134982862681182   -0.0155330307809647   0
0.207265699602925   0.0617068910284178   0.113489087224625   0.00841399330280122   0
0.165276577447925   0.0646078290759953   -0.041989122155   0.00290093804757754   0
0.139464324526991   0.0740163204902339   -0.0258122529209337   0.00940849141423862   0
0.17101404796054   0.0945621788823392   0.0315497234335489   0.0205458583921053   0
0.313441295502762   0.0815484796409812   0.142427247542222   -0.0130136992413581   0
0.156425507077363   0.0784696608145819   -0.1570157884254   -0.00307881882639931   0
0.126720368277124   0.0844814696455118   -0.0297051388002383   0.0060118088309299   0
0.154200177030411   0.0851012229636304   0.0274798087532865   0.000619753318118588   0
0.124470593921657   0.0851012229636304   -0.0297295831087538   0   0
0.121792641406367   0.0763628029759418   -0.00267795251528945   -0.00873841998768861   0
0.168737716306106   0.0738540523191179   0.0469450748997389   -0.00250875065682386   0
0.25772605338351   0.0770756431216276   0.088988337077404   0.00322159080250971   0
0.125465622888702   0.0740040931175805   -0.132260430494808   -0.0030715500040471   0
0.105746138044186   0.085517753436421   -0.0197194848445163   0.0115136603188405   0
0.196290579034578   0.0894652264913162   0.0905444409903924   0.00394747305489512   0
0.27551538739192   0.0831297837740181   0.0792248083573423   -0.00633544271729808   0
0.179228325241855   0.0722063897333539   -0.0962870621500659   -0.0109233940406642   0
0.125022186888368   0.0947726721885718   -0.0542061383534866   0.0225662824552179   0
0.246303455123959   0.0898267208062835   0.121281268235591   -0.00494595138228837   0
0.144820980308448   0.0961557232125187   -0.10148247481551   0.0063290024062352   0
0.132370560468293   0.10378251777166   -0.0124504198401555   0.00762679455914171   0
0.226282470506135   0.0867605055554801   0.0939119100378424   -0.0170220122161802   0
0.20786182520908   0.0912478227127776   -0.0184206452970556   0.0044873171572975   0
0.163337620710539   0.0751624599398031   -0.0445242044985404   -0.0160853627729746   0
0.115648756868226   0.112751643263591   -0.0476888638423131   0.0375891833237876   0
0.359878009821787   0.081600611212861   0.24422925295356   -0.0311510320507296   0
0.158459502816209   0.0892980533401065   -0.201418507005578   0.00769744212724544   0
0.24370970915817   0.0929104555882975   0.0852502063419618   0.00361240224819101   0
0.246984390240841   0.0898091615462476   0.00327468108267048   -0.00310129404204985   0
0.139754687478524   0.123671836310263   -0.107229702762317   0.0338626747640154   0
0.212776466817198   0.0938953713835246   0.0730217793386733   -0.0297764649267385   0
0.27030043516097   0.0794740678805987   0.0575239683437728   -0.0144213035029259   0
0.258854140987623   0.0777785039092582   -0.0114462941733479   -0.00169556397134042   0
0.133160773617646   0.0748190261684319   -0.125693367369976   -0.00295947774082631   0
0.129282750575821   0.0958993310918929   -0.00387802304182494   0.021080304923461   0
0.217868424711361   0.0854768198118356   0.0885856741355399   -0.0104225112800574   0
0.175694744063219   0.086059195730744   -0.0421736806481421   0.000582375918908432   0
0.140387014476589   0.0948735382547379   -0.0353077295866299   0.00881434252399396   0
0.173527238225271   0.0964140931208322   0.0331402237486821   0.00154055486609424   0
0.133823808748257   0.119864279968899   -0.0397034294770144   0.0234501868480664   0
0.323486571335519   0.100825798078778   0.189662762587263   -0.0190384818901206   0
0.207491823913233   0.0945538942794663   -0.115994747422286   -0.0062719037993116   0
0.211095592636227   0.084191945929777   0.00360376872299448   -0.0103619483496893   0
0.226492426633563   0.0885004015353744   0.0153968339973359   0.00430845560559737   0
0.150512986770118   0.094840917566404   -0.0759794398634456   0.00634051603102961   0
0.156302290281653   0.107177174377803   0.00578930351153498   0.012336256811399   0
0.212324635889032   0.103026452463603   0.0560223456073793   -0.00415072191420028   0
0.193261951708788   0.0957502479832199   -0.0190626841802437   -0.00727620448038288   0
0.193464224648797   0.0904178637128007   0.000202272940008269   -0.00533238427041918   0
0.127139448294697   0.111615325236572   -0.0663247763540993   0.0211974615237712   0
0.260071086624484   0.0937162971149762   0.132931638329787   -0.0178990281215957   0
0.252371952953651   0.103043428927576   -0.00769913367083291   0.00932713181260023   0
0.150086594641719   0.0944907021794871   -0.102285358311933   -0.00855272674808936   0
0.233875026345803   0.0958323950265384   0.0837884317040841   0.0013416928470513   0
0.152001268545121   0.0953794579624875   -0.0818737578006815   -0.000452937064050835   0
0.254998355245676   0.0926284348980351   0.102997086700555   -0.00275102306445246   0
0.264370844373978   0.0900520130960575   0.0093724891283018   -0.00257642180197763   0
0.217922910065096   0.0859745877212563   -0.0464479343088817   -0.00407742537480113   0
0.201181626068187   0.103737317468848   -0.0167412839969087   0.0177627297475914   0
0.187656137852429   0.111685106573124   -0.013525488215758   0.00794778910427596   0
0.438563023047555   0.099700422030012   0.250906885195125   -0.0119846845431117   0
0.179361415230144   0.108530673467481   -0.259201607817411   0.00883025143746907   0
0.290002782685287   0.110198629341158   0.110641367455144   0.00166795587367724   0
0.174722024156115   0.13241311619142   -0.115280758529172   0.0222144868502617   0
0.172219194084341   0.122135362495112   -0.00250283007177363   -0.0102777536963077   0
0.334188073528006   0.121789779390811   0.161968879443665   -0.000345583104300981   0
0.210225480094968   0.138528318545848   -0.123962593433038   0.0167385391550369   0
0.174084735146681   0.13789348844126   -0.0361407449482877   -0.000634830104587897   0
0.152948346571972   0.137055353520767   -0.021136388574709   -0.000838134920493033   0
0.186370117948238   0.123708402649386   0.0334217713762658   -0.0133469508713818   0
0.145840639533053   0.132708276383427   -0.0405294784151843   0.00899987373404129   0
0.26046323529627   0.119287321936669   0.114622595763216   -0.0134209544467579   0
0.217218467830454   0.118052506044016   -0.0432447674658158   -0.00123481589265265   0
0.137985540940174   0.139929358203381   -0.0792329268902802   0.0218768521593643   0
0.192885486224988   0.128518791494513   0.054899945284814   -0.0114105667088681   0
0.154205567747893   0.13006798123985   -0.038679918477095   0.00154918974533755   0
0.227063207214841   0.115484074072369   0.0728576394669484   -0.0145839071674807   0
0.231369125719596   0.116078347904993   0.00430591850475415   0.000594273832623199   0
0.175127876603841   0.110254302702899   -0.056241249115755   -0.00582404520209351   0
0.191434974344005   0.118075631915957   0.0163070977401648   0.00782132921305764   0
0.160586255265667   0.114220385856685   -0.0308487190783383   -0.00385524605927177   0
0.184911927681261   0.104841124639153   0.0243256724155942   -0.00937926121753153   0
0.446599924305871   0.118780557077337   0.26168799662461   0.0139394324381835   0
0.191338607441729   0.120595068175651   -0.255261316864143   0.0018145110983144   0
0.215318324162738   0.124675858561872   0.0239797167210094   0.004080790386221   0
0.222606687668542   0.125306711906226   0.00728836350580425   0.000630853344353977   0
0.251676160372332   0.116334543040116   0.02906947270379   -0.00897216886611078   0
0.3312950310484   0.128201183897069   0.0796188706760671   0.0118666408569531   0
0.172283479094115   0.127437677036905   -0.159011551954284   -0.000763506860163632   0
0.269551758899029   0.134522959958226   0.0972682798049131   0.0070852829213211   0
0.241542525774428   0.121950631508871   -0.028009233124601   -0.0125723284493548   0
0.216041882648805   0.128176987591777   -0.0255006431256226   0.00622635608290555   0
0.209068811444845   0.117524095429342   -0.00697307120396029   -0.0106528921624352   0
0.281627783078375   0.106129618239502   0.0725589716335299   -0.0113944771898393   0
0.266938732744969   0.109678421102216   -0.0146890503334055   0.00354880286271361   0
0.291935886106881   0.115805387605133   0.0249971533619123   0.00612696650291669   0
0.167879827943234   0.114635665781684   -0.124056058163647   -0.00116972182344842   0
0.296919783466579   0.104374257413562   0.129039955523344   -0.0102614083681222   0
0.301896372219426   0.104225129340577   0.0049765887528469   -0.000149128072985033   0
0.210539796956395   0.102596599107256   -0.0913565752630307   -0.00162853023332099   0
0.195338832772544   0.105611711945752   -0.0152009641838507   0.00301511283849602   0
0.377440459381927   0.109142884835384   0.182101626609383   0.00353117288963249   0
0.235374479647136   0.100803205751281   -0.142065979734791   -0.00833967908410395   0
0.202869789229471   0.0868208252674006   -0.0325046904176649   -0.01398238048388   0
0.26639128057474   0.110172830517283   0.0635214913452692   0.0233520052498826   0
0.18799429084068   0.124351116211566   -0.0783969897340608   0.0141782856942833   0
0.249940022719952   0.118094878464309   0.0619457318792722   -0.00625623774725709   0
0.201057740305018   0.118488425132626   -0.0488822824149339   0.000393546668316994   0
0.422664706449024   0.10906694990413   0.221606966144007   -0.00942147522849636   0
0.187572254203574   0.128916335288628   -0.235092452245451   0.0198493853844982   0
0.178165971959294   0.130553070775298   -0.00940628224427931   0.00163673548666995   0
0.1790656240539   0.135669087833228   0.000899652094605352   0.00511601705792938   0
0.319520964253193   0.115987229690384   0.140455340199293   -0.0196818581428431   0
0.237500532151172   0.130883379917964   -0.0820204321020204   0.0148961502275792   0
0.231791829290508   0.127784487696326   -0.00570870286066422   -0.00309889222163759   0
0.192130115503661   0.136325232736827   -0.0396617137868473   0.00854074504050081   0
0.346152002550166   0.138528067746215   0.154021887046505   0.00220283500938842   0
0.213077816404547   0.124466248222369   -0.133074186145618   -0.0140618195238458   0
0.209712764362234   0.131093599852357   -0.00336505204231305   0.0066273516299879   0
0.399353002605464   0.141176149938649   0.18964023824323   0.0100825500862919   0
0.222670433821017   0.13953954669247   -0.176682568784447   -0.00163660324617937   0
0.351318710728948   0.135168952191322   0.12864827690793   -0.00437059450114757   0
0.316859869453296   0.127401702776101   -0.0344588412756513   -0.00776724941522133   0
0.233093017379779   0.141739489784075   -0.0837668520735172   0.0143377870079743   0
0.192453855367592   0.158463540747777   -0.0406391620121871   0.0167240509637021   0
0.462719854478668   0.135750685001955   0.270265999111076   -0.0227128557458225   0
0.215381873053003   0.1476567212202   -0.247337981425665   0.0119060362182455   0
0.296832014283517   0.141562550354075   0.0814501412305136   -0.00609417086612557   0
0.188509636337446   0.157617751477269   -0.108322377946071   0.0160552011231937   0
0.278888760639883   0.144600884649784   0.0903791243024372   -0.0130168668274851   0
0.28512685495835   0.148967838054897   0.00623809431846689   0.00436695340511342   0
0.219698654802709   0.15021649641351   -0.0654282001556408   0.00124865835861285   0
0.257104045886116   0.15447828536885   0.0374053910834067   0.00426178895534068   0
0.326837610010292   0.141123218271304   0.0697335641241765   -0.0133550670975469   0
0.294178816243862   0.137433062729643   -0.0326587937664303   -0.00369015554166055   0
0.265023697397044   0.163194622874806   -0.029155118846818   0.0257615601451625   0
0.236822705473187   0.154945765644789   -0.0282009919238569   -0.00824885723001617   0
0.371717337047776   0.152971812777714   0.134894631574589   -0.00197395286707533   0
0.33484485335564   0.135936221505712   -0.0368724836921361   -0.017035591272002   0
0.221701489620435   0.148107008853396   -0.113143363735205   0.0121707873476843   0
0.258849510507553   0.143982955870652   0.037148020887118   -0.00412405298274468   0
0.225315409210311   0.159660725266109   -0.0335341012972422   0.0156777693954576   0
0.190814098255115   0.162981377495253   -0.0345013109551967   0.00332065222914332   0
0.319913669825158   0.143256131759691   0.129099571570043   -0.0197252457355613   0
0.277484842218453   0.149037715067361   -0.0424288276067042   0.00578158330767017   0
0.212078097427575   0.175311891755095   -0.0654067447908784   0.0262741766877332   0
0.32000006234876   0.153541111147797   0.107921964921185   -0.0217707806072981   0
0.32586227720043   0.173840290765691   0.00586221485167054   0.0202991796178945   0
0.278392203556439   0.181935087468718   -0.0474700736439908   0.00809479670302679   0
0.31270404951361   0.195377994774872   0.0343118459571702   0.0134429073061544   0
0.336151720691253   0.172904487407065   0.0234476711776431   -0.022473507367807   0
0.339266743822379   0.145467503375324   0.00311502313112672   -0.0274369840317409   0
0.295356152813108   0.167585103069306   -0.0439105910092714   0.0221175996939819   0
0.293895339096914   0.163260261652216   -0.00146081371619411   -0.00432484141709033   0
0.377959206218396   0.152261397607864   0.0840638671214821   -0.0109988640443521   0
0.248074194263833   0.148420630359293   -0.129885011954563   -0.00384076724857044   0
0.344811103692166   0.166831666602147   0.0967369094283334   0.0184110362428538   0
0.278712656380025   0.165430510990264   -0.0660984473121413   -0.00140115561188278   0
0.32598973821734   0.166654704359793   0.047277081837315   0.00122419336952856   0
0.278194933548834   0.169690293202793   -0.0477948046685065   0.00303558884300043   0
0.223507720231964   0.179640880720397   -0.0546872133168695   0.00995058751760386   0
0.27678604352821   0.172959421939078   0.0532783232962455   -0.00668145878131932   0
0.256908138128515   0.17047864795701   -0.019877905399695   -0.00248077398206839   0
0.332173358134333   0.169348546106838   0.0752652200058184   -0.00113010185017109   0
0.365425351758796   0.168327569881615   0.0332519936244631   -0.0010209762252234   0
0.311104945075468   0.187030208956334   -0.0543204066833283   0.018702639074719   0
0.260209372993173   0.192269444794278   -0.0508955720822954   0.00523923583794414   0
0.239553400042412   0.178741542299209   -0.0206559729507604   -0.013527902495069   0
0.245254034265066   0.190217515001248   0.00570063422265346   0.0114759727020387   0
0.345270299890448   0.176331419529391   0.100016265625382   -0.0138860954718572   0
0.279583530892004   0.191625727232149   -0.0656867689984445   0.0152943077027583   0
0.293091352187965   0.179351896914279   0.0135078212959618   -0.0122738303178705   0
0.422296234897305   0.182912860316053   0.12920488270934   0.0035609634017747   0
0.290074835139572   0.188783545440274   -0.132221399757733   0.00587068512422079   0
0.272471816542574   0.199413220819233   -0.0176030185969984   0.0106296753789585   0
0.342780988257575   0.189899487080008   0.0703091717150016   -0.00951373373922484   0
0.277852453694204   0.186550930078759   -0.064928534563371   -0.00334855700124875   0
0.345461489160862   0.191297995539681   0.0676090354666571   0.00474706546092257   0
0.326193110824309   0.191204111352894   -0.0192683783365524   -9.38841867872131e-05   0
0.244589526747447   0.208125201927229   -0.0816035840768622   0.0169210905743351   0
0.3491605399773   0.187770725919271   0.104571013229854   -0.0203544760079584   0
0.287328798198318   0.193633981453411   -0.061831741778982   0.00586325553414016   0
0.439670525897017   0.185880508393161   0.152341727698699   -0.00775347306025018   0
0.259771630341056   0.197569555198922   -0.179898895555962   0.0116890468057613   0
0.350305595724305   0.188967510782277   0.0905339653832491   -0.00860204441664525   0
0.37263035989491   0.181147735290839   0.0223247641706051   -0.00781977549143772   0
0.295878151481247   0.182884559059807   -0.0767522084136624   0.00173682376896755   0
0.323290596901982   0.194503549631491   0.0274124454207348   0.0116189905716844   0
0.278913382366713   0.189300334617375   -0.0443772145352697   -0.00520321501411666   0
0.373875147243421   0.186455084732222   0.0949617648767088   -0.00284524988515283   0
0.35508821496959   0.178363570252588   -0.018786932273831   -0.00809151447963347   0
0.292745895379662   0.205928174726651   -0.0623423195899283   0.0275646044740624   0
