0.105032585258625   0.0936212874806793   0   0   0
0.104671446318765   0.0741306050282877   -0.00036113893985984   -0.0194906824523915   0
0.0894916947461531   0.0906469283698157   -0.0151797515726117   0.016516323341528   0
0.122758107598683   0.135663547597586   0.0332664128525297   0.0450166192277703   0
0.162933363132173   0.168750072988518   0.0401752555334901   0.0330865253909315   0
0.143380364724947   0.139128145729656   -0.019552998407226   -0.0296219272588612   0
0.143231681272707   0.153554155918173   -0.00014868345224045   0.0144260101885163   0
0.180630932947959   0.161887721377229   0.0373992516752523   0.00833356545905597   0
0.186620466833357   0.179719151101942   0.00598953388539789   0.0178314297247129   0
0.210791531465   0.197395986813442   0.0241710646316431   0.0176768357115002   0
0.19119184225084   0.190924205293462   -0.0195996892141598   -0.00647178151997987   0
0.138936450314955   0.124421514883088   -0.0522553919358849   -0.0665026904103739   0
0.12956612929296   0.135045395739896   -0.00937032102199525   0.0106238808568075   0
0.130571963924636   0.137773857940288   0.00100583463167594   0.00272846220039225   0
0.0997724052672922   0.0933364352504649   -0.0307995586573436   -0.0444374226898229   0
0.0803349245672148   0.0983916677102919   -0.0194374807000774   0.00505523245982702   0
0.10491413969495   0.104194131235353   0.0245792151277348   0.00580246352506124   0
0.0701770911114026   0.074618151877375   -0.034737048583547   -0.0295759793579782   0
0.00549766210327526   0.0169475392123016   -0.0646794290081273   -0.0576706126650734   0
0.0215524578225733   0.024530124111468   0.016054795719298   0.00758258489916643   0
0.0120955774657848   0.0151489919461819   -0.00945688035678852   -0.00938113216528612   0
0.0411622715842663   0.029360332569174   0.0290666941184816   0.0142113406229921   0
0.0456006322932577   0.0342507224886571   0.0044383607089914   0.00489038991948306   0
0.0218812141725819   0.0319790814912655   -0.0237194181206758   -0.00227164099739157   0
0.0368484216335042   0.0111148278588661   0.0149672074609223   -0.0208642536323995   0
0.0119911531868499   0.0141210950627103   -0.0248572684466543   0.0030062672038442   0
0.0219846315847003   0.0350746471238486   0.00999347839785038   0.0209535520611383   0
0.0172797544053641   0.0347503766672841   -0.00470487717933616   -0.000324270456564461   0
0.00498603845406351   0.0320871035657338   -0.0122937159513006   -0.00266327310155036   0
0.0319987128085006   0.0496917578351845   0.0270126743544371   0.0176046542694508   0
0.0396006373699831   0.0734813325630734   0.00760192456148248   0.0237895747278889   0
0.0592702667373245   0.0904919107263185   0.0196696293673415   0.0170105781632451   0
0.0721046739103375   0.11276633937112   0.0128344071730129   0.022274428644801   0
0.0609431349981308   0.107000967904793   -0.0111615389122066   -0.00576537146632672   0
0.0309003448643988   0.100922112388961   -0.0300427901337321   -0.00607885551583218   0
0.0574436644736598   0.103817759244613   0.026543319609261   0.0028956468556527   0
0.0721188341594316   0.125702477999938   0.0146751696857719   0.0218847187553251   0
0.0655595473622538   0.131619278048098   -0.00655928679717781   0.00591680004815948   0
0.0900987421443835   0.133462205277843   0.0245391947821297   0.00184292722974472   0
0.063503685641383   0.143594948799993   -0.0265950565030004   0.01013274352215   0
0.0980826620868974   0.140581089568912   0.0345789764455143   -0.00301385923108044   0
0.0722022865974589   0.13165725962466   -0.0258803754894385   -0.00892382994425264   0
0.0682701847522738   0.163247368328252   -0.00393210184518514   0.0315901087035926   0
0.0885415808481761   0.177746542138096   0.0202713960959023   0.0144991738098441   0
0.0653253770647679   0.162271909662833   -0.0232162037834082   -0.0154746324752636   0
0.0871466397323362   0.192201975030981   0.0218212626675683   0.0299300653681488   0
0.0631835383382325   0.178114892373806   -0.0239631013941037   -0.0140870826571754   0
0.0732100937133016   0.190443735521282   0.0100265553750691   0.012328843147476   0
0.0540117818402619   0.189450468364907   -0.0191983118730397   -0.000993267156375349   0
0.0732457180420979   0.168099313691788   0.0192339362018359   -0.0213511546731191   0
0.0684232957152606   0.19719177650098   -0.00482242232683726   0.0290924628091926   0
0.0924857421637114   0.187256896043597   0.0240624464484508   -0.00993488045738317   0
0.0900481603161492   0.200715697281142   -0.00243758184756221   0.0134588012375449   0
0.0554113155748896   0.172825918218109   -0.0346368447412596   -0.0278897790630329   0
0.0545079100206346   0.176259335219429   -0.000903405554254957   0.00343341700131991   0
0.0696934568872258   0.19401712566226   0.0151855468665912   0.0177577904428306   0
0.0463520322792874   0.179509349986212   -0.0233414246079384   -0.0145077756760471   0
0.0979107993234577   0.22426397692334   0.0515587670441703   0.0447546269371278   0
0.0889185679653018   0.193449044090253   -0.00899223135815587   -0.0308149328330876   0
0.105055424086241   0.231511917227759   0.0161368561209394   0.0380628731375059   0
0.071243164333444   0.207529028202791   -0.0338122597527973   -0.0239828890249671   0
0.0796642359736921   0.225228078898863   0.00842107164024815   0.0176990506960717   0
0.119641963520247   0.23234118467649   0.0399777275465544   0.00711310577762725   0
0.0568050169754997   0.215133002537576   -0.0628369465447469   -0.0172081821389148   0
0.15327019102143   0.224077446094922   0.0964651740459302   0.00894444355734605   0
0.163730977443631   0.233020901219875   0.010460786422201   0.0089434551249529   0
0.144870623068309   0.233187979118243   -0.0188603543753221   0.000167077898368173   0
0.142046628483607   0.246138686806407   -0.00282399458470134   0.0129507076881643   0
0.140130311981644   0.251775306277348   -0.00191631650196336   0.00563661947094118   0
0.148628516761278   0.252499952239877   0.00849820477963431   0.00072464596252847   0
0.150045480325599   0.226328923928593   0.00141696356432056   -0.0261710283112833   0
0.15147101549661   0.253843522499315   0.00142553517101152   0.0275145985707211   0
0.151329497251656   0.238635167086082   -0.000141518244954675   -0.0152083554132321   0
0.128382869217865   0.236095447402549   -0.0229466280337909   -0.00253971968353295   0
0.0751836905528746   0.151195752433261   -0.0531991786649903   -0.0848996949692883   0
0.0422994526813291   0.0916448191753905   -0.0328842378715455   -0.0595509332578706   0
0.139650216735376   0.135995294082278   0.0973507640540473   0.0443504749068876   0
0.0618008710771944   0.0118228921538566   -0.077849345658182   -0.124172401928422   0
0.030473558563325   0.0798058161379858   -0.0313273125138693   0.0679829239841292   0
0.085878266909327   0.0636994485686493   0.0554047083460019   -0.0161063675693365   0
0.0392338178169038   0.0602130597803749   -0.0466444490924231   -0.00348638878827444   0
0.0320217306075109   0.0891325904149262   -0.00721208720939293   0.0289195306345513   0
0.0525765384027895   0.108872256283281   0.0205548077952786   0.0197396658683552   0
0.0644448406895975   0.118796070567559   0.011868302286808   0.0099238142842778   0
0.126947627353842   0.170121379129616   0.0625027866642448   0.0513253085620567   0
0.134483363984286   0.212846721116752   0.00753573663044393   0.0427253419871363   0
0.114567255988088   0.19478182510543   -0.0199161079961986   -0.0180648960113217   0
0.124110499057463   0.215887837020529   0.00954324306937528   0.0211060119150985   0
0.121801930651052   0.205932967135917   -0.00230856840641122   -0.00995486988461244   0
0.133468625255975   0.229719267422549   0.0116666946049237   0.0237863002866323   0
0.160280218553414   0.251777986820041   0.0268115932974381   0.0220587193974917   0
0.132159590307817   0.238993286453386   -0.0281206282455967   -0.012784700366655   0
0.124152804114527   0.248659036037985   -0.00800678619329034   0.00966574958459962   0
0.139963385782854   0.274894272762098   0.0158105816683274   0.0262352367241124   0
0.14410804927401   0.275937729257749   0.00414466349115572   0.00104345649565096   0
0.145088358029153   0.253597955844305   0.000980308755143044   -0.0223397734134436   0
0.161494368872111   0.300628886307121   0.0164060108429587   0.0470309304628163   0
0.164888821992669   0.279703769005268   0.00339445312055733   -0.0209251173018529   0
0.179367364361525   0.295295202801095   0.014478542368856   0.015591433795827   0
0.138628935546119   0.298480583801526   -0.0407384288154058   0.00318538100043103   0
0.198420201224825   0.31131841284343   0.059791265678706   0.0128378290419039   0
0.217927395809453   0.345128471927788   0.0195071945846281   0.0338100590843579   0
0.110535648152135   0.284205925559708   -0.107391747657318   -0.0609225463680806   0
0.141540739124514   0.317362081692115   0.0310050909723789   0.0331561561324072   0
0.179322481268893   0.315331062933788   0.0377817421443795   -0.00203101875832679   0
0.193790642982796   0.31874216599346   0.0144681617139032   0.00341110305967224   0
0.204944858561369   0.322034104880601   0.0111542155785731   0.00329193888714091   0
0.235161724378352   0.345354288069444   0.0302168658169827   0.0233201831888429   0
0.203877278451229   0.327087888695821   -0.0312844459271229   -0.0182663993736227   0
0.221608710267106   0.353737766459435   0.0177314318158766   0.026649877763614   0
0.202040597409382   0.326359604076703   -0.0195681128577237   -0.0273781623827321   0
0.181359398662793   0.350727389289745   -0.0206811987465887   0.0243677852130412   0
0.16677672883123   0.335100761730796   -0.0145826698315634   -0.0156266275589481   0
0.188879046852344   0.306737073232716   0.0221023180211142   -0.0283636884980805   0
0.204847109211765   0.329106608656055   0.0159680623594212   0.0223695354233395   0
0.20439157628058   0.346065048621097   -0.000455532931185693   0.016958439965042   0
0.15067590066726   0.310873347593662   -0.0537156756133196   -0.0351917010274351   0
0.188077801702514   0.35290086088606   0.0374019010352536   0.0420275132923981   0
0.207763376075597   0.360425436057599   0.0196855743730835   0.00752457517153815   0
0.127864725776345   0.256740586216072   -0.0798986502992517   -0.103684849841526   0
0.0327282887227548   0.138303432245464   -0.0951364370535905   -0.118437153970609   0
0.102763178722488   0.063725701712692   0.0700348899997331   -0.0745777305327719   0
0.0531680992754311   0.0783030484277273   -0.0495950794470568   0.0145773467150352   0
0.194763190280813   0.0958279335795414   0.141595091005381   0.0175248851518141   0
0.279730396102908   0.0466426511500033   0.0849672058220958   -0.0491852824295381   0
0.203325263697185   0.181734430743936   -0.0764051324057229   0.135091779593933   0
0.0855294591671367   0.141404748650673   -0.117795804530049   -0.0403296820932632   0
0.150392104288124   0.163462747406865   0.0648626451209874   0.0220579987561916   0
0.140779117087295   0.113568337376764   -0.00961298720082879   -0.0498944100301005   0
0.154309753060466   0.146525682691986   0.013530635973171   0.0329573453152217   0
0.164629213493847   0.154587533256486   0.0103194604333802   0.00806185056449979   0
0.139750644992751   0.136085854622266   -0.0248785685010952   -0.0185016786342196   0
0.126407421936057   0.15068686009305   -0.0133432230566941   0.0146010054707843   0
0.169984256475975   0.167079880834445   0.0435768345399176   0.0163930207413952   0
0.161346736020286   0.173058995244394   -0.00863752045568844   0.00597911440994861   0
0.159946696421534   0.175025305778905   -0.00140003959875201   0.00196631053451096   0
0.167325340108963   0.175465526946007   0.00737864368742816   0.000440221167102212   0
0.146133979768327   0.154507544152902   -0.0211913603406359   -0.0209579827931051   0
0.133145490345899   0.166650780540853   -0.0129884894224272   0.0121432363879509   0
0.145535434456836   0.183429565579298   0.0123899441109366   0.0167787850384449   0
0.17923734655671   0.186711192111647   0.0337019120998736   0.00328162653234934   0
0.178419438204165   0.186171618435283   -0.000817908352544139   -0.000539573676364674   0
0.154830612994395   0.20654066306269   -0.0235888252097708   0.0203690446274072   0
0.182118222826081   0.21064538726512   0.0272876098316861   0.00410472420243041   0
0.189703304745727   0.216776368664728   0.0075850819196458   0.00613098139960758   0
0.19610581539781   0.238443583253046   0.00640251065208358   0.0216672145883186   0
0.176913135420515   0.201043455441237   -0.0191926799772949   -0.0374001278118098   0
0.187125924102762   0.222715757182908   0.0102127886822464   0.0216723017416718   0
0.176532649264152   0.206366248252446   -0.0105932748386099   -0.0163495089304629   0
0.16847601949182   0.20702354857192   -0.00805662977233174   0.000657300319474141   0
0.170307513743845   0.221326809725059   0.00183149425202517   0.0143032611531393   0
0.178356635966716   0.224761391619135   0.00804912222287071   0.00343458189407564   0
0.176396745599628   0.176003132313213   -0.00195989036708752   -0.0487582593059213   0
0.232022484543826   0.25009322364361   0.0556257389441977   0.0740900913303962   0
0.190872191411348   0.21445161785021   -0.0411502931324777   -0.0356416057933996   0
0.203096666867603   0.208576904757574   0.0122244754562544   -0.00587471309263624   0
0.188519803712289   0.253842778487615   -0.0145768631553137   0.0452658737300415   0
0.265473288549055   0.288217570335902   0.0769534848367663   0.0343747918482868   0
0.227416159960196   0.271960844257125   -0.038057128588859   -0.0162567260787767   0
0.261016785908972   0.265329315565009   0.0336006259487754   -0.0066315286921162   0
0.257301265553534   0.245210180343802   -0.00371552035543821   -0.020119135221207   0
0.282480809120071   0.293824542106003   0.0251795435665375   0.0486143617622011   0
0.251751814759318   0.27602733315589   -0.0307289943607529   -0.0177972089501136   0
0.250968531216286   0.281005475173528   -0.000783283543031865   0.00497814201763785   0
0.273924501792706   0.252581773880199   0.0229559705764196   -0.0284237012933284   0
0.383459862071769   0.128153136132004   0.109535360279063   -0.124428637748195   0
0.165504919415134   0.122295418549715   -0.217954942656635   -0.00585771758228919   1
0.131280565209783   0.222476499524984   -0.0342243542053513   0.100181080975268   0
0.15161928067301   0.175356080962602   0.020338715463227   -0.0471204185623819   0
0.157846426584267   0.199367257376362   0.00622714591125761   0.0240111764137602   0
0.187700643982619   0.192938109827478   0.029854217398352   -0.00642914754888346   0
0.192233959974324   0.227278460798224   0.0045333159917047   0.034340350970746   0
0.193923236208068   0.222530777611772   0.00168927623374368   -0.00474768318645216   0
0.206915912679451   0.236779261934528   0.0129926764713829   0.0142484843227562   0
0.201631805828867   0.223516333803393   -0.00528410685058336   -0.0132629281311349   0
0.183668829862908   0.237733839327492   -0.0179629759659588   0.014217505524099   0
0.205853772223319   0.223497867652362   0.0221849423604104   -0.0142359716751309   0
0.18386115632686   0.224913103201792   -0.0219926158964589   0.00141523554943057   0
0.130208862026717   0.211061169284128   -0.0536522943001433   -0.0138519339176644   0
0.199205643629818   0.218629289400283   0.0689967816031014   0.00756812011615482   0
0.19924945022017   0.230883614793114   4.38065903520801e-05   0.0122543253928314   0
0.18958378595526   0.21451585879865   -0.00966566426490956   -0.0163677559944636   0
0.138323819782603   0.224904754482764   -0.0512599661726575   0.010388895684114   0
0.104132685750104   0.211857511555503   -0.0341911340324985   -0.0130472429272615   0
0.117111240188378   0.232050868676461   0.0129785544382737   0.0201933571209579   0
0.13760687166072   0.215265266617382   0.0204956314723423   -0.0167856020590788   0
0.13159206711018   0.192587001143152   -0.00601480455054093   -0.0226782654742297   0
0.240972629331818   0.218984953544837   0.109380562221639   0.0263979524016844   0
0.149410415233343   0.197490841914891   -0.0915622140984754   -0.0214941116299455   0
0.121431206462631   0.167646358669291   -0.0279792087707126   -0.0298444832456002   0
0.182516534974232   0.176358224291504   0.0610853285116014   0.00871186562221335   0
0.140740177359594   0.130794609361787   -0.0417763576146378   -0.045563614929717   0
0.0866036459740582   0.140937866716153   -0.0541365313855359   0.0101432573543654   0
0.0874209077482612   0.156003782869016   0.000817261774203062   0.0150659161528638   0
0.162927205890852   0.166178023864469   0.0755062981425905   0.0101742409954525   0
0.154788012362711   0.18074071298064   -0.00813919352814038   0.0145626891161708   0
0.147321374956691   0.171696808835475   -0.00746663740602019   -0.0090439041451649   0
0.145552568119597   0.161198435482417   -0.00176880683709396   -0.0104983733530576   0
0.108281122545595   0.153368309898435   -0.0372714455740025   -0.00783012558398219   0
0.13532927078009   0.166734340829214   0.0270481482344952   0.013366030930779   0
0.143002063545618   0.173108300657775   0.00767279276552782   0.00637395982856062   0
0.121464249481064   0.160804864234738   -0.021537814064554   -0.0123034364230367   0
0.0953570024269849   0.165935351731488   -0.0261072470540789   0.00513048749674963   0
0.148762890684505   0.182099117981829   0.0534058882575202   0.0161637662503412   0
0.128422392599305   0.17336995797972   -0.0203404980852002   -0.00872916000210841   0
0.110031904790383   0.174027569743446   -0.0183904878089215   0.000657611763725752   0
0.145073880079251   0.1788079703393   0.0350419752888676   0.00478040059585391   0
0.145058304364597   0.170870460262965   -1.55757146538815e-05   -0.00793751007633456   0
0.139146000498462   0.190759300600474   -0.0059123038661347   0.0198888403375088   0
0.132609857745682   0.153926757314282   -0.00653614275278011   -0.0368325432861918   0
0.170373325163918   0.182128440022447   0.0377634674182353   0.0282016827081644   0
0.13504906759108   0.179080201102753   -0.0353242575728379   -0.00304823891969366   0
0.0981218382177298   0.118400446825983   -0.0369272293733499   -0.0606797542767698   0
0.273016072093169   0.148472649677483   0.174894233875439   0.0300722028514994   0
0.371076166037446   0.25177488399064   0.0980600939442767   0.103302234313157   0
0.324142665722749   0.21916640196036   -0.0469335003146964   -0.0326084820302798   0
0.151246198802648   0.271751919070501   -0.172896466920102   0.052585517110141   0
0.0882332968326584   0.193728138005357   -0.0630129019699893   -0.0780237810651441   0
0.100044581523401   0.203950655956171   0.0118112846907425   0.0102225179508145   0
0.154207020808684   0.27855482380352   0.0541624392852835   0.0746041678473487   0
0.237589254893608   0.302857738482839   0.083382234084924   0.0243029146793197   0
0.166839879965822   0.260930789743301   -0.070749374927786   -0.0419269487395389   0
0.123715875863668   0.207831669130188   -0.0431240041021548   -0.0530991206131124   0
0.0915678089230102   0.198221165755517   -0.0321480669406574   -0.00961050337467095   0
0.208792921000689   0.242832407077824   0.117225112077679   0.0446112413223068   0
0.275357176790019   0.257055181146403   0.0665642557893303   0.0142227740685789   0
0.265853225685546   0.242627634679667   -0.00950395110447311   -0.0144275464667358   0
0.311708139426066   0.276157327285553   0.04585491374052   0.0335296926058859   0
0.3072831961775   0.269330327329193   -0.00442494324856618   -0.00682699995636044   0
0.393171439487636   0.273859961502663   0.0858882433101362   0.0045296341734703   0
0.203578591031375   0.26947303561075   -0.189592848456261   -0.00438692589191292   0
0.243607874412368   0.281805894632564   0.0400292833809927   0.0123328590218145   0
0.222402870302003   0.24434642762382   -0.021205004110365   -0.0374594670087449   0
0.612794577409967   0.352715381512662   0.390391707107964   0.108368953888842   1
0.283470379122115   0.26410570876685   -0.329324198287852   -0.0886096727458121   0
0.252624524070826   0.259670473550633   -0.0308458550512893   -0.00443523521621658   0
0.280162345267797   0.285205404042284   0.0275378211969713   0.025534930491651   0
0.283351809203541   0.295857201176581   0.0031894639357441   0.0106517971342971   0
0.23326452102217   0.258495318832474   -0.0500872881813709   -0.0373618823441069   0
0.28228008382633   0.29250005030865   0.0490155628041599   0.0340047314761753   0
0.252468239810575   0.301103675931497   -0.0298118440157552   0.0086036256228475   0
0.247341798449049   0.289560225783346   -0.00512644136152596   -0.0115434501481507   0
0.191143767901127   0.291423352326559   -0.0561980305479218   0.00186312654321313   0
0.219915429566595   0.275801640592474   0.0287716616654677   -0.0156217117340858   0
0.249792119917683   0.293390413653037   0.0298766903510877   0.0175887730605631   0
0.262226852597784   0.252801028147138   0.0124347326801014   -0.0405893855058989   0
0.277392240303311   0.280664456309042   0.0151653877055272   0.0278634281619038   0
0.273278327940764   0.272319881224728   -0.00411391236254682   -0.00834457508431369   0
0.320001664541499   0.306058393513905   0.0467233366007344   0.0337385122891773   0
0.26686809858979   0.252631957246604   -0.0531335659517087   -0.0534264362673013   0
