0.287199508964222   0.651534005602547   0   0   0
0.283478570791674   0.610024147287015   -0.00372093817254782   -0.041509858315532   0
0.26031159758307   0.568893183408582   -0.0231669732086041   -0.0411309638784337   0
0.242111785522246   0.548097591416209   -0.0181998120608237   -0.0207955919923721   0
0.249088205206916   0.556286412188002   0.00697641968466967   0.00818882077179295   0
0.227515263944818   0.553946768284417   -0.021572941262098   -0.00233964390358499   0
0.211975413166109   0.517545443927632   -0.0155398507787088   -0.0364013243567851   0
0.199546916393013   0.503607356374239   -0.012428496773096   -0.0139380875533931   0
0.204254384274243   0.507899797838117   0.00470746788123003   0.00429244146387775   0
0.134205244110172   0.24565842661814   -0.0700491401640703   -0.262241371219977   0
0.172783258462069   0.0550425080562514   0.0385780143518961   -0.190615918561888   0
0.0924162441206501   0.0512655819660228   -0.0803670143414184   -0.00377692609022862   0
0.117893805040506   0.0566667394945415   0.0254775609198561   0.00540115752851868   0
0.0907464890427354   0.0679472765727406   -0.0271473159977708   0.0112805370781991   0
0.0686609321768937   0.0633140846754079   -0.0220855568658417   -0.00463319189733265   0
0.0353784268165121   0.0621745689722472   -0.0332825053603817   -0.00113951570316072   0
0.0649210000026316   0.0553283222115466   0.0295425731861196   -0.00684624676070056   0
0.0621628099640846   0.0522295027463619   -0.00275819003854699   -0.00309881946518475   0
0.0444875298395236   0.0486324466163767   -0.0176752801245611   -0.00359705612998524   0
0.0265459340235619   0.0447634395831269   -0.0179415958159617   -0.00386900703324979   0
0.00662925755342934   0.000973014432059078   -0.0199166764701325   -0.0437904251510678   0
0.013925096754321   0.00675514449224626   0.00729583920089161   0.00578213006018718   0
0.0245389381437828   0.00733524938403256   0.0106138413894619   0.000580104891786295   0
0.0238773261470982   0.0118446419580923   -0.00066161199668462   0.00450939257405972   0
0.0247038761119303   0.0329307727688328   0.000826549964832078   0.0210861308107405   0
0.0408751516657737   0.03325160139607   0.0161712755538434   0.000320828627237209   0
0.0155942469723068   0.0279514544516846   -0.0252809046934668   -0.00530014694438539   0
0.0624149795185419   0.0327803288408933   0.046820732546235   0.00482887438920867   0
0.0440024357195144   0.0336315366808878   -0.0184125437990274   0.000851207839994497   0
0.0588744683414636   0.0367237535096155   0.0148720326219492   0.00309221682872776   0
0.0172986474604635   0.0392192269457533   -0.0415758208810001   0.00249547343613774   0
0.0198243301472509   0.0335768564566056   0.00252568268678739   -0.00564237048914763   0
0.031546453883004   0.027871190824301   0.0117221237357532   -0.00570566563230464   0
0.0148161223845681   0.0291160665677406   -0.0167303314984359   0.00124487574343956   0
0.060813067649298   0.0331362403426732   0.0459969452647299   0.0040201737749326   0
0.0214038402106071   0.0334170214681396   -0.039409227438691   0.000280781125466395   0
0.0320727790996119   0.033743963076749   0.0106689388890048   0.000326941608609452   0
0.01770615301938   0.0366327078068562   -0.0143666260802319   0.00288874473010715   0
0.0422504472753319   0.0388203154900562   0.0245442942559519   0.00218760768320007   0
0.0317781617428699   0.0413392593038207   -0.010472285532462   0.00251894381376446   0
0.033147983389051   0.0547395266600856   0.00136982164618109   0.0134002673562649   0
0.030665483069342   0.0461436298837773   -0.002482500319709   -0.00859589677630833   0
0.0510131869936402   0.0378009297676727   0.0203477039242982   -0.00834270011610459   0
0.025249188491613   0.0454952673081281   -0.0257639985020272   0.00769433754045534   0
0.0111913118035064   0.0565906458818065   -0.0140578766881066   0.0110953785736785   0
0.00881002873297244   0.0461474614000326   -0.00238128307053393   -0.0104431844817739   0
0.0184228439491803   0.0439263159398566   0.00961281521620785   -0.002221145460176   0
0.0392859178788023   0.0590067097665384   0.020863073929622   0.0150803938266818   0
0.0362715200978674   0.0426658669806501   -0.00301439778093491   -0.0163408427858884   0
0.0518885529621178   0.0569888642458386   0.0156170328642503   0.0143229972651885   0
0.0486433959546412   0.0610081839945923   -0.00324515700747661   0.00401931974875368   0
0.0267959307419989   0.0610386737832466   -0.0218474652126423   3.04897886543587e-05   0
0.023318751157354   0.0595213800712864   -0.00347717958464484   -0.00151729371196028   0
0.030592858985881   0.0640670746298362   0.00727410782852697   0.00454569455854983   0
0.0388362930470971   0.0453075810932133   0.00824343406121606   -0.0187594935366229   0
0.0638268585341626   0.0606932111858122   0.0249905654870655   0.0153856300925989   0
0.0212398263898955   0.065222124666754   -0.0425870321442671   0.00452891348094177   0
0.0328744677233275   0.0616727719962434   0.011634641333432   -0.00354935267051058   0
0.0202665407479619   0.0538036116629553   -0.0126079269753656   -0.00786916033328811   0
0.0495160621087744   0.0731546514473659   0.0292495213608125   0.0193510397844106   0
0.022698328427664   0.0625066163354776   -0.0268177336811103   -0.0106480351118883   0
0.0300779930009833   0.0559700865538032   0.00737966457331928   -0.00653652978167441   0
0.0471356289425526   0.0628463686000432   0.0170576359415693   0.00687628204624   0
0.0515829710074943   0.077282209967576   0.00444734206494176   0.0144358413675328   0
0.044212907795801   0.0696975475496448   -0.00737006321169334   -0.00758466241793118   0
0.0333910513682094   0.0676774813777448   -0.0108218564275916   -0.00202006617189997   0
0.0308832328751379   0.0701397936847194   -0.00250781849307149   0.00246231230697455   0
0.0275375141600806   0.0776364239161619   -0.00334571871505731   0.00749663023144255   0
0.0340718999836067   0.0822984086267772   0.0065343858235261   0.00466198471061528   0
0.117078503042723   0.106078819979532   0.0830066030591163   0.023780411352755   0
0.135409315616246   0.117936212648289   0.0183308125735226   0.011857392668757   0
0.127343714784437   0.11748099191998   -0.00806560083180871   -0.000455220728308864   0
0.0806727757785735   0.114474791245715   -0.0466709390058633   -0.00300620067426552   0
0.104976840383915   0.125523092098625   0.0243040646053416   0.0110483008529106   0
0.155052086821752   0.138261785070026   0.0500752464378364   0.0127386929714003   0
0.100936485923228   0.122007065857884   -0.0541156008985236   -0.0162547192121419   0
0.128159875402054   0.126215097572596   0.027223389478826   0.00420803171471246   0
0.13311414296629   0.134030650565458   0.00495426756423642   0.00781555299286207   0
0.108968294101954   0.128619235835858   -0.0241458488643361   -0.00541141472960058   0
0.0958001518745143   0.133803434628787   -0.01316814222744   0.00518419879292895   0
0.0955252289934968   0.13501660312069   -0.000274922881017478   0.00121316849190359   0
0.10678156560493   0.136379589930092   0.0112563366114334   0.0013629868094015   0
0.113235939050286   0.136127867152542   0.00645437344535549   -0.000251722777550284   0
0.0906899778567621   0.123961585087881   -0.0225459611935235   -0.0121662820646604   0
0.0935572446092145   0.133690267069073   0.00286726675245241   0.00972868198119159   0
0.122691179959156   0.123461499554517   0.0291339353499415   -0.0102287675145558   0
0.119725052172885   0.132170049093961   -0.00296612778627117   0.00870854953944378   0
0.139098287781913   0.134986886535322   0.0193732356090286   0.00281683744136163   0
0.114507053054648   0.126084442193516   -0.0245912347272653   -0.0089024443418067   0
0.0919237601420873   0.123710158092373   -0.0225832929125608   -0.00237428410114235   0
0.0982369161892819   0.122172600217888   0.0063131560471946   -0.00153755787448488   0
0.115360898346754   0.146341648057721   0.0171239821574716   0.024169047839833   0
0.100286552693469   0.142150187714438   -0.0150743456532842   -0.0041914603432833   0
0.0955402271091083   0.139262453093072   -0.00474632558436099   -0.00288773462136641   0
0.0933312109384101   0.130906389141249   -0.00220901617069826   -0.00835606395182317   0
0.109551794135286   0.145472685910448   0.0162205831968755   0.0145662967691999   0
0.164500822416698   0.147980199406035   0.0549490282814123   0.00250751349558692   0
0.11445761369961   0.121976820507013   -0.0500432087170877   -0.0260033788990227   0
0.19583189362106   0.141638828201345   0.0813742799214493   0.0196620076943319   0
0.280824685882491   0.169049837933226   0.0849927922614319   0.0274110097318815   0
0.275642828641632   0.1625482971781   -0.00518185724085962   -0.00650154075512582   0
0.256861718778821   0.151943685577091   -0.018781109862811   -0.0106046116010089   0
0.317908370624949   0.156241176226051   0.0610466518461283   0.0042974906489599   0
0.349487618724913   0.174100750206597   0.0315792480999637   0.0178595739805461   0
0.277987107854591   0.163808259749776   -0.0715005108703218   -0.0102924904568216   0
0.26722499845718   0.155652939639764   -0.0107621093974107   -0.0081553201100118   0
0.309109370469758   0.173321345512461   0.0418843720125776   0.0176684058726974   0
0.291607018184131   0.162110022658224   -0.017502352285627   -0.011211322854237   0
0.252266323266285   0.165907130356866   -0.0393406949178454   0.00379710769864131   0
0.227351667149322   0.152737404136151   -0.0249146561169634   -0.0131697262207143   0
0.283260606069764   0.159898233143772   0.055908938920442   0.00716082900762052   0
0.426706391778422   0.209118626158695   0.143445785708658   0.0492203930149231   0
1.01474543095301   0.346411073711927   0.588039039174583   0.137292447553232   1
0.652745429474738   0.27265561866116   -0.362000001478267   -0.0737554550507666   0
0.52198367373301   0.263990854767263   -0.130761755741727   -0.00866476389389742   0
0.576555155650567   0.277953276959456   0.054571481917557   0.0139624221921932   0
0.668032465621993   0.26041806297039   0.091477309971426   -0.0175352139890659   0
0.632211571734052   0.29125590085782   -0.0358208938879416   0.0308378378874296   0
0.711508677125276   0.294898513984472   0.079297105391224   0.00364261312665276   0
0.60094884898481   0.281328089840403   -0.110559828140466   -0.0135704241440691   0
0.605778528696718   0.30572187526165   0.00482967971190751   0.024393785421247   0
0.577436202391927   0.278534735251279   -0.0283423263047912   -0.0271871400103714   0
0.584571355931643   0.274580632934116   0.00713515353971672   -0.00395410231716237   0
0.535856351687847   0.265065319938784   -0.0487150042437959   -0.00951531299533237   0
0.573229806024983   0.283804405188679   0.0373734543371359   0.018739085249895   0
0.507117626933919   0.26029071317087   -0.0661121790910638   -0.0235136920178094   0
0.535842175074798   0.28247855150303   0.0287245481408781   0.0221878383321603   0
0.529551961726039   0.269834040207124   -0.00629021334875846   -0.0126445112959057   0
0.616268642336926   0.290190813232432   0.0867166806108872   0.0203567730253073   0
0.51137287191392   0.270754460685784   -0.104895770423007   -0.0194363525466472   0
0.513484218215127   0.26588809987333   0.00211134630120713   -0.00486636081245428   0
0.503604252483048   0.27521335811966   -0.00987996573207839   0.00932525824632946   0
0.538824686663751   0.30563970214658   0.0352204341807031   0.0304263440269201   0
0.517424299981408   0.310781581051709   -0.0214003866823437   0.00514187890512929   0
0.504323891468568   0.303011423164623   -0.0131004085128398   -0.00777015788708646   0
0.52557756146214   0.322390165582404   0.0212536699935724   0.0193787424177816   0
0.550161270510575   0.311758178592399   0.0245837090484345   -0.0106319869900055   0
0.552165221230032   0.32447325277363   0.00200395071945692   0.0127150741812312   0
0.548593460541739   0.326675217981866   -0.00357176068829335   0.00220196520823651   0
0.539013288197944   0.324227701380141   -0.00958017234379438   -0.00244751660172532   0
0.532970313589566   0.323190141901791   -0.00604297460837844   -0.00103755947834988   0
0.515201203432212   0.321256261996945   -0.0177691101573533   -0.00193387990484595   0
0.525546505837124   0.313890266049698   0.0103453024049113   -0.00736599594724768   0
0.569897577162116   0.331500620504321   0.0443510713249923   0.0176103544546236   0
0.549686582194035   0.342545940354721   -0.0202109949680807   0.0110453198503997   0
0.537456244039689   0.335960733037732   -0.012230338154346   -0.00658520731698925   0
0.53154401828462   0.302272167737951   -0.00591222575506967   -0.0336885652997806   0
0.550860576633226   0.348683579293605   0.0193165583486061   0.0464114115556544   0
0.567235058972345   0.355411243331581   0.0163744823391195   0.00672766403797515   0
0.56140450403993   0.348128982908993   -0.00583055493241502   -0.00728226042258751   0
0.518609204696137   0.343770843593156   -0.042795299343793   -0.00435813931583728   0
0.507463780537094   0.341785585735414   -0.0111454241590432   -0.00198525785774184   0
0.537789476627589   0.344637299679315   0.030325696090495   0.0028517139439011   0
0.572921730322921   0.357090106652369   0.0351322536953321   0.0124528069730536   0
0.576868567771648   0.37093418091489   0.00394683744872726   0.0138440742625209   0
0.557607125176939   0.357745961825218   -0.0192614425947099   -0.013188219089672   0
0.561514483418985   0.349981613017384   0.0039073582420468   -0.00776434880783344   0
0.570941413902171   0.372768488793313   0.00942693048318555   0.0227868757759285   0
0.543357804277771   0.359091090489934   -0.0275836096244003   -0.0136773983033786   0
0.544185751105493   0.353107227395235   0.000827946827722803   -0.00598386309469928   0
0.567634140157417   0.352097048407822   0.0234483890519235   -0.00101017898741296   0
0.564000235531236   0.360382039791455   -0.00363390462618052   0.00828499138363337   0
0.556449154824059   0.364555686369723   -0.00755108070717703   0.00417364657826808   0
0.53350521565398   0.354665638139995   -0.0229439391700791   -0.00989004822972805   0
0.531930991352497   0.358121363718014   -0.00157422430148346   0.00345572557801871   0
0.545258656506213   0.364123660039759   0.0133276651537159   0.00600229632174515   0
0.56592399139221   0.372013984323506   0.0206653348859972   0.00789032428374725   0
0.572597619352796   0.36938865346238   0.00667362796058657   -0.00262533086112665   0
0.542424925916029   0.37047711898645   -0.030172693436767   0.00108846552407005   0
0.546097834244936   0.36359924236926   0.00367290832890699   -0.00687787661718953   0
0.558186008318912   0.372068660124042   0.0120881740739752   0.00846941775478199   0
0.558448842486042   0.372336971170605   0.000262834167130244   0.000268311046562886   0
0.653788438034996   0.389371342547831   0.0953395955489542   0.0170343713772255   0
0.561465648466591   0.357843536334318   -0.0923227895684047   -0.031527806213513   0
0.548060316241753   0.369713169939211   -0.0134053322248388   0.0118696336048936   0
0.542664250275629   0.364499125786675   -0.00539606596612408   -0.00521404415253657   0
0.534256477120952   0.369603653773201   -0.00840777315467689   0.00510452798652611   0
0.538630584487179   0.352489512065253   0.00437410736622723   -0.0171141417079478   0
0.543958855953509   0.377983634584885   0.00532827146632975   0.0254941225196324   0
0.581126254990609   0.37873831195497   0.0371673990371   0.000754677370084611   0
0.564972478144538   0.381177332976726   -0.016153776846071   0.00243902102175636   0
0.529621960997486   0.368969482760092   -0.0353505171470521   -0.012207850216634   0
0.517925578000633   0.358342283658027   -0.0116963829968524   -0.010627199102065   0
0.522351617311797   0.377103765065399   0.0044260393111637   0.0187614814073723   0
0.55645490845675   0.373625618464861   0.034103291144953   -0.0034781466005383   0
0.659465335214463   0.400467568960646   0.103010426757713   0.0268419504957851   0
0.645048961793793   0.382927383947662   -0.0144163734206697   -0.0175401850129845   0
0.568826284936306   0.382045695101057   -0.0762226768574865   -0.0008816888466045   0
0.580022678097857   0.381493252235213   0.0111963931615504   -0.000552442865844049   0
0.554242444305964   0.378130247825071   -0.0257802337918924   -0.00336300441014176   0
0.601242149628949   0.384144344432207   0.046999705322985   0.00601409660713542   0
0.660189855427278   0.394470286562245   0.0589477057983284   0.0103259421300385   0
0.618644600087676   0.398212787469526   -0.0415452553396023   0.00374250090728079   0
0.55687129291875   0.383561166627306   -0.0617733071689258   -0.0146516208422202   0
0.587744614251802   0.38960795440128   0.0308733213330528   0.0060467877739741   0
0.593496599015268   0.395229390087579   0.00575198476346572   0.0056214356862993   0
0.566113256200285   0.383366416579817   -0.0273833428149828   -0.0118629735077622   0
0.571820681536651   0.390155250094754   0.00570742533636559   0.0067888335149367   0
0.570694941914934   0.395404007856205   -0.00112573962171691   0.00524875776145117   0
0.589507623416568   0.383266444762322   0.0188126815016337   -0.0121375630938832   0
0.584993152687482   0.395774206579332   -0.00451447072908551   0.0125077618170104   0
0.579146933439841   0.389174740218966   -0.00584621924764095   -0.0065994663603659   0
0.560751007471596   0.39345076048662   -0.0183959259682454   0.00427602026765406   0
0.555759898291055   0.391907221893779   -0.00499110918054113   -0.00154353859284112   0
0.549890161695188   0.383812065116184   -0.00586973659586698   -0.0080951567775952   0
0.604950946341305   0.407177703435183   0.0550607846461166   0.023365638318999   0
0.532201685254528   0.378638210375683   -0.0727492610867763   -0.0285394930595002   0
0.538605959234987   0.398397381600959   0.00640427398045829   0.0197591712252758   0
0.562316406197979   0.407007689609484   0.023710446962992   0.00861030800852508   0
0.560254209586827   0.401016444735749   -0.00206219661115181   -0.00599124487373492   0
0.543061154166858   0.385849150347646   -0.0171930554199686   -0.0151672943881034   0
0.542580891169934   0.392681152754687   -0.00048026299692383   0.00683200240704168   0
0.592052521220001   0.410166294515712   0.0494716300500669   0.017485141761025   0
0.51465446760957   0.381139756896666   -0.0773980536104311   -0.0290265376190458   0
0.536157149823827   0.392129443001606   0.0215026822142571   0.0109896861049399   0
0.558119169392165   0.407251780147736   0.0219620195683375   0.0151223371461298   0
0.561675866672772   0.41112443135777   0.0035566972806077   0.00387265121003422   0
0.548187212930984   0.399230286286311   -0.0134886537417885   -0.0118941450714591   0
0.53454458819541   0.399529258374465   -0.0136426247355744   0.000298972088153715   0
0.519522172727681   0.397050680856361   -0.0150224154677289   -0.00247857751810376   0
0.55250451521993   0.395790226529155   0.0329823424922495   -0.00126045432720601   0
0.575098124458853   0.410953568085861   0.0225936092389225   0.0151633415567053   0
0.555827352789776   0.40595160712362   -0.0192707716690768   -0.00500196096224043   0
0.521918620556012   0.383620487052634   -0.0339087322337643   -0.0223311200709863   0
0.557671548229108   0.412864020269689   0.0357529276730962   0.0292435332170549   0
0.534022164464407   0.407302769285025   -0.0236493837647008   -0.0055612509846642   0
0.552006290081997   0.415426139124032   0.0179841256175902   0.00812336983900791   0
0.53376785209115   0.393248368817977   -0.018238437990847   -0.022177770306055   0
0.517483025491117   0.383485846713409   -0.0162848266000333   -0.00976252210456879   0
0.531012605163154   0.400100347555773   0.0135295796720374   0.0166145008423639   0
0.544811673722113   0.415854039194944   0.0137990685589586   0.0157536916391713   0
0.522713796742539   0.398329066599778   -0.0220978769795743   -0.0175249725951663   0
0.506252306985716   0.408431059713264   -0.0164614897568223   0.0101019931134866   0
0.507117175926915   0.408618030749378   0.000864868941199082   0.000186971036114314   0
0.532839661069716   0.411749999623862   0.0257224851428007   0.00313196887448308   0
0.653995130702943   0.452890859560281   0.121155469633227   0.0411408599364192   0
0.590182845717503   0.431824731642943   -0.0638122849854403   -0.0210661279173375   0
0.570301576539115   0.440095152265962   -0.0198812691783881   0.0082704206230183   0
0.540927873654788   0.436037888643865   -0.0293737028843273   -0.00405726362209624   0
0.550630009532944   0.414236032545758   0.00970213587815638   -0.0218018560981077   0
0.615178640098142   0.446345371194213   0.0645486305651984   0.0321093386484555   0
0.603162769668719   0.457945972069577   -0.0120158704294236   0.011600600875364   0
0.5655006467723   0.440744486135958   -0.0376621228964186   -0.0172014859336188   0
0.567646442677914   0.439707824192668   0.00214579590561348   -0.00103666194329066   0
0.591593730309078   0.452622925226396   0.0239472876311642   0.0129151010337286   0
0.567216636908644   0.454521294188182   -0.024377093400434   0.0018983689617858   0
0.55145706880206   0.440708738302578   -0.0157595681065834   -0.0138125558856044   0
0.543202329575491   0.422560498798397   -0.00825473922656983   -0.0181482395041809   0
0.543892882515443   0.438429059532725   0.000690552939951905   0.0158685607343284   0
0.544012080678444   0.435122794977464   0.000119198163001544   -0.00330626455526156   0
