0.145988571477393   0.129588435076293   0   0   0
0.0569452326795106   0.144514850340795   -0.0890433387978828   0.0149264152645028   0
0.194598155471012   0.127064750501703   0.137652922791501   -0.0174500998390925   0
0.114828511779836   0.130085078920115   -0.079769643691176   0.00302032841841193   0
0.0731645738521233   0.137889062924013   -0.0416639379277124   0.00780398400389851   0
0.0288625701284986   0.109834108562925   -0.0443020037236247   -0.0280549543610878   0
0.120240126220202   0.100717805278225   0.0913775560917029   -0.00911630328470021   0
0.0222805160084411   0.0921758157100468   -0.0979596102117604   -0.00854198956817852   0
0.0239110721943224   0.0843710543288544   0.00163055618588135   -0.00780476138119235   0
0.0452645165609708   0.081136833681211   0.0213534443666484   -0.00323422064764338   0
0.0374584220569273   0.0813905922316118   -0.00780609450404347   0.000253758550400746   0
0.0329296293553936   0.0711520398767491   -0.00452879270153374   -0.0102385523548626   0
0.0243099900802448   0.0557949213299024   -0.00861963927514881   -0.0153571185468467   0
0.0947702577302415   0.0597177951725447   0.0704602676499967   0.00392287384264225   0
0.0346153404420006   0.0390367762458044   -0.0601549172882409   -0.0206810189267403   0
0.0603536862743535   0.029891571520999   0.025738345832353   -0.00914520472480539   0
0.0560966081057302   0.0272735862160168   -0.00425707816862332   -0.00261798530498226   0
0.0135710227262723   0.0271203401632428   -0.0425255853794579   -0.000153246052773979   0
0.0970485263070409   0.0256777680455433   0.0834775035807685   -0.00144257211769948   0
0.106060411678438   0.016849731443615   0.00901188537139692   -0.00882803660192828   0
0.00855036126032234   0.00386508045499043   -0.0975100504181154   -0.0129846509886246   0
0.0477861751387757   0.00185822524965328   0.0392358138784534   -0.00200685520533714   0
0.0251747249480585   0.0179593259606785   -0.0226114501907172   0.0161011007110252   0
0.028316164169345   0.0157460779401205   0.00314143922128653   -0.00221324802055799   0
0.0525153141112771   0.0162742609123917   0.0241991499419321   0.0005281829722712   0
0.0593524321406461   0.0250180226813012   0.00683711802936901   0.00874376176890948   0
0.0441018924113422   0.0190454755134809   -0.0152505397293039   -0.00597254716782029   0
0.11301105867038   0.0173857923878838   0.0689091662590375   -0.00165968312559704   0
0.0455543922723155   0.0181597216576163   -0.0674566663980642   0.000773929269732493   0
0.082006885736321   0.0135180018958471   0.0364524934640054   -0.00464171976176927   0
0.168549606821523   0.0134214586467539   0.0865427210852021   -9.65432490931707e-05   0
0.180109848965624   0.0291248445713381   0.0115602421441013   0.0157033859245842   0
0.0663595878159509   0.0266399684295801   -0.113750261149673   -0.00248487614175795   0
0.162683978577609   0.0443142646831029   0.0963243907616583   0.0176742962535228   0
0.171482639015091   0.0580913825708254   0.00879866043748179   0.0137771178877225   0
0.235934054596241   0.0919912249059795   0.0644514155811496   0.0338998423351541   0
0.165759563328898   0.0832789015949118   -0.0701744912673427   -0.00871232331106769   0
0.180017394318195   0.0774482473528453   0.0142578309892969   -0.00583065424206654   0
0.212372862813402   0.064613697784719   0.0323554684952071   -0.0128345495681262   0
0.227982308549677   0.0799913438933551   0.0156094457362749   0.0153776461086361   0
0.186843232544532   0.0695870809507591   -0.0411390760051449   -0.010404262942596   0
0.0640418848850696   0.0609933144179959   -0.122801347659462   -0.00859376653276325   0
0.0476114173446874   0.0939560625005247   -0.0164304675403822   0.0329627480825288   0
0.0748710141237582   0.0882132376133692   0.0272595967790708   -0.00574282488715551   0
0.121966591131547   0.0930061937365061   0.047095577007789   0.0047929561231369   0
0.13733661759043   0.087655877611944   0.0153700264588828   -0.00535031612456209   0
0.165436765254915   0.0876088159753468   0.0281001476644855   -4.70616365971649e-05   0
0.160742083279053   0.0882008355314875   -0.00469468197586245   0.00059201955614066   0
0.119998730844372   0.0879038305939508   -0.0407433524346811   -0.000297004937536677   0
0.145948989088688   0.118134642160344   0.0259502582443163   0.0302308115663931   0
0.181187523349733   0.124720131694927   0.0352385342610448   0.00658548953458338   0
0.276194149367795   0.123807492124871   0.0950066260180623   -0.000912639570056259   0
0.184367433879218   0.15043492464708   -0.0918267154885772   0.0266274325222085   0
0.194998480037897   0.144588280688685   0.0106310461586787   -0.0058466439583944   0
0.209937370963366   0.147899293020699   0.0149388909254694   0.00331101233201359   0
0.185584105365918   0.162891307281735   -0.0243532655974482   0.0149920142610359   0
0.213073877990223   0.163040414346996   0.0274897726243051   0.000149107065260917   0
0.223935254523935   0.162387586481549   0.0108613765337122   -0.000652827865446737   0
0.221905586693981   0.178287683010493   -0.00202966782995392   0.0159000965289441   0
0.212022379976737   0.18084324023181   -0.0098832067172438   0.00255555722131667   0
0.228564362904544   0.185342849298941   0.0165419829278064   0.00449960906713154   0
0.235016416328754   0.199612308554489   0.00645205342420971   0.0142694592555478   0
0.225461470020245   0.207066005786199   -0.00955494630850812   0.00745369723170958   0
0.27036331944441   0.212710934576128   0.0449018494241644   0.00564492878992992   0
0.277890643646021   0.217931367808193   0.00752732420161151   0.00522043323206478   0
0.270908702535024   0.221174241502599   -0.00698194111099759   0.00324287369440582   0
0.264516222183064   0.234534252557596   -0.00639248035195988   0.0133600110549965   0
0.294707638073736   0.248991583719711   0.0301914158906719   0.0144573311621158   0
0.277514435424538   0.261432708088047   -0.0171932026491978   0.0124411243683357   0
0.296596817137606   0.276522466688513   0.0190823817130679   0.0150897586004664   0
0.286043816355117   0.27972296009132   -0.0105530007824887   0.00320049340280626   0
0.309657243538868   0.288455069868342   0.0236134271837511   0.00873210977702227   0
0.329360155186932   0.344799293562936   0.0197029116480638   0.0563442236945945   0
0.370726979137222   0.303370631733693   0.0413668239502896   -0.0414286618292433   0
0.351510246452874   0.360387517274461   -0.0192167326843479   0.057016885540768   0
0.350507295763212   0.321198389924747   -0.00100295068966144   -0.0391891273497139   0
0.354802821798249   0.31178675306249   0.00429552603503663   -0.00941163686225743   0
0.350282839651673   0.322797326042596   -0.00451998214657551   0.0110105729801061   0
0.369573000009809   0.308675533120541   0.0192901603581352   -0.0141217929220552   0
0.331208173708395   0.32543039114571   -0.0383648263014141   0.0167548580251696   0
0.350482565565664   0.317110244152172   0.0192743918572696   -0.00832014699353845   0
0.360005192976726   0.372177277039115   0.0095226274110623   0.055067032886943   0
0.375199197313121   0.324668046308841   0.0151940043363942   -0.0475092307302734   0
0.376435019012897   0.320383811918611   0.00123582169977626   -0.00428423439023023   0
0.38724930594515   0.336244468604318   0.0108142869322526   0.0158606566857065   0
0.374231163492566   0.324654212223174   -0.013018142452583   -0.0115902563811432   0
0.370307389326705   0.341710880942867   -0.00392377416586132   0.0170566687196922   0
0.387665710611607   0.349202157421027   0.0173583212849022   0.00749127647816072   0
0.373376140149936   0.358115193124014   -0.0142895704616717   0.00891303570298685   0
0.370568496471516   0.354287330057822   -0.00280764367841962   -0.00382786306619243   0
0.397777980489431   0.335928082682514   0.0272094840179148   -0.0183592473753078   0
0.400501351747482   0.343466339192067   0.00272337125805078   0.00753825650955292   0
0.383371056155782   0.342923487301836   -0.0171302955916993   -0.000542851890230955   0
0.410581421082944   0.358287021719985   0.0272103649271619   0.015363534418149   0
0.439666932291945   0.392919942817796   0.029085511209001   0.0346329210978109   0
0.421266514949729   0.392828975271813   -0.0184004173422166   -9.09675459831449e-05   0
0.422072862360354   0.406854148859883   0.000806347410625408   0.0140251735880705   0
0.410209679950693   0.419021581470752   -0.0118631824096612   0.0121674326108686   0
0.414107463844882   0.439782325477901   0.00389778389418871   0.0207607440071487   0
0.430429816265103   0.431299086231933   0.016322352420221   -0.00848323924596794   0
0.420984791344343   0.445105963672978   -0.00944502492075971   0.0138068774410449   0
0.422598287552091   0.461817247208514   0.00161349620774831   0.0167112835355368   0
0.419448096644865   0.470493876819614   -0.00315019090722624   0.00867662961109955   0
0.415484212997125   0.462379778997741   -0.00396388364774036   -0.00811409782187267   0
0.440035129103348   0.470862372454255   0.0245509161062232   0.00848259345651431   0
0.432506580537268   0.465228131920244   -0.00752854856608021   -0.0056342405340114   0
0.455864236807451   0.498668089200121   0.0233576562701835   0.033439957279877   0
0.478981216422941   0.474408720957204   0.0231169796154895   -0.0242593682429174   0
0.471525890221311   0.460696983632952   -0.00745532620162948   -0.0137117373242522   0
0.42354835410418   0.468583479504986   -0.0479775361171311   0.00788649587203488   0
0.481965629915661   0.491973365409399   0.058417275811481   0.0233898859044125   0
0.466065800007939   0.488837220875467   -0.0158998299077224   -0.00313614453393202   0
0.470656522522529   0.512237219241486   0.00459072251459036   0.0233999983660189   0
0.503996628880666   0.535219165440196   0.0333401063581367   0.0229819461987103   0
0.490297233646669   0.550493891506754   -0.013699395233997   0.015274726066558   0
0.490426239026829   0.53383625531852   0.000129005380159752   -0.0166576361882341   0
0.493373819468575   0.550963772766413   0.00294758044174642   0.0171275174478934   0
0.498042773598814   0.534881852815647   0.00466895413023943   -0.0160819199507659   0
0.490837732104257   0.553140401882967   -0.00720504149455775   0.0182585490673193   0
0.510162534232533   0.566302707610073   0.0193248021282759   0.0131623057271064   0
0.507206836690753   0.558935065864989   -0.00295569754177971   -0.00736764174508386   0
0.503922563936415   0.559179793723137   -0.00328427275433807   0.000244727858147664   0
0.520512196540878   0.571958441129686   0.0165896326044636   0.0127786474065487   0
0.506610391321822   0.5568497797775   -0.0139018052190559   -0.0151086613521859   0
0.505731701785888   0.55744733507144   -0.00087868953593484   0.000597555293940011   0
0.506881659279797   0.548906110043876   0.00114995749390912   -0.00854122502756349   0
0.501891851064709   0.563940899696059   -0.00498980821508765   0.0150347896521823   0
0.503259075063938   0.559577916294282   0.00136722399922851   -0.00436298340177699   0
0.500145885518416   0.54022628649229   -0.00311318954552198   -0.0193516298019913   0
0.517450856010501   0.553689713085316   0.0173049704920852   0.0134634265930261   0
0.508210042621985   0.558690502884647   -0.00924081338851568   0.00500078979933083   0
0.502222163592966   0.549992162701661   -0.00598787902901909   -0.00869834018298643   0
0.46504995780131   0.531506535591285   -0.0371722057916563   -0.0184856271103757   0
0.463778775582109   0.524399984857694   -0.00127118221920097   -0.00710655073359068   0
0.459820235975974   0.542491766738215   -0.00395853960613524   0.0180917818805209   0
0.447520994235187   0.523183949718079   -0.0122992417407868   -0.0193078170201357   0
0.490680119245482   0.574751861617527   0.0431591250102949   0.0515679118994471   0
0.541516704716752   0.628844159460235   0.0508365854712705   0.0540922978427087   0
0.533348475428739   0.621644404718043   -0.00816822928801331   -0.00719975474219248   0
0.557035229405609   0.667184857685634   0.0236867539768707   0.0455404529675913   0
0.573159413979217   0.66884454074882   0.016124184573608   0.00165968306318587   0
0.558488663429259   0.683872300412328   -0.0146707505499585   0.0150277596635083   0
0.577193819766809   0.661124713182959   0.0187051563375504   -0.0227475872293693   0
0.579606408861013   0.670660375042018   0.00241258909420383   0.00953566185905874   0
0.574570777386424   0.692587472491562   -0.00503563147458885   0.0219270974495441   0
0.586483427865477   0.708211029723839   0.0119126504790524   0.0156235572322769   0
0.608434992344531   0.707262318455819   0.0219515644790547   -0.000948711268020097   0
0.58312555807999   0.707793083772546   -0.0253094342645412   0.000530765316727022   0
0.585873515534206   0.709061707482854   0.00274795745421619   0.001268623710308   0
0.599607714096675   0.721596411913543   0.0137341985624687   0.0125347044306895   0
0.603751663697915   0.715042980761472   0.00414394960123965   -0.00655343115207174   0
0.600254882354121   0.719703251614337   -0.0034967813437935   0.0046602708528658   0
0.610614664070918   0.738444906702084   0.0103597817167966   0.0187416550877469   0
0.614805144771707   0.694414694724629   0.00419048070078942   -0.0440302119774552   0
0.614791125297853   0.706404342088333   -1.40194738547095e-05   0.0119896473637036   0
0.634701098873761   0.738663252863746   0.0199099735759085   0.032258910775413   0
0.63807316827907   0.745565085962487   0.00337206940530854   0.00690183309874104   0
0.65508161105392   0.743347791131614   0.0170084427748508   -0.00221729483087252   0
0.65241729157481   0.760453999144754   -0.00266431947911094   0.0171062080131402   0
0.635297803502963   0.750483938389923   -0.017119488071846   -0.0099700607548312   0
0.626119081262414   0.7626871182859   -0.00917872224054905   0.0122031798959765   0
0.632629138751164   0.761221720441062   0.00651005748875   -0.0014653978448379   0
0.688224188317295   0.766150852419091   0.0555950495661309   0.00492913197802924   0
0.68632169248174   0.78778929489823   -0.00190249583555535   0.0216384424791387   0
0.680897050774197   0.783945818201105   -0.00542464170754264   -0.00384347669712481   0
0.677695976001776   0.78225107219054   -0.00320107477242115   -0.00169474601056463   0
0.65346771788513   0.79384184805114   -0.0242282581166461   0.0115907758606001   0
0.661633583520365   0.826559637132887   0.00816586563523491   0.0327177890817467   0
0.676462721895752   0.824811902699034   0.0148291383753874   -0.00174773443385356   0
0.698755300061474   0.826182841584718   0.0222925781657213   0.00137093888568485   0
0.675141152907035   0.808304144041091   -0.023614147154439   -0.0178786975436279   0
0.666740660549932   0.821028060767261   -0.0084004923571025   0.0127239167261709   0
0.686823278768203   0.838042858364803   0.0200826182182705   0.017014797597542   0
0.708731610815406   0.837326326187109   0.0219083320472033   -0.000716532177694851   0
0.671784568885264   0.817155838048196   -0.0369470419301421   -0.0201704881389122   0
0.710462066277293   0.847374833583276   0.0386774973920286   0.0302189955350792   0
0.730361927760093   0.84646202100109   0.0198998614828009   -0.000912812582185452   0
0.731987681633434   0.881194594689646   0.00162575387334096   0.0347325736885561   0
0.727826329340317   0.881278710581959   -0.00416135229311698   8.41158923126084e-05   0
0.763025700487972   0.891184890741534   0.0351993711476545   0.00990618015957523   0
0.774672918125863   0.928038389751335   0.0116472176378911   0.0368534990098006   0
0.760399310532357   0.898633059961768   -0.0142736075935059   -0.029405329789567   0
0.783734331983103   0.929246965841697   0.0233350214507455   0.0306139058799294   0
0.789737484354136   0.883865112695512   0.00600315237103388   -0.0453818531461853   0
0.769869452944043   0.877847108726941   -0.0198680314100935   -0.00601800396857066   0
0.793704336706535   0.90577055998139   0.0238348837624915   0.0279234512544484   0
0.828682805598137   0.905551059593687   0.0349784688916025   -0.000219500387702243   0
0.837011612453495   0.932494575703258   0.0083288068553582   0.0269435161095711   0
0.807439536267633   0.941183244086931   -0.0295720761858622   0.00868866838367277   0
0.852942884785898   0.937936686943874   0.0455033485182652   -0.00324655714305755   0
0.816030667958166   0.897581539757809   -0.0369122168277326   -0.0403551471860643   0
0.802928218480357   0.896744828812662   -0.0131024494778086   -0.000836710945147701   0
0.827275247169888   0.923042148599402   0.0243470286895314   0.0262973197867401   0
0.802948507913831   0.917312866182525   -0.0243267392560574   -0.00572928241687631   0
0.830978726931721   0.991294428020757   0.0280302190178905   0.0739815618382316   0
0.843942039522881   0.966721280942573   0.0129633125911595   -0.0245731470781837   0
0.858154835600779   0.965108070864217   0.0142127960778979   -0.00161321007835658   0
0.845841041379525   0.95305925080881   -0.0123137942212536   -0.012048820055407   0
0.827649311735568   0.954960431182884   -0.0181917296439569   0.00190118037407427   0
0.848817787030532   0.958117373704287   0.0211684752949637   0.00315694252140275   0
0.853463312898926   0.97465968032642   0.00464552586839373   0.0165423066221336   0
0.770725938347899   0.915378405111924   -0.0827373745510264   -0.0592812752144962   0
0.788893469859296   0.894476086028409   0.0181675315113965   -0.0209023190835148   0
0.861264362532782   0.971498121604077   0.0723708926734863   0.0770220355756676   0
0.828885421180785   0.955124965063851   -0.0323789413519969   -0.016373156540226   0
0.81826564642322   0.950420583230163   -0.0106197747575655   -0.00470438183368815   0
0.821090426212996   0.960942630197558   0.00282477978977647   0.0105220469673947   0
0.828649894482833   0.979362234290893   0.00755946826983656   0.0184196040933355   0
0.796073848490829   0.927496626291034   -0.0325760459920035   -0.0518656079998591   0
0.824558134832378   0.965147700269368   0.0284842863415485   0.0376510739783341   0
0.839585213763916   0.966349219304802   0.0150270789315378   0.00120151903543364   0
0.827792335438448   1.00525435841495   -0.0117928783254676   0.0389051391101469   0
0.844839418020371   0.976520202331217   0.0170470825819233   -0.0287341560837322   0
0.845496507812563   0.993495783817048   0.000657089792191923   0.0169755814858311   0
0.873535872505531   1.01643145686268   0.0280393646929681   0.0229356730456373   0
0.873795318236622   1.02473014178417   0.000259445731090824   0.00829868492148278   0
0.875006257066777   1.01045760693225   0.00121093883015433   -0.0142725348519175   0
0.852008565539103   1.01669733817395   -0.0229976915276737   0.00623973124170218   0
0.842872824424302   1.02658806965221   -0.00913574111480098   0.00989073147825725   0
0.826067086752644   1.01269832346509   -0.0168057376716582   -0.0138897461871217   0
0.842776175041749   1.00109338128368   0.0167090882891048   -0.0116049421814035   0
0.848186060706971   1.03817345988327   0.00540988566522282   0.0370800785995857   0
0.848866815497784   1.04085028775948   0.00068075479081231   0.00267682787621348   0
0.862194585289632   1.01706024507942   0.0133277697918479   -0.0237900426800686   0
0.856063272705353   1.02479622172459   -0.00613131258427835   0.00773597664517744   0
0.892420413528288   1.03170631313192   0.0363571408229345   0.00691009140732279   0
0.878648255544214   1.07237687323534   -0.0137721579840739   0.0406705601034225   0
0.849864369158985   1.07749322082972   -0.0287838863852284   0.00511634759438051   0
0.855030461691301   1.09918642099509   0.00516609253231615   0.0216932001653738   0
0.861745897269607   1.09417821490891   0.00671543557830545   -0.00500820608618158   0
0.874182614589766   1.06903608953124   0.0124367173201595   -0.0251421253776685   0
0.851615046277366   1.06502210704473   -0.0225675683124006   -0.00401398248651041   0
0.932262861580896   1.09489231229651   0.0806478153035297   0.029870205251779   0
0.924203738190882   1.07580616352343   -0.00805912339001358   -0.0190861487730811   0
0.9157755470365   1.09517519032162   -0.00842819115438243   0.0193690267981921   0
0.991015703979004   1.10042807425576   0.075240156942504   0.0052528839341428   0
0.956568488889844   1.06746604640487   -0.0344472150891593   -0.0329620278508915   0
0.944667199116175   1.11069745260534   -0.0119012897736689   0.0432314062004711   0
0.938912701472954   1.11030874716326   -0.00575449764322167   -0.000388705442083026   0
0.963005460057211   1.12236434267231   0.024092758584257   0.0120555955090509   0
0.957828319659113   1.11234828853298   -0.0051771403980978   -0.0100160541393317   0
0.968632789093452   1.11495447772331   0.0108044694343392   0.00260618919032596   0
0.999619375209064   1.13790936743014   0.0309865861156121   0.022954889706829   0
1.01235058347245   1.14491042757993   0.0127312082633809   0.0070010601497914   0
1.00899283618567   1.14323553714895   -0.00335774728677629   -0.00167489043097557   0
1.04384776261436   1.15628465220777   0.0348549264286886   0.0130491150588219   0
1.02963014977515   1.15628465220777   -0.0142176128392064   0   0
1.03161100312957   1.15770639171003   0.00198085335442011   0.00142173950225399   0
1.03427675250341   1.14478239651134   0.00266574937383868   -0.0129239951986855   0
0.994383415622968   1.11670820735947   -0.0398933368804419   -0.0280741891518719   0
