0.049025000572565   0.259454942350787   0   0   0
0.126403013249092   0.233431160205664   0.0773780126765265   -0.0260237821451224   0
0.0687085173597393   0.208900325323879   -0.0576944958893522   -0.0245308348817852   0
0.0789499170585378   0.187630173905012   0.0102413996987985   -0.0212701514188672   0
0.0426865775425953   0.204264456306182   -0.0362633395159425   0.0166342824011697   0
0.169172658666878   0.206275067867823   0.126486081124283   0.00201061156164142   0
0.0890469571606464   0.155623970949248   -0.0801257015062316   -0.0506510969185746   0
0.11944055034551   0.174830754313593   0.030393593184864   0.0192067833643448   0
0.130244765292199   0.18024806581137   0.0108042149466886   0.00541731149777683   0
0.191565966869379   0.189989158346898   0.06132120157718   0.00974109253552746   0
0.0839419793885676   0.183103563543463   -0.107623987480811   -0.00688559480343454   0
0.0989095396681154   0.164247705196389   0.0149675602795478   -0.0188558583470742   0
0.153275113784985   0.125710822071811   0.0543655741168693   -0.0385368831245774   0
0.0933176363995837   0.100710323218526   -0.059957477385401   -0.0250004988532853   0
0.0671086768983195   0.0772221339179059   -0.0262089595012641   -0.0234881893006202   0
0.0807036318212508   0.0589510320543714   0.0135949549229313   -0.0182711018635345   0
0.16105749474225   0.0576370818685464   0.0803538629209996   -0.00131395018582497   0
0.0439025719076104   0.0150109700887593   -0.11715492283464   -0.0426261117797872   0
0.055885911617529   0.00958540774010292   0.0119833397099186   -0.00542556234865633   0
0.124063192247379   0.058912222870038   0.0681772806298495   0.049326815129935   0
0.00667099075842562   0.017089397173731   -0.117392201488953   -0.041822825696307   0
0.029634023850474   0.0311698638961678   0.0229630330920484   0.0140804667224368   0
0.225833183377023   0.0305085690041294   0.196199159526549   -0.000661294892038401   0
0.110252678082697   0.0285512491185263   -0.115580505294326   -0.00195731988560308   0
0.0630963798151685   0.0351030743693928   -0.0471562982675289   0.00655182525086653   0
0.0625892672795424   0.0221774282157591   -0.000507112535626034   -0.0129256461536337   0
0.0960109709902264   0.0428454068593706   0.033421703710684   0.0206679786436114   0
0.0404940715146563   0.0576602903272477   -0.0555168994755701   0.0148148834678772   0
0.150154437087886   0.0782391681411235   0.10966036557323   0.0205788778138758   0
0.0510341609996677   0.047313988384277   -0.0991202760882186   -0.0309251797568465   0
0.0786463896771492   0.0421061790824506   0.0276122286774815   -0.00520780930182641   0
0.107337606424682   0.0429918762229854   0.0286912167475331   0.000885697140534832   0
0.0825988075067068   0.0479436338409403   -0.0247387989179755   0.00495175761795483   0
0.0938590865079136   0.0495416424225368   0.0112602790012068   0.00159800858159656   0
0.176192889608236   0.0472233843146857   0.0823338031003223   -0.00231825810785116   0
0.0810842590810325   0.0571655694415135   -0.0951086305272034   0.00994218512682783   0
0.102786406556996   0.0708307430689528   0.0217021474759632   0.0136651736274393   0
0.0918494345744708   0.0551663687738834   -0.0109369719825248   -0.0156643742950694   0
0.10822898579498   0.0952211036719277   0.0163795512205092   0.0400547348980443   0
0.111673798917606   0.0742630462710088   0.00344481312262637   -0.0209580574009189   0
0.0931033607388181   0.0746418312929821   -0.0185704381787883   0.000378785021973263   0
0.14301055625376   0.0748744639789328   0.0499071955149424   0.000232632685950668   0
0.0991477822494281   0.0986732939541394   -0.0438627740043324   0.0237988299752066   0
0.0991975706022078   0.0946656763977842   4.9788352779731e-05   -0.00400761755635518   0
0.128462653089526   0.116477809221371   0.0292650824873186   0.0218121328235863   0
0.128729261778548   0.10189059446059   0.000266608689021841   -0.0145872147607801   0
0.161567277802283   0.108254987402128   0.0328380160237345   0.00636439294153808   0
0.123390151028232   0.110604527926157   -0.0381771267740503   0.00234954052402875   0
0.160829943049436   0.122580801564132   0.0374397920212038   0.0119762736379743   0
0.162236230038207   0.121613141469847   0.00140628698877071   -0.000967660094284645   0
0.116246434942711   0.135133116660249   -0.0459897950954957   0.0135199751904022   0
0.146946836825023   0.122862612943076   0.030700401882312   -0.0122705037171736   0
0.13762024741992   0.132502701349105   -0.00932658940510322   0.00964008840602901   0
0.133188595835755   0.142047950866072   -0.00443165158416536   0.00954524951696739   0
0.163107424461457   0.140327549252526   0.0299188286257026   -0.00172040161354636   0
0.164532036893883   0.162178016232935   0.0014246124324255   0.021850466980409   0
0.166655677716692   0.151710279077268   0.0021236408228095   -0.0104677371556668   0
0.147270305349246   0.231271898133588   -0.0193853723674465   0.0795616190563197   0
0.939574584225755   1.97789690268477   0.792304278876509   1.74662500455118   1
0.701862755118121   1.74683312122688   -0.237711829107633   -0.231063781457886   1
0.73656611586062   1.76484698210079   0.0347033607424985   0.0180138608739036   0
0.683992584483926   1.77513059067643   -0.0525735313766943   0.0102836085756441   0
0.7219720561573   1.7375204788319   0.0379794716733748   -0.0376101118445253   0
0.708196427909658   1.71723786610533   -0.0137756282476419   -0.0202826127265705   0
0.658352977483963   1.70678441706363   -0.0498434504256949   -0.0104534490416996   0
0.766228802709739   1.68630636378365   0.107875825225775   -0.02047805327998   0
0.731499871599442   1.62470681899505   -0.0347289311102971   -0.0615995447886086   0
0.694792209059658   1.64148309207017   -0.0367076625397835   0.0167762730751257   0
0.672686817966578   1.65807820997691   -0.0221053910930804   0.0165951179067434   0
0.750672406614896   1.61901747269671   0.0779855886483182   -0.0390607372802023   0
0.697049913363455   1.63962653420253   -0.0536224932514412   0.0206090615058174   0
0.672039710729954   1.6442409539742   -0.0250102026335012   0.00461441977167398   0
0.741462557585344   1.5882445174626   0.0694228468553905   -0.0559964365116061   0
0.724287661975544   1.59794894607118   -0.0171748956098001   0.00970442860858389   0
0.68354327135376   1.60929274508253   -0.040744390621784   0.0113437990113441   0
0.647520141322639   1.59840777292592   -0.0360231300311213   -0.0108849721566051   0
0.772832334443248   1.57845664176277   0.125312193120609   -0.0199511311631511   0
0.66885474928642   1.61425442054405   -0.103977585156828   0.0357977787812787   0
0.676108964740152   1.59183719590612   0.00725421545373184   -0.0224172246379313   0
0.688184074545466   1.55723320820141   0.0120751098053145   -0.0346039877047086   0
0.684951407742914   1.5421913843558   -0.00323266680255208   -0.0150418238456111   0
0.649990189456733   1.57737638565245   -0.034961218286181   0.0351850012966572   0
0.638717466301024   1.53673840419116   -0.011272723155709   -0.0406379814612918   0
0.699988262074444   1.52386074272463   0.0612707957734195   -0.012877661466536   0
0.677137760126401   1.57343716527107   -0.0228505019480424   0.0495764225464403   0
0.660546962343329   1.55438102611691   -0.0165907977830719   -0.0190561391541597   0
0.652855836946412   1.51466536922648   -0.00769112539691741   -0.0397156568904236   0
0.685176260322116   1.49981015088986   0.032320423375704   -0.0148552183366284   0
0.641200183746044   1.51552637811224   -0.0439760765760724   0.0157162272223834   0
0.650220513925853   1.50412667769581   0.00902033017980919   -0.0113997004164237   0
0.726661039983568   1.47762789804673   0.0764405260577149   -0.0264987796490843   0
0.653606988706486   1.49544426362444   -0.073054051277082   0.0178163655777115   0
0.633075785677355   1.53674354796303   -0.0205312030291309   0.0412992843385875   0
0.691144088263077   1.45901728775707   0.0580683025857224   -0.0777262602059583   0
0.712588737232073   1.46218301691862   0.0214446489689956   0.003165729161553   0
0.626058993028261   1.45936103059695   -0.0865297442038119   -0.00282198632167163   0
0.649955384685749   1.4763479094055   0.0238963916574881   0.0169868788085505   0
0.641701648984168   1.42310077854566   -0.00825373570158128   -0.0532471308598479   0
0.70899707699468   1.45293271560179   0.0672954280105121   0.0298319370561375   0
0.640810340581361   1.44654942531019   -0.0681867364133187   -0.00638329029159967   0
0.669380104232266   1.43066714155355   0.0285697636509054   -0.0158822837566452   0
0.697400890301267   1.46269916610944   0.0280207860690006   0.0320320245558916   0
0.575274467958043   1.45138940189401   -0.122126422343224   -0.0113097642154303   0
0.602625784215213   1.39511401151152   0.0273513162571691   -0.0562753903824913   0
0.626086887843053   1.3616748069531   0.0234611036278408   -0.0334392045584186   0
0.573000766821965   1.37017059380055   -0.0530861210210883   0.00849578684745378   0
0.580239506540187   1.37147744017686   0.00723873971822209   0.00130684637630307   0
0.604189529543503   1.37427159902647   0.0239500230033163   0.00279415884960987   0
0.666805881392029   1.3837806684954   0.0626163518485251   0.00950906946892904   0
0.597318511831837   1.38097919182753   -0.0694873695601919   -0.0028014766678679   0
0.593433732806789   1.35492674402493   -0.00388477902504725   -0.0260524478025963   0
0.611738515793309   1.37460222868346   0.0183047829865191   0.0196754846585245   0
0.578980060169985   1.37446308515232   -0.032758455623323   -0.000139143531139529   0
0.648219176489712   1.34638050402925   0.0692391163197262   -0.0280825811230638   0
0.619766890846873   1.35996549911719   -0.0284522856428385   0.0135849950879359   0
0.567654751844816   1.3669655105699   -0.0521121390020569   0.00700001145271045   0
0.567010160958558   1.34419091359414   -0.000644590886258234   -0.0227745969757533   0
0.66044932365398   1.34205266024186   0.0934391626954222   -0.00213825335228623   0
0.573933684209247   1.35705944157591   -0.0865156394447328   0.0150067813340486   0
0.567904673626208   1.36950873049207   -0.00602901058303928   0.012449288916162   0
0.601850825210035   1.34383273946211   0.0339461515838267   -0.0256759910299553   0
0.595960244678284   1.351967094871   -0.00589058053175096   0.00813435540888596   0
0.580700649599258   1.35880578559802   -0.0152595950790261   0.00683869072701881   0
0.577048845984021   1.34716199373966   -0.0036518036152372   -0.011643791858361   0
0.609424837929994   1.35162915810866   0.0323759919459738   0.0044671643690013   0
0.631230444481253   1.36506032424069   0.0218056065512584   0.0134311661320323   0
0.573616524039022   1.33777564683521   -0.0576139204422308   -0.0272846774054833   0
0.602043714813135   1.3388257843252   0.0284271907741134   0.00105013748999672   0
0.611405880096847   1.32619065594583   0.00936216528371159   -0.0126351283793782   0
0.566799095228247   1.32104832140838   -0.0446067848685996   -0.00514233453744528   0
0.582363521515179   1.30969690503528   0.0155644262869312   -0.0113514163730979   0
0.594146135320259   1.30074964487174   0.0117826138050807   -0.00894726016354253   0
0.616444565333331   1.3112491597074   0.0222984300130721   0.0104995148356579   0
0.593883611130161   1.32052190303312   -0.0225609542031708   0.00927274332571715   0
0.582997360111519   1.31157856535718   -0.0108862510186418   -0.00894333767593181   0
0.597436212123939   1.32803554816468   0.01443885201242   0.0164569828074959   0
1.40525955101326   1.17948540393489   0.807823338889325   -0.148550144229786   1
1.1549049065382   1.10762586487157   -0.250354644475068   -0.0718595390633212   1
0.962435894612207   0.992936583821968   -0.192469011925989   -0.114689281049605   0
0.87097362594814   0.915881235942461   -0.0914622686640678   -0.0770553478795069   0
0.82119044437514   0.88760915721746   -0.0497831815729998   -0.0282720787250009   0
0.77928812313124   0.853540789037788   -0.0419023212439003   -0.0340683681796721   0
0.73075753172486   0.853540013234841   -0.0485305914063794   -7.75802947328152e-07   0
0.739066548136743   0.838181003122535   0.00830901641188231   -0.0153590101123062   0
0.730690805056208   0.840797804199418   -0.00837574308053413   0.00261680107688333   0
0.696428537363425   0.832155179282249   -0.034262267692783   -0.00864262491716872   0
0.659099103324234   0.828725981401573   -0.037329434039191   -0.00342919788067619   0
0.669713075494581   0.823843063855156   0.0106139721703463   -0.00488291754641734   0
0.669870818366497   0.810640834175808   0.000157742871915834   -0.0132022296793475   0
0.649815711119614   0.814599261517588   -0.0200551072468824   0.00395842734178009   0
0.647166905128723   0.811806888861045   -0.00264880599089168   -0.00279237265654286   0
0.662613494685431   0.805415484958695   0.0154465895567086   -0.00639140390235016   0
0.641570557282089   0.818547719930243   -0.0210429374033424   0.0131322349715483   0
0.614217940791711   0.813948250777192   -0.0273526164903777   -0.00459946915305176   0
0.638964030540092   0.803311440863069   0.0247460897483811   -0.0106368099141227   0
0.609040498366898   0.822000564313066   -0.0299235321731939   0.0186891234499975   0
0.623988937038951   0.816943555669546   0.0149484386720528   -0.00505700864352077   0
0.62120197785494   0.828248889151836   -0.00278695918401062   0.0113053334822901   0
0.591872214825539   0.810032907986614   -0.0293297630294014   -0.0182159811652221   0
0.629772845888135   0.813342284104454   0.0379006310625954   0.00330937611784021   0
0.633218801230862   0.812976516423598   0.00344595534272751   -0.0003657676808555   0
0.586728206354322   0.813947299381539   -0.0464905948765398   0.000970782957940175   0
0.563321063124964   0.818946835493611   -0.0234071432293579   0.00499953611207238   0
0.597543547342794   0.822232820795303   0.0342224842178298   0.00328598530169155   0
0.580868364624585   0.817234607660646   -0.016675182718209   -0.00499821313465643   0
0.552484567423381   0.806862909489121   -0.0283837972012045   -0.0103716981715247   0
0.558977983765273   0.814532600520845   0.0064934163418926   0.00766969103172321   0
0.595247079220226   0.806351051796301   0.0362690954549528   -0.00818154872454413   0
0.582287226807988   0.82368322117623   -0.0129598524122377   0.0173321693799294   0
1.00623876475169   0.803472820223248   0.423951537943699   -0.0202104009529818   0
0.454600604874488   0.733360871799996   -0.551638159877199   -0.0701119484232523   1
0.576851928028329   0.68852059880533   0.122251323153841   -0.0448402729946661   0
0.495988288483518   0.708473458395937   -0.0808636395448102   0.0199528595906076   0
0.483275616368134   0.682102648576627   -0.0127126721153843   -0.0263708098193099   0
0.512108705964857   0.693047880493476   0.0288330895967224   0.010945231916849   0
0.483715964514259   0.702897577788542   -0.0283927414505974   0.00984969729506591   0
0.466713638736603   0.687036018524502   -0.0170023257776566   -0.0158615592640402   0
0.493447565447688   0.683618770824427   0.0267339267110852   -0.00341724770007545   0
0.491182909785357   0.670045344261305   -0.00226465566233092   -0.0135734265631221   0
0.48152543023396   0.664209532191462   -0.00965747955139706   -0.00583581206984307   0
0.551870392006574   0.702212687371319   0.0703449617726146   0.0380031551798576   0
0.779968243146995   0.745147560887272   0.228097851140421   0.0429348735159524   1
0.540768151675004   0.674750500151537   -0.239200091471991   -0.070397060735734   0
0.489545078732909   0.640243600752675   -0.051223072942095   -0.0345068993988629   0
0.48967175440359   0.606398804575215   0.000126675670681364   -0.0338447961774593   0
0.479195289489045   0.618240986847969   -0.0104764649145448   0.0118421822727532   0
0.454854242649983   0.594034182393151   -0.024341046839062   -0.0242068044548172   0
0.488878557546759   0.571114780418525   0.0340243148967758   -0.0229194019746265   0
0.453119882295158   0.588211587642789   -0.0357586752516015   0.0170968072242637   0
0.47567224720448   0.572241680890819   0.0225523649093224   -0.0159699067519696   0
0.490133668181864   0.579592216200753   0.0144614209773843   0.00735053530993368   0
0.489617371817014   0.553926838537816   -0.000516296364850621   -0.0256653776629364   0
0.467317397183544   0.550637684418257   -0.0222999746334694   -0.00328915411955921   0
0.472961222256212   0.543745392889218   0.00564382507266759   -0.00689229152903903   0
0.46216207791342   0.569067534120951   -0.0107991443427921   0.0253221412317333   0
0.474380621881839   0.5539153040917   0.0122185439684188   -0.0151522300292516   0
0.467434025165049   0.561288405130108   -0.00694659671678927   0.00737310103840816   0
0.481678715853379   0.534899959920544   0.0142446906883294   -0.0263884452095634   0
0.476614650699661   0.534871520277066   -0.00506406515371766   -2.84396434783174e-05   0
0.463326688228727   0.546106749066746   -0.0132879624709341   0.01123522878968   0
0.473355058240395   0.540199467076051   0.0100283700116684   -0.00590728199069457   0
0.477173098483098   0.519985890768442   0.00381804024270221   -0.0202135763076097   0
0.476819088714997   0.551036945925362   -0.000354009768100849   0.0310510551569199   0
0.465901903767306   0.522803833987711   -0.0109171849476908   -0.0282331119376508   0
0.481269306213694   0.494471507812887   0.0153674024463877   -0.0283323261748238   0
0.488376955561992   0.549687451998406   0.00710764934829844   0.055215944185519   0
0.489759327821329   0.575503037157494   0.00138237225933696   0.025815585159088   0
0.471379083397551   0.546776377277311   -0.0183802444237776   -0.0287266598801833   0
0.496790303280579   0.540949165635968   0.0254112198830279   -0.0058272116413427   0
0.496152329677298   0.512242028664429   -0.000637973603281494   -0.0287071369715388   0
0.482538810821472   0.525828318426509   -0.0136135188558262   0.0135862897620797   0
0.479734443141537   0.55257785015575   -0.00280436767993436   0.0267495317292407   0
0.492069980846058   0.511911807801403   0.0123355377045208   -0.040666042354347   0
0.513561304563535   0.520870175262032   0.0214913237174769   0.00895836746062961   0
0.480927728897898   0.496898945298991   -0.032633575665637   -0.0239712299630407   0
0.496801728494417   0.493578680039464   0.0158739995965186   -0.00332026525952694   0
0.492654263464755   0.528646734690805   -0.0041474650296619   0.0350680546513402   0
0.473624398200399   0.530536460485752   -0.0190298652643558   0.00188972579494739   0
0.474063438244545   0.559104327513211   0.000439040044146632   0.0285678670274589   0
0.480081700496124   0.507574059776502   0.00601826225157837   -0.0515302677367091   0
0.46788907297991   0.54162200070275   -0.0121926275162135   0.0340479409262483   0
0.445653714133519   0.513951524331332   -0.0222353588463917   -0.0276704763714181   0
0.472868789052788   0.50242510409463   0.0272150749192692   -0.011526420236702   0
0.461630885931607   0.502933424393577   -0.0112379031211813   0.000508320298946985   0
0.436034791944221   0.501687718291219   -0.0255960939873857   -0.00124570610235764   0
0.434359081141352   0.513474282202381   -0.00167571080286844   0.0117865639111611   0
0.468951545428736   0.53034790771766   0.0345924642873837   0.0168736255152797   0
0.466692314952796   0.528566304465674   -0.00225923047593984   -0.00178160325198595   0
0.446760773247747   0.566641960024803   -0.0199315417050492   0.0380756555591283   0
0.44884544646358   0.583130801318195   0.00208467321583244   0.0164888412933922   0
0.44114255437245   0.550562014421854   -0.00770289209112957   -0.0325687868963407   0
0.39696768792102   0.464581053109681   -0.0441748664514304   -0.0859809613121734   0
0.405163776939955   0.447493757977974   0.00819608901893581   -0.0170872951317063   0
0.437024064268777   0.471067312767772   0.0318602873288214   0.0235735547897977   0
0.369781662455685   0.44596002508661   -0.067242401813092   -0.025107287681162   0
0.391322137830202   0.461205344635391   0.0215404753745177   0.0152453195487811   0
0.394118175587843   0.464912634197276   0.00279603775764076   0.0037072895618846   0
0.377993864311168   0.448775058520691   -0.0161243112766749   -0.0161375756765844   0
0.382759824695556   0.437858716149685   0.00476596038438776   -0.0109163423710069   0
0.375818854231078   0.439333430952221   -0.0069409704644785   0.00147471480253658   0
0.399389384848922   0.466312455000132   0.023570530617844   0.0269790240479107   0
0.423803967995818   0.43404953198771   0.024414583146896   -0.0322629230124221   0
0.397431662346484   0.426624561267281   -0.0263723056493332   -0.00742497072042886   0
0.403846751418703   0.434167004276292   0.00641508907221894   0.00754244300901136   0
0.402011267579853   0.432507670934285   -0.00183548383885052   -0.00165933334200702   0
0.399675894727078   0.42326654429833   -0.00233537285277524   -0.00924112663595544   0
0.421866475412541   0.437053910769312   0.0221905806854633   0.0137873664709825   0
0.409078123812555   0.451885002035363   -0.012788351599986   0.0148310912660506   0
0.391191822362943   0.431111429405728   -0.0178863014496123   -0.0207735726296349   0
0.391246887074198   0.469286627344899   5.50647112551039e-05   0.0381751979391707   0
