2.38572946954784e-09   0.003027605   0   0   0
0.355020684403388   0.324315634521915   0.355020682017659   0.321288029521915   1
0.422433962900049   0.380722524325275   0.067413278496661   0.0564068898033602   0
0.470752050959282   0.451737456292369   0.0483180880592325   0.0710149319670935   0
0.473188980734981   0.518387647909422   0.00243692977569926   0.0666501916170528   0
0.416814544691053   0.4062888281001   -0.0563744360439276   -0.112098819809322   0
0.266515349350783   0.212833839705555   -0.15029919534027   -0.193454988394545   0
0.382948362320052   0.340828154569865   0.116433012969269   0.12799431486431   0
0.450936964331557   0.419390270931992   0.0679886020115049   0.0785621163621271   0
0.452817410324747   0.444987192021905   0.00188044599318959   0.0255969210899128   0
0.446050460227719   0.468734829078457   -0.0067669500970276   0.0237476370565515   0
0.527585266726858   0.593050204389822   0.0815348064991389   0.124315375311366   0
0.626500739263259   0.704438478437125   0.0989154725364009   0.111388274047303   0
0.589706185437876   0.650307099329917   -0.0367945538253833   -0.0541313791072088   0
0.65850958511418   0.763420360867506   0.0688033996763048   0.113113261537589   0
0.6809148089855   0.810209432938214   0.0224052238713196   0.0467890720707086   0
0.634683065259016   0.808733564113863   -0.0462317437264842   -0.00147586882435069   0
0.632126390552174   0.779037459171908   -0.00255667470684151   -0.0296961049419553   0
0.725704457746513   0.878338955970581   0.0935780671943384   0.099301496798673   0
0.68822988850241   0.842597544442465   -0.0374745692441024   -0.0357414115281156   0
0.700051791907149   0.852392581196298   0.0118219034047387   0.00979503675383209   0
0.613169485367219   0.789043192167775   -0.08688230653993   -0.0633493890285225   0
0.734266155338539   0.847709347962313   0.121096669971321   0.0586661557945382   0
0.698456233508307   0.918746983801275   -0.0358099218302328   0.0710376358389616   0
0.657865885236148   0.905994011292155   -0.040590348272159   -0.0127529725091196   0
0.730689775459435   0.958604980876019   0.0728238902232877   0.0526109695838638   0
0.866722695357177   1.09815077041498   0.136032919897742   0.139545789538959   0
0.810786634176489   1.06717728210075   -0.0559360611806878   -0.0309734883142239   0
0.745305197484574   0.99308980958726   -0.0654814366919151   -0.0740874725134942   0
0.783988022422671   1.06993617140303   0.0386828249380965   0.076846361815769   0
0.793111937973758   1.03391522539377   0.00912391555108727   -0.036020946009254   0
0.77974696524386   1.04675908982096   -0.0133649727298976   0.0128438644271889   0
0.760267299459506   1.03147817757634   -0.0194796657843547   -0.0152809122446227   0
0.779967712586393   1.03963844567703   0.0197004131268872   0.00816026810068982   0
0.7716093250244   1.09066922476352   -0.00835838756199303   0.0510307790864868   0
0.866625318853298   1.13445586852588   0.095015993828898   0.0437866437623642   0
0.827174826809454   1.14070129187191   -0.039450492043844   0.00624542334603051   0
0.814172884912197   1.1196527583061   -0.0130019418972566   -0.0210485335658115   0
0.81613028796376   1.13260155550867   0.00195740305156278   0.0129487972025664   0
0.869735081516205   1.16338861977931   0.053604793552445   0.0307870642706438   0
0.841960000095016   1.17123448044798   -0.0277750814211887   0.00784586066866999   0
0.801888687868965   1.11689312031001   -0.0400713122260516   -0.0543413601379685   0
0.834684656433794   1.14077106947857   0.0327959685648289   0.0238779491685541   0
0.830934327302706   1.15448774205146   -0.00375032913108808   0.0137166725728954   0
0.855959976064886   1.19076484848282   0.0250256487621804   0.0362771064313574   0
0.839765806165028   1.22913049162609   -0.0161941698998576   0.0383656431432731   0
0.803584530877742   1.15871854983015   -0.0361812752872869   -0.0704119417959408   0
0.877232605942688   1.21562664350133   0.0736480750649469   0.0569080936711823   0
0.84119196945406   1.20029103098161   -0.0360406364886284   -0.0153356125197268   0
0.812919732046404   1.26007127020756   -0.0282722374076561   0.0597802392259554   0
0.852762802257632   1.26231843165186   0.0398430702112286   0.00224716144429249   0
0.896763127150085   1.2446885296287   0.0440003248924528   -0.0176299020231574   0
0.889662795968225   1.26450625577634   -0.00710033118185993   0.0198177261476427   0
0.822061889595887   1.23304847700293   -0.0676009063723384   -0.0314577787734085   0
0.823977248063319   1.21780423141296   0.00191535846743196   -0.0152442455899711   0
0.895504502519669   1.25649534645665   0.0715272544563501   0.0386911150436866   0
0.872571118891177   1.24468342924064   -0.0229333836284924   -0.0118119172160034   0
0.870866356531816   1.21689834406936   -0.00170476235936068   -0.0277850851712802   0
0.780999689020425   1.20193061411277   -0.0898666675113912   -0.0149677299565931   0
0.857215552058524   1.27793735438953   0.0762158630380992   0.0760067402767637   0
0.835835924641912   1.25644632835359   -0.0213796274166119   -0.0214910260359473   0
0.847462938649827   1.24393512036802   0.0116270140079147   -0.0125112079855638   0
0.888175306250968   1.29893673571569   0.0407123676011408   0.0550016153476696   0
0.901829079068756   1.3490115643258   0.013653772817788   0.0500748286101065   0
0.887583316446969   1.30505766422313   -0.0142457626217868   -0.043953900102673   0
0.850883521004491   1.31380863579424   -0.0366997954424779   0.00875097157111382   0
0.926070399019966   1.37057045342783   0.0751868780154756   0.0567618176335918   0
0.873678223309932   1.27140318686776   -0.0523921757100341   -0.0991672665600727   0
0.89293240657622   1.31101350490139   0.0192541832662877   0.0396103180336356   0
0.887165960438068   1.27690863542238   -0.00576644613815191   -0.0341048694790127   0
0.857292520791474   1.29356275289726   -0.0298734396465941   0.0166541174748784   0
0.911089698796447   1.27745827271498   0.0537971780049725   -0.0161044801822758   0
0.883002862709969   1.24886034661386   -0.0280868360864778   -0.0285979261011202   0
0.853715818876568   1.27117584167843   -0.0292870438334004   0.0223154950645632   0
0.847610400866955   1.29508974864142   -0.00610541800961351   0.0239139069629946   0
0.860793718132864   1.29082024728916   0.0131833172659087   -0.00426950135226067   0
0.874424671422302   1.35200376781295   0.013630953289438   0.0611835205237843   0
0.808381687060487   1.26543829306753   -0.0660429843618143   -0.0865654747454208   0
0.84863070148858   1.29426567021864   0.0402490144280931   0.0288273771511125   0
0.899813556459892   1.27254587815778   0.0511828549713119   -0.0217197920608558   0
0.894302242869093   1.34329431464588   -0.00551131359079959   0.070748436488101   0
0.86309919213321   1.28766344397014   -0.0312030507358826   -0.0556308706757436   0
0.918547116322837   1.34828871883371   0.0554479241896271   0.0606252748635725   0
0.885932811614967   1.33044873052036   -0.0326143047078704   -0.0178399883133473   0
0.51132276631924   0.819276287166329   -0.374610045295727   -0.511172443354036   0
0.708261788405424   0.997490464483246   0.196939022086185   0.178214177316917   0
0.790082258578972   1.10925612024467   0.0818204701735479   0.11176565576142   0
0.883184631676186   1.2071646218501   0.0931023730972137   0.0979085016054357   0
0.840956985262029   1.21200037235566   -0.0422276464141571   0.00483575050555429   0
0.885222005184152   1.26228382870098   0.0442650199221228   0.0502834563453216   0
0.885359964828431   1.24412398805997   0.000137959644279095   -0.0181598406410057   0
0.894499722278325   1.31033119679759   0.00913975744989393   0.0662072087376158   0
0.841770225582373   1.2448006061178   -0.0527294966959513   -0.0655305906797852   0
0.875159363841809   1.29078126318182   0.0333891382594357   0.0459806570640151   0
0.950854506909443   1.29777061229296   0.0756951430676339   0.00698934911114391   0
0.985332492158865   1.32151862211472   0.0344779852494222   0.0237480098217624   0
0.912564888129058   1.32957013386677   -0.0727676040298073   0.00805151175204544   0
0.952710060084914   1.33069039773044   0.0401451719558559   0.00112026386367159   0
0.963857732405566   1.32972842135998   0.0111476723206524   -0.000961976370463136   0
1.05293497100676   1.34146209606925   0.0890772386011909   0.0117336747092696   0
0.977447746526637   1.36577840243989   -0.0754872244801205   0.0243163063706393   0
0.973034160407537   1.38765952366458   -0.00441358611909981   0.0218811212246897   0
0.986395448418128   1.39061770671391   0.0133612880105913   0.00295818304933171   0
1.01975477087827   1.4223866542507   0.0333593224601454   0.0317689475367913   0
0.959562441375755   1.39058449515168   -0.0601923295025182   -0.0318021590990207   0
0.98292864598047   1.40141561128605   0.0233662046047146   0.0108311161343699   0
1.0143672986468   1.44688253608577   0.0314386526663269   0.0454669247997246   0
0.991158957545156   1.4349841539038   -0.0232083411016411   -0.0118983821819751   0
0.926246379263099   1.3983772909166   -0.0649125782820572   -0.0366068629871983   0
0.952812712103486   1.43501674048807   0.0265663328403871   0.0366394495714684   0
0.964545553232713   1.42521969986324   0.011732841129227   -0.00979704062483333   0
0.978057846490176   1.39178092564742   0.0135122932574629   -0.0334387742158113   0
0.962678999861324   1.38392320939693   -0.0153788466288513   -0.00785771625049358   0
1.01767024159941   1.42609109974872   0.0549912417380848   0.0421678903517848   0
0.885612824388288   1.36735606401734   -0.132057417211122   -0.0587350357313721   0
1.04720472988666   1.49443728070343   0.161591905498376   0.127081216686083   0
0.901613016630749   1.41593971984553   -0.145591713255914   -0.0784975608578919   0
0.971977643309248   1.43539456967631   0.070364626678499   0.0194548498307798   0
0.990687080159018   1.44981743699181   0.0187094368497696   0.0144228673154956   0
1.02411768938389   1.46324352744459   0.0334306092248732   0.013426090452785   0
1.00053407047336   1.45186948979109   -0.0235836189105263   -0.011374037653501   0
0.96668561597657   1.38603296096251   -0.033848454496795   -0.0658365288285845   0
1.05162096482002   1.50286251971396   0.0849353488434552   0.116829558751454   0
1.00772201686279   1.44944962547798   -0.0438989479572396   -0.0534128942359848   0
0.964760236161296   1.44261706530571   -0.0429617807014893   -0.00683256017227074   0
1.03925785809009   1.45923577947645   0.0744976219287932   0.0166187141707455   0
1.00173764459613   1.42782474535813   -0.0375202134939605   -0.0314110341183258   0
0.973307262035479   1.42834333922258   -0.0284303825606501   0.000518593864449635   0
1.00747388976291   1.42139287106882   0.0341666277274274   -0.00695046815376088   0
0.988412006109295   1.49361900160759   -0.0190618836536115   0.072226130538773   0
0.919245284352332   1.458148364151   -0.0691667217569624   -0.0354706374565841   0
0.957295773748636   1.47998096612254   0.0380504893963041   0.0218326019715331   0
0.803422646373626   1.08160739495265   -0.153873127375011   -0.398373571169891   0
0.539852493531335   0.355036366470394   -0.263570152842291   -0.726571028482252   1
0.569632796830555   0.251489012846009   0.0297803032992199   -0.103547353624385   0
0.52873602974925   0.204447993711115   -0.0408967670813045   -0.0470410191348941   0
0.492083462195185   0.198852666856777   -0.0366525675540652   -0.00559532685433733   0
0.642041506224624   0.265832850455413   0.149958044029439   0.0669801835986357   0
0.680831869472192   0.318980508273233   0.0387903632475679   0.0531476578178198   0
0.6146216253857   0.513178201845373   -0.066210244086492   0.19419769357214   0
0.651151645158822   0.533673335519726   0.0365300197731215   0.0204951336743534   0
0.730584673437652   0.563447089300539   0.0794330282788299   0.0297737537808135   0
0.774594112614445   0.653474515923345   0.0440094391767938   0.0900274266228054   0
0.698075741646456   0.768458710667821   -0.0765183709679891   0.114984194744476   0
0.693414373609813   0.681871975401175   -0.00466136803664285   -0.0865867352666466   0
0.755136731148578   0.72764100668891   0.0617223575387648   0.0457690312877352   0
0.668116939231008   0.799687847433297   -0.0870197919175705   0.0720468407443873   0
0.745092062845096   0.698731042502228   0.0769751236140881   -0.100956804931069   0
0.850848556452933   0.80192511058842   0.105756493607837   0.103194068086192   0
0.736320064666066   0.752902884713062   -0.114528491786867   -0.0490222258753585   0
0.745432576463096   0.76959745488031   0.00911251179703021   0.0166945701672477   0
0.710515448122699   0.685575314954528   -0.0349171283403973   -0.0840221399257818   0
0.808429769160562   0.780976214145636   0.0979143210378632   0.0954008991911081   0
0.850102316501373   0.849488183886039   0.0416725473408104   0.0685119697404027   0
0.784883403428745   0.767638837494723   -0.0652189130726277   -0.0818493463913154   0
0.820815095404383   0.833372495995788   0.0359316919756377   0.0657336585010651   0
0.808206177508289   0.822513341233594   -0.0126089178960936   -0.0108591547621947   0
0.79475840785109   0.817541014494839   -0.0134477696571988   -0.00497232673875503   0
0.867406516554378   0.930318692594237   0.0726481087032874   0.112777678099398   0
0.944511136617584   1.14296639995288   0.0771046200632061   0.212647707358645   0
0.835698192932113   0.989197844362416   -0.10881294368547   -0.153768555590466   0
0.92115030581574   0.973148091745162   0.0854521128836263   -0.0160497526172541   0
0.911263378876922   1.00693917182867   -0.00988692693881787   0.0337910800835044   0
0.852309647829649   1.0312293988112   -0.0589537310472723   0.0242902269825291   0
0.970936345466066   1.2338432177089   0.118626697636417   0.202613818897704   0
1.01310065434191   1.1762857642768   0.042164308875841   -0.0575574534321019   0
0.997550838482932   1.1612040601899   -0.0155498158589753   -0.0150817040869011   0
0.727605430316459   0.481439983010863   -0.269945408166472   -0.679764077179033   1
0.670392135146893   0.174458627904243   -0.0572132951695665   -0.30698135510662   1
0.668725410328552   0.240217385190586   -0.00166672481834096   0.0657587572863428   0
0.641972831746796   0.275181997725978   -0.0267525785817559   0.0349646125353914   0
0.636053192371518   0.1848285612369   -0.00591963937527751   -0.0903534364890777   0
0.630929052567719   0.182758669202038   -0.00512413980379911   -0.00206989203486191   0
0.621630365882178   0.15543840898971   -0.00929868668554179   -0.0273202602123276   0
0.673498165663842   0.179540932547574   0.0518677997816643   0.0241025235578635   0
0.721084285908548   0.226151441111924   0.0475861202447057   0.04661050856435   0
0.622245240198982   0.453910255876543   -0.0988390457095655   0.227758814764619   0
0.661623937078791   0.452400301926015   0.039378696879809   -0.00150995395052717   0
0.722525913670257   0.464976203456962   0.060901976591466   0.0125759015309464   0
0.829994735436918   0.735935323549434   0.107468821766661   0.270959120092472   0
0.690655362887519   0.619139675011423   -0.1393393725494   -0.116795648538011   0
0.685938103712142   0.55432027908783   -0.00471725917537613   -0.0648193959235922   0
0.693171132863083   0.380189605838324   0.00723302915094071   -0.174130673249507   0
0.61450184390061   0.436636333936492   -0.0786692889624729   0.0564467280981685   0
0.738465742784836   0.448229341414359   0.123963898884226   0.0115930074778666   0
0.779177620262473   0.494426811385922   0.0407118774776363   0.0461974699715631   0
0.762952719436296   0.516584221562419   -0.0162249008261762   0.0221574101764966   0
0.635842686125884   0.434582899890516   -0.127110033310412   -0.0820013216719029   0
0.752285905428249   0.410786932814933   0.116443219302364   -0.023795967075583   0
0.412430821489192   0.142636264922118   -0.339855083939057   -0.268150667892815   0
0.468509701652847   0.0836584730459503   0.0560788801636551   -0.0589777918761672   0
0.570105407758074   0.174435924629998   0.101595706105227   0.0907774515840482   0
0.552790214554789   0.212955899887747   -0.0173151932032849   0.0385199752577482   0
0.632398936134621   0.283650238914587   0.0796087215798313   0.0706943390268407   0
0.644973524629887   0.322260827060147   0.0125745884952668   0.0386105881455596   0
0.674765859181339   0.378519525274064   0.0297923345514511   0.0562586982139166   0
0.618679145770213   0.286099159187339   -0.0560867134111258   -0.0924203660867244   0
0.546325903927738   0.273450802038415   -0.0723532418424747   -0.012648357148924   0
0.627799971425684   0.412464142878053   0.0814740674979461   0.139013340839638   0
0.855073283841081   0.751054258055465   0.227273312415397   0.338590115177412   0
0.592469335912248   0.723694445718088   -0.262603947928833   -0.0273598123373778   0
0.821516214420811   0.736095039087759   0.229046878508563   0.0124005933696718   0
0.889980228656659   0.845943687055616   0.0684640142358484   0.109848647967857   0
0.620249085490886   0.702138949378433   -0.269731143165774   -0.143804737677183   0
0.654137651273298   0.156027318187593   0.033888565782412   -0.54611163119084   1
0.740610026428923   0.265399489758534   0.0864723751556254   0.10937217157094   0
0.718841311114832   0.238680570265098   -0.0217687153140915   -0.0267189194934354   0
0.785097827496682   0.196919910346846   0.0662565163818506   -0.041760659918252   0
0.848857351209996   0.207871385255619   0.0637595237133137   0.0109514749087727   0
0.838364934482144   0.210785768471955   -0.0104924167278516   0.00291438321633566   0
0.836612641359489   0.272872916103339   -0.00175229312265568   0.0620871476313845   0
0.997805914487171   0.287872834152669   0.161193273127683   0.0149999180493297   0
0.934204428294621   0.307779175136854   -0.06360148619255   0.0199063409841855   0
0.881982333054727   0.305852304223476   -0.0522220952398941   -0.00192687091337795   0
0.885874935961443   0.405326167489915   0.00389260290671534   0.0994738632664384   0
0.961915465809049   0.327889519533901   0.0760405298476068   -0.0774366479560137   0
0.896153875272372   0.289629070040043   -0.0657615905366774   -0.0382604494938583   0
0.853575268642367   0.31852289162437   -0.0425786066300045   0.0288938215843269   0
0.828253432644743   0.193358101868657   -0.0253218359976244   -0.125164789755713   0
0.903798936258177   0.276796404584981   0.075545503613434   0.0834383027163239   0
0.851080453492389   0.262640534531991   -0.0527184827657883   -0.01415587005299   0
0.835503251046512   0.414861689814632   -0.0155772024458772   0.152221155282641   0
0.942024580564632   0.315663091601568   0.10652132951812   -0.0991985982130642   0
0.93661454996405   0.503957959135683   -0.00541003060058154   0.188294867534115   1
1.05998314822882   1.2003052885483   0.123368598264774   0.696347329412619   1
0.826974720670765   0.788290756829752   -0.233008427558059   -0.41201453171855   1
0.96917502650368   0.6337068176708   0.142200305832915   -0.154583939158952   0
0.921580093200021   0.635289240365912   -0.0475949333036593   0.00158242269511244   0
0.991964268060201   0.564171813653263   0.0703841748601797   -0.071117426712649   0
0.979269361238679   0.578630461030605   -0.0126949068215221   0.0144586473773411   0
1.02552737030997   0.526744982888883   0.0462580090712948   -0.0518854781417213   0
0.843635693357796   0.472340458354525   -0.181891676952177   -0.0544045245343586   0
0.799310570812378   0.462599598836294   -0.0443251225454181   -0.00974085951823089   0
0.938598764594211   0.430419132198198   0.139288193781833   -0.0321804666380957   0
0.981704572264487   0.431911193377357   0.0431058076702759   0.00149206117915857   0
0.950592039019373   0.385180115956357   -0.0311125332451139   -0.0467310774209999   0
0.98342209973281   0.398354219051026   0.0328300607134371   0.0131741030946687   0
0.998109736802021   0.357338184782249   0.0146876370692107   -0.0410160342687768   0
1.02174730152631   0.374308238849097   0.0236375647242858   0.0169700540668481   0
1.04836789725546   0.368252745360588   0.0266205957291556   -0.00605549348850892   0
1.06909517972939   0.395927677285259   0.0207272824739242   0.0276749319246709   0
1.02041624586129   0.361352455568206   -0.0486789338681013   -0.0345752217170525   0
1.08256286737134   0.346841849401586   0.062146621510051   -0.0145106061666203   0
0.959729643582629   0.38242930276523   -0.122833223788708   0.0355874533636439   0
0.616803275288167   0.728675266385893   -0.342926368294462   0.346245963620663   1
0.569726689640471   0.877028341426674   -0.0470765856476953   0.148353075040781   0
0.784809627085607   0.551614236078222   0.215082937445136   -0.325414105348452   0
0.825190112258799   0.50308626309957   0.040380485173192   -0.0485279729786515   0
0.812908669589795   0.434554871020407   -0.0122814426690048   -0.0685313920791633   0
0.963679067471967   0.481122189164821   0.150770397882173   0.0465673181444142   0
