0.0762867366174776   0.23689275365342   0   0   0
0.0737702718087035   0.202636254052057   -0.00251646480877411   -0.0342564996013627   0
0.066217180079342   0.17588304352751   -0.00755309172936158   -0.0267532105245474   0
0.0739518997144766   0.176055477476561   0.00773471963513463   0.000172433949051282   0
0.0630590917696251   0.17479813401321   -0.0108928079448515   -0.00125734346335171   0
0.0578967670200159   0.157801541262475   -0.00516232474960921   -0.016996592750735   0
0.0775819107507672   0.156674163847298   0.0196851437307513   -0.00112737741517657   0
0.0481503347453275   0.147002551731263   -0.0294315760054397   -0.00967161211603559   0
0.0686040944516763   0.132830231154244   0.0204537597063488   -0.0141723205770181   0
0.0932223579819241   0.124900666850862   0.0246182635302478   -0.00792956430338249   0
0.0323198164095977   0.112316146142941   -0.0609025415723264   -0.0125845207079208   0
0.0359350584050506   0.0748923492323148   0.00361524199545294   -0.0374237969106263   0
0.0281063741754428   0.102783465876436   -0.00782868422960779   0.0278911166441213   0
0.0412756073144902   0.0592571941508793   0.0131692331390474   -0.0435262717255568   0
0.0650481851612518   0.15870264731375   0.0237725778467616   0.0994454531628707   0
0.0319007850412807   0.107824053924959   -0.0331474001199711   -0.0508785933887908   0
0.0700841969139263   0.0700783691877351   0.0381834118726456   -0.037745684737224   0
0.0637435243184749   0.064032960384965   -0.00634067259545144   -0.00604540880277009   0
0.0291590415223135   0.0511765400626596   -0.0345844827961614   -0.0128564203223054   0
0.0187845847787514   0.0282323129172053   -0.010374456743562   -0.0229442271454542   0
0.0118808263454736   0.0104049316045854   -0.00690375843327782   -0.01782738131262   0
0.00872834085204055   0.0230546115174925   -0.00315248549343306   0.0126496799129072   0
0.0205591756609184   0.0169495846739861   0.0118308348088779   -0.00610502684350643   0
0.0391211575001354   0.0192685978265804   0.018561981839217   0.00231901315259431   0
0.0370317024252518   0.0160889013590114   -0.0020894550748836   -0.00317969646756899   0
0.0641495546530138   0.0168888401560979   0.027117852227762   0.000799938797086466   0
0.070169892834993   0.0364842457480623   0.00602033818197922   0.0195954055919644   0
0.0305443718887064   0.0621434928489015   -0.0396255209462865   0.0256592471008393   0
0.0342045042447979   0.0637394238568645   0.0036601323560915   0.00159593100796293   0
0.0472303516193771   0.055450821181859   0.0130258473745792   -0.00828860267500551   0
0.0467761348627695   0.0463646169166275   -0.000454216756607631   -0.00908620426523141   0
0.0296978676482269   0.0592348560371552   -0.0170782672145426   0.0128702391205276   0
0.0706492970473875   0.0553199319932924   0.0409514293991607   -0.00391492404386275   0
0.0666118865076647   0.0691469823952029   -0.00403741053972284   0.0138270504019105   0
0.0643934501257698   0.0817545550435112   -0.00221843638189489   0.0126075726483083   0
0.0423689022837505   0.0729143634038761   -0.0220245478420193   -0.00884019163963513   0
0.0418861221610559   0.0948630454228358   -0.000482780122694593   0.0219486820189597   0
0.0576923931354906   0.0857328370861626   0.0158062709744346   -0.00913020833667313   0
0.036657189475927   0.0728421537515366   -0.0210352036595635   -0.012890683334626   0
0.049158243457939   0.1097628196086   0.0125010539820119   0.0369206658570631   0
0.0486704334447517   0.121393905039474   -0.000487810013187318   0.0116310854308742   0
0.0207919962566104   0.101867423098997   -0.0278784371881413   -0.0195264819404773   0
0.0373625396085919   0.0624714483610313   0.0165705433519815   -0.0393959747379653   0
0.0450703985065586   0.0873289279216372   0.0077078588979667   0.0248574795606059   0
0.0401235888501714   0.0674879020770019   -0.0049468096563872   -0.0198410258446352   0
0.078800556739848   0.0639994728490401   0.0386769678896766   -0.0034884292279618   0
0.107875070446976   0.0872986937765537   0.0290745137071279   0.0232992209275136   0
0.0813835126082494   0.0738547626623531   -0.0264915578387264   -0.0134439311142007   0
0.0667677356116141   0.0770558213566959   -0.0146157769966353   0.00320105869434281   0
0.0706022113518408   0.0470799984071261   0.00383447574022673   -0.0299758229495697   0
0.0679993503529262   0.041334873704325   -0.00260286099891464   -0.00574512470280112   0
0.0582457960125021   0.0574631411722332   -0.00975355434042412   0.0161282674679082   0
0.0522400283900191   0.0522196991315959   -0.00600576762248296   -0.00524344204063726   0
0.677731175846618   1.41764301476897   0.625491147456599   1.36542331563737   1
1.31895184799538   3.14161076235046   0.641220672148766   1.72396774758149   1
1.31271113495369   2.91893289736339   -0.00624071304169238   -0.22267786498707   1
1.27015948588996   2.64873595272618   -0.0425516490637348   -0.270196944637215   0
1.21473393442164   2.57045381630209   -0.0554255514683213   -0.0782821364240833   0
1.20273489148239   2.4981360124695   -0.0119990429392445   -0.0723178038325973   0
1.19938560495197   2.44372153068634   -0.00334928653042277   -0.0544144817831547   0
1.16777511269232   2.44724851677823   -0.031610492259649   0.00352698609188806   0
1.13917265577199   2.45487986120446   -0.0286024569203289   0.0076313444262337   0
1.13346007774902   2.38511349007259   -0.00571257802297254   -0.0697663711318746   0
1.14008084694376   2.35566069722345   0.00662076919474108   -0.0294527928491441   0
1.1441185762468   2.34775224317181   0.0040377293030387   -0.00790845405163854   0
1.13466053918651   2.30307398940226   -0.00945803706029302   -0.0446782537695452   0
1.1197341764071   2.24492005586441   -0.0149263627794034   -0.0581539335378554   0
1.10257219616731   2.25442453293878   -0.0171619802397895   0.00950447707437663   0
1.05464569017948   2.2013913468137   -0.047926505987828   -0.0530331861250799   0
1.094782750173   2.19060845324838   0.0401370599935171   -0.0107828935653251   0
1.13443380506621   2.11619114787447   0.0396510548932087   -0.0744173053739123   0
1.12086176587238   2.13507934515471   -0.0135720391938254   0.018888197280241   0
1.11417625063858   2.08205882688128   -0.00668551523380634   -0.0530205182734274   0
1.10045173335727   2.04125949768887   -0.0137245172813127   -0.040799329192414   0
1.0867950509889   2.05072922992609   -0.0136566823683681   0.00946973223722347   0
1.08830446529526   2.01707260683949   0.00150941430636653   -0.0336566230866007   0
1.06729417707195   2.00307474957582   -0.0210102882233141   -0.0139978572636639   0
1.06665405646125   1.96674785044328   -0.000640120610694961   -0.0363268991325476   0
1.05978940267003   1.98605618804869   -0.00686465379122891   0.0193083376054151   0
1.06988210822373   1.96896256498708   0.0100927055537028   -0.0170936230616123   0
1.06834730517863   1.97181340765709   -0.00153480304509901   0.00285084267000668   0
1.08517755375422   1.98356201463743   0.0168302485755933   0.0117486069803439   0
1.07236675405806   1.99778848973246   -0.0128107996961677   0.0142264750950294   0
1.05219214150223   2.00865216652324   -0.0201746125558295   0.0108636767907795   0
1.0460891029101   2.02357289212336   -0.00610303859212946   0.0149207256001209   0
1.08454377054985   2.02077765769431   0.0384546676397557   -0.00279523442905028   0
1.07597116361406   2.03262757698268   -0.00857260693578921   0.011849919288375   0
1.10750126004894   2.00224783292803   0.0315300964348817   -0.0303797440546529   0
1.06887075088359   1.96927207091542   -0.0386305091653589   -0.0329757620126134   0
1.0641991302312   1.99754793054416   -0.00467162065238669   0.0282758596287405   0
1.03268381059136   1.99770072470734   -0.0315153196398399   0.000152794163186254   0
1.02243950965839   2.01004945536702   -0.0102443009329682   0.0123487306596743   0
1.07309360828366   1.99735940862943   0.050654098625267   -0.0126900467375903   0
1.05952762419288   1.98293521811026   -0.0135659840907771   -0.0144241905191653   0
1.03444877916941   1.97633051294716   -0.0250788450234671   -0.00660470516309974   0
1.03182574522796   1.99445070609065   -0.00262303394145125   0.0181201931434882   0
1.05584365311376   1.99348846906447   0.0240179078857976   -0.000962237026183255   0
1.07099753613463   2.0108968961952   0.0151538830208664   0.017408427130734   0
1.05120220322535   1.97847175935455   -0.0197953329092713   -0.0324251368406498   0
1.05574884178616   1.96117523687367   0.00454663856080106   -0.0172965224808821   0
1.05464190938013   1.93760516254506   -0.0011069324060291   -0.0235700743286156   0
1.05657419124795   1.94486204008594   0.00193228186781846   0.00725687754088611   0
1.0676237042908   1.93307160530365   0.0110495130428547   -0.0117904347822866   0
1.07089728142806   1.96597628683232   0.0032735771372554   0.0329046815286662   0
1.0525546704205   1.9479986054438   -0.0183426110075542   -0.0179776813885184   0
1.07130737016798   1.94611736274306   0.0187526997474821   -0.00188124270074286   0
1.0890612599069   1.94104883104373   0.0177538897389191   -0.00506853169932509   0
1.05958572398478   1.96913149215517   -0.0294755359221182   0.0280826611114362   0
1.06119632330486   1.94001327155055   0.00161059932007923   -0.0291182206046257   0
1.07798659493894   1.93271389465629   0.0167902716340718   -0.00729937689425109   0
1.09465933345421   1.96288113805147   0.0166727385152721   0.0301672433951801   0
1.0630656620655   1.91182815454959   -0.0315936713887075   -0.0510529835018816   0
1.06854448908066   1.91023846555044   0.00547882701515601   -0.00158968899915291   0
1.08834459307036   1.91153485232901   0.0198001039897051   0.00129638677857313   0
1.0435110972742   1.91832004483826   -0.0448334957961585   0.00678519250924348   0
1.06770250655188   1.94251330763614   0.024191409277674   0.0241932627978845   0
1.06330298929893   1.94696267872865   -0.00439951725294696   0.00444937109251176   0
1.03822570817209   1.93492168142783   -0.0250772811268387   -0.0120409973008229   0
1.05317759764735   1.93115888036549   0.0149518894752576   -0.00376280106233784   0
1.04738330541072   1.93981578252298   -0.00579429223662631   0.00865690215749026   0
1.06538577547414   1.96242551590615   0.0180024700634203   0.0226097333831632   0
1.04045138451436   1.95209219803811   -0.0249343909597866   -0.0103333178680372   0
1.03924704106591   1.93315520127006   -0.00120434344844544   -0.0189369967680444   0
1.04078778335261   1.96273831193877   0.00154074228669976   0.0295831106687061   0
1.05168869785217   1.92965821791121   0.0109009144995631   -0.0330800940275642   0
1.0393842988308   1.85469109608184   -0.0123043990213703   -0.0749671218293677   0
1.03172245393741   1.86662924083929   -0.00766184489338895   0.0119381447574483   0
1.04855374491638   1.85228507942906   0.0168312909789636   -0.0143441614102311   0
1.03681648284045   1.87095441568882   -0.0117372620759284   0.0186693362597665   0
1.04001348873209   1.88841985558654   0.00319700589163929   0.0174654398977212   0
1.04806945586048   1.89804971770558   0.00805596712839507   0.0096298621190416   0
1.05427288622998   1.86216550781429   0.00620343036949533   -0.035884209891295   0
1.03013695375215   1.87252764806491   -0.0241359324778287   0.0103621402506198   0
1.05414981059745   1.89178322376733   0.0240128568453   0.0192555757024182   0
1.08136304220618   1.8846054944832   0.0272132316087323   -0.00717772928413174   0
1.05142017383442   1.88459865493671   -0.0299428683717637   -6.8395464873916e-06   0
1.02587166013745   1.88766139314848   -0.0255485136969726   0.00306273821176895   0
1.03872403242307   1.88901213549999   0.0128523722856271   0.00135074235151733   0
1.04142133462556   1.90317758215602   0.00269730220249031   0.0141654466560297   0
1.03916804890992   1.88671701093076   -0.00225328571564831   -0.0164605712252646   0
1.08010567263671   1.8789832534287   0.0409376237267993   -0.00773375750205996   0
1.03811185940172   1.89210552433823   -0.0419938132349977   0.0131222709095309   0
1.07991953535506   1.87308151158439   0.0418076759533437   -0.0190240127538441   0
1.03122658501672   1.84083619065521   -0.0486929503383438   -0.0322453209291722   0
1.03331501656852   1.83872864862124   0.00208843155180283   -0.00210754203397157   0
1.05407348187374   1.84527105603906   0.0207584653052253   0.00654240741781487   0
1.0411638494964   1.84288105330417   -0.0129096323773461   -0.00239000273488421   0
1.03964720902562   1.82947938608481   -0.0015166404707796   -0.0134016672193642   0
1.07939430677809   1.8236012875125   0.0397470977524739   -0.00587809857230859   0
1.04424444319039   1.84690872778306   -0.0351498635877019   0.0233074402705622   0
1.03473396743136   1.8426631902006   -0.00951047575902764   -0.00424553758246349   0
1.05281961546411   1.82003623944724   0.018085648032748   -0.0226269507533596   0
1.03759864985689   1.80067665596589   -0.0152209656072222   -0.0193595834813494   0
1.04654772930297   1.82005355307543   0.00894907944608447   0.0193768971095405   0
1.00426074432204   1.82548382422058   -0.0422869849809377   0.00543027114515127   0
1.0589280619859   1.81262892915821   0.0546673176638617   -0.012854895062369   0
1.07838756205967   1.82181954745455   0.0194595000737727   0.00919061829633661   0
1.03544766224647   1.84908949935752   -0.0429398998131956   0.0272699519029722   0
1.00799954860024   1.83776433321101   -0.0274481136462339   -0.0113251661465139   0
1.02683227791873   1.85591887912969   0.0188327293184851   0.0181545459186812   0
1.0632301738578   1.83075335618189   0.0363978959390749   -0.0251655229477998   0
1.05787128561381   1.80182485014152   -0.00535888824399366   -0.0289285060403728   0
1.03430950923327   1.81646702934832   -0.0235617763805414   0.0146421792068008   0
1.05615348458957   1.78059494497183   0.0218439753563033   -0.035872084376483   0
1.05543377955701   1.80865987035319   -0.000719705032557361   0.028064925381351   0
0.944207524859869   1.86476776980406   -0.111226254697143   0.056107899450873   0
0.906187379480844   1.82460337795951   -0.0380201453790245   -0.0401643918445496   0
0.914510483080014   1.76705809778039   0.00832310359916932   -0.0575452801791188   0
0.914950069817474   1.64508136670082   0.000439586737459807   -0.121976731079566   0
0.905004271835863   1.66607532160952   -0.00994579798161088   0.0209939549086917   0
0.858196408242455   1.67282880376565   -0.0468078635934079   0.00675348215612992   0
0.862762380204909   1.66222973685957   0.00456597196245423   -0.0105990669060705   0
0.8754756141551   1.66830263725178   0.0127132339501914   0.00607290039220687   0
0.879470101311579   1.66304986191425   0.0039944871564791   -0.0052527753375331   0
0.923761693826389   1.82591903877482   0.04429159251481   0.162869176860569   0
0.944485148269151   1.91005346652873   0.0207234544427615   0.0841344277539102   0
0.960666320569739   1.87092032003443   0.0161811723005879   -0.0391331464942963   0
1.02762049549676   2.09663716582752   0.0669541749270179   0.225716845793088   0
1.17633841524963   2.57192649769368   0.148717919752869   0.47528933186616   1
1.16079201571384   2.4331822660673   -0.0155463995357854   -0.138744231626382   0
1.12050367734426   2.35229190564493   -0.0402883383695842   -0.0808903604223663   0
1.10546041842393   2.29828956896959   -0.0150432589203304   -0.0540023366753437   0
1.1233899416881   2.23619656341258   0.0179295232641776   -0.0620930055570037   0
1.12372025466394   2.27247722696976   0.000330312975841407   0.0362806635571769   0
1.14089951588429   2.28439387646399   0.0171792612203423   0.0119166494942289   0
1.12898339676365   2.24918495055124   -0.0119161191206318   -0.0352089259127522   0
1.1451480708594   2.23757616542797   0.0161646740957426   -0.011608785123264   0
1.12946090591972   2.24462906261513   -0.015687164939675   0.00705289718715463   0
1.1133638368925   2.21243891873805   -0.0160970690272175   -0.0321901438770742   0
1.11881833691623   2.18474507230837   0.00545450002372583   -0.0276938464296785   0
1.09353071738612   2.19935268942417   -0.0252876195301117   0.0146076171157978   0
1.1305021565676   2.16702076182499   0.0369714391814835   -0.0323319275991816   0
1.0989464067483   2.19033461610791   -0.0315557498193026   0.0233138542829225   0
1.09218986805271   2.18018033906475   -0.00675653869558812   -0.0101542770431613   0
1.06855179758915   2.22110832476282   -0.0236380704635635   0.040927985698068   0
1.05632552642071   2.20020634655501   -0.0122262711684336   -0.0209019782078146   0
1.06562519761265   2.23128234360072   0.00929967119193553   0.0310759970457122   0
1.09018375717995   2.1942451860466   0.0245585595673032   -0.0370371575541215   0
1.0605840040308   2.18830646992186   -0.0295997531491552   -0.00593871612473329   0
1.05065497415802   2.21028844822629   -0.00992902987277344   0.0219819783044279   0
1.05053050163144   2.18947371710441   -0.000124472526587205   -0.0208147311218818   0
1.04569750141329   2.24011234619122   -0.0048330002181467   0.0506386290868139   0
1.02603250079761   2.20656639273172   -0.0196650006156798   -0.0335459534595   0
1.06071701079883   2.18912436525654   0.0346845100012163   -0.0174420274751825   0
1.03337151245668   2.19618087152994   -0.0273454983421506   0.00705650627339782   0
1.03566468694264   2.17581393958531   0.00229317448596467   -0.0203669319446247   0
1.04784052962796   2.20953642385864   0.0121758426853167   0.0337224842733259   0
1.07647031975666   2.18090472284895   0.0286297901286989   -0.0286317010096919   0
1.0531509565746   2.20481070271609   -0.0233193631820547   0.0239059798671439   0
1.05029623213501   2.23575150143893   -0.00285472443959178   0.0309407987228369   0
1.07907401287678   2.21194488019007   0.0287777807417706   -0.023806621248863   0
1.05077261929782   2.17892511176274   -0.0283013935789618   -0.0330197684273221   0
1.0665782365987   2.21118141736989   0.015805617300884   0.0322563056071479   0
1.06751034672878   2.20923558698686   0.000932110130076547   -0.00194583038302998   0
1.03814032223876   2.26415169872068   -0.0293700244900184   0.054916111733823   0
1.04262004616207   2.24974647838145   0.00447972392330986   -0.0144052203392295   0
1.07101311395379   2.226623729911   0.0283930677917212   -0.0231227484704584   0
1.08573750806583   2.23737635502367   0.0147243941120381   0.0107526251126746   0
1.09284025274786   2.18821670801706   0.00710274468202599   -0.0491596470066131   0
1.08169787215562   2.19639261519179   -0.0111423805922353   0.00817590717472738   0
1.07943856877314   2.20551797760948   -0.00225930338248403   0.00912536241769812   0
1.05850530747937   2.21325656016531   -0.0209332612937656   0.0077385825558216   0
1.06543798426093   2.22370373278181   0.00693267678156095   0.0104471726165061   0
1.05260500643356   2.23816798497566   -0.0128329778273706   0.0144642521938496   0
1.04235257356328   2.20253849460566   -0.0102524328702789   -0.0356294903700025   0
1.06572040496089   2.24179747667045   0.0233678313976049   0.0392589820647951   0
1.02697036832082   2.25872951098812   -0.0387500366400686   0.0169320343176627   0
1.04649450790198   2.23477320581231   0.0195241395811567   -0.0239563051758016   0
1.05053709270354   2.25386368258814   0.00404258480156039   0.0190904767758227   0
1.02146298146237   2.26231444160222   -0.0290741112411639   0.00845075901408165   0
1.02314355381149   2.25099245088071   0.00168057234911445   -0.0113219907215045   0
1.0325729197679   2.20544928023351   0.00942936595640953   -0.0455431706472056   0
1.05216865142666   2.20227220057725   0.0195957316587647   -0.00317707965625935   0
0.989617977428159   2.21045472441077   -0.0625506739985028   0.00818252383352513   0
0.981679805636237   2.18290225135182   -0.00793817179192213   -0.0275524730589525   0
0.932891849766628   2.18422698827193   -0.0487879558696093   0.00132473692010526   0
0.977149825104114   2.12308634152715   0.0442579753374861   -0.0611406467447808   0
0.987502320445881   2.09887483530542   0.0103524953417677   -0.0242115062217216   0
0.964814735871089   2.0968791743636   -0.0226875845747921   -0.00199566094182968   0
0.951988076279845   2.0846181118912   -0.0128266595912442   -0.0122610624723993   0
0.923511746919334   2.11160018140115   -0.028476329360511   0.026982069509955   0
0.914073039262181   2.10729724865215   -0.00943870765715327   -0.00430293274899629   0
0.880166265486243   2.10709898794219   -0.0339067737759374   -0.000198260709964426   0
0.941307755091819   2.0677732825003   0.0611414896055759   -0.0393257054418905   0
0.9701986729423   2.06940853968995   0.0288909178504809   0.00163525718965296   0
0.970200888056695   2.07263376095016   2.21511439513211e-06   0.00322522126020885   0
0.965875745998935   2.08130180093267   -0.00432514205776002   0.00866803998250587   0
0.989885836916561   2.07797585707083   0.0240100909176256   -0.00332594386183693   0
0.979655396786544   2.09484501677385   -0.0102304401300173   0.0168691597030244   0
0.955795888592329   2.09337471045168   -0.0238595081942143   -0.00147030632217815   0
