0.0663526764545855   0.101332841760507   0   0   0
0.0680019624165362   0.0866790960311943   0.00164928596195073   -0.014653745729313   0
0.0871321222124768   0.0863682759176076   0.0191301597959407   -0.000310820113586685   0
0.0592288800691858   0.0747394392034754   -0.027903242143291   -0.0116288367141322   0
0.0491007829671065   0.087083567703801   -0.0101280971020793   0.0123441285003256   0
0.0339559297216259   0.0762953670912777   -0.0151448532454806   -0.0107882006125233   0
0.0382442268024548   0.101122668676786   0.00428829708082883   0.0248273015855081   0
0.0916017566740398   0.0776288146682933   0.0533575298715851   -0.0234938540084925   0
0.0586095185919489   0.0887946233734318   -0.032992238082091   0.0111658087051385   0
0.0804457622581202   0.0871224486180801   0.0218362436661714   -0.00167217475535172   0
0.0322565381546517   0.0765971862124066   -0.0481892241034685   -0.0105252624056734   0
0.0406910025654321   0.0681787709644256   0.00843446441078039   -0.00841841524798106   0
0.0192626777952128   0.0549964048159059   -0.0214283247702193   -0.0131823661485197   0
0.0770121323791258   0.0518764874411289   0.057749454583913   -0.00311991737477706   0
0.0846276871386664   0.0227083398546041   0.00761555475954055   -0.0291681475865248   0
0.0354896244059922   0.00980587569231963   -0.0491380627326741   -0.0129024641622845   0
0.028277267929381   0.0238359973368669   -0.00721235647661123   0.0140301216445472   0
0.0331140049808234   0.0421648718422694   0.00483673705144243   0.0183288745054025   0
0.0329464955626604   0.0256688242175679   -0.00016750941816307   -0.0164960476247015   0
0.0464204406999761   0.0109883238766895   0.0134739451373158   -0.0146805003408784   0
0.0132106379616315   0.0191921767371506   -0.0332098027383446   0.00820385286046109   0
0.0244924215905676   0.0162923514004271   0.011281783628936   -0.00289982533672347   0
0.062865179906142   0.0266901882421022   0.0383727583155744   0.010397836841675   0
0.0789203266293925   0.0369454936575829   0.0160551467232505   0.0102553054154808   0
0.065190332491022   0.0621728741732679   -0.0137299941383705   0.025227380515685   0
0.0613896953707216   0.0757034621713069   -0.00380063712030039   0.0135305879980391   0
0.0429434965174006   0.0876563450253888   -0.018446198853321   0.0119528828540818   0
0.0554703158001007   0.111746698567844   0.0125268192827001   0.0240903535424548   0
0.0744214576461655   0.128250007776696   0.0189511418460648   0.016503309208852   0
0.0978147214756552   0.11802471227977   0.0233932638294897   -0.0102252954969256   0
0.122065838230072   0.111756624985826   0.0242511167544164   -0.00626808729394422   0
0.0976598600307209   0.105247573369948   -0.0244059781993506   -0.00650905161587821   0
0.125355187273164   0.112286027890929   0.027695327242443   0.00703845452098148   0
0.140166567870195   0.126353511167963   0.0148113805970311   0.0140674832770337   0
0.11581848450472   0.104324398100636   -0.0243480833654754   -0.0220291130673267   0
0.106537471471591   0.0968586937066699   -0.009281013033129   -0.00746570439396615   0
0.0964613892295254   0.117464310367671   -0.0100760822420653   0.0206056166610009   0
0.101638389397953   0.0831084733989561   0.00517700016842798   -0.0343558369687147   0
0.126103792555379   0.113255980230858   0.0244654031574254   0.0301475068319019   0
0.135655171127901   0.080981436837463   0.00955137857252189   -0.0322745433933951   0
0.10881535987966   0.0959723087950504   -0.0268398112482403   0.0149908719575874   0
0.104276860540678   0.108446540869511   -0.0045384993389824   0.0124742320744605   0
0.114904850736468   0.119141674457303   0.0106279901957901   0.0106951335877922   0
0.0780894605386028   0.107424796852507   -0.0368153901978653   -0.0117168776047957   0
0.084981374149104   0.114591270637383   0.0068919136105012   0.00716647378487571   0
0.122943862902709   0.123766981398514   0.0379624887536046   0.00917571076113036   0
0.138189678581235   0.105378793836153   0.0152458156785259   -0.0183881875623603   0
0.155113621235564   0.107615936382687   0.0169239426543294   0.00223714254653354   0
0.140905126476789   0.110015507820591   -0.0142084947587746   0.00239957143790408   0
0.131736410407488   0.104415523173437   -0.00916871606930175   -0.00559998464715419   0
0.157056955119504   0.119404072250028   0.0253205447120168   0.0149885490765917   0
0.139061093361003   0.116398452400107   -0.0179958617585013   -0.00300561984992127   0
0.157756756366407   0.121582503321366   0.0186956630054043   0.005184050921259   0
0.176238201300293   0.151895931840882   0.0184814449338854   0.0303134285195163   0
0.136566034673084   0.144187747816865   -0.0396721666272087   -0.00770818402401693   0
0.163727627131331   0.1420162684251   0.0271615924582468   -0.00217147939176573   0
0.168199407730854   0.131176980655678   0.00447178059952297   -0.0108392877694223   0
0.167494079027917   0.12775822344135   -0.000705328702937102   -0.00341875721432716   0
0.123437928858323   0.148022272511741   -0.0440561501695934   0.0202640490703903   0
0.185835801870388   0.160168081580382   0.0623978730120644   0.0121458090686417   0
0.14007900835118   0.143993739612188   -0.0457567935192076   -0.0161743419681947   0
0.12780325122809   0.1447988463818   -0.0122757571230897   0.000805106769611957   0
0.152943271595876   0.161948851672804   0.0251400203677859   0.0171500052910048   0
0.159001302568029   0.150692916693395   0.00605803097215291   -0.0112559349794093   0
0.158472914585301   0.144195266453176   -0.00052838798272864   -0.00649765024021878   0
0.154297527578069   0.145999987149323   -0.0041753870072318   0.00180472069614682   0
0.135346702102544   0.145284563006157   -0.0189508254755244   -0.000715424143166082   0
0.159168565637754   0.16360296331119   0.0238218635352096   0.0183184003050327   0
0.18767879244587   0.187270196363276   0.0285102268081162   0.0236672330520864   0
0.181055125456227   0.165332641151891   -0.00662366698964342   -0.021937555211385   0
0.213321907381356   0.171399148822303   0.0322667819251296   0.00606650767041197   0
0.21185046589295   0.17129090814358   -0.00147144148840631   -0.000108240678722699   0
0.162446975914604   0.169647761724875   -0.0494034899783458   -0.0016431464187053   0
0.161842251278737   0.158724849126003   -0.000604724635866749   -0.0109229125988718   0
0.209558845895013   0.215956961323894   0.047716594616276   0.0572321121978911   0
0.214621265076623   0.187447974853051   0.00506241918160938   -0.0285089864708434   0
0.227055260080382   0.195513656863945   0.0124339950037594   0.00806568201089422   0
0.227142200731568   0.187605660549622   8.69406511859738e-05   -0.00790799631432312   0
0.232490209306973   0.195777323498944   0.00534800857540454   0.00817166294932153   0
0.260826626857727   0.227026389634201   0.0283364175507543   0.0312490661352573   0
0.218628993721693   0.192465101366482   -0.0421976331360342   -0.0345612882677194   0
0.248789124731287   0.194982408982355   0.0301601310095944   0.00251730761587382   0
0.277094896159132   0.246405187516116   0.0283057714278445   0.0514227785337611   0
0.266694677289611   0.193858850800489   -0.0104002188695203   -0.0525463367156278   0
0.244276386728742   0.231678367188765   -0.0224182905608692   0.0378195163882759   0
0.223530563627183   0.23389745451266   -0.0207458231015592   0.00221908732389581   0
0.172652370474778   0.224476977469098   -0.0508781931524049   -0.00942047704356216   0
0.227807999278735   0.207920825331814   0.0551556288039567   -0.0165561521372847   0
0.245471966067847   0.244809309424315   0.0176639667891127   0.0368884840925015   0
0.223521962024031   0.201734361004453   -0.0219500040438163   -0.0430749484198619   0
0.267262036229634   0.222848632723498   0.0437400742056025   0.021114271719045   0
0.218302328872552   0.230608956685457   -0.0489597073570812   0.00776032396195905   0
0.249865973893686   0.223860260877322   0.0315636450211333   -0.00674869580813545   0
0.280119560517933   0.210855179044884   0.0302535866242475   -0.0130050818324378   0
0.251042033174208   0.230882099454164   -0.0290775273437254   0.0200269204092802   0
0.258351833544317   0.160245089092849   0.00730980037010914   -0.0706370103613154   0
0.181673438066958   0.142011672344708   -0.0766783954773586   -0.0182334167481409   0
0.183585736326111   0.158055028246976   0.0019122982591529   0.0160433559022687   0
0.1850230339571   0.150960026074165   0.0014372976309884   -0.00709500217281164   0
0.149932175706484   0.146209341628203   -0.0350908582506155   -0.00475068444596199   0
0.224506246695387   0.169424329538293   0.074574070988903   0.0232149879100899   0
0.169882186647453   0.172781694705581   -0.0546240600479339   0.00335736516728802   0
0.209744316868801   0.174836704740867   0.0398621302213479   0.00205501003528599   0
0.203331823980507   0.157483263650745   -0.00641249288829371   -0.0173534410901219   0
0.204948487442308   0.167341579301529   0.00161666346180098   0.00985831565078443   0
0.222174374311463   0.16575464900536   0.0172258868691546   -0.00158693029616952   0
0.223578634717743   0.166426112661302   0.00140426040628019   0.000671463655942589   0
0.215884065590863   0.155048323003613   -0.00769456912688013   -0.0113777896576892   0
0.211711510998717   0.150588635307923   -0.00417255459214566   -0.00445968769569052   0
0.236183854030901   0.17542722502897   0.0244723430321838   0.0248385897210478   0
0.228579003506157   0.178243563401788   -0.00760485052474441   0.00281633837281811   0
0.238346145366356   0.177988625563408   0.00976714186019909   -0.000254937838380015   0
0.23530363580064   0.169135144891216   -0.00304250956571625   -0.00885348067219285   0
0.245561832572898   0.17672745864384   0.0102581967722584   0.00759231375262451   0
0.258350998255164   0.182814409467454   0.0127891656822665   0.00608695082361413   0
0.247700805205817   0.180056830026817   -0.0106501930493476   -0.00275757944063681   0
0.232275580924737   0.174917364019221   -0.0154252242810797   -0.0051394660075969   0
0.227162111209946   0.175045057753033   -0.00511346971479079   0.000127693733812023   0
0.254151507413373   0.185354636648271   0.0269893962034272   0.0103095788952383   0
0.250512649380745   0.175995955869595   -0.00363885803262859   -0.0093586807786756   0
0.263449576188708   0.205096202043626   0.0129369268079634   0.0291002461740311   0
0.272052851335104   0.1989459967636   0.00860327514639536   -0.00615020528002597   0
0.249051405823155   0.191699999126663   -0.0230014455119483   -0.00724599763693762   0
0.280259083699994   0.198905040738948   0.0312076778768383   0.00720504161228508   0
0.254423063318481   0.15701729858717   -0.0258360203815122   -0.0418877421517779   0
0.276458217973349   0.166763549751624   0.022035154654868   0.00974625116445441   0
0.280437316613107   0.172946698573477   0.00397909863975748   0.00618314882185228   0
0.254311612501356   0.16275505626648   -0.0261257041117506   -0.0101916423069969   0
0.257178734927645   0.148997931335103   0.00286712242628911   -0.013757124931377   0
0.247073193237216   0.167350941379665   -0.010105541690429   0.018353010044562   0
0.246305963395956   0.172048581715434   -0.000767229841260458   0.00469764033576958   0
0.271624307771322   0.169572760099529   0.0253183443753663   -0.00247582161590515   0
0.274205519322642   0.163937216715523   0.00258121155132013   -0.00563554338400579   0
0.224993526523171   0.143434087411196   -0.0492119927994712   -0.0205031293043278   0
0.216820221390349   0.145320521998856   -0.008173305132822   0.00188643458766044   0
0.243342385183103   0.162728031306702   0.0265221637927537   0.017407509307846   0
0.246468118992477   0.155799935485128   0.00312573380937459   -0.00692809582157414   0
0.227640257411909   0.154905929582642   -0.0188278615805688   -0.000894005902485728   0
0.203284018474965   0.150600855779308   -0.0243562389369434   -0.00430507380333389   0
0.209827098751067   0.155950793154443   0.00654308027610173   0.00534993737513517   0
0.188752535243503   0.116616342498425   -0.0210745635075635   -0.0393344506560183   0
0.193834694594173   0.120219155720917   0.00508215935066977   0.00360281322249145   0
0.223558090469949   0.145474406273922   0.029723395875776   0.025255250553005   0
0.208414037438808   0.128830639708456   -0.0151440530311411   -0.0166437665654656   0
0.224047327471011   0.142701068317269   0.015633290032203   0.0138704286088135   0
0.224390683296099   0.145105451207355   0.000343355825087405   0.00240438289008527   0
0.225620329676295   0.16498913187977   0.00122964638019632   0.0198836806724149   0
0.228289074322798   0.162191183629845   0.00266874464650316   -0.00279794824992491   0
0.231782234775424   0.152103611295886   0.00349316045262646   -0.0100875723339586   0
0.224399337199014   0.141832817417867   -0.00738289757641025   -0.0102707938780191   0
0.246025088413763   0.138449531794983   0.021625751214749   -0.00338328562288404   0
0.253534438575906   0.209299110160579   0.00750935016214305   0.0708495783655956   0
0.254083058349745   0.157921244197068   0.00054861977383891   -0.0513778659635105   0
0.272935832665647   0.153689447973828   0.0188527743159018   -0.00423179622323999   0
0.31669287010408   0.136064184602341   0.0437570374384336   -0.0176252633714868   0
0.334545329292295   0.127317722837013   0.0178524591882144   -0.00874646176532812   0
0.317658899138683   0.0873430994287041   -0.0168864301536119   -0.039974623408309   0
0.300263866733911   0.108006209031009   -0.0173950324047718   0.0206631096023048   0
0.287331934673628   0.109293320113628   -0.0129319320602833   0.00128711108261921   0
0.30407252080096   0.0891798828983448   0.0167405861273316   -0.0201134372152833   0
0.288312663250177   0.0740815069259022   -0.0157598575507825   -0.0150983759724426   0
0.284414184915679   0.0797663679159331   -0.00389847833449825   0.00568486099003085   0
0.273086193373612   0.0684200170773144   -0.0113279915420665   -0.0113463508386186   0
0.275968816282221   0.0619973345881498   0.00288262290860825   -0.00642268248916462   0
0.309456121232979   0.0864547941361987   0.0334873049507581   0.0244574595480489   0
0.344839162151299   0.0771010261003866   0.0353830409183205   -0.00935376803581209   0
0.35409639199636   0.087583135723851   0.009257229845061   0.0104821096234644   0
0.340142859250992   0.100398635747566   -0.0139535327453684   0.0128155000237153   0
0.350289651751076   0.0958476782555138   0.010146792500084   -0.00455095749205249   0
0.291535175799739   0.10564301964607   -0.0587544759513365   0.00979534139055648   0
0.283654562780594   0.116461685679122   -0.00788061301914522   0.0108186660330512   0
0.279302245557192   0.101018423521269   -0.00435231722340201   -0.0154432621578524   0
0.256632757840089   0.106304637678572   -0.0226694877171026   0.00528621415730302   0
0.24966072651919   0.112003917583148   -0.00697203132089902   0.00569927990457536   0
0.214604641312251   0.108542882102064   -0.0350560852069392   -0.00346103548108384   0
0.201551140781316   0.101594412779308   -0.0130535005309349   -0.00694846932275528   0
0.190432012536706   0.115157144618658   -0.0111191282446107   0.0135627318393496   0
0.208295236400284   0.124822435882497   0.017863223863578   0.00966529126383876   0
0.206990339901576   0.131057546169316   -0.00130489649870749   0.00623511028681968   0
0.186017528975524   0.116102634549523   -0.0209728109260519   -0.0149549116197938   0
0.195737807015938   0.121944876178296   0.00972027804041328   0.00584224162877366   0
0.19465193390283   0.129628303847973   -0.00108587311310751   0.00768342766967713   0
0.202922760267152   0.128469308184251   0.00827082636432189   -0.0011589956637226   0
0.185820984627356   0.123942387643413   -0.0171017756397961   -0.00452692054083799   0
0.182417355507816   0.139440102006202   -0.00340362911953987   0.0154977143627892   0
0.176586570912428   0.137576178623527   -0.00583078459538783   -0.00186392338267533   0
0.182193793818148   0.130261695181508   0.00560722290572035   -0.00731448344201902   0
0.182000737795373   0.113671091629534   -0.000193056022775751   -0.0165906035519732   0
0.145798584386818   0.0970562662284615   -0.036202153408555   -0.0166148254010729   0
0.149029446234268   0.108241821661778   0.00323086184745008   0.0111855554333168   0
0.155165288513968   0.108860607839119   0.00613584227970038   0.000618786177340874   0
0.170236659745544   0.105579490099356   0.0150713712315755   -0.00328111773976326   0
0.167287151159107   0.106789736585779   -0.00294950858643642   0.00121024648642275   0
0.186695599948582   0.110717181756593   0.0194084487894745   0.00392744517081454   0
0.191371039875343   0.121610639886072   0.00467543992676089   0.0108934581294792   0
0.205923457484086   0.126234811435168   0.0145524176087429   0.00462417154909585   0
0.184172663077396   0.139695514870736   -0.0217507944066896   0.0134607034355676   0
0.200130107007641   0.0947717293398327   0.0159574439302455   -0.0449237855309033   0
0.220414481740652   0.124809510258594   0.0202843747330101   0.030037780918761   0
0.207866072704253   0.101867377322882   -0.012548409036398   -0.0229421329357113   0
0.227055494795964   0.115529408276097   0.0191894220917105   0.0136620309532141   0
0.203491162464221   0.092811144214286   -0.0235643323317429   -0.0227182640618105   0
0.199732179331123   0.0864614117847523   -0.00375898313309775   -0.00634973242953374   0
0.237138829016697   0.141127206197326   0.0374066496855732   0.0546657944125735   0
0.214530707260779   0.120222432978417   -0.0226081217559176   -0.0209047732189086   0
0.25484355591531   0.121825241251557   0.0403128486545316   0.00160280827313961   0
0.247462776089351   0.117435706347303   -0.00738077982595983   -0.00438953490425366   0
0.266391352166394   0.13615419737655   0.0189285760770438   0.0187184910292468   0
0.286667817266414   0.117270448204609   0.0202764651000193   -0.0188837491719404   0
0.285080817932828   0.119966891657073   -0.00158699933358614   0.00269644345246395   0
0.276669152094862   0.1247955861492   -0.00841166583796543   0.00482869449212694   0
0.260693207956317   0.0987698214210824   -0.0159759441385451   -0.026025764728118   0
0.253379592518439   0.118114211180323   -0.00731361543787845   0.0193443897592409   0
0.263849774649819   0.103698119237055   0.0104701821313799   -0.0144160919432681   0
0.271593080883313   0.114874742051941   0.0077433062334949   0.0111766228148859   0
0.272349220272617   0.12331845967336   0.000756139389303689   0.00844371762141845   0
0.27614546934413   0.128160670180052   0.00379624907151316   0.00484221050669222   0
0.288302568106078   0.129149456590456   0.0121570987619482   0.00098878641040398   0
0.29119901535383   0.118513653080542   0.00289644724775129   -0.010635803509914   0
0.308637048176333   0.120842686661875   0.0174380328225031   0.00232903358133284   0
0.303591351628155   0.115832783137051   -0.00504569654817799   -0.00500990352482396   0
0.306653732069512   0.116502435267573   0.00306238044135704   0.000669652130522211   0
0.269070012391366   0.128308643798849   -0.0375837196781456   0.0118062085312765   0
0.232629932889214   0.12837549845875   -0.0364400795021527   6.68546599005559e-05   0
0.238980233358828   0.113823848907465   0.00635030046961468   -0.014551649551285   0
0.270444218576567   0.119252226785803   0.0314639852177388   0.00542837787833771   0
0.255589734663112   0.114965189746701   -0.0148544839134551   -0.00428703703910145   0
0.262656552332932   0.11688121802331   0.00706681766982042   0.00191602827660874   0
0.257604462404361   0.101870975787083   -0.00505208992857115   -0.0150102422362267   0
0.286671758628226   0.11301959775018   0.0290672962238649   0.0111486219630968   0
0.285461225829989   0.116088165303876   -0.00121053279823713   0.00306856755369581   0
0.294143074083158   0.116562566612635   0.00868184825316864   0.000474401308759281   0
0.2860952931854   0.11843737223648   -0.00804778089775765   0.00187480562384475   0
0.243849942566137   0.109915846634277   -0.0422453506192635   -0.00852152560220244   0
0.273019571309384   0.113234099704738   0.0291696287432478   0.00331825307046037   0
0.264088164644613   0.118218560784728   -0.00893140666477182   0.00498446107999048   0
0.257265403346058   0.122794134523895   -0.00682276129855441   0.00457557373916702   0
0.25443564195521   0.116544657343977   -0.00282976139084778   -0.00624947717991835   0
0.249338011381976   0.120140842000556   -0.00509763057323431   0.00359618465657878   0
0.255418273571509   0.125257088911377   0.00608026218953261   0.00511624691082087   0
0.263713385102766   0.12115726238113   0.00829511153125778   -0.00409982653024653   0
0.263447867370852   0.117812625478819   -0.000265517731914466   -0.00334463690231095   0
0.285102573545031   0.135747991926934   0.0216547061741794   0.0179353664481151   0
0.30281748014899   0.1373430053025   0.0177149066039589   0.00159501337556561   0
0.297284392591942   0.117812578256698   -0.00553308755704812   -0.0195304270458021   0
0.266449609649198   0.124659209862459   -0.0308347829427442   0.00684663160576091   0
0.281235730514456   0.117928130236365   0.0147861208652585   -0.00673107962609389   0
0.302188673830589   0.114894887963892   0.0209529433161323   -0.0030332422724723   0
0.315177066408113   0.130487675798885   0.0129883925775243   0.0155927878349928   0
0.329064242150389   0.123941076199469   0.0138871757422762   -0.00654659959941663   0
