0.201525706539786   0.128617787700895   0   0   0
0.168472359944443   0.10934386024061   -0.033053346595343   -0.0192739274602847   0
0.210186994598524   0.116974942947197   0.041714634654081   0.0076310827065867   0
0.162945161106214   0.0733620427627981   -0.0472418334923102   -0.0436129001843989   0
0.124470089108227   0.0578679603584799   -0.0384750719979868   -0.0154940824043183   0
0.121439489854042   0.0477185558569227   -0.00303059925418499   -0.0101494045015572   0
0.124135916261934   0.0489793448155262   0.00269642640789231   0.00126078895860349   0
0.0705832684970737   0.0207985260322697   -0.0535526477648607   -0.0281808187832565   0
0.0800400060261742   0.0368444099326957   0.00945673752910046   0.016045883900426   0
0.118542490632094   0.0435257216656427   0.0385024846059194   0.006681311732947   0
0.103607086650769   0.0580403466689485   -0.0149354039813244   0.0145146250033058   0
0.0778090382815518   0.0474084125616604   -0.0257980483692174   -0.0106319341072881   0
0.103138493934418   0.0504668967842535   0.0253294556528663   0.00305848422259313   0
0.057211188101804   0.037035431500181   -0.0459273058326141   -0.0134314652840725   0
0.0584826740569376   0.0399348404189249   0.00127148595513358   0.00289940891874392   0
0.0375563123313631   0.0272617731651391   -0.0209263617255744   -0.0126730672537858   0
0.0471369158869139   0.0262687699386672   0.00958060355555079   -0.000993003226471948   0
0.0562562625940437   0.0277013247814071   0.00911934670712975   0.00143255484273993   0
0.0743086687290924   0.0604610517753155   0.0180524061350487   0.0327597269939084   0
0.0227376013705712   0.0322840959902953   -0.0515710673585213   -0.0281769557850202   0
0.0209304465113385   0.00842068450912188   -0.00180715485923272   -0.0238634114811734   0
0.0560721649532493   0.0326716840856498   0.0351417184419108   0.0242509995765279   0
0.0611232795046543   0.0151786429213064   0.00505111455140498   -0.0174930411643434   0
0.0375036286385784   0.0120729850760386   -0.0236196508660759   -0.00310565784526784   0
0.0608645943250721   0.0329275007465375   0.0233609656864937   0.0208545156704989   0
0.0747454993596999   0.0192664990174253   0.0138809050346278   -0.0136610017291122   0
0.0727795422788059   0.0211731793817674   -0.001965957080894   0.0019066803643421   0
0.0903872425126605   0.0416599858703256   0.0176077002338546   0.0204868064885582   0
0.0623394079982349   0.0111968526182908   -0.0280478345144255   -0.0304631332520348   0
0.0640644401697822   0.0170579440634058   0.00172503217154723   0.00586109144511502   0
0.0609766305899235   0.00562963230390316   -0.00308780957985863   -0.0114283117595026   0
0.0787718444459796   0.0178194398592022   0.017795213856056   0.0121898075552991   0
0.0781012621073437   0.0205842679121971   -0.000670582338635858   0.00276482805299492   0
0.0831001054128098   0.0288936579802251   0.00499884330546611   0.00830939006802794   0
0.0845713503369788   0.0421536347538976   0.00147124492416897   0.0132599767736725   0
0.0788649575389482   0.029134728718801   -0.0057063927980306   -0.0130189060350966   0
0.111545783233343   0.0308928383246542   0.0326808256943951   0.00175810960585327   0
0.090978715644793   0.0347346473835118   -0.0205670675885502   0.00384180905885753   0
0.102579498272318   0.0528618639670001   0.0116007826275249   0.0181272165834884   0
0.122582584957442   0.0528770275811777   0.0200030866851238   1.51636141775685e-05   0
0.127597631277428   0.0535222256512423   0.00501504631998595   0.000645198070064627   0
0.128669956648396   0.0548886178968372   0.00107232537096796   0.00136639224559492   0
0.144518664398916   0.0532415119943546   0.0158487077505201   -0.00164710590248267   0
0.163844169350125   0.0728033556674759   0.0193255049512095   0.0195618436731214   0
0.163876067253838   0.0554176253376577   3.18979037127465e-05   -0.0173857303298182   0
0.187504618481626   0.0560350656112983   0.0236285512277878   0.000617440273640565   0
0.186528415295229   0.0679804855433712   -0.000976203186396213   0.0119454199320729   0
0.181525578993987   0.0774635452765525   -0.00500283630124274   0.0094830597331813   0
0.150980880768644   0.0611417854186889   -0.0305446982253424   -0.0163217598578636   0
0.143578562659991   0.0620044037169135   -0.00740231810865358   0.000862618298224607   0
0.159218477160198   0.0563408249392872   0.0156399145002072   -0.00566357877762638   0
0.170094349100727   0.0581970276952569   0.010875871940529   0.00185620275596976   0
0.150371881617708   0.0641611738409204   -0.019722467483019   0.00596414614566348   0
0.164103940259276   0.0655881715001265   0.0137320586415679   0.00142699765920608   0
0.174992316506326   0.060421698902981   0.0108883762470496   -0.00516647259714542   0
0.174589807065647   0.0691257331633813   -0.000402509440678045   0.0087040342604003   0
0.165360082316803   0.0650028967108005   -0.00922972474884406   -0.00412283645258084   0
0.14905839902082   0.0738537689898254   -0.0163016832959834   0.00885087227902492   0
0.117956171749892   0.0792641435092186   -0.0311022272709281   0.00541037451939316   0
0.128750011914135   0.0929118385586573   0.0107938401642434   0.0136476950494387   0
0.114765812192046   0.0954462427974643   -0.0139841997220892   0.00253440423880695   0
0.151088185188684   0.0923104438255093   0.0363223729966376   -0.00313579897195501   0
0.123926270681442   0.0930631549985009   -0.0271619145072418   0.00075271117299161   0
0.119539267103157   0.117487012956752   -0.00438700357828452   0.0244238579582511   0
0.127112379358188   0.121001321631212   0.00757311225503103   0.00351430867446   0
0.135442768884278   0.119729178460182   0.0083303895260898   -0.00127214317103042   0
0.135437540212084   0.121767881571866   -5.22867219371337e-06   0.00203870311168453   0
0.131188762075301   0.132085392429481   -0.00424877813678323   0.010317510857615   0
0.11511593252009   0.128688205548333   -0.0160728295552109   -0.00339718688114801   0
0.114270456356225   0.130273194804227   -0.000845476163865058   0.00158498925589373   0
0.111181273621505   0.129886657519162   -0.00308918273472017   -0.000386537285065019   0
0.112786322053386   0.177529257609837   0.0016050484318804   0.0476426000906757   0
0.102455237588032   0.199931694321773   -0.010331084465354   0.0224024367119359   0
0.106094486368567   0.234518797865779   0.00363924878053518   0.0345871035440055   0
0.116416788367357   0.238575634794105   0.0103223019987903   0.00405683692832584   0
0.133776063137151   0.257758035137627   0.0173592747697935   0.0191824003435221   0
0.109646499631821   0.243687287837512   -0.0241295635053297   -0.0140707473001145   0
0.114561381034143   0.255193961718337   0.00491488140232164   0.0115066738808247   0
0.121857082001704   0.269855574914453   0.00729570096756139   0.0146616131961163   0
0.117965356072917   0.209088756246002   -0.00389172592878735   -0.0607668186684512   0
0.131499290283864   0.250822851756474   0.0135339342109477   0.0417340955104719   0
0.134442535690197   0.270504209705639   0.00294324540633309   0.0196813579491656   0
0.101079834054128   0.25753717786077   -0.0333627016360696   -0.0129670318448691   0
0.108378599047644   0.231091520165978   0.00729876499351635   -0.0264456576947925   0
0.13461032527669   0.245793727479675   0.0262317262290464   0.0147022073136968   0
0.123508876553722   0.261275131804579   -0.0111014487229686   0.0154814043249042   0
0.102238536906442   0.24813568287302   -0.0212703396472793   -0.0131394489315586   0
0.131736958955312   0.24907569758467   0.0294984220488697   0.00094001471164995   0
0.0968696057898968   0.251561162587252   -0.0348673531654154   0.00248546500258232   0
0.128132857767241   0.25376504193405   0.0312632519773442   0.00220387934679728   0
0.118406727786602   0.258334721895456   -0.00972612998063921   0.00456967996140617   0
0.155863786800708   0.244527082929524   0.0374570590141058   -0.0138076389659314   0
0.130804970733149   0.250773822673983   -0.0250588160675584   0.00624673974445905   0
0.121806445000788   0.285354238312733   -0.00899852573236108   0.0345804156387495   0
0.112037606963421   0.271500305812443   -0.00976883803736704   -0.0138539325002902   0
0.125187588688496   0.298877138637606   0.0131499817250748   0.0273768328251627   0
0.126617338836551   0.264879613940107   0.00142975014805535   -0.0339975246974988   0
0.124622683363864   0.275750595903708   -0.00199465547268675   0.0108709819636012   0
0.115645719838695   0.27526955289538   -0.00897696352516909   -0.000481043008327742   0
0.148176536732136   0.279801964199793   0.0325308168934406   0.00453241130441323   0
0.113407790773386   0.220591924185678   -0.0347687459587503   -0.0592100400141152   0
0.142153521956405   0.238324782546717   0.028745731183019   0.0177328583610389   0
0.135860427914423   0.281553435073504   -0.00629309404198206   0.0432286525267872   0
0.134221838706821   0.286346426944536   -0.00163858920760107   0.00479299187103177   0
0.142896224351975   0.265699777876855   0.0086743856451536   -0.0206466490676812   0
0.132481783213769   0.266222465915581   -0.0104144411382064   0.000522688038725849   0
0.110198354207538   0.265175631066417   -0.0222834290062307   -0.00104683484916368   0
0.126469723970166   0.25898135079094   0.0162713697626281   -0.0061942802754768   0
0.133307370162831   0.228429831251749   0.00683764619266475   -0.0305515195391912   0
0.155274090907176   0.257790835579492   0.0219667207443453   0.0293610043277427   0
0.131434896047929   0.241439379042649   -0.0238391948592468   -0.0163514565368426   0
0.146927320518888   0.272520907294119   0.0154924244709585   0.0310815282514703   0
0.189529248706473   0.319320420907574   0.0426019281875849   0.0467995136134543   0
0.208971826601482   0.349313479818708   0.0194425778950096   0.0299930589111344   0
0.177970230514123   0.327914726237009   -0.0310015960873596   -0.0213987535816992   0
0.173335809453673   0.373407434035197   -0.00463442106044987   0.045492707798188   0
0.189270736225915   0.354941486120392   0.0159349267722424   -0.0184659479148048   0
0.183984658633105   0.352163694077928   -0.00528607759281077   -0.00277779204246409   0
0.173339394968974   0.356330061326595   -0.0106452636641304   0.00416636724866704   0
0.206786164507783   0.390785988162015   0.0334467695388092   0.0344559268354199   0
0.245890729223857   0.398649007808727   0.0391045647160734   0.00786301964671215   0
0.244680855675817   0.39752723864636   -0.00120987354803964   -0.00112176916236711   0
0.218408210075171   0.420818332806524   -0.0262726456006461   0.023291094160164   0
0.235446542848456   0.407118383126106   0.0170383327732854   -0.0136999496804179   0
0.244582155189212   0.413555421130388   0.00913561234075608   0.00643703800428186   0
0.192542214373082   0.336605981671185   -0.0520399408161301   -0.0769494394592025   0
0.237853491011274   0.411839157514709   0.0453112766381913   0.0752331758435231   0
0.238076720829253   0.403362522211487   0.000223229817979231   -0.00847663530322135   0
0.257849460727844   0.390528073785701   0.0197727398985912   -0.0128344484257862   0
0.228437890763244   0.398103570248522   -0.0294115699645996   0.00757549646282102   0
0.232697594669154   0.411231074948593   0.00425970390590982   0.0131275047000705   0
0.225842266338345   0.424498652608536   -0.00685532833080915   0.0132675776599434   0
0.240403489695158   0.421897440427422   0.014561223356813   -0.0026012121811142   0
0.238828772944133   0.394290575382192   -0.00157471675102561   -0.0276068650452299   0
0.251273145976823   0.422743463663686   0.0124443730326909   0.0284528882814938   0
0.216282162149933   0.341322638413752   -0.0349909838268903   -0.0814208252499337   0
0.276854092191338   0.412550744275471   0.060571930041405   0.0712281058617187   0
0.255732983752585   0.41061122640794   -0.021121108438753   -0.00193951786753083   0
0.275224654432066   0.42316761458771   0.0194916706794805   0.0125563881797698   0
0.274991950728308   0.430659804422693   -0.000232703703758053   0.00749218983498362   0
0.276641540479806   0.41872644660289   0.00164958975149809   -0.0119333578198038   0
0.29025650902786   0.417627722983652   0.0136149685480539   -0.00109872361923752   0
0.286812096080273   0.416982938379237   -0.0034444129475863   -0.000644784604415083   0
0.249281198895966   0.419139301891507   -0.0375308971843078   0.00215636351227028   0
0.282695570262146   0.419004684073797   0.0334143713661805   -0.000134617817710125   0
0.273765888167244   0.437813619834536   -0.00892968209490203   0.0188089357607393   0
0.262123155699778   0.439574774283833   -0.0116427324674663   0.00176115444929631   0
0.220882452067972   0.350709748923611   -0.0412407036318057   -0.0888650253602214   0
0.275673320251779   0.443270619292211   0.054790868183807   0.0925608703685992   0
0.306058403353167   0.491351061262538   0.0303850831013881   0.0480804419703276   0
0.289934454217242   0.497651882870579   -0.0161239491359252   0.00630082160804096   0
0.301067434398408   0.493244264384311   0.0111329801811665   -0.00440761848626819   0
0.260162839712458   0.526173539269671   -0.0409045946859507   0.0329292748853605   0
0.281950963753788   0.557847972603401   0.0217881240413304   0.0316744333337298   0
0.258802798905286   0.526002079765375   -0.023148164848502   -0.0318458928380261   0
0.267545532388059   0.513576072265397   0.00874273348277294   -0.0124260074999777   0
0.282224070878531   0.529754989854756   0.0146785384904717   0.0161789175893585   0
0.296892779165627   0.544254865158641   0.0146687082870965   0.0144998753038846   0
0.303396493478023   0.560471779461083   0.00650371431239549   0.0162169143024423   0
0.344763810905727   0.613788040823948   0.0413673174277043   0.0533162613628648   0
0.269402859072134   0.533565338501155   -0.0753609518335934   -0.0802227023227924   0
0.262285397573349   0.501156619545986   -0.00711746149878434   -0.0324087189551695   0
0.293229081076025   0.564516946018286   0.0309436835026755   0.0633603264723003   0
0.29312828391856   0.553097474116898   -0.00010079715746486   -0.0114194719013881   0
0.282099282631576   0.5253868537966   -0.0110290012869838   -0.0277106203202978   0
0.292333793498545   0.52410822415054   0.0102345108669687   -0.0012786296460604   0
0.301115749890985   0.527228463540307   0.00878195639243956   0.00312023938976691   0
0.259643642533069   0.466130498474644   -0.0414721073579158   -0.0610979650656627   0
0.311718835560895   0.541103783768412   0.0520751930278258   0.0749732852937681   0
0.318779898804551   0.568438801254423   0.0070610632436568   0.0273350174860106   0
0.29677634563019   0.551778048425173   -0.0220035531743613   -0.0166607528292496   0
0.305193540535002   0.570886729630811   0.00841719490481213   0.0191086812056378   0
0.330275721758412   0.580746841048511   0.0250821812234099   0.0098601114177006   0
0.334152800149034   0.57537447749811   0.00387707839062162   -0.00537236355040183   0
0.346329090792399   0.59174515786401   0.0121762906433657   0.0163706803659008   0
0.326020458482961   0.58889088046646   -0.0203086323094385   -0.00285427739755029   0
0.325401530896276   0.610159404085984   -0.000618927586684914   0.0212685236195235   0
0.329236086887267   0.570330213893725   0.00383455599099103   -0.0398291901922582   0
0.352986787263334   0.628830072577712   0.0237507003760667   0.0584998586839862   0
0.348226547899855   0.647708134308504   -0.0047602393634788   0.0188780617307921   0
0.238978986867235   0.480183487006269   -0.10924756103262   -0.167524647302234   0
0.335208908908818   0.650083694571286   0.0962299220415828   0.169900207565016   0
0.381226351852335   0.644841943482062   0.0460174429435169   -0.00524175108922376   0
0.373197713408054   0.670936465867538   -0.00802863844428059   0.0260945223854766   0
0.382865862462625   0.67274417054026   0.00966814905457142   0.00180770467272162   0
0.397112816455589   0.682011347802432   0.0142469539929632   0.00926717726217197   0
0.397183519595363   0.694117330698184   7.07031397741975e-05   0.0121059828957523   0
0.398414581680804   0.673675554050669   0.00123106208544116   -0.0204417766475155   0
0.41362120283704   0.692450525706756   0.0152066211562363   0.0187749716560869   0
0.377153955139065   0.707285911537953   -0.036467247697975   0.014835385831197   0
0.386186575408882   0.713299836832889   0.00903262026981672   0.00601392529493638   0
0.418153208751338   0.718783862382706   0.031966633342456   0.00548402554981653   0
0.384115219241102   0.706952435650598   -0.0340379895102358   -0.0118314267321079   0
0.395722102614954   0.732999724401456   0.0116068833738516   0.026047288750858   0
0.387740431146869   0.718712228350548   -0.00798167146808459   -0.0142874960509081   0
0.38427329619984   0.708278847401827   -0.00346713494702916   -0.0104333809487211   0
0.415342823756244   0.750228613687396   0.0310695275564035   0.0419497662855696   0
1.0965900071084   1.18214040747181   0.681247183352156   0.431911793784411   1
1.10059255321177   1.20887747191478   0.00400254610337347   0.0267370644429703   0
1.03487480874073   1.2276670940229   -0.0657177444710444   0.0187896221081261   0
1.0069140557411   1.24447014789757   -0.0279607529996244   0.0168030538746708   0
0.97923642629653   1.29236124963032   -0.0276776294445742   0.0478911017327448   0
0.921025743769413   1.21300498185053   -0.0582106825271175   -0.0793562677797852   0
0.925013370055806   1.22180158096732   0.00398762628639338   0.0087965991167902   0
0.907965484135273   1.20890511369826   -0.0170478859205336   -0.0128964672690641   0
0.916470563138828   1.2025393862496   0.00850507900355502   -0.0063657274486566   0
0.881680936549612   1.19828222828575   -0.034789626589216   -0.00425715796385751   0
0.875861746640987   1.22440027868859   -0.00581918990862473   0.0261180504028466   0
0.874895158661882   1.20494221191423   -0.000966587979104649   -0.0194580667743642   0
0.87727470942744   1.21062710076594   0.00237955076555829   0.0056848888517147   0
0.879457564445835   1.23835850338608   0.00218285501839444   0.0277314026201363   0
0.824297579444463   1.21398781251102   -0.0551599850013723   -0.0243706908750601   0
0.823123295203094   1.21401478726844   -0.00117428424136856   2.69747574228596e-05   0
0.816366631295645   1.23430294163825   -0.00675666390744878   0.0202881543698092   0
0.828430447116715   1.24156590618098   0.0120638158210695   0.00726296454273379   0
0.843541522902696   1.26686580890829   0.0151110757859816   0.0252999027273038   0
0.896287756999391   1.30604334427814   0.0527462340966951   0.039177535369848   0
0.900332854478831   1.33048088876917   0.00404509747943949   0.024437544491037   0
0.875487393954933   1.32480944625867   -0.0248454605238979   -0.00567144251050156   0
0.861443937932702   1.33374948411622   -0.0140434560222314   0.00894003785755038   0
0.875896990794009   1.33292555492169   0.0144530528613072   -0.000823929194534445   0
0.887160004881307   1.3500146091276   0.0112630140872978   0.0170890542059168   0
0.861221232062354   1.3365676637359   -0.0259387728189522   -0.013446945391701   0
0.904869554814394   1.38534733086149   0.0436483227520399   0.0487796671255891   0
0.932217027068804   1.41685043740802   0.0273474722544101   0.0315031065465243   0
0.912996433729618   1.42288713858347   -0.0192205933391868   0.00603670117545074   0
0.982687178790891   1.52618373409982   0.0696907450612732   0.103296595516349   0
0.972110097205558   1.56633133000125   -0.0105770815853325   0.0401475959014295   0
1.02178933313379   1.63820160510803   0.0496792359282342   0.0718702751067881   0
1.05040164081269   1.70234397354319   0.0286123076789015   0.0641423684351548   0
1.05903152349493   1.72353847208179   0.00862988268223952   0.0211944985386039   0
1.07371385235918   1.74257197345951   0.0146823288642508   0.0190335013777143   0
1.02321552401926   1.74553328906046   -0.0504983283399285   0.00296131560095403   0
1.01663871550173   1.75918749027083   -0.00657680851752951   0.0136542012103649   0
1.03624202102935   1.76320829569589   0.0196033055276277   0.00402080542506633   0
1.10699567648523   1.75106326254579   0.0707536554558796   -0.0121450331501067   0
1.06552908050133   1.74434269762275   -0.0414665959839082   -0.00672056492303619   0
1.06489372618914   1.73840190532244   -0.000635354312181091   -0.0059407923003143   0
1.05424098516895   1.73936911668714   -0.0106527410201933   0.000967211364705012   0
1.0445411961761   1.75981227705212   -0.00969978899284984   0.0204431603649811   0
1.02048500041647   1.73702092892793   -0.0240561957596324   -0.0227913481241897   0
1.01249375333826   1.73623023309336   -0.00799124707820753   -0.000790695834566479   0
1.01799335484521   1.71717588916586   0.00549960150694617   -0.019054343927505   0
1.02573938758049   1.7738075149811   0.0077460327352834   0.0566316258152355   0
1.04804350913874   1.77290151421601   0.0223041215582471   -0.00090600076508851   0
1.07499710141046   1.79545122090648   0.0269535922717217   0.0225497066904712   0
1.03830174163053   1.79303366876889   -0.0366953597799258   -0.00241755213759243   0
0.99359507063743   1.72342109651527   -0.0447066709931035   -0.0696125722536174   0
1.01864793166039   1.76260172050275   0.0250528610229642   0.0391806239874779   0
1.08519885605416   1.78101250994948   0.0665509243937619   0.0184107894467385   0
