0.139399290026413   0.0116272179760465   0   0   0
0.210702712139474   0.0120316796313939   0.0713034221130605   0.0004044616553474   0
0.166245740173906   0.00664305   -0.0444569719655675   -0.00538862963139395   0
0.0823300061041082   0.00552185   -0.0839157340697982   -0.0011212   0
0.0631714007032455   0.0692419960970219   -0.0191586054008628   0.063720146097022   0
0.0400415548479089   0.0101522617801404   -0.0231298458553365   -0.0590897343168815   0
0.0593000394189793   0.01715215   0.0192584845710704   0.00699988821985958   0
0.024850970107022   0.0565976585687432   -0.0344490693119573   0.0394455085687432   0
0.0721272168085148   0.00610021231258798   0.0472762467014928   -0.0504974462561552   0
0.0655287131350746   0.00906415981889662   -0.0065985036734402   0.00296394750630864   0
0.0463451618618384   0.00961732733905839   -0.0191835512732362   0.000553167520161773   0
0.0280859144332956   0.011658790209906   -0.0182592474285428   0.00204146287084761   0
0.0315939028562474   0.0142457454422435   0.00350798842295187   0.00258695523233745   0
0.0218717020469853   0.00988886672828211   -0.00972220080926215   -0.00435687871396134   0
0.0691775601909319   0.0291003   0.0473058581439466   0.0192114332717179   0
0.145674130852956   0.0567111656177159   0.0764965706620243   0.0276108656177159   0
0.0894367869696642   0.0225710626081826   -0.056237343883292   -0.0341401030095332   0
0.144128132306971   0.01826275   0.0546913453373067   -0.00430831260818263   0
0.101236405154204   0.02886845   -0.0428917271527671   0.0106057   0
0.0137487090858242   0.0119177606903321   -0.0874876960683796   -0.0169506893096679   0
0.0076252062785147   0.00113079   -0.00612350280730947   -0.0107869706903321   0
0.0447126899106462   0.01270735   0.0370874836321315   0.01157656   0
0.0622092213895022   0.03472855   0.017496531478856   0.0220212   0
0.0620822608873976   0.00904135   -0.000126960502104596   -0.0256872   0
0.0226536958032481   0.0095543   -0.0394285650841495   0.00051295   0
0.0478912511735703   0.00993735   0.0252375553703222   0.000383050000000001   0
0.0261533395921056   0.01001875   -0.0217379115814647   8.13999999999988e-05   0
0.0808608708469239   0.0327656033491297   0.0547075312548182   0.0227468533491297   0
0.043555111524161   0.0517180886173058   -0.0373057593227629   0.0189524852681761   0
0.0351396769887388   0.0216153589070365   -0.00841543453542216   -0.0301027297102694   0
0.0960363277551261   0.0375464469653921   0.0608966507663873   0.0159310880583556   0
0.0687147648102648   0.0576504602935874   -0.0273215629448613   0.0201040133281953   0
0.0540781168246454   0.0246030436696865   -0.0146366479856193   -0.0330474166239009   0
0.0402877308555595   0.0300223686607586   -0.0137903859690859   0.00541932499107212   0
0.0246583622785131   0.0233076406419118   -0.0156293685770463   -0.00671472801884677   0
0.132539948091179   0.0322758144636197   0.107881585812666   0.00896817382170783   0
0.130704019244498   0.0158461297524821   -0.0018359288466813   -0.0164296847111375   0
0.148672851935572   0.0232321136687991   0.0179688326910736   0.00738598391631691   0
0.0284298147148535   0.0235274170215304   -0.120243037220718   0.000295303352731376   0
0.0922428115507783   0.0185602074929808   0.0638129968359248   -0.00496720952854965   0
0.0477982347511914   0.0344708483055248   -0.0444445767995869   0.015910640812544   0
0.0928172928846775   0.0250274139252341   0.0450190581334861   -0.0094434343802907   0
0.0819237285695665   0.0265877271693633   -0.010893564315111   0.00156031324412925   0
0.0481295113967512   0.0285654852199293   -0.0337942171728153   0.001977758050566   0
0.236405009434318   0.0943822656505183   0.188275498037567   0.065816780430589   0
0.666018205435107   0.696574209924836   0.429613196000789   0.602191944274318   1
0.447928939218042   0.359962338787338   -0.218089266217065   -0.336611871137499   1
0.451489341887491   0.342697452874252   0.00356040266944979   -0.0172648859130858   0
0.470608112758843   0.351043492516597   0.0191187708713518   0.00834603964234509   0
0.473255823490958   0.344354513393175   0.00264771073211439   -0.00668897912342231   0
0.440167034294074   0.299830639562153   -0.0330887891968841   -0.0445238738310211   0
0.449817247045075   0.315393852354084   0.00965021275100142   0.015563212791931   0
0.444998695362177   0.307226331451668   -0.00481855168289747   -0.00816752090241668   0
0.458603933727132   0.282479417066979   0.0136052383649549   -0.0247469143846892   0
0.45330244709024   0.298737601907594   -0.00530148663689217   0.0162581848406153   0
0.451426899425155   0.301153982993335   -0.0018755476650853   0.00241638108574138   0
0.463662098500621   0.290011361836911   0.0122351990754666   -0.0111426211564237   0
0.460698191135667   0.311028646752594   -0.0029639073649545   0.0210172849156827   0
0.482185716649716   0.32315741033976   0.0214875255140488   0.0121287635871658   0
0.468585689016355   0.299790051680338   -0.0136000276333608   -0.0233673586594215   0
0.468025766268739   0.310565643490632   -0.000559922747616237   0.0107755918102931   0
0.451228530572924   0.31286128658121   -0.0167972356958149   0.00229564309057845   0
0.367667620386688   0.237993631945269   -0.0835609101862353   -0.0748676546359413   0
0.420921625394277   0.269518461606065   0.0532540050075884   0.0315248296607965   0
0.401680141470595   0.268685814483664   -0.0192414839236822   -0.000832647122400942   0
0.416728018852824   0.257410912172542   0.0150478773822298   -0.0112749023111225   0
0.402445960019688   0.273521350982423   -0.0142820588331367   0.0161104388098816   0
0.432697665600359   0.281795981591736   0.0302517055806711   0.00827463060931266   0
0.406041747634709   0.243866389376437   -0.0266559179656496   -0.0379295922152989   0
0.421436750866604   0.248211353923425   0.0153950032318948   0.00434496454698843   0
0.422907419552732   0.266864334316615   0.00147066868612789   0.0186529803931894   0
0.419473825958188   0.245185484720242   -0.00343359359454415   -0.0216788495963729   0
0.413259068863042   0.239624653769181   -0.00621475709514524   -0.00556083095106066   0
0.41501928822315   0.248820425321656   0.00176021936010751   0.00919577155247508   0
0.419023092767272   0.250369048666663   0.00400380454412219   0.00154862334500688   0
0.513014716491262   0.257112133520085   0.0939916237239899   0.00674308485342168   0
0.506764282072928   0.272701555692757   -0.00625043441833417   0.0155894221726723   0
0.492414861472763   0.259244523821141   -0.0143494206001653   -0.0134570318716166   0
0.531871517798237   0.265896654246062   0.039456656325474   0.00665213042492163   0
0.518391452018848   0.265526817766586   -0.0134800657793882   -0.000369836479475916   0
0.519751755488483   0.270634081625449   0.00136030346963478   0.00510726385886223   0
0.526081828984132   0.271499320237639   0.00633007349564929   0.000865238612190289   0
0.54302879776859   0.270051199549734   0.0169469687844573   -0.0014481206879054   0
0.508839945473034   0.247160963509107   -0.034188852295556   -0.0228902360406268   0
0.51014394648104   0.256297612628854   0.00130400100800598   0.00913664911974707   0
0.514222346681132   0.258376093515344   0.00407840020009198   0.00207848088649054   0
0.493134110894481   0.238404241240063   -0.0210882357866511   -0.0199718522752817   0
0.495212911979718   0.247103974351385   0.00207880108523745   0.00869973311132244   0
0.506179286456062   0.259074720366056   0.0109663744763439   0.0119707460146707   0
0.501074621349515   0.236135951859834   -0.00510466510654684   -0.0229387685062214   0
0.500498125060424   0.23233214783258   -0.000576496289090955   -0.00380380402725397   0
0.505798912005908   0.259259081745462   0.00530078694548353   0.0269269339128813   0
0.510352246222704   0.240332044224756   0.00455333421679671   -0.0189270375207058   0
0.481869350713126   0.2362797572762   -0.0284828955095781   -0.00405228694855581   0
0.490938796882473   0.240387049779101   0.00906944616934657   0.00410729250290101   0
0.483994236508621   0.226570109402145   -0.00694456037385244   -0.013816940376956   0
0.484394312386355   0.232114167831802   0.000400075877734885   0.00554405842965705   0
0.495884066492371   0.241746566992171   0.0114897541060154   0.0096323991603684   0
0.492117200621925   0.234626830218754   -0.00376686587044583   -0.0071197367734166   0
0.488135191025242   0.224467998679656   -0.00398200959668249   -0.010158831539098   0
0.480420221357345   0.232699410051895   -0.00771496966789786   0.00823141137223918   0
0.493000985171429   0.220356866315756   0.0125807638140848   -0.012342543736139   0
0.533842390383154   0.235212007923171   0.0408414052117246   0.0148551416074152   0
0.461883331084258   0.213231331559764   -0.0719590592988964   -0.0219806763634073   0
0.467082328049606   0.19805022110124   0.00519899696534859   -0.0151811104585241   0
0.466547885731797   0.197891358635237   -0.000534442317809136   -0.000158862466002857   0
0.455859405467618   0.215476019775983   -0.0106884802641793   0.0175846611407464   0
0.461147206489425   0.200404622370593   0.00528780102180676   -0.0150713974053904   0
0.479153318368975   0.199747810993012   0.01800611187955   -0.00065681137758114   0
0.482514300143789   0.214974362635408   0.00336098177481392   0.0152265516423963   0
0.482383911912752   0.201328444529083   -0.000130388231036227   -0.0136459181063253   0
0.478387033769721   0.20624833228053   -0.0039968781430314   0.00491988775144736   0
0.460281298671247   0.189047349429316   -0.0181057350984736   -0.0172009828512139   0
0.475217870420042   0.216101123763853   0.0149365717487948   0.0270537743345365   0
0.486516384429353   0.228543869002211   0.0112985140093109   0.0124427452383587   0
0.477151749679282   0.207899481128501   -0.00936463475007121   -0.0206443878737103   0
0.455789587301628   0.187224742271822   -0.0213621623776541   -0.0206747388566796   0
0.461756631115353   0.189893613832193   0.00596704381372509   0.00266887156037138   0
0.484193131661572   0.218394072232398   0.0224365005462187   0.0285004584002054   0
0.486258310429385   0.203153013148956   0.00206517876781326   -0.015241059083442   0
0.49429491598138   0.208501823189271   0.0080366055519957   0.00534881004031468   0
0.48000553636178   0.212132801850633   -0.0142893796196005   0.00363097866136219   0
0.475353852062482   0.197499067864256   -0.00465168429929808   -0.0146337339863772   0
0.462238339614965   0.197349492810977   -0.0131155124475166   -0.000149575053278644   0
0.484422013592993   0.20634681265772   0.0221836739780278   0.00899731984674218   0
0.464079312972998   0.177872199981475   -0.0203427006199949   -0.0284746126762441   0
0.470822854553907   0.191592927565842   0.00674354158090934   0.0137207275843666   0
0.498995000201405   0.195143947101877   0.0281721456474974   0.00355101953603448   0
0.484843419818192   0.175744095907942   -0.0141515803832124   -0.0193998511939343   0
0.462867947830696   0.175595950760546   -0.0219754719874964   -0.000148145147396472   0
0.481438612034806   0.211436181078358   0.0185706642041095   0.0358402303178118   0
0.465379501587726   0.186481235541274   -0.0160591104470798   -0.0249549455370838   0
0.46316094820968   0.175707333956213   -0.00221855337804561   -0.0107739015850612   0
0.488245487656568   0.171725430385252   0.0250845394468879   -0.00398190357096065   0
0.46444067295392   0.17707961072495   -0.0238048147026481   0.00535418033969859   0
0.471503230685952   0.168170355507444   0.0070625577320319   -0.00890925521750677   0
0.461983685432722   0.17350337296217   -0.00951954525323012   0.00533301745472667   0
0.468307385201216   0.169838945346025   0.00632369976849417   -0.00366442761614555   0
0.475276534378671   0.174695848179772   0.006969149177455   0.00485690283374729   0
0.464315497046189   0.17579980985769   -0.0109610373324814   0.00110396167791799   0
0.458884772638579   0.174926334030929   -0.00543072440761089   -0.000873475826761561   0
0.467355427218557   0.175702342199812   0.00847065457997848   0.000776008168883902   0
0.454935923948901   0.176039470522948   -0.0124195032696564   0.000337128323135899   0
0.448772263821652   0.184776167882252   -0.00616366012724917   0.00873669735930316   0
0.458292456242038   0.180440994440703   0.00952019242038615   -0.00433517344154802   0
0.444860271580291   0.169364801896446   -0.0134321846617469   -0.0110761925442572   0
0.444495537044907   0.18168062423591   -0.000364734535384048   0.0123158223394639   0
0.449325561562894   0.177867147371289   0.00483002451798725   -0.00381347686462075   0
0.44454582328534   0.16421302223484   -0.00477973827755374   -0.0136541251364496   0
0.453167215322876   0.181106676583858   0.00862139203753598   0.0168936543490178   0
0.45135419206047   0.162111968524875   -0.00181302326240579   -0.0189947080589828   0
0.439920757477173   0.171249751466243   -0.011433434583297   0.00913778294136822   0
0.480594671323975   0.184462648065943   0.0406739138468021   0.0132128965997001   0
0.461917946730683   0.168562064269366   -0.0186767245932926   -0.0159005837965767   0
0.46665195956297   0.174714194954932   0.00473401283228736   0.00615213068556569   0
0.444532200237778   0.175175899593808   -0.0221197593251922   0.000461704638876209   0
0.462252184029454   0.163723466884286   0.0177199837916757   -0.011452432709522   0
0.430559332459871   0.168416903013838   -0.0316928515695825   0.00469343612955164   0
0.425955837540513   0.168131636113642   -0.00460349491935824   -0.00028526690019634   0
0.403962594925434   0.154416168618615   -0.0219932426150794   -0.0137154674950268   0
0.408430112216631   0.146645584982476   0.00446751729119765   -0.00777058363613917   0
0.426576484702345   0.165869861339395   0.0181463724857137   0.0192242763569189   0
0.420193217057629   0.167547576816378   -0.0063832676447157   0.00167771547698312   0
0.454713441196761   0.161740118322573   0.0345202241391314   -0.00580745849380448   0
0.423214387233291   0.17244177187013   -0.0314990539634697   0.0107016535475569   0
0.428474787635445   0.159197631112275   0.00526040040215436   -0.0132441407578551   0
0.417923941411066   0.152100348043652   -0.0105508462243795   -0.00709728306862326   0
0.421135273889091   0.164568820134496   0.00321133247802557   0.0124684720908439   0
0.411571258681896   0.159361071358284   -0.00956401520719563   -0.00520774877621194   0
0.408476110890968   0.165476753079428   -0.00309514779092829   0.00611568172114429   0
0.428054913940488   0.147071054121945   0.0195788030495203   -0.0184056989574833   0
0.452935470800201   0.145853127763   0.0248805568597135   -0.00121792635894474   0
0.411353242412905   0.15617780286991   -0.0415822283872965   0.0103246751069101   0
0.400617323031289   0.146415404913733   -0.0107359193816159   -0.0097623979561767   0
0.403708210927905   0.146023591506005   0.00309088789661627   -0.000391813407728786   0
0.400358756604174   0.136597238064876   -0.00334945432373146   -0.00942635344112827   0
0.422277955635858   0.156469183002788   0.0219191990316847   0.0198719449379118   0
0.414496184045173   0.151983278599892   -0.00778177159068527   -0.00448590440289576   0
0.428352307496995   0.154067284623472   0.0138561234518217   0.00208400602357986   0
0.404722994213326   0.150156851978057   -0.0236293132836687   -0.00391043264541563   0
0.418919371997597   0.146440960663752   0.0141963777842707   -0.00371589131430478   0
0.83946711850929   0.101966186385929   0.420547746511693   -0.0444747742778229   1
0.868008598645918   0.111193969373613   0.0285414801366279   0.00922778298768413   0
0.704117786821928   0.137517474679775   -0.16389081182399   0.0263235053061617   0
0.568832041823322   0.0881328529495812   -0.135285744998606   -0.0493846217301936   0
0.540143668731237   0.0891356844344621   -0.0286883730920857   0.00100283148488087   0
0.506727555396823   0.125719438818516   -0.033416113334414   0.0365837543840536   0
0.514512153515775   0.104992683943573   0.00778459811895194   -0.0207267548749427   0
0.54015709674964   0.080715777128948   0.0256449432338653   -0.024276906814625   0
0.525678318228068   0.0882050305106517   -0.0144787785215719   0.00748925338170374   0
0.519749400785829   0.100219503435081   -0.00592891744223933   0.0120144729244294   0
0.507688700844021   0.0786256324024194   -0.0120606999418076   -0.0215938710326617   0
0.511763918315858   0.0746868996258153   0.0040752174718367   -0.00393873277660411   0
0.514140328943373   0.0786896053935334   0.00237641062751537   0.00400270576771812   0
0.50389936492527   0.0791949247769087   -0.0102409640181037   0.000505319383375308   0
0.489073579309364   0.0692796660041927   -0.0148257856159054   -0.00991525877271594   0
0.483415910515614   0.0836304608005361   -0.00565766879375024   0.0143507947963433   0
0.594599354944159   0.126043851653462   0.111183444428545   0.0424133908529262   0
0.464747081730483   0.0774425653443408   -0.129852273213676   -0.0486012863091214   0
0.469613630995737   0.0899209068545936   0.00486654926525404   0.0124783415102528   0
0.477174085126602   0.0870933416019273   0.00756045413086565   -0.00282756525266628   0
0.513310252044512   0.116631089391037   0.0361361669179092   0.0295377477891094   0
0.457997797508211   0.128408742789383   -0.0553124545363007   0.0117776533983466   0
0.447376186661751   0.122950167596277   -0.0106216108464596   -0.00545857519310673   0
0.448470395515691   0.112929459001593   0.00109420885393946   -0.0100207085946835   0
0.425483963064414   0.095813335660729   -0.0229864324512761   -0.0171161233408641   0
0.444114267924371   0.103291639189745   0.0186303048599565   0.00747830352901568   0
0.511372682094967   0.0994489057361115   0.0672584141705958   -0.00384273345363316   0
0.355663120112783   0.0901765918653644   -0.155709561982184   -0.00927231387074717   0
0.380765528366211   0.094025069829328   0.0251024082534281   0.00384847796396361   0
0.401406544982279   0.0966437871592852   0.0206410166160673   0.00261871732995726   0
0.431402886360024   0.0986620478793137   0.0299963413777457   0.00201826072002852   0
0.422851242714078   0.0932241797582179   -0.00855164364594635   -0.00543786812109584   0
0.412037396645013   0.0796928001342185   -0.0108138460690646   -0.0135313796239994   0
0.405595726045344   0.0873780521901383   -0.00644167059966899   0.00768525205591973   0
0.395367053482255   0.103261229577526   -0.0102286725630896   0.0158831773873877   0
0.397887554696047   0.114128573901105   0.00252050121379266   0.0108673443235791   0
0.379412031938485   0.116438301897368   -0.0184755227575622   0.00230972799626246   0
0.398899463978594   0.111968675863852   0.0194874320401093   -0.00446962603351531   0
0.400062015678932   0.102142479997421   0.00116255170033758   -0.00982619586643135   0
0.422526768509701   0.101273104858357   0.0224647528307685   -0.000869375139064099   0
0.374405286274927   0.10133557553906   -0.0481214822347735   6.24706807030445e-05   0
0.395153794675554   0.113541444181783   0.0207485084006272   0.0122058686427234   0
0.371599627583088   0.101967767902632   -0.0235541670924658   -0.0115736762791514   0
0.378901686507199   0.102018450451656   0.00730205892411095   5.0682549023684e-05   0
0.377761200775781   0.111088015806956   -0.00114048573141828   0.00906956535530055   0
0.394415169976524   0.120259147570829   0.0166539692007425   0.0091711317638732   0
0.364805828963848   0.111474846729262   -0.029609341012676   -0.0087843008415671   0
0.356684847896347   0.109864865564065   -0.00812098106750087   -0.00160998116519755   0
0.368693745981102   0.112277966787339   0.0120088980847556   0.00241310122327482   0
0.372683943005075   0.111916117845834   0.00399019702397269   -0.000361848941505913   0
0.379491623781553   0.112413943454024   0.00680768077647836   0.000497825608190561   0
0.363424188170091   0.108493782876612   -0.016067435611462   -0.00392016057741167   0
0.381728225444491   0.101193425929468   0.0183040372743994   -0.00730035694714445   0
0.418885138492642   0.113168856438214   0.0371569130481514   0.0119754305087457   0
0.429376499968268   0.118951861149511   0.0104913614756257   0.00578300471129711   0
0.38860692015965   0.107878124652244   -0.0407695798086175   -0.0110737364972673   0
0.376872312433684   0.114990767354786   -0.0117346077259664   0.00711264270254237   0
0.359336112354436   0.102350980507785   -0.0175362000792478   -0.0126397868470009   0
0.348644791954275   0.106718216706345   -0.0106913204001609   0.00436723619856033   0
0.347924843518656   0.10637796142859   -0.0007199484356189   -0.000340255277755774   0
0.363885527797534   0.106430511740877   0.0159606842788777   5.25503122875692e-05   0
0.386052960720741   0.113368330823218   0.0221674329232068   0.00693781908234037   0
0.380704124414223   0.100189192182401   -0.00534883630651828   -0.0131791386408165   0
0.352032674655649   0.10361359264563   -0.0286714497585738   0.00342440046322914   0
0.336578571552082   0.105281958854688   -0.0154541031035669   0.00166836620905778   0
0.33218233753943   0.10203897119117   -0.00439623401265177   -0.00324298766351763   0
0.342141574434108   0.0962952723478709   0.00995923689467731   -0.00574369884329951   0
0.552231770305693   0.202527275176086   0.210090195871586   0.106232002828215   1
0.505505366710384   0.227757391908034   -0.046726403595309   0.0252301167319486   1
