0.105696729928792   0.345350343706938   0   0   0
0.100099505564164   0.187504057542097   -0.00559722436462852   -0.157846286164841   0
0.0817585503584793   0.189607061457564   -0.0183409552056842   0.00210300391546722   0
0.0861360232559525   0.184389290238947   0.00437747289747321   -0.00521777121861752   0
0.0800927536555312   0.157149180223196   -0.00604326960042138   -0.0272401100157507   0
0.0935585959898266   0.157874277763985   0.0134658423342955   0.000725097540789449   0
0.0856542623126835   0.137517482090178   -0.00790433367714309   -0.0203567956738071   0
0.084258038971958   0.130399129086087   -0.00139622334072552   -0.00711835300409117   0
0.0877080016260204   0.105527212286322   0.0034499626540624   -0.0248719167997649   0
0.0859453278686515   0.114017350863597   -0.00176267375736894   0.0084901385772745   0
0.0584887929888316   0.087085847740448   -0.0274565348798198   -0.0269315031231486   0
0.0937925984499955   0.0874098465487298   0.0353038054611639   0.000323998808281795   0
0.0551603781240357   0.0895817967847403   -0.0386322203259598   0.00217195023601043   0
0.0350739880391146   0.0815404237931728   -0.0200863900849211   -0.00804137299156744   0
0.0677247618620583   0.0794558489744462   0.0326507738229436   -0.00208457481872665   0
0.0468791739228626   0.0502535447001254   -0.0208455879391957   -0.0292023042743208   0
0.0387653123864171   0.0365967963595859   -0.00811386153644553   -0.0136567483405395   0
0.016459010257075   0.0491705678007179   -0.0223063021293421   0.0125737714411321   0
0.0229703961599468   0.0153180363574285   0.00651138590287183   -0.0338525314432895   0
0.0239683268741583   0.0201230483546113   0.000997930714211493   0.00480501199718286   0
0.0069519425252886   0.00601889622680313   -0.0170163843488697   -0.0141041521278082   0
0.0258238808373937   0.0163202936945081   0.0188719383121051   0.0103013974677049   0
0.0447886987473951   0.00692771425287771   0.0189648179100014   -0.00939257944163036   0
0.032590128514475   0.0122427601033223   -0.01219857023292   0.00531504585044458   0
0.013385644450612   0.02369588644186   -0.019204484063863   0.0114531263385377   0
0.0181180295021948   0.0174966060168108   0.00473238505158276   -0.0061992804250492   0
0.0277130873637781   0.00695394345138066   0.00959505786158337   -0.0105426625654301   0
0.0221047003612354   0.0256569687670329   -0.00560838700254275   0.0187030253156522   0
0.0424655651865132   0.0165453002517248   0.0203608648252778   -0.00911166851530806   0
0.0324539711312021   0.0313227170683276   -0.0100115940553111   0.0147774168166028   0
0.0574837686067476   0.0244909109929582   0.0250297974755455   -0.0068318060753694   0
0.0448970005827468   0.035701216085345   -0.0125867680240008   0.0112103050923869   0
0.0205029961997235   0.0416688437030295   -0.0243940043830233   0.00596762761768444   0
0.0368949859503483   0.040515894144027   0.0163919897506248   -0.0011529495590025   0
0.0137430768407151   0.0455944041333199   -0.0231519091096332   0.00507850998929293   0
0.0497222574971461   0.0567136092666919   0.035979180656431   0.011119205133372   0
0.0338159310642188   0.0694598856974837   -0.0159063264329273   0.0127462764307918   0
0.0250355896892424   0.0771844354346296   -0.00878034137497644   0.00772454973714587   0
0.0474371084453933   0.0682996468030765   0.0224015187561509   -0.00888478863155305   0
0.0445046745161674   0.0627711278002275   -0.00293243392922585   -0.00552851900284897   0
0.0252607054121693   0.0728643343585358   -0.0192439691039981   0.0100932065583082   0
0.0219946892262314   0.091818719156526   -0.0032660161859379   0.0189543847979902   0
0.0605007389506938   0.0928595846241787   0.0385060497244624   0.00104086546765264   0
0.0315391834875286   0.0819936995718116   -0.0289615554631652   -0.010865885052367   0
0.018082803049157   0.10353342177046   -0.0134563804383717   0.0215397221986486   0
0.0507744686955176   0.112298229419479   0.0326916656463607   0.00876480764901909   0
0.0485275173498501   0.08700360266772   -0.00224695134566755   -0.0252946267517592   0
0.0330080367647775   0.118575761763355   -0.0155194805850726   0.0315721590956353   0
0.0414031076054685   0.130194479629908   0.008395070840691   0.0116187178665526   0
0.0451673174968361   0.166525112144092   0.00376420989136769   0.0363306325141843   0
0.0531979309920978   0.186009979717763   0.00803061349526166   0.0194848675736705   0
0.065141180774223   0.192228825787107   0.0119432497821252   0.00621884606934445   0
0.0649963241558329   0.188625215773641   -0.000144856618390143   -0.00360361001346654   0
0.0531335812157434   0.176806487489147   -0.0118627429400895   -0.0118187282844933   0
0.0724901404428216   0.17217851069748   0.0193565592270782   -0.00462797679166685   0
0.063753753673725   0.185016441201504   -0.00873638676909663   0.0128379305040236   0
0.070812727956491   0.212253974063291   0.007058974282766   0.0272375328617865   0
0.0680820422464691   0.197945363134433   -0.0027306857100219   -0.0143086109288577   0
0.0663569432883251   0.206851755224509   -0.00172509895814393   0.00890639209007568   0
0.0837750771922056   0.192750215621047   0.0174181339038804   -0.0141015396034618   0
0.048678113550753   0.210504298740198   -0.0350969636414526   0.0177540831191512   0
0.0554411642206403   0.221672917319916   0.00676305066988728   0.0111686185797185   0
0.110059668532029   0.281429943756173   0.0546185043113883   0.0597570264362562   0
0.130577374775188   0.319131108886301   0.0205177062431598   0.0377011651301282   0
0.122665241907437   0.296012696000526   -0.00791213286775155   -0.0231184128857745   0
0.107825077906673   0.296456757520642   -0.0148401640007643   0.00044406152011528   0
0.0741038521391432   0.29134803697786   -0.0337212257675293   -0.00510872054278155   0
0.0861080259300775   0.280644095927137   0.0120041737909343   -0.0107039410507231   0
0.0939499319732079   0.278256181434825   0.00784190604313044   -0.00238791449231235   0
0.0743893418242083   0.282049396694927   -0.0195605901489997   0.00379321526010284   0
0.106691362985951   0.272830864541482   0.032302021161743   -0.00921853215344537   0
0.0911463673979693   0.250740411191515   -0.0155449955879819   -0.0220904533499671   0
0.0779160345097105   0.254704212787578   -0.0132303328882588   0.00396380159606341   0
0.0674563810749206   0.237465156258218   -0.01045965343479   -0.0172390565293601   0
0.0799655345826869   0.241556099920888   0.0125091535077664   0.00409094366266971   0
0.0951264289504237   0.238612451403924   0.0151608943677367   -0.00294364851696391   0
0.0983085538936465   0.220324063855358   0.00318212494322284   -0.0182883875485658   0
0.087489875916131   0.228192316751923   -0.0108186779775155   0.00786825289656481   0
0.105525039333658   0.213580235350769   0.0180351634175267   -0.0146120814011538   0
0.106909786630411   0.218334801320678   0.00138474729675329   0.00475456596990889   0
0.084171553290705   0.233539099697331   -0.0227382333397059   0.015204298376653   0
0.0925747800618505   0.231954493992895   0.00840322677114551   -0.00158460570443608   0
0.0873001425999981   0.223180303629291   -0.00527463746185247   -0.00877419036360416   0
0.09712701778321   0.226225749628529   0.00982687518321194   0.00304544599923828   0
0.0601872525591591   0.225284027979371   -0.036939765224051   -0.000941721649158234   0
0.0580521512642727   0.245296502959357   -0.00213510129488635   0.0200124749799864   0
0.0607570267705522   0.374966612510367   0.00270487550627951   0.12967010955101   0
0.0951705980762441   0.352784909343498   0.0344135713056919   -0.0221817031668695   0
0.0873131440103379   0.313437915336514   -0.00785745406590625   -0.0393469940069834   0
0.107251873099308   0.34185545039863   0.0199387290889698   0.0284175350621153   0
0.11166997180339   0.309421673064849   0.00441809870408269   -0.0324337773337812   0
0.0949233157487664   0.293441166337479   -0.016746656054624   -0.0159805067273696   0
0.0882762939646313   0.300413688740626   -0.00664702178413509   0.0069725224031475   0
0.0813939680168008   0.297281163024165   -0.00688232594783045   -0.00313252571646172   0
0.130301464159617   0.291670168915164   0.0489074961428163   -0.00561099410900123   0
0.09461521929843   0.306397480048792   -0.0356862448611872   0.0147273111336287   0
0.0765942467574426   0.288114631964866   -0.0180209725409874   -0.0182828480839266   0
0.119447181801205   0.314209677335056   0.0428529350437619   0.0260950453701904   0
0.112892188383121   0.289281207599543   -0.00655499341808385   -0.0249284697355128   0
0.0962913322575298   0.283667426597151   -0.0166008561255909   -0.00561378100239224   0
0.102069664632446   0.268077066087814   0.00577833237491622   -0.0155903605093373   0
0.131731532522172   0.251882950850688   0.0296618678897257   -0.0161941152371259   0
0.105678354782283   0.253213348424308   -0.0260531777398891   0.0013303975736203   0
0.114856484085009   0.264760496556869   0.00917812930272667   0.0115471481325612   0
0.122769093453483   0.259574235794811   0.00791260936847352   -0.00518626076205853   0
0.12200714642065   0.281723863329524   -0.000761947032832541   0.0221496275347135   0
0.123959934722676   0.284774231871763   0.00195278830202532   0.0030503685422385   0
0.132411750808189   0.277525424930059   0.00845181608551362   -0.00724880694170343   0
0.130632886551358   0.279883709902416   -0.0017788642568311   0.00235828497235713   0
0.145852076118888   0.258620006558348   0.0152191895675302   -0.0212637033440684   0
0.137038508770747   0.251917882476433   -0.0088135673481417   -0.0067021240819149   0
0.139398715975076   0.252110786221137   0.00236020720432972   0.000192903744704154   0
0.133961900877974   0.281077112202577   -0.00543681509710281   0.0289663259814395   0
0.134981939400277   0.280383265827782   0.00102003852230326   -0.000693846374795137   0
0.123774950402535   0.278249938329288   -0.0112069889977418   -0.00213332749849382   0
0.130171135364565   0.317330817622146   0.00639618496203037   0.0390808792928586   0
0.134394465477303   0.33980034465414   0.00422333011273768   0.0224695270319937   0
0.13662223877766   0.368798750270469   0.00222777330035714   0.0289984056163292   0
0.149488033422411   0.373778257218264   0.0128657946447513   0.00497950694779431   0
0.148053932801159   0.356243956649053   -0.00143410062125279   -0.0175343005692105   0
0.144850062740131   0.380996818585474   -0.00320387006102729   0.0247528619364207   0
0.167825207138499   0.394353308302343   0.0229751443983673   0.0133564897168688   0
0.0832935325180773   0.522762765364826   -0.0845316746204214   0.128409457062483   0
0.104855748204235   0.4976528442419   0.021562215686158   -0.0251099211229265   0
0.144793131272067   0.463002595030665   0.0399373830678316   -0.0346502492112343   0
0.17763158386582   0.482336090169376   0.0328384525937535   0.0193334951387104   0
0.129962531344307   0.486492182956859   -0.0476690525215134   0.00415609278748352   0
0.169760789727222   0.453072508090184   0.0397982583829147   -0.0334196748666749   0
0.184357371348802   0.449325849123246   0.01459658162158   -0.00374665896693877   0
0.195874835163581   0.461680663353549   0.0115174638147792   0.0123548142303033   0
0.162018749193573   0.526954989845387   -0.0338560859700077   0.0652743264918386   0
0.187915010959769   0.502690872537726   0.0258962617661955   -0.0242641173076619   0
0.172592222541371   0.498273885483667   -0.0153227884183981   -0.00441698705405902   0
0.17032307709647   0.49402002213295   -0.00226914544490078   -0.00425386335071698   0
0.184982092227572   0.52112957614757   0.0146590151311023   0.0271095540146207   0
0.19536520947958   0.522733889493437   0.0103831172520074   0.00160431334586675   0
0.202445406963976   0.5343526165998   0.00708019748439676   0.0116187271063627   0
0.197458293406481   0.525039634605381   -0.00498711355749518   -0.00931298199441821   0
0.206257699657225   0.551727711100676   0.00879940625074374   0.0266880764952941   0
0.188252350225064   0.571140292907312   -0.0180053494321613   0.0194125818066363   0
0.161704454243815   0.542180688328739   -0.0265478959812488   -0.0289596045785731   0
0.199947491265207   0.537996494576532   0.0382430370213921   -0.00418419375220713   0
0.201350343303134   0.542876433583207   0.00140285203792725   0.00487993900667549   0
0.207468067200449   0.557335659980862   0.0061177238973148   0.0144592263976543   0
0.208437103506286   0.567544795056348   0.000969036305836612   0.0102091350754868   0
0.191371902455664   0.559885253976464   -0.017065201050622   -0.00765954107988398   0
0.224916362928734   0.577340884971602   0.0335444604730705   0.0174556309951373   0
0.202319661270278   0.625354693224461   -0.0225967016584561   0.0480138082528597   0
0.212818560907549   0.655833153485099   0.0104988996372707   0.0304784602606381   0
0.207439631851968   0.644268024126956   -0.00537892905558068   -0.0115651293581429   0
0.241906268565823   0.658614857125042   0.0344666367138549   0.0143468329980859   0
0.233320226690808   0.652753357695939   -0.00858604187501488   -0.00586149942910341   0
0.23340863903035   0.712753827570571   8.84123395415992e-05   0.0600004698746324   0
0.242312988220793   0.73673443025838   0.00890434919044311   0.0239806026878088   0
0.261424405591291   0.745489389017537   0.0191114173704987   0.00875495875915666   0
0.23761481118432   0.727343545096313   -0.0238095944069715   -0.0181458439212236   0
0.279890893347747   0.711354123823887   0.0422760821634273   -0.015989421272426   0
0.263018236954037   0.750484914000441   -0.0168726563937101   0.0391307901765542   0
0.251209087521451   0.730500194785224   -0.0118091494325862   -0.0199847192152176   0
0.290410899870184   0.76414869592328   0.039201812348733   0.0336485011380567   0
0.268925037054734   0.795088511056002   -0.02148586281545   0.0309398151327213   0
0.312402670856316   0.850630058505606   0.0434776338015825   0.0555415474496038   0
0.325418768481921   0.872082702403849   0.0130160976256044   0.0214526438982433   0
0.300527641974395   0.890350051194473   -0.0248911265075261   0.0182673487906236   0
0.294538860997136   0.892633734285793   -0.00598878097725908   0.00228368309132054   0
0.328263831789675   0.948056107019121   0.0337249707925393   0.0554223727333275   0
0.351228120443523   1.02246725266546   0.0229642886538481   0.0744111456463376   0
0.322191216930707   1.08116014794028   -0.029036903512816   0.0586928952748227   0
0.410429500810566   1.18284253390181   0.0882382838798584   0.101682385961527   0
0.413261959864394   1.44157427306435   0.00283245905382851   0.258731739162539   0
0.416954439235799   1.44491510818162   0.00369247937140543   0.00334083511727212   0
0.411327788728467   1.5062845694394   -0.00562665050733291   0.0613694612577851   0
0.477239049124231   1.52279426880201   0.0659112603957643   0.0165096993626068   0
0.477738223463447   1.59543887367473   0.000499174339215702   0.0726446048727225   0
0.501132278283898   1.60679071040926   0.0233940548204513   0.0113518367345282   0
0.51582570982673   1.6356684484703   0.0146934315428323   0.0288777380610423   0
0.488368251152755   1.64626544924998   -0.0274574586739756   0.0105970007796796   0
0.508455495334144   1.62722868981199   0.0200872441813897   -0.0190367594379923   0
0.530032864121283   1.60536930562239   0.0215773687871383   -0.0218593841896058   0
0.512310724554933   1.58249581775537   -0.01772213956635   -0.0228734878670112   0
0.521952254431083   1.59634683344073   0.00964152987615041   0.0138510156853573   0
0.511819787220502   1.64106329410157   -0.0101324672105809   0.0447164606608399   0
0.567344072094739   1.65255506381497   0.0555242848742366   0.0114917697133989   0
0.538726656799541   1.69242290643666   -0.0286174152951979   0.0398678426216863   0
0.532237263263528   1.69533243737659   -0.00648939353601274   0.00290953093993362   0
0.571539359245722   1.72621602133054   0.0393020959821936   0.0308835839539532   0
0.565619003397481   1.74383375570537   -0.00592035584824013   0.0176177343748278   0
0.550831691126146   1.75392834819798   -0.0147873122713352   0.0100945924926104   0
0.581903369065354   1.71225828427964   0.0310716779392082   -0.0416700639183434   0
0.464020745907023   1.80335131828445   -0.117882623158331   0.0910930340048082   0
0.497487879324094   1.74684284795034   0.0334671334170707   -0.0565084703341074   0
0.497718677935279   1.75190455049255   0.000230798611184524   0.00506170254221017   0
0.538451501181669   1.67918612350485   0.0407328232463903   -0.0727184269876977   0
0.536844205863584   1.68211528841672   -0.00160729531808468   0.00292916491186412   0
0.511809056169964   1.67111298792339   -0.0250351496936208   -0.0110023004933224   0
0.598908658698357   1.70948885793327   0.0870996025283933   0.0383758700098777   0
0.48150910500867   1.74748654929251   -0.117399553689687   0.037997691359241   0
0.478298012461227   1.70683337772298   -0.00321109254744256   -0.040653171569528   0
0.522043236538709   1.71241457652148   0.0437452240774815   0.00558119879849928   0
0.505721751525728   1.76106222498624   -0.0163214850129807   0.0486476484647611   0
0.493580150173566   1.72042399872139   -0.0121416013521618   -0.0406382262648537   0
0.555920843984906   1.7463201399495   0.0623406938113398   0.0258961412281118   0
0.549848015359927   1.87385180649645   -0.00607282862497927   0.127531666546945   0
0.550142091250288   1.93135689481806   0.000294075890361234   0.0575050883216097   0
0.579308194061365   1.93898560232645   0.029166102811077   0.00762870750838829   0
0.52394599025244   1.91634481424436   -0.0553622038089248   -0.022640788082086   0
0.517427334994548   1.91060525318503   -0.0065186552578923   -0.00573956105932494   0
0.565820222505665   1.9475004537538   0.048392887511117   0.0368952005687635   0
0.566775705846157   1.9969672097343   0.000955483340492669   0.0494667559805033   0
0.540581937073086   2.11374517599952   -0.0261937687730713   0.11677796626522   0
0.584709877358208   2.03369355367869   0.0441279402851215   -0.0800516223208341   0
0.580292217178113   1.96172533016864   -0.00441766018009482   -0.0719682235100507   0
0.542966655018519   2.00737854622042   -0.0373255621595933   0.0456532160517809   0
0.5880849350283   2.05877862934593   0.0451182800097807   0.0514000831255101   0
0.618436143508479   2.02721167891522   0.0303512084801788   -0.0315669504307121   0
0.597202780196174   2.03432405992482   -0.0212333633123047   0.00711238100960321   0
0.547283253016973   2.0877879020198   -0.0499195271792013   0.0534638420949838   0
0.605081444355295   2.04761909112852   0.0577981913383221   -0.0401688108912799   0
0.578702517763695   2.1315015717259   -0.0263789265915998   0.083882480597381   0
0.557263488126479   1.9910951507003   -0.0214390296372166   -0.140406421025604   0
0.58750640854623   2.06528502704009   0.0302429204197516   0.0741898763397937   0
0.582557613661997   2.58243831726161   -0.00494879488423372   0.517153290221521   0
0.631046296650222   2.38426800914117   0.0484886829882255   -0.198170308120444   0
0.675805280051739   2.3877470167891   0.0447589834015174   0.00347900764792985   0
0.621932038783049   2.38791242056367   -0.0538732412686904   0.000165403774570194   0
0.631280404850658   2.42145571297252   0.00934836606760847   0.0335432924088486   0
0.68414245055766   2.3853620319843   0.0528620457070023   -0.0360936809882233   0
0.64147182933305   2.3862290492218   -0.0426706212246095   0.000867017237508705   0
0.662833987046802   2.38510302247534   0.0213621577137516   -0.00112602674646523   0
0.654216680734823   2.38939096241302   -0.00861730631197843   0.00428793993767673   0
0.647296363691965   2.42371397243342   -0.00692031704285889   0.0343230100204059   0
0.672692497178495   2.43078828121435   0.0253961334865308   0.00707430878092463   0
0.642317230586538   2.48423525990374   -0.0303752665919572   0.0534469786893932   0
0.658976842969584   2.41771625312691   0.016659612383046   -0.0665190067768346   0
0.730149203950152   2.3083945506027   0.0711723609805675   -0.109321702524203   0
0.651524969269245   2.3746403235467   -0.0786242346809071   0.0662457729440025   0
0.643965474978558   2.42641773156381   -0.00755949429068636   0.0517774080171023   0
0.68901733693294   2.46497989499833   0.0450518619543814   0.0385621634345275   0
0.663297148653671   2.48557515392032   -0.0257201882792687   0.0205952589219813   0
0.620118981578536   2.4963624012371   -0.0431781670751353   0.0107872473167823   0
0.754484048614681   2.5709395053338   0.134365067036145   0.0745771040967012   0
0.664895614864469   2.55952145102185   -0.0895884337502121   -0.0114180543119491   0
0.719773269941306   2.52572741161457   0.0548776550768372   -0.0337940394072773   0
0.672821372659936   2.55767961926704   -0.0469518972813703   0.031952207652469   0
0.654831410786013   2.56410478447649   -0.0179899618739227   0.00642516520945247   0
0.720315754167573   2.57892612641871   0.0654843433815605   0.0148213419422132   0
0.679312377002657   2.59916971868061   -0.0410033771649164   0.0202435922619038   0
0.664513535376067   2.60969585752267   -0.0147988416265896   0.0105261388420619   0
0.716523195577785   2.64083875970424   0.0520096602017172   0.0311429021815708   0
0.685262041871757   2.69931400871592   -0.0312611537060273   0.0584752490116744   0
