0.131810939567435   0.265416935182441   0   0   0
0.366151801614044   0.18458434477902   0.234340862046609   -0.0808325904034211   1
0.191608954841518   0.116382222402199   -0.174542846772526   -0.0682021223768203   1
0.0446919608343604   0.103600017090973   -0.146916994007158   -0.0127822053112259   0
0.122576837607001   0.0796396800585926   0.0778848767726403   -0.0239603370323808   0
0.0340058069341473   0.0832507809904057   -0.0885710306728533   0.00361110093181308   0
0.0047619600686482   0.0923667838252069   -0.0292438468654991   0.00911600283480117   0
0.0373374719934612   0.0900465208622882   0.032575511924813   -0.00232026296291871   0
0.0392280870689612   0.0989857202532896   0.00189061507549999   0.00893919939100137   0
0.174541786043457   0.0998925104382331   0.135313698974496   0.000906790184943496   0
0.106549922123154   0.0442617121166251   -0.0679918639203036   -0.0556307983216079   0
0.0369495503676635   0.0695898925526006   -0.0696003717554901   0.0253281804359755   0
0.107472123761467   0.0531236905571799   0.0705225733938031   -0.0164662019954208   0
0.0691245109510367   0.0450447923809734   -0.0383476128104299   -0.00807889817620645   0
0.0682279853535783   0.0504051235102891   -0.000896525597458411   0.00536033112931569   0
0.0645682817108369   0.0788864108722947   -0.0036597036427414   0.0284812873620056   0
0.0938056297682607   0.0422054633932729   0.0292373480574238   -0.0366809474790218   0
0.133604392237419   0.0561655270294422   0.0397987624691579   0.0139600636361693   0
0.116792010056382   0.0414412271563295   -0.0168123821810367   -0.0147242998731127   0
0.070576655697139   0.0442839533542625   -0.0462153543592429   0.00284272619793306   0
0.00331587005410345   0.0160124098875685   -0.0672607856430355   -0.0282715434666941   0
0.157305447832562   0.0188141364023837   0.153989577778459   0.00280172651481526   0
0.11074784778244   0.012503387336538   -0.0465576000501225   -0.00631074906584567   0
0.0614984707123681   0.0128504950483435   -0.0492493770700714   0.000347107711805421   0
0.125428783763736   0.0383993428333741   0.0639303130513677   0.0255488477850306   0
0.0756890573280577   0.00889567174119702   -0.0497397264356781   -0.0295036710921771   0
0.222254524131681   0.0342840711288056   0.146565466803623   0.0253883993876085   0
0.0963184538867928   0.0383191943261142   -0.125936070244888   0.00403512319730859   0
0.108281508778738   0.0359456826090853   0.0119630548919456   -0.00237351171702883   0
0.113618484120816   0.0445855731629358   0.00533697534207754   0.00863989055385046   0
0.194730363845909   0.050696777074534   0.0811118797250928   0.00611120391159826   0
0.148794867560545   0.042308828780686   -0.0459354962853641   -0.00838794829384809   0
0.126675956458714   0.0523038267940549   -0.0221189111018306   0.00999499801336899   0
0.0849312259367543   0.0613075221455736   -0.0417447305219597   0.00900369535151867   0
0.141402356118737   0.0556063973377614   0.0564711301819823   -0.0057011248078122   0
0.0847312832151148   0.268607375058732   -0.0566710729036217   0.213000977720971   0
0.137816542474479   0.39778737701815   0.0530852592593646   0.129180001959418   0
0.117654623591585   0.336992994320598   -0.0201619188828942   -0.0607943826975524   0
0.110353395634797   0.230992530367131   -0.00730122795678836   -0.106000463953467   0
0.127368990742998   0.252479486671318   0.0170155951082015   0.0214869563041874   0
0.131870801971096   0.260906499601989   0.00450181122809762   0.00842701293067016   0
0.15802697023097   0.269271151060135   0.0261561682598745   0.00836465145814624   0
0.164913998950847   0.230814545289611   0.0068870287198767   -0.0384566057705236   0
0.147014380229554   0.270193061577273   -0.0178996187212927   0.0393785162876616   0
0.126060476858927   0.256108001669706   -0.0209539033706277   -0.0140850599075671   0
0.16249975946936   0.268311783319332   0.0364392826104337   0.0122037816496259   0
0.139853075877937   0.258640339209683   -0.0226466835914234   -0.00967144410964849   0
0.14251619773731   0.257022216112732   0.00266312185937287   -0.00161812309695109   0
0.138770384524725   0.275808490321636   -0.00374581321258499   0.0187862742089039   0
0.171559693693157   0.260155703134681   0.0327893091684326   -0.0156527871869556   0
0.190344635468825   0.266648645939277   0.0187849417756679   0.00649294280459667   0
0.119833031053921   0.24501843624001   -0.0705116044149043   -0.0216302096992669   0
0.179844920568027   0.252478118824186   0.0600118895141061   0.00745968258417609   0
0.151530888076359   0.250717437906201   -0.0283140324916683   -0.00176068091798492   0
0.139912984886214   0.261099882003995   -0.0116179031901447   0.0103824440977933   0
0.244836884615043   0.258835501982437   0.104923899728829   -0.0022643800215581   0
0.188862076684786   0.239872245981585   -0.0559748079302572   -0.0189632560008517   0
0.138552812928645   0.250674398951109   -0.0503092637561414   0.0108021529695245   0
0.107574535392164   0.231645720386758   -0.0309782775364804   -0.0190286785643517   0
0.209125199473449   0.257652998752198   0.101550664081285   0.0260072783654399   0
0.17602131158587   0.268734339371153   -0.0331038878875792   0.0110813406189552   0
0.250804641072848   0.256709974352868   0.0747833294869776   -0.0120243650182852   0
0.162798498277533   0.248657368982904   -0.0880061427953145   -0.00805260536996386   0
0.19264865032242   0.257143020053044   0.0298501520448865   0.00848565107013979   0
0.136920306598254   0.222364582729017   -0.0557283437241654   -0.0347784373240263   0
0.168012635383116   0.240402111770051   0.0310923287848619   0.0180375290410335   0
0.258531868227671   0.24904561849087   0.090519232844555   0.00864350672081926   0
0.212809004370915   0.270696051359269   -0.0457228638567566   0.0216504328683989   0
0.167624318444133   0.248645456428928   -0.045184685926782   -0.0220505949303409   0
0.164704846473381   0.243488450636781   -0.00291947197075171   -0.00515700579214742   0
0.214932958869783   0.239612296864643   0.0502281123964024   -0.00387615377213729   0
0.19583363618873   0.246755307612116   -0.019099322681053   0.00714301074747259   0
0.103026422296953   0.19385769192503   -0.0928072138917778   -0.0528976156870856   0
0.150446375245168   0.227873465279527   0.0474199529482158   0.034015773354497   0
0.130105419771084   0.236726079936284   -0.0203409554740843   0.00885261465675666   0
0.20274240880795   0.242014060554857   0.0726369890368661   0.00528798061857289   0
0.174593692244737   0.217135572185904   -0.028148716563213   -0.0248784883689528   0
0.128209063726283   0.22740752520805   -0.0463846285184546   0.0102719530221461   0
0.195509301507729   0.251105083904627   0.0673002377814462   0.0236975586965772   0
0.244896216655627   0.217141852779468   0.0493869151478986   -0.0339632311251598   0
0.184842893491852   0.216255331972416   -0.0600533231637758   -0.000886520807051289   0
0.220959658430153   0.230970801931759   0.0361167649383017   0.014715469959343   0
0.198447716442518   0.220086702080112   -0.0225119419876353   -0.0108840998516473   0
0.218956001322731   0.241630427023378   0.0205082848802136   0.021543724943266   0
0.207693551291344   0.237386322045416   -0.0112624500313878   -0.00424410497796193   0
0.249658954227642   0.24215844104274   0.0419654029362987   0.00477211899732355   0
0.230753160582927   0.24059331464995   -0.0189057936447155   -0.0015651263927893   0
0.185883743440046   0.255892601969068   -0.0448694171428806   0.0152992873191179   0
0.213469766469025   0.259352097879986   0.0275860230289787   0.00345949591091804   0
0.230312244234669   0.243109504784881   0.0168424777656445   -0.0162425930951055   0
0.247838356394566   0.253098228308694   0.0175261121598968   0.00998872352381361   0
0.206127102570065   0.245236280748791   -0.0417112538245015   -0.0078619475599031   0
0.165640087783282   0.212398299091589   -0.0404870147867832   -0.0328379816572026   0
0.263808044333015   0.238523213830436   0.0981679565497335   0.0261249147388474   0
0.22665054826832   0.263349105615531   -0.0371574960646951   0.0248258917850946   0
0.240043338023554   0.257819067046059   0.0133927897552337   -0.00553003856947226   0
0.180674876120063   0.224209670417001   -0.0593684619034909   -0.033609396629058   0
0.193284628432527   0.255241641652082   0.0126097523124643   0.0310319712350818   0
0.174566732197203   0.22216829265334   -0.0187178962353239   -0.0330733489987426   0
0.233661574619005   0.228903161984495   0.0590948424218021   0.00673486933115536   0
0.19713724175906   0.235892257445004   -0.0365243328599453   0.00698909546050885   0
0.193873297894379   0.238264890368367   -0.00326394386468112   0.00237263292336318   0
0.223802388259509   0.279445250114401   0.0299290903651303   0.0411803597460337   0
0.309620861393414   0.258625915219744   0.0858184731339055   -0.0208193348946572   0
0.221098879704285   0.234364699123503   -0.0885219816891293   -0.0242612160962408   0
0.167664947031662   0.225586810600155   -0.0534339326726233   -0.00877788852334829   0
0.186306732311449   0.259858999114905   0.0186417852797873   0.0342721885147501   0
0.312192612222343   0.252122055451323   0.125885879910893   -0.00773694366358157   0
0.228430496987968   0.240862693138643   -0.0837621152343747   -0.0112593623126802   0
0.218113842501502   0.265264449130957   -0.010316654486466   0.024401755992314   0
0.234181127810355   0.26043988576925   0.0160672853088535   -0.00482456336170672   0
0.260263196735708   0.269298259640682   0.0260820689253529   0.00885837387143162   0
0.267475032934384   0.231299019565583   0.00721183619867605   -0.0379992400750986   0
0.244869769175454   0.257455034884249   -0.0226052637589306   0.0261560153186661   0
0.240426364801388   0.253552039104895   -0.00444340437406601   -0.00390299577935466   0
0.238750603973456   0.257602864082487   -0.00167576082793183   0.0040508249775919   0
0.245123642853683   0.262248056439414   0.00637303888022722   0.00464519235692734   0
0.213451338997557   0.242948794471695   -0.0316723038561262   -0.0192992619677186   0
0.314227580691065   0.258554472504828   0.100776241693508   0.0156056780331331   0
0.285914197673375   0.269008971858282   -0.02831338301769   0.0104544993534538   0
0.267499332286569   0.265619597901303   -0.0184148653868069   -0.0033893739569788   0
0.322003064427359   0.258313062589274   0.0545037321407906   -0.00730653531202957   0
0.329693293676729   0.274655339158462   0.00769022924937007   0.0163422765691888   0
0.256803907329308   0.271834386979002   -0.0728893863474209   -0.0028209521794601   0
0.237415813352354   0.252757554913345   -0.0193880939769539   -0.0190768320656576   0
0.25819850644357   0.255295131540929   0.0207826930912151   0.00253757662758386   0
0.233785538031098   0.282332634938825   -0.0244129684124714   0.0270375033978967   0
0.177201709047317   0.282496355114097   -0.0565838289837808   0.00016372017527172   0
0.263040294988353   0.292350047981012   0.0858385859410362   0.00985369286691501   0
0.269696967850957   0.284726762108429   0.0066566728626033   -0.00762328587258282   0
0.290260956578404   0.295480560495699   0.020563988727447   0.01075379838727   0
0.243419088587645   0.30644208948307   -0.0468418679907583   0.010961528987371   0
0.360272248076368   0.309102423245516   0.116853159488722   0.00266033376244573   0
0.239379960305285   0.301746346534221   -0.120892287771083   -0.00735607671129512   0
0.19829460574824   0.303820914711385   -0.0410853545570452   0.002074568177164   0
0.188542548369353   0.303595901433011   -0.00975205737888671   -0.000225013278373709   0
0.291931975288696   0.308556672462694   0.103389426919343   0.00496077102968262   0
0.263144274338926   0.308389014810531   -0.0287877009497702   -0.000167657652162534   0
0.23431299782607   0.296001760970623   -0.0288312765128558   -0.0123872538399078   0
0.250908164867646   0.297456801338446   0.0165951670415761   0.00145504036782318   0
0.270005112758351   0.344120764547491   0.0190969478907049   0.0466639632090449   0
0.242360236352831   0.403587016593076   -0.0276448764055205   0.0594662520455848   0
0.310003900823844   0.382805529036611   0.0676436644710137   -0.0207814875564648   0
0.362327098494661   0.446344338653746   0.0523231976708168   0.0635388096171346   0
0.397541907764653   0.500915121605447   0.0352148092699918   0.0545707829517012   0
0.367721042352161   0.497230729600957   -0.0298208654124918   -0.00368439200449022   0
0.413226375490481   0.44969585523468   0.0455053331383197   -0.0475348743662775   0
0.328722350903981   0.417857913165169   -0.0845040245865   -0.0318379420695105   0
0.35574238656927   0.341443482549089   0.0270200356652891   -0.0764144306160801   0
0.373642917898948   0.401088396613826   0.0179005313296779   0.0596449140647373   0
0.35865463291724   0.396344318746024   -0.0149882849817083   -0.00474407786780212   0
0.374874551809002   0.399210922215938   0.0162199188917622   0.0028666034699143   0
0.282042602734218   0.454855941780197   -0.0928319490747835   0.0556450195642587   0
0.383813809966499   0.45294757322178   0.101771207232281   -0.00190836855841675   0
0.297071229910017   0.439599043710857   -0.0867425800564825   -0.0133485295109233   0
0.288252111520957   0.430041192179889   -0.00881911838906013   -0.00955785153096828   0
0.307212274134677   0.509172829689733   0.0189601626137205   0.0791316375098444   0
0.275568403115379   0.436343821469378   -0.0316438710192982   -0.0728290082203556   0
0.252421816665755   0.397518894408178   -0.023146586449624   -0.0388249270611998   0
0.223818430090643   0.357667780444717   -0.028603386575112   -0.0398511139634611   0
0.293664678341693   0.388043255733494   0.0698462482510501   0.0303754752887775   0
0.229672620978231   0.337884143860732   -0.0639920573634623   -0.050159111872762   0
0.253655714647335   0.358423184481696   0.0239830936691039   0.020539040620964   0
0.35100808929425   0.361497286980138   0.0973523746469152   0.00307410249844148   0
0.286498134543037   0.37408101999333   -0.064509954751213   0.0125837330131922   0
0.289495969797509   0.353399767289468   0.00299783525447184   -0.020681252703862   0
0.289584969651759   0.385724003220243   8.89998542500936e-05   0.0323242359307751   0
0.23929703876164   0.335308857819548   -0.0502879308901183   -0.0504151454006947   0
0.304821075001385   0.372397614741623   0.0655240362397447   0.0370887569220744   0
0.290088665792116   0.37114338948781   -0.0147324092092689   -0.00125422525381297   0
0.321976111863349   0.37789951054017   0.0318874460712332   0.00675612105236023   0
0.311797649718531   0.37220285955981   -0.0101784621448179   -0.00569665098035943   0
0.255900956508881   0.339363227926951   -0.0558966932096508   -0.032839631632859   0
0.27694044949384   0.352523823583953   0.0210394929849592   0.0131605956570015   0
0.283222431604137   0.330842778595438   0.00628198211029712   -0.0216810449885149   0
0.271107132082596   0.348786508513446   -0.0121152995215412   0.0179437299180077   0
0.264559239563486   0.337734923545078   -0.0065478925191097   -0.0110515849683673   0
0.30594287381021   0.358145454454262   0.0413836342467238   0.0204105309091838   0
0.267356496610219   0.353891287984743   -0.0385863771999909   -0.00425416646951965   0
0.286854752315523   0.343174693361122   0.0194982557053039   -0.0107165946236207   0
0.266344503305418   0.361897319881621   -0.0205102490101045   0.0187226265204987   0
0.274515299113273   0.351064340609026   0.00817079580785512   -0.0108329792725949   0
0.240065519220858   0.349352941339056   -0.0344497798924158   -0.0017113992699696   0
0.243643191058667   0.352679573656102   0.00357767183780905   0.00332663231704605   0
0.327401298093777   0.36510038374569   0.0837581070351099   0.0124208100895877   0
0.236132701716852   0.336669898104211   -0.0912685963769242   -0.0284304856414785   0
0.276674891518999   0.370371952657393   0.0405421898021469   0.0337020545531815   0
0.302830026207508   0.378253437963887   0.0261551346885087   0.00788148530649413   0
0.332402252492368   0.398179713692825   0.0295722262848601   0.019926275728938   0
0.275865244174108   0.373340424787151   -0.0565370083182605   -0.0248392889056744   0
0.273652206415443   0.381867876880866   -0.00221303775866499   0.00852745209371514   0
0.283305588771489   0.38683314246746   0.00965338235604635   0.00496526558659416   0
0.347286371393984   0.397748988837495   0.0639807826224948   0.0109158463700355   0
0.279318776835876   0.378975244892724   -0.0679675945581076   -0.0187737439447714   0
0.323863204448668   0.362058010885687   0.0445444276127922   -0.0169172340070372   0
0.281475371424926   0.37394713028114   -0.0423878330237425   0.0118891193954535   0
0.304806207363318   0.371711212815137   0.0233308359383921   -0.00223591746600327   0
0.292028090465695   0.373127559296415   -0.0127781168976232   0.00141634648127853   0
0.339711658399075   0.3811843882903   0.0476835679333805   0.00805682899388438   0
0.287077954828527   0.381534777454494   -0.0526337035705479   0.000350389164193887   0
0.295974041485398   0.384932559141533   0.00889608665687047   0.00339778168703958   0
0.281785773691381   0.385713925035771   -0.0141882677940172   0.000781365894237274   0
0.306880588202056   0.378542916859172   0.0250948145106756   -0.00717100817659849   0
0.283199843283855   0.353063815488787   -0.0236807449182013   -0.0254791013703854   0
0.317848166061344   0.354020837756763   0.0346483227774895   0.000957022267975949   0
0.293021367181644   0.35422311088811   -0.0248267988797001   0.000202273131347019   0
0.267162079977324   0.381360779645076   -0.0258592872043204   0.0271376687569662   0
0.381821945376376   0.395403687441708   0.114659865399052   0.0140429077966324   0
0.374294913812625   0.415428407682359   -0.00752703156375112   0.0200247202406506   0
0.312631612582301   0.397996620831446   -0.0616633012303234   -0.0174317868509123   0
0.305179608112993   0.369422971089373   -0.00745200446930805   -0.0285736497420729   0
0.28905158211641   0.358566277193283   -0.0161280259965826   -0.0108566938960907   0
0.28884546093683   0.36560739753115   -0.000206121179580077   0.00704112033786686   0
0.292140744034447   0.352268292961487   0.00329528309761612   -0.0133391045696626   0
0.270581630626988   0.359000207067141   -0.0215591134074581   0.00673191410565388   0
0.268755649628878   0.334431346794077   -0.00182598099811088   -0.024568860273064   0
0.349099797881637   0.398040246946524   0.0803441482527598   0.0636089001524474   0
0.248512792528292   0.363066882929991   -0.100587005353345   -0.0349733640165328   0
0.269467617268216   0.367436395219975   0.0209548247399243   0.00436951228998411   0
0.250709942314301   0.379809881663511   -0.0187576749539157   0.0123734864435353   0
0.270907223495757   0.359782762582159   0.0201972811814561   -0.0200271190813519   0
0.270216952386874   0.332610099753826   -0.000690271108883145   -0.0271726628283329   0
0.252289503790249   0.343160473897053   -0.0179274485966249   0.0105503741432271   0
0.23917099635654   0.334753505249385   -0.013118507433709   -0.00840696864766804   0
0.239282880127894   0.361752105545358   0.00011188377135396   0.0269986002959733   0
0.334437580532511   0.367334059538453   0.0951547004046175   0.00558195399309513   0
0.264045045055744   0.353522527148554   -0.0703925354767671   -0.0138115323898995   0
0.265776103778067   0.338361988929017   0.0017310587223231   -0.0151605382195372   0
0.282202233026247   0.322396524172485   0.0164261292481793   -0.0159654647565312   0
0.248496356315601   0.336483633376499   -0.0337058767106459   0.0140871092040132   0
0.318173884778497   0.333575898633654   0.0696775284628958   -0.00290773474284439   0
0.264905480136671   0.304010740580411   -0.0532684046418259   -0.0295651580532432   0
0.243945756435319   0.290748624640771   -0.0209597237013516   -0.01326211593964   0
0.252148832972116   0.295085399802328   0.00820307653679686   0.00433677516155728   0
0.242283104115929   0.298766976023539   -0.00986572885618708   0.00368157622121074   0
0.294657302460418   0.268301241388295   0.0523741983444888   -0.0304657346352444   0
0.278029404198189   0.281008974344682   -0.0166278982622285   0.0127077329563871   0
0.266766344948009   0.288800002102233   -0.0112630592501796   0.00779102775755164   0
0.329380297589276   0.275039392706299   0.0626139526412665   -0.0137606093959339   0
0.296529639855582   0.301739700224382   -0.0328506577336944   0.0267003075180826   0
0.248532945574571   0.2794423136472   -0.0479966942810109   -0.0222973865771823   0
0.245201194501679   0.282218704389433   -0.0033317510728921   0.0027763907422329   0
0.29240822683201   0.298043696975376   0.0472070323303311   0.0158249925859437   0
0.235828516915449   0.305023576888738   -0.0565797099165611   0.00697987991336185   0
0.306467602702814   0.303249344947767   0.0706390857873657   -0.00177423194097093   0
0.256495147108186   0.285935836810901   -0.0499724555946282   -0.0173135081368667   0
0.302211841981424   0.283465753187665   0.0457166948732375   -0.00247008362323597   0
0.269867929485665   0.296204110456793   -0.0323439124957583   0.0127383572691283   0
0.262203087849285   0.287824329726484   -0.00766484163637998   -0.00837978073030859   0
0.274394178838692   0.310121003898478   0.0121910909894066   0.0222966741719939   0
