0.22814443788311   0.152635525061337   0   0   0
0.229787719781982   0.20289378479022   0.00164328189887208   0.0502582597288828   0
0.262228205310292   0.223642580870661   0.0324404855283109   0.0207487960804409   0
0.183631026602292   0.289321414828427   -0.0785971787080006   0.0656788339577659   0
0.172224328301034   0.33219198077398   -0.0114066983012576   0.0428705659455531   0
0.200369999124719   0.353913787050731   0.0281456708236851   0.0217218062767511   0
0.186959799119196   0.542658643155237   -0.0134102000055236   0.188744856104506   0
0.213131628265469   0.507888486477731   0.0261718291462732   -0.0347701566775059   0
0.143739279656368   0.496333361906229   -0.0693923486091008   -0.0115551245715015   0
0.143590479184276   0.397191943965953   -0.000148800472092064   -0.0991414179402767   0
0.160913860646931   0.425778920398709   0.0173233814626552   0.0285869764327563   0
0.124303452817209   0.644370926684519   -0.0366104078297226   0.21859200628581   0
0.149779409606261   0.582652386788145   0.025475956789052   -0.0617185398963734   0
0.13812779958723   0.646947421677104   -0.0116516100190305   0.0642950348889585   0
0.228445391467983   0.872878362304343   0.0903175918807529   0.22593094062724   0
0.251106869985988   0.777577591148107   0.0226614785180052   -0.0953007711562361   0
0.195409128605216   0.0675614567166443   -0.0556977413807719   -0.710016134431463   1
0.126967117537495   0.411758462610067   -0.0684420110677216   0.344197005893422   1
0.0668299798810713   0.210971832702682   -0.0601371376564234   -0.200786629907385   0
0.0458628027787618   0.102344527153336   -0.0209671771023096   -0.108627305549345   0
0.0195678663029877   0.0710338846812625   -0.0262949364757741   -0.0313106424720738   0
0.0714728936784436   0.0471076301546843   0.0519050273754559   -0.0239262545265782   0
0.0451286971559073   0.120530942324907   -0.0263441965225362   0.0734233121702224   0
0.0426982908255413   0.183184207562606   -0.00243040633036609   0.0626532652376994   0
0.0297352968512389   0.265578494779397   -0.0129629939743023   0.0823942872167905   0
0.0403328275838677   0.204414512653432   0.0105975307326288   -0.061163982125965   0
0.120348202545121   0.273742711958077   0.0800153749612531   0.0693281993046449   0
0.13603694484753   0.325160030873161   0.0156887423024095   0.0514173189150844   0
0.096023133102654   0.307892014101592   -0.0400138117448763   -0.0172680167715689   0
0.136569810191345   0.339555916111029   0.040546677088691   0.0316639020094366   0
0.103978306827963   0.363051023257751   -0.0325915033633821   0.0234951071467222   0
0.185591599063542   0.365294001355757   0.0816132922355788   0.00224297809800633   0
0.0809480235381173   0.386950669427319   -0.104643575525424   0.0216566680715613   0
0.171091416775371   0.435034409025884   0.0901433932372533   0.0480837395985653   0
0.213275680956011   0.409535220017461   0.0421842641806399   -0.0254991890084231   0
0.187243252500083   0.458684752459137   -0.0260324284559271   0.0491495324416764   0
0.0801645035344821   0.461948117867418   -0.107078748965601   0.00326336540828098   0
0.174675897469227   0.549663599542939   0.0945113939347452   0.0877154816755205   0
0.149161038472954   0.554899545734406   -0.0255148589962735   0.00523594619146717   0
0.201933703150316   0.512822087862106   0.0527726646773623   -0.0420774578722993   0
0.257583441241494   0.575620351636389   0.0556497380911775   0.0627982637742823   0
0.172016178259663   0.554059853941792   -0.0855672629818311   -0.0215604976945967   0
0.180823240838035   0.535435497005008   0.00880706257837244   -0.0186243569367841   0
0.181725772183254   0.584271870543157   0.000902531345219226   0.0488363735381494   0
0.268427512411526   0.604844193039001   0.0867017402282719   0.0205723224958434   0
0.223991305069483   0.638729935411869   -0.0444362073420436   0.0338857423728679   0
0.221584620469698   0.612709508158842   -0.00240668459978483   -0.0260204272530268   0
0.299617470573012   0.621352433697857   0.0780328501033147   0.00864292553901524   0
0.271288394885388   0.577929875793335   -0.0283290756876248   -0.0434225579045218   0
0.17455479521242   0.612116992492653   -0.0967335996729673   0.0341871166993171   0
0.202713555165238   0.670819601399661   0.0281587599528177   0.0587026089070083   0
0.304280159559788   0.694224689892437   0.10156660439455   0.023405088492776   0
0.301247077890824   0.917239968652288   -0.0030330816689641   0.223015278759851   0
0.380289407132581   0.716513892262041   0.0790423292417572   -0.200726076390247   0
0.323889754627296   0.787606738655942   -0.056399652505285   0.0710928463939012   0
0.324392372137339   0.863569555482504   0.000502617510043213   0.0759628168265619   0
0.327729608260202   0.847060822515581   0.00333723612286296   -0.0165087329669235   0
0.260021006452721   0.799287656886743   -0.067708601807481   -0.0477731656288379   0
0.363491582811853   0.995678012908415   0.103470576359132   0.196390356021672   0
0.232749534444165   0.855927145617172   -0.130742048367688   -0.139750867291243   0
0.349167177076698   0.815219243326249   0.116417642632533   -0.0407079022909228   0
0.313757359616966   0.917000047682961   -0.035409817459732   0.101780804356712   0
0.401583466189745   0.869426068705724   0.0878261065727791   -0.047573978977237   0
0.310972632101862   0.882610467286646   -0.0906108340878828   0.0131843985809226   0
0.313601455528988   0.863223853782014   0.00262882342712623   -0.0193866135046319   0
0.395287546778595   0.880468380059869   0.0816860912496069   0.0172445262778544   0
0.37696528152192   0.888075587205104   -0.0183222652566756   0.00760720714523488   0
0.287060771077432   0.836718895734738   -0.0899045104444872   -0.0513566914703655   0
0.351993052341321   0.863756783078686   0.0649322812638887   0.0270378873439474   0
0.341650019573305   0.840581996208276   -0.0103430327680157   -0.0231747868704101   0
0.493866019546435   1.05207154072516   0.15221599997313   0.211489544516885   0
0.346946275771351   0.760846618528331   -0.146919743775085   -0.291224922196829   0
0.519887386777444   0.909039383537198   0.172941111006094   0.148192765008868   0
0.353046090750216   0.906337672171121   -0.166841296027228   -0.00270171136607766   0
0.414747676346583   0.919867788400991   0.0617015855963667   0.0135301162298701   0
0.381723786898603   0.933313283965771   -0.0330238894479801   0.0134454955647804   0
0.379852728893831   0.956367689897485   -0.00187105800477227   0.0230544059317142   0
0.447687370059777   0.901217437464683   0.0678346411659467   -0.0551502524328024   0
0.405680020799891   1.04984576223049   -0.0420073492598863   0.148628324765805   0
0.373321305457712   1.11779408300064   -0.0323587153421795   0.0679483207701552   0
0.401010770299003   1.05408661729065   0.0276894648412918   -0.0637074657099914   0
0.549036405261764   1.10711619763987   0.148025634962761   0.0530295803492162   0
0.493945617336413   1.17910655450748   -0.0550907879253512   0.071990356867607   0
0.470288488915952   1.13499025000366   -0.0236571284204607   -0.0441163045038147   0
0.507005905206399   1.1561634239063   0.0367174162904469   0.0211731739026397   0
0.519690674413203   1.12983874709315   0.0126847692068042   -0.0263246768131544   0
0.540300051602709   1.15109559232687   0.0206093771895057   0.0212568452337261   0
0.470085633013816   1.09916188166562   -0.0702144185888929   -0.0519337106612541   0
0.524345802313063   1.26869686388174   0.0542601692992473   0.169534982216121   0
0.545429849478345   1.27409635474768   0.0210840471652817   0.00539949086594382   0
0.72657434634424   1.3057326450768   0.181144496865895   0.0316362903291159   0
0.519459017420701   1.25500036802531   -0.207115328923539   -0.0507322770514926   0
0.461044871189313   1.20708536837412   -0.0584141462313881   -0.0479149996511836   0
0.523628070804393   1.21663264081277   0.0625831996150799   0.0095472724386465   0
0.467313787709597   1.30068395887721   -0.056314283094796   0.0840513180644404   0
0.560861961854296   1.31217265807993   0.0935481741446995   0.0114886992027221   0
0.513296025408341   1.3436600299795   -0.0475659364459554   0.0314873718995647   0
0.498628421433727   1.28929363821802   -0.0146676039746142   -0.0543663917614787   0
0.582122896685915   1.29209405312611   0.0834944752521881   0.00280041490809047   0
0.567958476929045   1.20607692469523   -0.0141644197568701   -0.0860171284308782   0
0.647529796611623   1.33475712332162   0.0795713196825786   0.128680198626393   0
0.653040818380911   1.34065734828482   0.00551102176928786   0.0059002249631992   0
0.614249770714072   1.37759959804686   -0.0387910476668389   0.0369422497620349   0
0.454481540909958   0.937324263652985   -0.159768229804114   -0.440275334393872   0
0.373654719634009   0.870771044389719   -0.0808268212759491   -0.0665532192632652   0
0.411141087369652   1.05856217612522   0.0374863677356431   0.187791131735496   0
0.4563706879856   1.05943304993087   0.0452296006159479   0.000870873805654204   0
0.358249838572608   1.13254356845332   -0.0981208494129917   0.0731105185224481   0
0.625736435481785   1.22207573733549   0.267486596909176   0.0895321688821755   0
0.56100322690145   1.1410928122852   -0.0647332085803347   -0.0809829250502947   0
0.599115598804571   1.1377069356713   0.038112371903121   -0.00338587661390211   0
0.60257970306708   1.21420471754786   0.00346410426250854   0.0764977818765635   0
0.510128469465732   1.25003867230619   -0.092451233601348   0.0358339547583297   0
0.540434666591032   1.16375332698072   0.0303061971253004   -0.0862853453254717   0
0.420005027129438   1.20436342164988   -0.120429639461594   0.040610094669163   0
0.543518764753058   1.25299796579372   0.12351373762362   0.0486345441438425   0
0.535161573720162   1.28845151195381   -0.00835719103289645   0.0354535461600876   0
0.496183387358636   1.28222169792796   -0.0389781863615259   -0.00622981402585565   0
0.448492104004073   1.31554001415938   -0.047691283354563   0.0333183162314237   0
0.560543764145397   1.34861661415363   0.112051660141324   0.0330765999942537   0
0.599166819324669   1.44984035410669   0.038623055179272   0.101223739953056   0
0.534639908891022   1.6003961487807   -0.0645269104336469   0.150555794674013   0
0.6993405644534   1.57880749304319   0.164700655562378   -0.021588655737512   0
0.728984388284825   1.64425824658357   0.0296438238314248   0.0654507535403788   0
0.75269102909476   1.67877258362846   0.0237066408099351   0.0345143370448904   0
0.851728930026925   1.77424951410239   0.0990379009321649   0.0954769304739322   0
0.796462171824651   1.74843873196105   -0.0552667582022737   -0.0258107821413391   0
0.680531488791114   1.75363124637887   -0.115930683033537   0.00519251441782198   0
0.680912643916971   1.77161622842571   0.000381155125857346   0.0179849820468316   0
0.708429153352147   1.7500782637488   0.0275165094351758   -0.0215379646769098   0
0.723991389500379   1.79949499246045   0.0155622361482322   0.0494167287116583   0
0.799273329844528   1.80592463114391   0.0752819403441488   0.00642963868345103   0
0.789817550923908   1.91446681468298   -0.00945577892061999   0.108542183539079   0
0.852393552198519   1.82170040284023   0.0625760012746113   -0.0927664118427551   0
0.73516883686354   1.79901270759408   -0.11722471533498   -0.0226876952461439   0
0.789315703752586   1.84545087669884   0.0541468668890461   0.0464381691047506   0
0.786876144849264   1.82737746864751   -0.00243955890332181   -0.0180734080513278   0
0.759807380208886   1.57642533471544   -0.0270687646403784   -0.250952133932067   0
0.706544862055482   1.6064955629946   -0.0532625181534038   0.0300702282791547   0
0.737392095052313   1.72570028091941   0.0308472329968316   0.119204717924812   0
0.732214758678224   1.73241558925161   -0.00517733637408935   0.00671530833220157   0
0.820526852322921   1.83784074116761   0.0883120936446966   0.105425151915998   0
0.76695900813814   1.80089430680324   -0.0535678441847804   -0.0369464343643673   0
0.876269850521978   1.80785798151604   0.109310842383838   0.00696367471279968   0
0.825797443305585   1.84325515572784   -0.0504724072163935   0.0353971742117962   0
0.862328265788621   1.81661955482959   0.0365308224830362   -0.026635600898248   0
0.86091075269903   1.94151547451688   -0.00141751308959104   0.124895919687291   0
0.764595291623124   1.97484508182541   -0.0963154610759059   0.0333296073085287   0
0.935697132768018   1.90132719118068   0.171101841144894   -0.0735178906447309   0
0.774998164411271   1.95971074734896   -0.160698968356747   0.0583835561682791   0
0.72397093099619   1.90930393249215   -0.0510272334150811   -0.0504068148568024   0
0.892119724798892   1.95454932091678   0.168148793802702   0.045245388424628   0
0.957251550965596   2.00260799476545   0.0651318261667049   0.0480586738486706   0
0.906460911857759   2.01597871190251   -0.0507906391078373   0.0133707171370632   0
0.835959160050065   1.9714643502415   -0.0705017518076941   -0.0445143616610191   0
0.869732417877453   1.99234764307159   0.0337732578273876   0.020883292830095   0
0.851468531471152   2.02988467850794   -0.0182638864063007   0.0375370354363538   0
0.926947400109931   2.05007832712861   0.075478868638779   0.0201936486206651   0
0.903851369468542   2.06954619359099   -0.0230960306413883   0.0194678664623815   0
0.879118682837539   2.02500895542845   -0.0247326866310031   -0.044537238162544   0
0.934096643369496   2.04010280150894   0.0549779605319568   0.015093846080489   0
0.92104535779455   2.08639860079405   -0.0130512855749465   0.0462957992851116   0
0.960424063930283   2.12653345975686   0.0393787061357332   0.0401348589628072   0
1.00262056103304   2.1335717615374   0.0421964971027581   0.00703830178054687   0
1.01802875545675   2.09241971250065   0.0154081944237043   -0.0411520490367518   0
0.789816165580327   1.48091339133801   -0.228212589876419   -0.611506321162639   1
0.754898581897257   1.68131714237417   -0.0349175836830693   0.20040375103616   0
0.852052062519357   1.80162669894099   0.0971534806220994   0.120309556566816   0
0.87026132547166   1.7843885541219   0.018209262952303   -0.0172381448190857   0
0.752194704909334   1.72587756573004   -0.118066620562326   -0.0585109883918611   0
0.67471165322917   1.26504771481399   -0.0774830516801638   -0.460829850916049   1
1.00293165304982   1.37447320017223   0.328219999820653   0.109425485358238   1
0.976454856809796   1.49147544905774   -0.0264767962400266   0.117002248885515   0
0.974121581781889   1.61993057933218   -0.00233327502790726   0.128455130274438   0
1.01907828231986   1.55114026562991   0.0449567005379728   -0.0687903137022687   0
1.31987922806817   1.60059631226677   0.300800945748313   0.0494560466368539   0
1.28567972489459   1.56438622310164   -0.03419950317358   -0.0362100891651294   0
1.16911739588161   1.5508089595741   -0.116562329012983   -0.0135772635275351   0
0.936986921232607   1.57699140506883   -0.232130474649004   0.0261824454947299   0
0.81415458275696   1.55644542399863   -0.122832338475647   -0.0205459810701987   0
0.742932398399989   1.68061053241978   -0.0712221843569714   0.12416510842115   0
0.747555898762688   1.57541033395776   0.00462350036269887   -0.105200198462029   0
0.825966662629939   1.70274938373714   0.0784107638672515   0.127339049779388   0
0.782278061553953   1.71761184750957   -0.0436886010759865   0.0148624637724297   0
0.790434121814089   1.61814629125703   0.00815606026013604   -0.0994655562525406   0
0.764762381812573   1.65995608659597   -0.0256717400015157   0.0418097953389349   0
0.763373604906202   1.64870913713191   -0.00138877690637129   -0.0112469494640568   0
0.839552657308641   1.63544292731786   0.0761790524024389   -0.0132662098140544   0
0.774646006384987   1.72381982800183   -0.0649066509236534   0.088376900683971   0
0.843160058964542   1.69650525633558   0.0685140525795548   -0.0273145716662482   0
0.86777362511496   1.729333749161   0.0246135661504183   0.0328284928254232   0
0.704180906021748   1.62369138548994   -0.163592719093212   -0.10564236367106   0
0.900882231092616   1.79312855670836   0.196701325070868   0.169437171218416   0
0.873937075168459   1.7294741588707   -0.0269451559241576   -0.0636543978376625   0
0.819430030330986   1.75631915889631   -0.054507044837473   0.0268450000256166   0
0.889490330294967   1.75400395851478   0.0700602999639817   -0.00231520038153721   0
0.843464449186953   1.81243461108794   -0.0460258811080143   0.058430652573167   0
0.886806901987124   1.77861223102386   0.0433424528001707   -0.0338223800640776   0
0.884473699693213   1.85674413842996   -0.00233320229391065   0.0781319074060913   0
0.854622166751138   1.83739486279386   -0.029851532942075   -0.0193492756361009   0
0.824972621130089   1.82356434876928   -0.0296495456210486   -0.0138305140245716   0
0.788949900100152   1.85566798706598   -0.0360227210299373   0.0321036382966944   0
0.882406958398159   1.89230008597104   0.0934570582980068   0.0366320989050635   0
0.802599269825334   1.94282537741951   -0.0798076885728244   0.0505252914484657   0
0.869975474574795   1.95465993143054   0.0673762047494607   0.0118345540110352   0
0.809651909849171   1.94084458269602   -0.0603235647256243   -0.013815348734519   0
0.827123016561388   1.95858664738077   0.017471106712217   0.0177420646847479   0
0.794958958527697   1.93510748916029   -0.0321640580336913   -0.0234791582204792   0
0.861174907596848   1.89567393216483   0.0662159490691515   -0.0394335569954671   0
0.807922691829367   1.97491668217598   -0.0532522157674813   0.0792427500111599   0
0.815974583536501   1.90730010934462   0.00805189170713427   -0.0676165728313647   0
0.746709411528011   1.97512618944145   -0.0692651720084904   0.0678260800968293   0
0.751835017141421   1.92174214001151   0.0051256056134098   -0.0533840494299442   0
0.788360423548367   1.91824248357898   0.0365254064069462   -0.00349965643252603   0
0.885473768954456   1.9616776860133   0.0971133454060896   0.0434352024343221   0
0.866388324015277   1.96947887757098   -0.0190854449391799   0.007801191557679   0
0.888885257023087   1.95849718929751   0.0224969330078107   -0.0109816882734697   0
0.887601158216933   1.96126994630138   -0.00128409880615477   0.0027727570038647   0
0.916804033435194   1.91006771126641   0.0292028752182613   -0.0512022350349657   0
0.807639194655887   1.9446977980993   -0.109164838779307   0.0346300868328862   0
0.78481995556079   1.91329594710424   -0.0228192390950974   -0.0314018509950587   0
0.709951304316831   1.8791530587691   -0.0748686512439592   -0.0341428883351411   0
0.77624498409345   1.98416901800351   0.0662936797766192   0.105015959234411   0
0.774169624887395   1.91698641529941   -0.00207535920605462   -0.0671826027040927   0
0.380759151856984   1.14372679475738   -0.393410473030411   -0.77325962054203   1
0.215142275184214   0.338767298189218   -0.16561687667277   -0.804959496568166   1
0.284676693345275   0.571533083818081   0.0695344181610616   0.232765785628863   0
0.480027604994754   0.834510499846805   0.195350911649479   0.262977416028725   0
0.574576344376446   0.943529604495132   0.0945487393816913   0.109019104648326   0
0.297691260368859   0.855812492989703   -0.276885084007586   -0.087717111505429   0
0.553649839393095   0.842284315372339   0.255958579024236   -0.0135281776173636   1
0.596630206520756   0.966284469862524   0.042980367127661   0.124000154490185   0
0.642043636116736   1.05582460402569   0.0454134295959802   0.0895401341631633   0
0.60681928821767   0.978247014985607   -0.0352243478990658   -0.0775775890400808   0
0.60730560033479   1.00146187118944   0.000486312117119914   0.0232148562038309   0
0.660103114803286   1.08360171092069   0.0527975144684956   0.0821398397312536   0
0.748281461615213   1.15559886919056   0.0881783468119274   0.0719971582698684   0
0.694366060902317   1.24220055162824   -0.0539154007128964   0.0866016824376787   0
0.714826414431504   1.18535661828255   0.0204603535291868   -0.0568439333456856   0
0.731831962703871   1.19147241740944   0.0170055482723671   0.00611579912688898   0
0.826622279257582   1.27771777500286   0.0947903165537112   0.0862453575934146   0
0.704293702491368   1.30917128136476   -0.122328576766214   0.0314535063619044   0
0.739550323890133   1.28641286806628   0.0352566213987642   -0.0227584132984857   0
0.70440528973099   1.33827314594686   -0.0351450341591426   0.0518602778805828   0
0.76829999188468   1.41357141177533   0.0638947021536905   0.0752982658284722   0
0.722769469466579   1.43506404082997   -0.0455305224181015   0.0214926290546427   0
0.762346764399246   1.45549287584902   0.0395772949326673   0.0204288350190471   0
0.721955886125053   1.31843565182225   -0.0403908782741936   -0.137057224026773   1
0.512624576439874   1.26399906586054   -0.209331309685179   -0.0544365859617091   0
0.39135509507639   1.30464741921189   -0.121269481363484   0.0406483533513542   0
