0.116206035149342   0.0925199718361528   0   0   0
0.172869633644142   0.0881370591418275   0.0566635984948008   -0.00438291269432524   0
0.0833465805451549   0.0843243984843948   -0.0895230530989874   -0.00381266065743274   0
0.0930580695764209   0.0706733559859195   0.00971148903126599   -0.0136510424984753   0
0.0925501437070068   0.0581658802392992   -0.000507925869414158   -0.0125074757466203   0
0.110035180480116   0.0596204649539275   0.0174850367731088   0.00145458471462829   0
0.0951747981768288   0.0526528767255171   -0.0148603823032867   -0.00696758822841042   0
0.0821098792344313   0.047328929677788   -0.0130649189423975   -0.00532394704772911   0
0.14405062213892   0.0430126341203954   0.061940742904489   -0.00431629555739261   0
0.00922122239910198   0.0498372567787644   -0.134829399739818   0.00682462265836904   0
0.0935296376203158   0.0420757359848583   0.0843084152212139   -0.00776152079390611   0
0.0827295576021684   0.0220795062651999   -0.0108000800181474   -0.0199962297196584   0
0.112888274585986   0.0289238581526134   0.0301587169838173   0.00684435188741353   0
0.0565257690540646   0.00201676330111574   -0.0563625055319211   -0.0269070948514977   0
0.00950930683348686   0.0112883071464957   -0.0470164622205778   0.00927154384537992   0
0.0336249404202654   0.0206299798972206   0.0241156335867786   0.00934167275072492   0
0.0821227373527372   0.0061439584754933   0.0484977969324718   -0.0144860214217273   0
0.118105285659239   0.00307349236623828   0.0359825483065016   -0.00307046610925502   0
0.0494381348135587   0.0201820509167242   -0.0686671508456802   0.0171085585504859   0
0.0879698663896933   0.0186851476704199   0.0385317315761347   -0.00149690324630427   0
0.00773766048074067   0.0089137533967137   -0.0802322059089527   -0.00977139427370625   0
0.0191991647351259   0.0115681115236931   0.0114615042543852   0.00265435812697935   0
0.140508884506429   0.00959473104906151   0.121309719771303   -0.00197338047463154   0
0.0885551144511597   0.0154126678413408   -0.0519537700552689   0.00581793679227926   0
0.0787918207012815   0.00724826803248155   -0.00976329374987819   -0.00816439980885922   0
0.106684775278313   0.0167610875082175   0.0278929545770313   0.00951281947573595   0
0.0488446289288024   0.00943055814825591   -0.0578401463495104   -0.00733052935996159   0
0.112610542936924   0.0178340120284872   0.063765914008122   0.00840345388023125   0
0.156120255107082   0.0173151414942241   0.043509712170158   -0.0005188705342631   0
0.0941685216082614   0.00665801126938442   -0.061951733498821   -0.0106571302248396   0
0.11949469060056   0.00725169911174795   0.0253261689922985   0.000593687842363524   0
0.0959273202915367   0.0173511461056907   -0.0235673703090232   0.0100994469939427   0
0.0727573153320826   0.00871655121880925   -0.0231700049594541   -0.00863459488688143   0
0.11594025215841   0.00869858653608447   0.043182936826327   -1.79646827247783e-05   0
0.0704204989258809   0.0105477166904418   -0.0455197532325287   0.00184913015435735   0
0.0703510371228456   0.0249776725531468   -6.94618030353394e-05   0.014429955862705   0
0.0387841708715038   0.0317784416532875   -0.0315668662513418   0.00680076910014069   0
0.022382380650916   0.0207773245060384   -0.0164017902205877   -0.0110011171472491   0
0.0247363250141669   0.0269042845537453   0.00235394436325089   0.00612696004770691   0
0.0302862402133114   0.0213906454241685   0.00554991519914447   -0.00551363912957686   0
0.0589236962335188   0.026521237051441   0.0286374560202074   0.00513059162727248   0
0.0775238151897854   0.0108493306242424   0.0186001189562666   -0.0156719064271985   0
0.0791490521002621   0.0203423625344993   0.00162523691047668   0.00949303191025684   0
0.148553280662293   0.0332353633918963   0.069404228562031   0.012893000857397   0
0.0262060555377359   0.0240845277302961   -0.122347225124557   -0.00915083566160023   0
0.0575648523313219   0.0439547505907086   0.031358796793586   0.0198702228604126   0
0.073767299648557   0.0128195365126396   0.0162024473172351   -0.031135214078069   0
0.0726425746378114   0.0322932855489945   -0.00112472501074563   0.0194737490363549   0
0.0520397573559716   0.015929130533601   -0.0206028172818398   -0.0163641550153935   0
0.124523529678345   0.0113969223219736   0.0724837723223731   -0.00453220821162741   0
0.0592116463967596   0.0593842054150462   -0.0653118832815851   0.0479872830930726   0
0.0776229284310377   0.0477163358841749   0.018411282034278   -0.0116678695308713   0
0.0393918939033198   0.0612364498578167   -0.0382310345277179   0.0135201139736418   0
0.0390175654039101   0.0362541991013303   -0.000374328499409687   -0.0249822507564864   0
0.0378690990690299   0.0516144336807922   -0.00114846633488019   0.0153602345794619   0
0.0505906232382049   0.067603163664424   0.012721524169175   0.0159887299836318   0
0.0476640544186077   0.0731536236855455   -0.00292656881959718   0.00555046002112143   0
0.0597128164875088   0.0420737502220969   0.012048762068901   -0.0310798734634486   0
0.0961844690230704   0.0725619737798148   0.0364716525355617   0.0304882235577179   0
0.180662395620657   0.0761283157664669   0.0844779265975869   0.00356634198665215   0
0.0529147971057397   0.0474307786028714   -0.127747598514918   -0.0286975371635956   0
0.129151124397616   0.0739320885098277   0.076236327291876   0.0265013099069564   0
0.0325074158673202   0.0632536301265698   -0.0966437085302955   -0.0106784583832579   0
0.0404603038918395   0.0632536301265698   0.00795288802451928   0   0
0.0529436906399138   0.0900223758434175   0.0124833867480744   0.0267687457168477   0
0.107477560267334   0.0599651424199001   0.0545338696274201   -0.0300572334235174   0
0.113538334731358   0.0727439831133057   0.0060607744640245   0.0127788406934056   0
0.0349944491191103   0.0527151511943094   -0.0785438856122481   -0.0200288319189963   0
0.0646387125482091   0.0667582825557436   0.0296442634290988   0.0140431313614342   0
0.0336620752843612   0.0511755249975513   -0.0309766372638479   -0.0155827575581923   0
0.177095021541798   0.0626606635027511   0.143432946257437   0.0114851385051998   0
0.0666359888523829   0.078715360633821   -0.110459032689415   0.0160546971310699   0
0.185785880019231   0.101644825547794   0.119149891166848   0.0229294649139732   0
0.0930863270435567   0.0733717603933898   -0.092699552975674   -0.0282730651544044   0
0.0297700853839891   0.0785636346911096   -0.0633162416595676   0.00519187429771985   0
0.0510113887143842   0.068217035023299   0.0212413033303951   -0.0103465996678107   0
0.0690107843749801   0.07785415610759   0.017999395660596   0.00963712108429107   0
0.041475937751424   0.0559870114200243   -0.0275348466235561   -0.0218671446875657   0
0.123432503500658   0.0761744359860086   0.0819565657492342   0.0201874245659843   0
0.0905247015589115   0.0775250623343348   -0.0329078019417467   0.00135062634832621   0
0.0696003176206115   0.0963474577779035   -0.0209243839383001   0.0188223954435687   0
0.0714159818239587   0.0664608304362427   0.00181566420334722   -0.0298866273416608   0
0.0952517069712664   0.0952459243553497   0.0238357251473077   0.0287850939191071   0
0.0694844701085789   0.0718577362971796   -0.0257672368626875   -0.0233881880581702   0
0.0623538733458476   0.0775475149137933   -0.00713059676273137   0.00568977861661378   0
0.145467127309403   0.0781863244910835   0.0831132539635552   0.000638809577290136   0
0.107010064869198   0.0978760744955834   -0.0384570624402046   0.0196897500045   0
0.122737671320178   0.0673756560685312   0.0157276064509796   -0.0305004184270523   0
0.0958847663086269   0.0783744829234937   -0.0268529050115509   0.0109988268549625   0
0.083103963828087   0.0882721206865027   -0.0127808024805399   0.00989763776300902   0
0.0611624031395105   0.0742950598048249   -0.0219415606885766   -0.0139770608816778   0
0.0654938387868424   0.0820801134486454   0.00433143564733191   0.00778505364382055   0
0.0612346790860375   0.0996307855977102   -0.00425915970080488   0.0175506721490648   0
0.0998512432648688   0.0611595536172804   0.0386165641788313   -0.0384712319804298   0
0.0972161809738482   0.0978868516485488   -0.00263506229102058   0.0367272980312684   0
0.082878419869831   0.0769507069379001   -0.0143377611040172   -0.0209361447106487   0
0.0748736749083414   0.0989719005709808   -0.00800474496148958   0.0220211936330807   0
0.0740772622947825   0.0862328177658744   -0.000796412613558978   -0.0127390828051064   0
0.122178822957049   0.0733067432607158   0.0481015606622669   -0.0129260745051586   0
0.0713184312472589   0.0751807971447164   -0.0508603917097904   0.00187405388400062   0
0.124360996333336   0.0769503272589384   0.053042565086077   0.00176953011422203   0
0.0828125848887112   0.0966301007301814   -0.0415484114446248   0.0196797734712429   0
0.111596812463708   0.101243020323588   0.0287842275749967   0.00461291959340683   0
0.11965298127038   0.0807194188513055   0.00805616880667244   -0.0205236014722827   0
0.0851652671148867   0.096258517222919   -0.0344877141554937   0.0155390983716135   0
0.0984951517809887   0.100563226356473   0.013329884666102   0.00430470913355394   0
0.113922906015252   0.0971447203711627   0.0154277542342636   -0.00341850598531022   0
0.0949881540117103   0.108680986841543   -0.0189347520035419   0.0115362664703807   0
0.128993001503415   0.111566139403013   0.0340048474917046   0.00288515256146948   0
0.128570641291587   0.073092337391637   -0.000422360211827649   -0.0384738020113759   0
0.144387332859396   0.101051811076069   0.0158166915678087   0.0279594736844319   0
0.130497813228153   0.0959840901360623   -0.0138895196312426   -0.00506772094000667   0
0.162203608617811   0.101685736292265   0.0317057953896576   0.00570164615620257   0
0.135284290066364   0.0802829447825159   -0.0269193185514474   -0.0214027915097489   0
0.156799098484047   0.101030567726835   0.0215148084176838   0.0207476229443191   0
0.155478365659149   0.0979316492541609   -0.00132073282489856   -0.00309891847267409   0
0.114199030075785   0.102616095715487   -0.0412793355833641   0.00468444646132611   0
0.149307801066694   0.114709829757632   0.0351087709909097   0.0120937340421454   1
0.171880877253085   0.0243106951152163   0.0225730761863903   -0.0903991346424161   0
0.148908297829537   0.0565620055465902   -0.0229725794235481   0.0322513104313739   0
0.141025811048793   0.0792285569083206   -0.00788248678074321   0.0226665513617304   0
0.165994718723006   0.0779540319040651   0.0249689076742129   -0.00127452500425554   0
0.148867327023158   0.0858700519921818   -0.0171273916998479   0.00791602008811666   0
0.188593862949779   0.0798750952952796   0.0397265359266205   -0.00599495669690214   0
0.152347868102708   0.0829059305465538   -0.0362459948470713   0.00303083525127419   0
0.201490213818066   0.0726011742164684   0.0491423457153585   -0.0103047563300854   0
0.192180495703622   0.0767500980935693   -0.00930971811444375   0.00414892387710082   0
0.197143714689614   0.0775653550594594   0.00496321898599186   0.000815256965890118   0
0.195412286229449   0.0857301318744694   -0.00173142846016547   0.00816477681501002   0
0.280043763354034   0.114392350034312   0.0846314771245849   0.0286622181598424   0
0.21976915956378   0.105476671478685   -0.0602746037902541   -0.00891567855562644   0
0.216352855345729   0.0920656340436897   -0.00341630421805039   -0.0134110374349956   0
0.249265921613124   0.101554909027087   0.0329130662673947   0.00948927498339769   0
0.214414327795405   0.0922753079672185   -0.0348515938177184   -0.00927960105986887   0
0.214256889854634   0.0850145485104992   -0.000157437940771166   -0.00726075945671932   0
0.212512641538427   0.100434096287366   -0.0017442483162072   0.0154195477768672   0
0.215136725515403   0.103209049024734   0.00262408397697628   0.00277495273736779   0
0.273776943539736   0.11403018470449   0.058640218024333   0.0108211356797553   0
0.222363926181427   0.105106144700203   -0.0514130173583099   -0.00892404000428661   0
0.257080416654031   0.133951593105691   0.0347164904726042   0.0288454484054877   0
0.257075097902947   0.109216370844714   -5.31875108322755e-06   -0.0247352222609771   0
0.232839232790567   0.135365678509113   -0.0242358651123801   0.0261493076643993   0
0.249488960826212   0.115975730440942   0.0166497280356442   -0.0193899480681711   0
0.244622728229492   0.123305219557213   -0.00486623259671934   0.00732948911627118   0
0.264605000876873   0.132909214111513   0.0199822726473809   0.00960399455429997   0
0.245038075781969   0.114202084509216   -0.0195669250949041   -0.0187071296022975   0
0.260808217769763   0.129975357881946   0.0157701419877938   0.0157732733727307   0
0.266918175941846   0.139011170354921   0.00610995817208365   0.00903581247297525   0
0.270112487126123   0.119099987486922   0.00319431118427671   -0.0199111828679994   0
0.269957554141202   0.127719588222246   -0.000154932984921141   0.00861960073532357   0
0.259908474270098   0.141427687103701   -0.0100490798711044   0.0137080988814558   0
0.264621666555103   0.12431390627461   0.00471319228500516   -0.0171137808290916   0
0.269465122538298   0.107404026252304   0.0048434559831953   -0.0169098800223058   0
0.285597950555969   0.125400337973917   0.0161328280176714   0.0179963117216124   0
0.284372466815618   0.121405635265378   -0.00122548374035109   -0.00399470270853852   0
0.270272796493117   0.13510401062215   -0.0140996703225011   0.0136983753567719   0
0.267434527978334   0.13667105585048   -0.00283826851478319   0.00156704522832998   0
0.275178454767175   0.139701708004278   0.00774392678884056   0.00303065215379791   0
0.28258328696372   0.141316908775772   0.00740483219654509   0.00161520077149468   0
0.292758110190939   0.130177934160335   0.0101748232272193   -0.0111389746154375   0
0.287790048379318   0.133257100919613   -0.0049680618116214   0.00307916675927833   0
0.302893990632647   0.130439901664521   0.0151039422533293   -0.00281719925509194   0
0.307320034156317   0.160190052968474   0.00442604352367032   0.0297501513039526   0
0.312592319946252   0.153310427271965   0.00527228578993477   -0.00687962569650888   0
0.2986250590449   0.151664799919378   -0.0139672609013521   -0.001645627352587   0
0.29744712907134   0.164795324801601   -0.00117792997355975   0.0131305248822224   0
0.298716878195391   0.153769532265807   0.00126974912405065   -0.0110257925357937   0
0.299581274993114   0.170863456571797   0.000864396797723488   0.0170939243059906   0
0.323960644855097   0.165991307812043   0.0243793698619822   -0.00487214875975409   0
0.33826499452413   0.151801219273142   0.0143043496690339   -0.0141900885389014   0
0.358355063303478   0.17811693721199   0.0200900687793479   0.0263157179388481   0
0.32481038231148   0.190063737218071   -0.0335446809919981   0.0119468000060811   0
0.315830056052697   0.180370805467411   -0.00898032625878287   -0.00969293175066047   0
0.339726633621917   0.208439949434753   0.0238965775692193   0.0280691439673426   0
0.343150102448491   0.211419036427979   0.00342346882657452   0.00297908699322547   0
0.337234775483386   0.19742754476853   -0.00591532696510488   -0.0139914916594485   0
0.348363088820242   0.199774051712378   0.011128313336856   0.00234650694384814   0
0.373928705571543   0.1559163879403   0.0255656167513011   -0.0438576637720787   0
0.339974974847414   0.191290397669231   -0.0339537307241292   0.0353740097289313   0
0.324150996271506   0.204832155652842   -0.0158239785759081   0.0135417579836108   0
0.346871197277722   0.218773024401347   0.0227202010062153   0.0139408687485055   0
0.366926153846261   0.205456768810643   0.0200549565685395   -0.0133162555907043   0
0.371652398506796   0.220396499923802   0.00472624466053478   0.0149397311131591   0
0.368943428872774   0.218593163975912   -0.00270896963402134   -0.00180333594788998   0
0.371138843665656   0.211356746641632   0.00219541479288127   -0.00723641733428015   0
0.347476174176552   0.2436716201007   -0.0236626694891037   0.0323148734590683   0
0.371378285421388   0.209571551150162   0.023902111244836   -0.0341000689505382   0
0.401834912307903   0.227564443742976   0.0304566268865148   0.0179928925928137   0
0.391655341053036   0.242331198352219   -0.0101795712548668   0.0147667546092432   0
0.374015098227999   0.2266795115919   -0.0176402428250368   -0.0156516867603186   0
0.385039337079655   0.247490846633492   0.0110242388516554   0.0208113350415913   0
0.381351190672278   0.230069370719409   -0.0036881464073768   -0.0174214759140824   0
0.381248098618747   0.233252466080961   -0.000103092053530707   0.00318309536155204   0
0.381063788541092   0.229604842171098   -0.000184310077655347   -0.00364762390986295   0
0.399951912420481   0.228581391342258   0.0188881238793889   -0.00102345082884037   0
0.398363923664393   0.231460905879335   -0.00158798875608779   0.00287951453707727   0
0.411818041899575   0.245384673094185   0.0134541182351818   0.0139237672148496   0
0.40846543107667   0.241059113118365   -0.00335261082290467   -0.00432555997582032   0
0.407298658889935   0.263279993788058   -0.00116677218673478   0.0222208806696937   0
0.408549359031501   0.251595398084981   0.00125070014156514   -0.0116845957030775   0
0.411833008260205   0.239769346400207   0.00328364922870428   -0.0118260516847738   0
0.415617598469988   0.2697458673813   0.00378459020978295   0.0299765209810931   0
0.412679296536633   0.265589033154684   -0.00293830193335515   -0.00415683422661589   0
0.400474326761966   0.272490068788369   -0.0122049697746666   0.0069010356336846   0
0.416675176008999   0.27531251289689   0.0162008492470326   0.00282244410852073   0
0.426813970579736   0.26285993907315   0.0101387945707376   -0.0124525738237399   0
0.421964468472619   0.270506016948866   -0.0048495021071171   0.00764607787571592   0
0.426306603426853   0.252998625658046   0.00434213495423369   -0.0175073912908199   0
0.416737738068632   0.269110878819568   -0.00956886535822049   0.0161122531615218   0
0.412303665071437   0.29748604209536   -0.00443407299719489   0.0283751632757928   0
0.424839747412833   0.272431735697752   0.0125360823413959   -0.025054306397608   0
0.427270743674605   0.265716430154578   0.00243099626177168   -0.00671530554317479   0
0.429749788436248   0.268393663521123   0.00247904476164312   0.00267723336654579   0
0.372058517216056   0.261468249800506   -0.0576912712201924   -0.00692541372061706   0
0.422861693770304   0.294345930387257   0.0508031765542478   0.0328776805867508   0
0.443124556181679   0.295207140120526   0.0202628624113755   0.000861209733269086   0
0.453594620339086   0.299637531183161   0.0104700641574075   0.00443039106263521   0
0.431730164738069   0.309387309711452   -0.0218644556010178   0.00974977852829073   0
0.43562988100135   0.284456154013602   0.00389971626328089   -0.0249311556978503   0
0.435778414769215   0.307147555079216   0.000148533767865833   0.0226914010656141   0
0.443525164111812   0.313930039929078   0.00774674934259684   0.00678248484986199   0
0.43566098149692   0.294527030740427   -0.00786418261489186   -0.0194030091886509   0
0.439516017335478   0.326625861105731   0.00385503583855734   0.0320988303653035   0
0.436584903072289   0.311793105588566   -0.00293111426318876   -0.0148327555171649   0
0.439262707330295   0.311305655106942   0.00267780425800562   -0.000487450481623408   0
0.454657440169332   0.332621243988429   0.0153947328390377   0.0213155888814867   0
0.446311166632223   0.306094533508915   -0.00834627353710882   -0.0265267104795144   0
0.479611744692069   0.289938307164283   0.0333005780598452   -0.0161562263446318   0
0.467264239206233   0.299010521210663   -0.0123475054858354   0.00907221404638053   0
0.46743613240691   0.305603896745918   0.000171893200676398   0.00659337553525519   0
0.474420254636595   0.277710429248327   0.00698412222968531   -0.0278934674975915   0
0.458847250429476   0.312047550327306   -0.0155730042071193   0.0343371210789788   0
0.473101133411885   0.317835349987002   0.014253882982409   0.00578779965969606   0
0.473236938804918   0.319841365425116   0.000135805393033539   0.00200601543811402   0
0.469925910466331   0.334793211937388   -0.00331102833858743   0.0149518465122716   0
0.471827863980287   0.320294791814962   0.00190195351395589   -0.0144984201224253   0
0.387705320567407   0.351163972793654   -0.0841225434128801   0.0308691809786922   0
0.392544616993852   0.362948649320703   0.00483929642644532   0.0117846765270484   0
0.390273236279981   0.338137986071105   -0.00227138071387084   -0.0248106632495983   0
0.404325580417824   0.338686556790305   0.0140523441378425   0.000548570719200503   0
0.407336034244283   0.351257850199682   0.00301045382645981   0.0125712934093775   0
0.397901864851448   0.36140025760052   -0.00943416939283542   0.0101424074008379   0
0.385134757433617   0.375987832553425   -0.0127671074178314   0.0145875749529048   0
0.385330675687012   0.379948282453313   0.000195918253395655   0.00396044989988781   0
0.393421626644761   0.370732813245146   0.00809095095774909   -0.0092154692081674   0
0.394038796689311   0.378309011104087   0.000617170044549364   0.00757619785894181   0
0.379084985103171   0.376204221217266   -0.01495381158614   -0.00210478988682095   0
0.388130239475888   0.379205833459511   0.00904525437271703   0.0030016122422446   0
0.381569965942827   0.37502227873924   -0.00656027353306099   -0.00418355472027077   0
0.378175466194265   0.379356098261897   -0.00339449974856132   0.00433381952265666   0
