0.255616287306227   0.161783437377533   0   0   0
0.177287947289149   0.154607729769803   -0.0783283400170783   -0.00717570760772934   0
0.270113272683929   0.189754476761162   0.09282532539478   0.0351467469913591   0
0.202213674170915   0.136187108410488   -0.067899598513014   -0.0535673683506744   0
0.231455970108644   0.172404076173803   0.0292422959377291   0.0362169677633151   0
0.223703966375762   0.0991428733205267   -0.00775200373288185   -0.0732612028532764   0
0.11717096179574   0.14449004696557   -0.106533004580023   0.0453471736450429   0
0.237039367318673   0.069262448086048   0.119868405522934   -0.0752275988795215   0
0.105650116237893   0.0807455270002308   -0.13138925108078   0.0114830789141827   0
0.237140610615559   0.0253151671010187   0.131490494377665   -0.0554303598992121   0
0.0883480081064401   0.042963972777007   -0.148792602509119   0.0176488056759883   0
0.238348496292573   0.0326890587736359   0.150000488186133   -0.0102749140033711   0
0.2140697529659   0.0653507254252965   -0.0242787433266725   0.0326616666516606   0
0.195531492171482   0.0505351514289868   -0.0185382607944181   -0.0148155739963097   0
0.145852873482285   0.0330276097513126   -0.0496786186891972   -0.0175075416776742   0
0.159540231714449   0.0170597652288946   0.0136873582321637   -0.015967844522418   0
0.142746035276706   0.081884778746419   -0.0167941964377425   0.0648250135175245   0
0.188957017434474   0.0422397965087653   0.0462109821577678   -0.0396449822376538   0
0.0671871773318669   0.0305176018785061   -0.121769840102607   -0.0117221946302592   0
0.235460851391729   0.0337641454043339   0.168273674059862   0.00324654352582775   0
0.00436076771559963   0.0157580683188367   -0.231100083676129   -0.0180060770854972   0
0.230743134717937   0.0526464688034487   0.226382367002337   0.036888400484612   0
0.016803618924449   0.0527399304145824   -0.213939515793488   9.346161113373e-05   0
0.0917982566886757   0.161514550527576   0.0749946377642268   0.108774620112994   0
0.102495575328938   0.115122980908255   0.0106973186402622   -0.0463915696193211   0
0.0320563768989338   0.0414686507488488   -0.0704391984300041   -0.0736543301594064   0
0.165943001127247   0.0643045975061076   0.133886624228314   0.0228359467572588   0
0.112307496512736   0.0594404753731412   -0.0536355046145119   -0.00486412213296643   0
0.0783978227779981   0.0760497754553884   -0.0339096737347374   0.0166093000822473   0
0.144117480826852   0.0396791079272518   0.065719658048854   -0.0363706675281366   0
0.12124002702136   0.049878549941959   -0.0228774538054926   0.0101994420147072   0
0.0677647384187942   0.110867841527717   -0.0534752886025654   0.0609892915857581   0
0.100013676346265   0.0549400985399098   0.0322489379274706   -0.0559277429878073   0
0.139182516828773   0.131746108437783   0.0391688404825082   0.0768060098978729   0
0.0694588645829494   0.0717813914570371   -0.0697236522458236   -0.0599647169807456   0
0.0518944388911493   0.103379650697079   -0.0175644256918001   0.0315982592400415   0
0.16926175440013   0.11448962563928   0.117367315508981   0.0111099749422014   0
0.0274529052349656   0.117695537574933   -0.141808849165165   0.00320591193565306   0
0.123531608169731   0.132407589446423   0.0960787029347656   0.0147120518714898   0
0.0523245784871737   0.123156745308164   -0.0712070296825575   -0.00925084413825884   0
0.130819852295017   0.0834285139565754   0.0784952738078431   -0.0397282313515887   0
0.0940979686043489   0.140840300385756   -0.0367218836906679   0.0574117864291806   0
0.021535000096039   0.107959781148456   -0.0725629685083099   -0.0328805192373001   0
0.0257944564326679   0.102828823829411   0.00425945633662884   -0.00513095731904513   0
0.134221798946557   0.176202956714275   0.108427342513889   0.0733741328848637   0
0.0432992174205597   0.200917392857494   -0.0909225815259974   0.0247144361432193   0
0.103099993715535   0.116092215762007   0.0598007762949755   -0.0848251770954863   0
0.137218033178041   0.135242028303113   0.0341180394625059   0.0191498125411054   0
0.0601355310631319   0.118630372048013   -0.0770825021149093   -0.0166116562550999   0
0.133185345441606   0.236324941452066   0.0730498143784744   0.117694569404053   0
0.0254904447859369   0.192567317688159   -0.107694900655669   -0.0437576237639067   0
0.0833979169329187   0.156792102235349   0.0579074721469817   -0.0357752154528108   0
0.0935470797296206   0.11004627980175   0.010149162796702   -0.0467458224335988   0
0.154756149025855   0.182923357011482   0.0612090692962339   0.0728770772097319   0
0.0525514274122873   0.183280836380628   -0.102204721613567   0.00035747936914618   0
0.105194824428676   0.186525278230083   0.0526433970163889   0.00324444184945544   0
0.133280672796959   0.208644793593807   0.0280858483682826   0.0221195153637241   0
0.143559745840016   0.235383343330088   0.0102790730430572   0.0267385497362804   0
0.0641074056473197   0.201830841491706   -0.0794523401926963   -0.0335525018383822   0
0.12037423216535   0.209871829801548   0.0562668265180304   0.00804098830984257   0
0.0532902604529195   0.231580167331963   -0.0670839717124305   0.0217083375304149   0
0.033312885670563   0.212272463011438   -0.0199773747823566   -0.0193077043205246   0
0.117677936792757   0.214255754779831   0.0843650511221935   0.0019832917683924   0
0.105321397270156   0.167020201509256   -0.0123565395226002   -0.0472355532705748   0
0.170518012483378   0.220680880580987   0.0651966152132221   0.0536606790717312   0
0.11100537066249   0.155976333747303   -0.0595126418208879   -0.0647045468336845   0
0.195391373874539   0.21749371776806   0.0843860032120488   0.061517384020757   0
0.085151844436419   0.182022292094512   -0.11023952943812   -0.0354714256735474   0
0.095040937559033   0.242362330708492   0.00988909312261398   0.0603400386139797   0
0.123452943490627   0.244883944543819   0.0284120059315943   0.00252161383532643   0
0.0912724314789521   0.201868389844603   -0.0321805120116752   -0.0430155546992158   0
0.0336296256871824   0.244530373985554   -0.0576428057917696   0.0426619841409515   0
0.0658607968198078   0.256626605827324   0.0322311711326253   0.0120962318417693   0
0.0257023744493947   0.408770004735429   -0.040158422370413   0.152143398908105   0
0.0575618164978313   0.274343357565551   0.0318594420484365   -0.134426647169877   0
0.0761608841685809   0.253545456211726   0.0185990676707497   -0.0207979013538249   0
0.142701216361669   0.325564634858771   0.0665403321930885   0.0720191786470447   0
0.127566082907252   0.229796586411662   -0.015135133454417   -0.095768048447109   0
0.109902960853655   0.21438547302241   -0.0176631220535975   -0.0154111133892521   0
0.100311405869173   0.244958631137984   -0.00959155498448166   0.0305731581155741   0
0.123950979815127   0.251954585024613   0.0236395739459537   0.00699595388662894   0
0.130562510890837   0.223935275074306   0.00661153107571034   -0.0280193099503073   0
0.134991352195057   0.234496612592624   0.00442884130422005   0.0105613375183178   0
0.127799944704761   0.214146247078918   -0.0071914074902962   -0.0203503655137056   0
0.170613733315229   0.212157374325617   0.0428137886104676   -0.00198887275330084   0
0.0881825867677967   0.285557329166395   -0.082431146547432   0.0733999548407781   0
0.184072585218712   0.247663005152617   0.0958899984509153   -0.0378943240137786   0
0.149803542295   0.139342191913469   -0.0342690429237115   -0.108320813239148   0
0.107520565017208   0.302717934145732   -0.0422829772777927   0.163375742232264   0
0.152388317381789   0.298911810543327   0.0448677523645814   -0.00380612360240512   0
0.106344705504176   0.279530819569171   -0.0460436118776127   -0.0193809909741562   0
0.24249619258176   0.287470017059801   0.136151487077584   0.00793919749063016   0
0.138307477332428   0.231042437520599   -0.104188715249332   -0.0564275795392021   0
0.129290401089949   0.242572639474076   -0.00901707624247827   0.0115302019534767   0
0.0611314647144734   0.344665921556487   -0.0681589363754761   0.102093282082411   0
0.104378027471235   0.229195556899801   0.0432465627567612   -0.115470364656686   0
0.113674989322894   0.271816688903551   0.00929696185165912   0.0426211320037502   0
0.107000445600941   0.283002520780774   -0.00667454372195242   0.0111858318772228   0
0.158816487277266   0.264156313550637   0.0518160416763247   -0.018846207230137   0
0.106765467989093   0.264041436978351   -0.0520510192881732   -0.000114876572286093   0
0.124984088977177   0.20687917013864   0.0182186209880842   -0.0571622668397107   0
0.137197530087624   0.280980904310684   0.0122134411104467   0.0741017341720441   0
0.118742470192808   0.300124388576095   -0.0184550598948152   0.0191434842654108   0
0.094988497301568   0.402724889547132   -0.0237539728912404   0.102600500971037   0
0.0640736866001645   0.317489904918275   -0.0309148107014035   -0.0852349846288578   0
0.248411233564489   0.311169740321521   0.184337546964325   -0.006320164596754   0
0.147511671534375   0.279410713370967   -0.100899562030114   -0.0317590269505539   0
0.132903154969964   0.185789536473775   -0.0146085165644111   -0.0936211768971921   0
0.14525898575015   0.222204402482652   0.0123558307801858   0.0364148660088776   0
0.147208744723   0.215750051732027   0.00194975897285043   -0.00645435075062481   0
0.187114435943088   0.321442024463977   0.0399056912200875   0.10569197273195   0
0.0633063048136598   0.532508957273528   -0.123808131129428   0.211066932809551   0
0.122280548799115   0.296260894387451   0.0589742439854552   -0.236248062886077   0
0.134202628649243   0.269922317899877   0.011922079850128   -0.0263385764875737   0
0.133246717898432   0.294356533985505   -0.000955910750810612   0.0244342160856279   0
0.155321877875462   0.262825208151083   0.0220751599770299   -0.0315313258344225   0
0.124160076748583   0.190184551103683   -0.0311618011268792   -0.0726406570473997   0
0.245146889773968   0.276931676377807   0.120986813025385   0.0867471252741239   0
0.0896439862077121   0.314606923801238   -0.155502903566256   0.0376752474234305   0
0.0627945597161283   0.279513642875218   -0.0268494264915839   -0.0350932809260194   0
0.0675672352641902   0.419448392878078   0.00477267554806189   0.13993475000286   0
0.0535051260545464   0.270020283438652   -0.0140621092096438   -0.149428109439426   0
0.15203769443217   0.180976481486497   0.0985325683776239   -0.0890438019521548   0
0.13295899991184   0.308953049571274   -0.0190786945203307   0.127976568084777   0
0.145220834749185   0.328272433998044   0.012261834837345   0.0193193844267699   0
0.102613570972126   0.379448640160819   -0.0426072637770587   0.0511762061627756   0
0.125886118049688   0.281296532983007   0.0232725470775621   -0.0981521071778123   0
0.16068557187464   0.34112446201811   0.0347994538249516   0.0598279290351029   0
0.204314897668305   0.313406812700957   0.0436293257936654   -0.0277176493171534   0
0.162796396882394   0.252954366513659   -0.0415185007859109   -0.0604524461872973   0
0.136603076036852   0.309196302456114   -0.026193320845542   0.0562419359424543   0
0.135897861213082   0.308764068927284   -0.000705214823770478   -0.000432233528829762   0
0.139588820931835   0.297164641595535   0.00369095971875374   -0.0115994273317493   0
0.109913827538423   0.404119568934121   -0.0296749933934128   0.106954927338587   0
0.141228033713566   0.354922923454269   0.0313142061751429   -0.0491966454798521   0
0.209444655273511   0.358316652371282   0.0682166215599458   0.00339372891701334   0
0.142028290277395   0.420525890642268   -0.0674163649961163   0.0622092382709853   0
0.174729921958118   0.279597201471604   0.0327016316807229   -0.140928689170664   0
0.0923855232259362   0.485629181567932   -0.0823443987321818   0.206031980096329   0
0.152493158878685   0.333643029314914   0.0601076356527492   -0.151986152253019   0
0.183022509043123   0.32035272237531   0.0305293501644374   -0.0132903069396039   0
0.169134099320569   0.341766433904611   -0.0138884097225542   0.0214137115293012   0
0.172255875501331   0.339606122693297   0.00312177618076218   -0.00216031121131377   0
0.200690363429887   0.318044161917139   0.0284344879285559   -0.021561960776159   0
0.211544081554271   0.230071162727106   0.0108537181243842   -0.0879729991900325   0
0.22205122110002   0.322690774220263   0.0105071395457493   0.0926196114931566   0
0.168917973394189   0.322604926644452   -0.0531332477058309   -8.58475758102606e-05   0
0.206082309312493   0.370108555826845   0.0371643359183037   0.0475036291823923   0
0.207050309790109   0.273504410589322   0.00096800047761586   -0.0966041452375225   0
0.177926320026156   0.273518460639611   -0.029123989763953   1.40500502889829e-05   0
0.173357215296191   0.27498242448478   -0.00456910472996452   0.00146396384516939   0
0.214192377497076   0.318082663679919   0.040835162200885   0.0431002391951384   0
0.205396640959973   0.30451671958193   -0.00879573653710333   -0.0135659440979886   0
0.214072196167648   0.302226098394021   0.00867555520767521   -0.00229062118790929   0
0.190024545380985   0.321139635037428   -0.0240476507866632   0.0189135366434069   0
0.201731339848324   0.313196639973771   0.0117067944673391   -0.00794299506365692   0
0.195292703781196   0.278990089566081   -0.00643863606712788   -0.03420655040769   0
0.171939088822554   0.351117635138457   -0.0233536149586425   0.0721275455723758   0
0.242533268880869   0.387711065603305   0.0705941800583155   0.0365934304648478   0
0.227255623716136   0.55957602958691   -0.0152776451647332   0.171864963983605   0
0.26331690489978   0.489794329496831   0.0360612811836444   -0.0697817000900792   0
0.227803856395277   0.60255685090807   -0.0355130485045034   0.112762521411239   0
0.233292973911989   0.609963031681839   0.00548911751671224   0.00740618077376887   0
0.213708770109465   0.410175456108724   -0.0195842038025247   -0.199787575573115   0
0.23854000724629   0.344892459903446   0.0248312371368253   -0.0652829962052784   0
0.265241489397205   0.384180986188099   0.0267014821509156   0.0392885262846527   0
0.248414854828645   0.379991464635536   -0.01682663456856   -0.00418952155256241   0
0.234182795310225   0.314258211158042   -0.0142320595184202   -0.0657332534774942   0
0.220970230837508   0.422418848599894   -0.0132125644727173   0.108160637441852   0
0.216011131494428   0.433152739614991   -0.00495909934308045   0.0107338910150976   0
0.179959521993836   0.460813497676232   -0.0360516095005914   0.0276607580612405   0
0.200243433070235   0.405890697972376   0.0202839110763986   -0.0549227997038559   0
0.293762577487348   0.47527962233879   0.093519144417113   0.0693889243664138   0
0.201552149478689   0.525268169538906   -0.0922104280086583   0.049988547200116   0
0.214692681316621   0.443041990037539   0.0131405318379311   -0.082226179501367   0
0.230982327709678   0.39748117581316   0.0162896463930571   -0.0455608142243783   0
0.262162206674308   0.457899614954045   0.03117987896463   0.0604184391408842   0
0.28673305984947   0.367160642427552   0.0245708531751627   -0.0907389725264929   0
0.255633100331813   0.43370158873412   -0.0310999595176571   0.0665409463065686   0
0.277687266765979   0.423242993800456   0.0220541664341658   -0.0104585949336647   0
0.237284439418834   0.409250169102131   -0.0404028273471448   -0.0139928246983251   0
0.221294425822496   0.414949288229102   -0.0159900135963384   0.00569911912697102   0
0.230826919392579   0.463430678858556   0.00953249357008307   0.0484813906294549   0
0.210974345059621   0.385667016900772   -0.0198525743329579   -0.0777636619577849   0
0.234580220945848   0.412308892157994   0.0236058758862271   0.0266418752572226   0
0.243258784268553   0.408239753255329   0.00867856332270492   -0.00406913890266541   0
0.270348572879406   0.355823407291766   0.0270897886108532   -0.0524163459635631   0
0.40063010260133   0.192498811864515   0.130281529721924   -0.16332459542725   0
0.730534431033582   0.285391298735613   0.329904328432252   0.092892486871098   1
0.923885749445622   0.673375667442959   0.19335131841204   0.387984368707345   1
0.717546495335737   0.378522190662912   -0.206339254109885   -0.294853476780046   0
0.606141055942955   0.304571558716913   -0.111405439392782   -0.0739506319459991   0
0.599450792192281   0.299429795514742   -0.00669026375067405   -0.00514176320217141   0
0.578290742888696   0.305186179135786   -0.0211600493035848   0.0057563836210443   0
0.917870767334514   1.01290981803712   0.339580024445818   0.707723638901338   1
0.732278529448467   0.654916163722694   -0.185592237886047   -0.357993654314431   1
0.696086367692899   0.413930094169595   -0.0361921617555682   -0.240986069553098   0
0.621716349021121   0.390196995813973   -0.0743700186717777   -0.0237330983556218   0
0.641445123898118   0.349733330096661   0.0197287748769969   -0.0404636657173125   0
0.59841208248912   0.328358285009302   -0.0430330414089988   -0.0213750450873589   0
0.57118196410399   0.347595258050941   -0.0272301183851292   0.0192369730416386   0
0.566473298176818   0.323874003606727   -0.00470866592717212   -0.023721254444214   0
0.585753225950714   0.322391035796981   0.0192799277738958   -0.00148296780974605   0
0.547948226377949   0.313328764214204   -0.0378049995727648   -0.00906227158277695   0
0.503139414590668   0.252750922967499   -0.0448088117872812   -0.0605778412467049   0
0.400385824914994   0.266603109829012   -0.102753589675674   0.0138521868615128   0
0.464798012660449   0.249134972091455   0.0644121877454549   -0.0174681377375567   0
0.42805812200839   0.26606161505796   -0.0367398906520588   0.016926642966505   0
0.436315635008433   0.259325524819796   0.00825751300004318   -0.00673609023816407   0
0.421209367167831   0.253275697956121   -0.0151062678406018   -0.00604982686367522   0
0.405582363741324   0.232492147209214   -0.0156270034265068   -0.0207835507469068   0
0.388443369534039   0.27628407698237   -0.0171389942072853   0.0437919297731559   0
0.378250612817018   0.280390575744353   -0.0101927567170207   0.00410649876198377   0
0.357711576002885   0.270089727960362   -0.0205390368141337   -0.0103008477839912   0
0.426698210793355   0.273427555999414   0.0689866347904698   0.00333782803905136   0
0.45855106647166   0.256812344423049   0.0318528556783056   -0.0166152115763651   0
0.394917689673613   0.265719508636104   -0.0636333767980468   0.00890716421305537   0
0.406866291935172   0.300062144744665   0.011948602261559   0.0343426361085607   0
0.430995153998847   0.273842008851021   0.0241288620636749   -0.0262201358936439   0
0.377583883902197   0.302567557371581   -0.0534112700966505   0.0287255485205607   0
0.501265496956857   0.298584798311656   0.12368161305466   -0.00398275905992507   0
0.383072893382428   0.363976297326278   -0.118192603574429   0.0653914990146214   0
0.368341221520269   0.32807855252531   -0.0147316718621591   -0.0358977448009679   0
0.405315800280978   0.278211323833741   0.0369745787607098   -0.0498672286915692   0
0.383652266868697   0.355298928178094   -0.0216635334122812   0.0770876043443535   0
0.369774343769549   0.340434926060403   -0.0138779230991485   -0.0148640021176911   0
0.486079024566181   0.326670944043467   0.116304680796632   -0.013763982016936   0
0.429623906452343   0.31329908322233   -0.056455118113838   -0.013371860821137   0
0.464485186556784   0.331279945152887   0.0348612801044405   0.0179808619305572   0
0.37004092991457   0.352293784891332   -0.0944442566422132   0.0210138397384446   0
0.411861489151159   0.361825467289562   0.0418205592365883   0.00953168239823027   0
0.415753849147963   0.348422740753327   0.00389235999680476   -0.0134027265362354   0
0.381648094727227   0.365444326031304   -0.0341057544207364   0.0170215852779775   0
0.413823317991226   0.304164568956313   0.0321752232639991   -0.0612797570749911   0
0.400885011403382   0.450814247278344   -0.0129383065878439   0.146649678322031   0
0.404559539763927   0.380476044820634   0.0036745283605446   -0.0703382024577104   0
0.415027678929674   0.348752745658525   0.010468139165747   -0.0317232991621085   0
0.464382047326783   0.362334436031479   0.049354368397109   0.0135816903729538   0
0.42576391339081   0.36646314340227   -0.0386181339359724   0.00412870737079069   0
0.44001829261266   0.400561009623718   0.014254379221849   0.0340978662214486   0
0.394670851723254   0.372481575241635   -0.0453474408894053   -0.028079434382083   0
0.419635722039068   0.418192075694055   0.0249648703158138   0.0457105004524201   0
0.426346379795141   0.407077636396182   0.00671065775607282   -0.011114439297873   0
0.42854318936798   0.370799339218141   0.0021968095728388   -0.0362782971780414   0
0.473563591830464   0.383911703052277   0.0450204024624839   0.0131123638341363   0
0.476156277513549   0.394771404336915   0.00259268568308552   0.0108597012846376   0
0.429601922061448   0.390338821138524   -0.0465543554521016   -0.00443258319839113   0
0.41171976962506   0.355983499955391   -0.0178821524363875   -0.0343553211831326   0
0.408426857581851   0.375995895566508   -0.00329291204320903   0.0200123956111163   0
0.423407346332635   0.397365082320088   0.0149804887507836   0.0213691867535801   0
