0.227802422700526   0.0558715552039005   0   0   0
0.0863198249360481   0.03166493411224   -0.141482597764477   -0.0242066210916605   0
0.133240576727188   0.0238266438141212   0.0469207517911396   -0.00783829029811879   0
0.046182465772145   0.0208161967934227   -0.0870581109550427   -0.00301044702069854   0
0.152998105979452   0.0366853796066294   0.106815640207307   0.0158691828132067   0
0.0593601762793878   0.0160771304784156   -0.0936379297000641   -0.0206082491282138   0
0.0455991703044036   0.0101625728308583   -0.0137610059749843   -0.00591455764755727   0
0.099690101979986   0.0194237218686044   0.0540909316755824   0.00926114903774604   0
0.0995296922388671   0.0414440554365159   -0.000160409741118889   0.0220203335679115   0
0.0806280778047797   0.0311075962855715   -0.0189016144340874   -0.0103364591509444   0
0.0475360802975687   0.0462777814342758   -0.0330919975072109   0.0151701851487043   0
0.174757898646031   0.0244586138908852   0.127221818348462   -0.0218191675433906   0
0.0246793381679007   0.00706848184725688   -0.15007856047813   -0.0173901320436283   0
0.0885083725424798   0.0111691780135604   0.0638290343745792   0.00410069616630348   0
0.0598568269323558   0.0329221230988541   -0.028651545610124   0.0217529450852937   0
0.175235754611722   0.0139368201384857   0.115378927679366   -0.0189853029603684   0
0.15251153471913   0.0174369539663928   -0.0227242198925919   0.00350013382790708   0
0.0887800885696951   0.00702000824063619   -0.063731446149435   -0.0104169457257566   0
0.197930110284306   0.00760256856886046   0.109150021714611   0.000582560328224273   0
0.100729602957761   0.00440068306141785   -0.0972005073265455   -0.00320188550744261   0
0.00415552689461685   0.0267537519315721   -0.0965740760631438   0.0223530688701543   0
0.234687020798978   0.0408614250710386   0.230531493904361   0.0141076731394664   0
0.0872704106684678   0.00524586048218974   -0.14741661013051   -0.0356155645888488   0
0.0197041833905443   0.0203642508778521   -0.0675662272779236   0.0151183903956624   0
0.264621141314631   0.0472863824571028   0.244916957924087   0.0269221315792507   0
0.172159327056399   0.0230963721915369   -0.0924618142582325   -0.0241900102655659   0
0.0241279453261731   0.0235850692159584   -0.148031381730226   0.000488697024421513   0
0.109475670307665   0.0272141371016812   0.0853477249814916   0.00362906788572275   0
0.132959373370891   0.0170158101809207   0.0234837030632263   -0.0101983269207605   0
0.0119974189225183   0.00884700255920049   -0.120961954448373   -0.00816880762172023   0
0.0493545020701506   0.0388094281410342   0.0373570831476323   0.0299624255818338   0
0.101846537722067   0.0613938348211162   0.0524920356519168   0.022584406680082   0
0.0294230738061135   0.0257926128289187   -0.0724234639159539   -0.0356012219921975   0
0.144207153060056   0.0147798093423089   0.114784079253942   -0.0110128034866098   0
0.0609027819520587   0.00918209904120648   -0.0833043711079973   -0.00559771030110237   0
0.0228727758973781   0.0137161086327355   -0.0380300060546805   0.00453400959152897   0
0.0445441942194311   0.0186427312979731   0.021671418322053   0.00492662266523763   0
0.0938274170424663   0.0184956425430593   0.0492832228230352   -0.000147088754913777   0
0.0350094814126116   0.0126447627722716   -0.0588179356298547   -0.00585087977078773   0
0.225812196752013   0.0138945175383134   0.190802715339402   0.00124975476604188   0
0.128392717184397   0.012087830330233   -0.0974194795676166   -0.00180668720808048   0
0.0481870017462178   0.00927047613677421   -0.080205715438179   -0.00281735419345876   0
0.215021113928144   0.0241637857726185   0.166834112181926   0.0148933096358443   0
0.0896606485892613   0.0232964528736136   -0.125360465338883   -0.000867332899004883   0
0.186656264997391   0.0234458548467933   0.0969956164081293   0.000149401973179673   0
0.0131306838264749   0.019673855412768   -0.173525581170916   -0.0037719994340253   0
0.344434376219912   0.0175910979471152   0.331303692393437   -0.0020827574656528   0
0.284503331183046   0.022035206201327   -0.0599310450368661   0.00444410825421182   0
0.151730619044494   0.0347410387143577   -0.132772712138552   0.0127058325130307   0
0.0225145831818424   0.0326915661976449   -0.129216035862652   -0.00204947251671277   0
0.117675290709732   0.0278726540959504   0.0951607075278899   -0.00481891210169453   0
0.0895937961947143   0.0279595052844735   -0.028081494515018   8.68511885230849e-05   0
0.162167917481387   0.032799426882531   0.0725741212866729   0.00483992159805757   0
0.0538189916752442   0.0313265397069721   -0.108348925806143   -0.00147288717555894   0
0.214618304735197   0.0377860052203524   0.160799313059953   0.00645946551338031   0
0.0820063061281362   0.0224661308235864   -0.132611998607061   -0.015319874396766   0
0.0560493562769458   0.0226704510591982   -0.0259569498511905   0.00020432023561176   0
0.0598161021931386   0.0109144681549813   0.00376674591619283   -0.0117559829042169   0
0.175656163408746   0.0360203174456445   0.115840061215607   0.0251058492906632   0
0.180106499773134   0.0343904277150634   0.00445033636438846   -0.00162988973058109   0
0.0919833231768129   0.0391537405901722   -0.0881231765963214   0.00476331287510882   0
0.0552379372502269   0.0324050408093401   -0.036745385926586   -0.00674869978083207   0
0.125435513791749   0.0386851103114622   0.0701975765415219   0.00628006950212207   0
0.146847077978317   0.0154187884296692   0.0214115641865685   -0.023266321881793   0
0.0546056899494   0.0475495518360994   -0.0922413880289173   0.0321307634064302   0
0.0841499610050415   0.016035197171308   0.0295442710556415   -0.0315143546647913   0
0.113718456083346   0.0211334228705977   0.029568495078305   0.00509822569928962   0
0.188765928672788   0.0656644827286755   0.0750474725894413   0.0445310598580779   0
0.0826425135989945   0.0591740979726907   -0.106123415073793   -0.00649038475598479   0
0.103333203920231   0.0705972140852888   0.0206906903212362   0.0114231161125981   0
0.0460575305500631   0.0472542565810478   -0.0572756733701676   -0.023342957504241   0
0.177373394052349   0.0667782062056926   0.131315863502286   0.0195239496246448   0
0.197603697168398   0.0786253036515065   0.0202303031160488   0.0118470974458139   0
0.0796764475168792   0.0736322646839314   -0.117927249651519   -0.00499303896757512   0
0.065223972449476   0.0564473077233459   -0.0144524750674032   -0.0171849569605855   0
0.0543489104336968   0.0808620656774547   -0.0108750620157792   0.0244147579541089   0
0.0745518109750528   0.0780044074490769   0.0202029005413559   -0.00285765822837784   0
0.253817381545945   0.0883959412029875   0.179265570570893   0.0103915337539107   0
0.0593475626324283   0.0756445944507902   -0.194469818913517   -0.0127513467521973   0
0.0360064870352399   0.0692116137258193   -0.0233410755971884   -0.00643298072497089   0
0.08027001090644   0.0807788152923871   0.0442635238712001   0.0115672015665678   0
0.0990840686684797   0.0694237882081641   0.0188140577620397   -0.011355027084223   0
0.0542349803277368   0.0752492449849965   -0.0448490883407429   0.00582545677683241   0
0.104866590414488   0.096684531564889   0.0506316100867512   0.0214352865798925   0
0.0676792016048919   0.0881411044876339   -0.0371873888095962   -0.00854342707725511   0
0.270251082536592   0.100465055238439   0.2025718809317   0.0123239507508046   0
0.179511248197599   0.0953355821101177   -0.0907398343389933   -0.00512947312832077   0
0.079762002986738   0.0880992906461369   -0.0997492452108611   -0.00723629146398086   0
0.0658472435895384   0.077028142510968   -0.0139147593971996   -0.0110711481351689   0
0.103879376320904   0.080588204212155   0.0380321327313657   0.00356006170118699   0
0.105347133929452   0.0854346154013407   0.00146775760854845   0.00484641118918568   0
0.0720692537490156   0.0997979688287417   -0.0332778801804369   0.014363353427401   0
0.0782209358577357   0.0893405972340122   0.00615168210872008   -0.0104573715947295   0
0.0759524612255587   0.0873080682690466   -0.00226847463217697   -0.00203252896496567   0
0.0571187473152204   0.075528052437707   -0.0188337139103383   -0.0117800158313395   0
0.0686228217471418   0.0807542050621237   0.0115040744319214   0.00522615262441664   0
0.15855021464099   0.0307571812570857   0.0899273928938483   -0.049997023805038   0
0.114976383748577   0.0616239582641768   -0.0435738308924133   0.0308667770070911   0
0.120564867589277   0.0519711669107256   0.00558848384070064   -0.00965279135345114   0
0.117520849484889   0.0553225784110484   -0.00304401810438817   0.0033514115003228   0
0.105777973041818   0.0605406452093693   -0.0117428764430711   0.00521806679832083   0
0.145898563258519   0.0651680162083748   0.0401205902167007   0.00462737099900554   0
0.164841439194013   0.0629095853656857   0.0189428759354946   -0.00225843084268909   0
0.161140638017059   0.0822969239176805   -0.00370080117695418   0.0193873385519948   0
0.15642186529063   0.0743498118476099   -0.00471877272642915   -0.00794711207007059   0
0.15050065025076   0.0572253788029839   -0.00592121503986998   -0.017124433044626   0
0.179085757702071   0.0576260366403503   0.0285851074513109   0.000400657837366439   0
0.161103112065161   0.0842048579559101   -0.01798264563691   0.0265788213155598   0
0.186633536156796   0.0601548379327257   0.0255304240916352   -0.0240500200231844   0
0.173067507486761   0.0783906697013426   -0.013566028670035   0.0182358317686169   0
0.159479894676853   0.060121223119752   -0.0135876128099085   -0.0182694465815907   0
0.532969323633359   0.11512620572703   0.373489428956507   0.0550049826072783   0
0.374626541176561   0.133582209370681   -0.158342782456798   0.0184560036436509   0
0.298055028557484   0.106292426220039   -0.0765715126190772   -0.0272897831506419   0
0.136965789015652   0.0660122511073134   -0.161089239541832   -0.0402801751127259   0
0.16931482242326   0.0566278915017149   0.0323490334076082   -0.00938435960559846   0
0.223349633777381   0.0888856633304972   0.0540348113541207   0.0322577718287823   0
0.204735550918038   0.0846699231729455   -0.0186140828593426   -0.0042157401575517   0
0.194142633955579   0.0915491262774392   -0.0105929169624588   0.00687920310449364   0
0.22936635949548   0.124870030434989   0.0352237255399013   0.0333209041575495   0
0.180662582354288   0.0817007058634441   -0.0487037771411922   -0.0431693245715447   0
0.203367197713397   0.078821453644138   0.022704615359109   -0.00287925221930604   0
0.189226214915217   0.04110949477642   -0.01414098279818   -0.037711958867718   0
0.130761449438472   0.0553232085420983   -0.0584647654767455   0.0142137137656784   0
0.228612188864658   0.0870283108529201   0.0978507394261861   0.0317051023108218   0
0.213889541437304   0.0889347551622115   -0.0147226474273543   0.00190644430929132   0
0.207564492091832   0.0802594744742482   -0.00632504934547207   -0.00867528068796326   0
0.221902621447269   0.0577338907152896   0.0143381293554375   -0.0225255837589586   0
0.213319691488081   0.0766083457001422   -0.00858292995918822   0.0188744549848527   0
0.215479884187364   0.0834599589378793   0.00216019269928358   0.00685161323773709   0
0.216710164282827   0.098039494344894   0.00123028009546289   0.0145795354070147   0
0.19914020088272   0.0536481811508321   -0.0175699634001075   -0.0443913131940619   0
0.231055276911305   0.0805107936529786   0.0319150760285856   0.0268626125021465   0
0.21600319639591   0.118835805847743   -0.0150520805153955   0.0383250121947645   0
0.186279538349036   0.0646026647698839   -0.0297236580468738   -0.0542331410778592   0
0.202103211150887   0.0791185860693933   0.0158236728018509   0.0145159212995094   0
0.202293509444124   0.0986083296619129   0.000190298293237329   0.0194897435925196   0
0.199332992974495   0.0738329180489299   -0.00296051646962947   -0.024775411612983   0
0.175787777846613   0.0551880978416542   -0.0235452151278823   -0.0186448202072757   0
0.23528848074908   0.0595898193050835   0.0595007029024671   0.00440172146342925   0
0.194041349129251   0.0932418481566754   -0.0412471316198283   0.0336520288515919   0
0.176952323849957   0.0740669697204496   -0.0170890252792945   -0.0191748784362257   0
0.172143700463072   0.0953223132939633   -0.00480862338688437   0.0212553435735137   0
0.209773030678874   0.0671050917133901   0.037629330215802   -0.0282172215805732   0
0.201397083391364   0.094848709575368   -0.00837594728751029   0.0277436178619778   0
0.187107559695834   0.0910477870289141   -0.0142895236955304   -0.00380092254645387   0
0.185887659194741   0.0770610577001283   -0.00121990050109327   -0.0139867293287858   0
0.224997321007073   0.0746767280882739   0.0391096618123328   -0.00238432961185435   0
0.227414679116828   0.108354325303654   0.00241735810975505   0.0336775972153798   0
0.249958890825051   0.0974255187658885   0.0225442117082231   -0.0109288065377651   0
0.280290687897404   0.102909261824884   0.0303317970723527   0.00548374305899532   0
0.232330219917018   0.0920758971572094   -0.0479604679803861   -0.0108333646676745   0
0.204055443966903   0.0932747714642738   -0.0282747759501148   0.0011988743070644   0
0.213374081088964   0.0719950910019565   0.00931863712206121   -0.0212796804623172   0
0.225472503876836   0.102556065071794   0.0120984227878719   0.0305609740698373   0
0.220932587210601   0.0817553725738712   -0.00453991666623493   -0.0208006924979225   0
0.204930221090253   0.108299287251821   -0.0160023661203484   0.02654391467795   0
0.184553312724752   0.0911088053587852   -0.0203769083655014   -0.0171904818930361   0
0.257863317474374   0.0796570591499743   0.0733100047496227   -0.0114517462088109   0
0.221131027914764   0.0918312206659723   -0.0367322895596107   0.012174161515998   0
0.199455863760006   0.0759250742789232   -0.0216751641547579   -0.0159061463870491   0
0.211693763304661   0.0789621966287191   0.0122378995446556   0.00303712234979593   0
0.213621989679808   0.0923869776528732   0.00192822637514661   0.0134247810241541   0
0.197344069619535   0.0899849025827805   -0.0162779200602727   -0.00240207507009271   0
0.188141481914144   0.118053353501002   -0.00920258770539178   0.0280684509182213   0
0.191125247643424   0.0810324393612367   0.00298376572928008   -0.0370209141397651   0
0.189812800299769   0.0969339481442518   -0.00131244734365457   0.0159015087830151   0
0.195326353012337   0.0779347963201451   0.00551355271256773   -0.0189991518241067   0
0.170775434832443   0.0835813642461643   -0.0245509181798937   0.00564656792601927   0
0.279214709519466   0.0841490847690128   0.108439274687023   0.000567720522848453   0
0.285122017058732   0.0969025095828921   0.00590730753926583   0.0127534248138793   0
0.221638631716946   0.0974194113274788   -0.0634833853417863   0.000516901744586629   0
0.177641897140005   0.0949664695622223   -0.0439967345769413   -0.00245294176525643   0
0.137335437448788   0.0549387597880224   -0.0403064596912165   -0.0400277097741999   1
0.542704737436702   0.20754028374721   0.405369299987914   0.152601523959188   1
0.46319860642962   0.211274575428665   -0.0795061310070822   0.00373429168145445   0
0.515534132030674   0.217257468878454   0.0523355256010535   0.00598289344978958   0
0.558893404224813   0.231681550087313   0.043359272194139   0.0144240812088586   0
0.536626522935812   0.2241268272664   -0.0222668812890003   -0.00755472282091318   0
0.540746194470767   0.22701242951218   0.00411967153495441   0.00288560224578041   0
0.522693004367353   0.22558164630918   -0.0180531901034134   -0.00143078320299994   0
0.551969144062746   0.231799805667175   0.0292761396953922   0.00621815935799475   0
0.56054141793789   0.255114962382261   0.00857227387514492   0.0233151567150863   0
0.540479503273251   0.222891172512086   -0.0200619146646396   -0.0322237898701751   0
0.570120184320797   0.227322267297162   0.0296406810475465   0.00443109478507622   0
0.536882540802884   0.22134476627185   -0.0332376435179137   -0.005977501025312   0
0.539523718327823   0.222933935964811   0.0026411775249392   0.00158916969296083   0
0.550457259161735   0.2460574536512   0.0109335408339126   0.023123517686389   0
0.56587291984078   0.24524164351378   0.0154156606790447   -0.000815810137419992   0
0.55042526944301   0.239211358488451   -0.0154476503977703   -0.00603028502532957   0
0.539987265473854   0.239840551473521   -0.0104380039691562   0.000629192985070082   0
0.563420838056546   0.23559171532304   0.0234335725826919   -0.0042488361504803   0
0.55770702635234   0.261720952834636   -0.00571381170420526   0.0261292375115961   0
0.572533790974611   0.232922592270243   0.0148267646222711   -0.0287983605643931   0
0.566747721158127   0.261637779627752   -0.00578606981648422   0.0287151873575085   0
0.558778944215814   0.24463523258471   -0.00796877694231291   -0.0170025470430421   0
0.562153586295916   0.229540523586387   0.00337464208010185   -0.0150947089983231   0
0.566286768486436   0.264275405166868   0.00413318219051961   0.0347348815804819   0
0.578078423737126   0.237524750486607   0.0117916552506901   -0.0267506546802613   0
0.569558472737655   0.248604131670438   -0.00851995099947089   0.0110793811838308   0
0.560147428262462   0.257395011073666   -0.00941104447519292   0.0087908794032277   0
0.589985964774934   0.240894102945911   0.0298385365124723   -0.0165009081277551   0
0.590917187899667   0.247074267129825   0.000931223124732372   0.00618016418391407   0
0.605463235750445   0.251301075715968   0.014546047850778   0.00422680858614299   0
0.548879443436334   0.24555541776319   -0.0565837923141104   -0.00574565795277729   0
0.569437751321424   0.230322564985674   0.0205583078850897   -0.0152328527775165   0
0.571419710378195   0.239607848996151   0.0019819590567709   0.00928528401047748   0
0.576375268770304   0.252402506213572   0.00495555839210893   0.0127946572174211   0
0.557015743126395   0.264694712500727   -0.0193595256439087   0.0122922062871545   0
0.571707698326076   0.266682296988125   0.0146919551996814   0.001987584487398   0
0.564699972184398   0.263800095289615   -0.00700772614167833   -0.00288220169850989   0
0.563686064630207   0.251616950955063   -0.00101390755419095   -0.0121831443345522   0
0.553878441242445   0.245298049680022   -0.00980762338776253   -0.00631890127504095   0
0.551379381707967   0.22936040064942   -0.00249905953447749   -0.0159376490306018   0
0.575791979731995   0.259635095108   0.0244125980240277   0.0302746944585796   0
0.558760186371875   0.252455227111542   -0.0170317933601201   -0.00717986799645814   0
0.570870897506827   0.263505750631561   0.012110711134952   0.0110505235200197   0
0.553542013112076   0.237944312658577   -0.0173288843947506   -0.0255614379729845   0
0.565313099872239   0.251761955772834   0.0117710867601627   0.0138176431142575   0
0.557856599887686   0.252824018118972   -0.00745649998455278   0.00106206234613826   0
0.573191336753339   0.273996369158681   0.0153347368656531   0.0211723510397083   0
0.571495805167431   0.259666016763751   -0.00169553158590841   -0.0143303523949299   0
0.550822859956856   0.237899122056493   -0.0206729452105749   -0.0217668947072581   0
0.574251775507921   0.252591998078824   0.0234289155510653   0.0146928760223311   0
0.552353080155239   0.249272915665486   -0.021898695352682   -0.00331908241333775   0
0.552591040497745   0.241758581678417   0.000237960342505339   -0.00751433398706866   0
0.564031956556763   0.254169789034594   0.0114409160590182   0.0124112073561766   0
0.530724097536535   0.229396029822859   -0.0333078590202273   -0.024773759211735   0
0.532438800446258   0.237559388299268   0.00171470290972242   0.00816335847640931   0
0.575882692347287   0.266453881561261   0.0434438919010292   0.0288944932619927   0
0.558441091858559   0.256371604532313   -0.0174416004887277   -0.0100822770289484   0
0.540570518569271   0.232517353163054   -0.0178705732892889   -0.0238542513692583   0
0.553867080436633   0.242953368829026   0.0132965618673627   0.0104360156659712   0
0.564312969874537   0.278733989679228   0.0104458894379038   0.0357806208502025   0
0.5606848834191   0.242817479900279   -0.00362808645543689   -0.0359165097789488   0
0.554306245567159   0.246068662704259   -0.0063786378519407   0.00325118280398001   0
0.538404310491335   0.241042463575866   -0.0159019350758243   -0.00502619912839361   0
0.561067514290758   0.248465997294177   0.0226632037994229   0.00742353371831142   0
0.566839125072758   0.257896238068724   0.00577161078200017   0.00943024077454704   0
0.522863319384005   0.234979088677035   -0.0439758056887533   -0.0229171493916888   0
0.554112545188223   0.256252130051737   0.0312492258042175   0.0212730413747021   0
0.570449700462491   0.275327661204014   0.0163371552742689   0.0190755311522769   0
0.565309614246247   0.280074979886855   -0.00514008621624484   0.00474731868284117   0
0.545698489507805   0.254885746999852   -0.0196111247384416   -0.0251892328870036   0
0.561072143311856   0.254437645718966   0.0153736538040511   -0.00044810128088596   0
0.586916121839603   0.283070343843187   0.0258439785277472   0.0286326981242209   0
0.665087140553213   0.234485042087443   0.0781710187136102   -0.0485853017557436   0
0.564074208982506   0.280838317473774   -0.101012931570707   0.0463532753863304   0
0.550444748061275   0.229168879681557   -0.0136294609212315   -0.0516694377922164   0
0.598222198317089   0.284169468288291   0.047777450255814   0.0550005886067338   0
