0.0284544084302544   0.0278383338599852   0   0   0
0.0290851336980219   0.0370498153509316   0.000630725267767546   0.00921148149094635   0
0.048566779609795   0.118907653075202   0.0194816459117731   0.08185783772427   0
0.0077298848509419   0.0261541355279141   -0.0408368947588531   -0.0927535175472875   0
0.0278276092406531   0.02783305136443   0.0200977243897112   0.0016789158365159   0
0.0438894918334708   0.028249384580994   0.0160618825928178   0.000416333216563952   0
0.0741842600983524   0.111417504737777   0.0302947682648816   0.0831681201567828   0
0.0265083559313377   0.02354689124736   -0.0476759041670147   -0.0878706134904167   0
0.0240454713102274   0.0375964236718734   -0.00246288462111032   0.0140495324245133   0
0.0631769140139321   0.116499642063538   0.0391314427037046   0.0789032183916648   0
0.0157014983571559   0.0301628197736054   -0.0474754156567762   -0.0863368222899327   0
0.0772241324770048   0.0574739397684559   0.0615226341198489   0.0273111199948505   0
0.0314408502069504   0.0166606368700487   -0.0457832822700544   -0.0408133028984073   0
0.0419202432837659   0.0247092187049692   0.0104793930768155   0.00804858183492054   0
0.0168239871370759   0.0134013580937017   -0.02509625614669   -0.0113078606112675   0
0.0162902542435595   0.0112637932827667   -0.000533732893516391   -0.00213756481093504   0
0.0492040236187286   0.0919305739720062   0.032913769375169   0.0806667806892395   0
0.0516099335774626   0.0717468810936928   0.00240590995873401   -0.0201836928783133   0
0.0336328655994473   0.0397908286167491   -0.0179770679780152   -0.0319560524769437   0
0.0493381679003518   0.041833787535508   0.0157053023009045   0.0020429589187589   0
0.0397941629088644   0.0824321482401168   -0.00954400499148737   0.0405983607046088   0
0.0248468477276655   0.064283657990463   -0.014947315181199   -0.0181484902496539   0
0.0415435516046987   0.0211883555120061   0.0166967038770333   -0.0430953024784568   0
0.11067065978414   0.0939443742449669   0.0691271081794415   0.0727560187329608   0
0.0297848962765107   0.0108920131993769   -0.0808857635076295   -0.08305236104559   0
0.0286882394570399   0.013939267301225   -0.00109665681947078   0.00304725410184811   0
0.019424818068414   0.0162477445534111   -0.00926342138862588   0.00230847725218611   0
0.0227818582497214   0.0104996845326669   0.00335704018130739   -0.00574806002074417   0
0.00323026307817248   0.0173544302668656   -0.0195515951715489   0.00685474573419865   0
0.047282354270273   0.0929044252867085   0.0440520911921005   0.0755499950198429   0
0.017210380597242   0.0247104702158538   -0.0300719736730309   -0.0681939550708546   0
0.0279933150037933   0.035037978608627   0.0107829344065513   0.0103275083927731   0
0.0126811755884193   0.00858430280253586   -0.015312139415374   -0.0264536758060911   0
0.0271024907234295   0.0444127816075446   0.0144213151350103   0.0358284788050087   0
0.0439764385597677   0.0307425071737363   0.0168739478363382   -0.0136702744338083   0
0.042821457165193   0.0197360521070578   -0.00115498139457475   -0.0110064550666785   0
0.0554148167134329   0.0326131453572789   0.0125933595482399   0.0128770932502211   0
0.0446904584467747   0.066855695340786   -0.0107243582666581   0.0342425499835072   0
0.0279942591893202   0.021037153883596   -0.0166961992574546   -0.04581854145719   0
0.0347650397696166   0.0242212306514234   0.00677078058029641   0.00318407676782731   0
0.0137316293620896   0.0537696344857832   -0.021033410407527   0.0295484038343598   0
0.015250634886154   0.0239170494850839   0.00151900552406437   -0.0298525850006993   0
0.0516192193134019   0.013998439696001   0.0363685844272479   -0.00991860978908291   0
0.0277294378877056   0.024437184100925   -0.0238897814256962   0.010438744404924   0
0.0304913936850517   0.0141717535329207   0.00276195579734603   -0.0102654305680043   0
0.0722285537151818   0.102186724436012   0.0417371600301301   0.0880149709030917   0
0.00856177334564026   0.00649296319943753   -0.0636667803695415   -0.0956937612365748   0
0.0246674845522982   0.0174081163020163   0.0161057112066579   0.0109151531025788   0
0.00433289723027918   0.00903385142643491   -0.020334587322019   -0.00837426487558137   0
0.0363560357411331   0.114213373892945   0.0320231385108539   0.10517952246651   0
0.0416914592737421   0.0497713028630204   0.00533542353260909   -0.0644420710299244   0
0.028050766769935   0.0168282623124017   -0.0136406925038072   -0.0329430405506187   0
0.0319758260534299   0.102807285939202   0.00392505928349487   0.0859790236268006   0
0.043661769427815   0.0629465066204035   0.0116859433743851   -0.0398607793187988   0
0.0120324091737567   0.0121445994796411   -0.0316293602540583   -0.0508019071407623   0
0.0159729714450092   0.0291113099226095   0.00394056227125254   0.0169667104429684   0
0.0215456439204286   0.00944841208672653   0.00557267247541942   -0.019662897835883   0
0.0431546590731812   0.0208445077494682   0.0216090151527525   0.0113960956627417   0
0.0362612903200326   0.0549127219267994   -0.00689336875314861   0.0340682141773312   0
0.0306483769841184   0.0729288614101098   -0.00561291333591414   0.0180161394833103   0
0.0350109503694201   0.0201582569057173   0.0043625733853017   -0.0527706045043925   0
0.0167232458669273   0.0111662182416161   -0.0182877045024929   -0.00899203866410123   0
0.0346622288040689   0.0391093624129504   0.0179389829371417   0.0279431441713343   0
0.0339727228521504   0.0179012188489192   -0.000689505951918488   -0.0212081435640312   0
0.00528424314758547   0.015812428226411   -0.028688479704565   -0.00208879062250818   0
0.0725850478617573   0.105800404033231   0.0673008047141719   0.0899879758068203   0
0.0339152988589221   0.0154598920098921   -0.0386697490028353   -0.0903405120233393   0
0.0358811076849642   0.0306912698158613   0.00196580882604219   0.0152313778059692   0
0.0103346724555211   0.0185780479240043   -0.0255464352294431   -0.012113221891857   0
0.0290374750791731   0.0313848805386845   0.018702802623652   0.0128068326146803   0
0.0259274071042201   0.0425416632692294   -0.00311006797495302   0.0111567827305448   0
0.0147337027860463   0.020192212012076   -0.0111937043181738   -0.0223494512571534   0
0.0572579295255746   0.105837028475352   0.0425242267395283   0.0856448164632762   0
0.0375892690531001   0.0477791992163169   -0.0196686604724746   -0.0580578292590352   0
0.0188695847042937   0.0307161318445617   -0.0187196843488063   -0.0170630673717552   0
0.0254096369345269   0.0292861653647811   0.00654005223023313   -0.00142996647978061   0
0.0376158419286177   0.0990846662288368   0.0122062049940908   0.0697985008640557   0
0.0271804785354011   0.0314319596187288   -0.0104353633932165   -0.067652706610108   0
0.0325108704482832   0.0284146753727717   0.00533039191288213   -0.0030172842459571   0
0.0610323099945776   0.0185660032282799   0.0285214395462944   -0.00984867214449182   0
0.046359363024291   0.0962679912172914   -0.0146729469702866   0.0777019879890115   0
0.0206141714034852   0.055352222346035   -0.0257451916208058   -0.0409157688712564   0
0.0205271964337385   0.0189953077909283   -8.69749697467344e-05   -0.0363569145551068   0
0.0614346554601033   0.0962351831501478   0.0409074590263648   0.0772398753592196   0
0.044898328619682   0.0805999691171932   -0.0165363268404213   -0.0156352140329546   0
0.0172154647387497   0.0480598390552174   -0.0276828638809323   -0.0325401300619758   0
0.0434697165036924   0.0188406459176358   0.0262542517649427   -0.0292191931375816   0
0.0455540509258222   0.0824650398885643   0.00208433442212982   0.0636243939709285   0
0.0162920028594748   0.0309341939940659   -0.0292620480663474   -0.0515308458944984   0
0.0461049124146408   0.0350004150543247   0.029812909555166   0.00406622106025886   0
0.0296495416313808   0.0895541356212124   -0.01645537078326   0.0545537205668877   0
0.026304261086705   0.0281795537857611   -0.00334528054467578   -0.0613745818354513   0
0.0105021056187875   0.0348492751454747   -0.0158021554679175   0.00666972135971363   0
0.0426472671258672   0.0293517599619976   0.0321451615070796   -0.00549751518347709   0
0.0417481631027802   0.0828623367127877   -0.000899104023086947   0.0535105767507901   0
0.0136039363237393   0.044285306031866   -0.0281442267790409   -0.0385770306809217   0
0.00371063982593289   0.0251984909591472   -0.00989329649780644   -0.0190868150727187   0
0.0269008240111805   0.0676828458684506   0.0231901841852476   0.0424843549093034   0
0.038323336897117   0.0313584161146972   0.0114225128859366   -0.0363244297537534   0
0.013192893072256   0.0499246265936461   -0.025130443824861   0.018566210478949   0
0.016920544792058   0.0297820325328129   0.00372765171980195   -0.0201425940608333   0
0.0511549254198607   0.0310657434561065   0.0342343806278027   0.00128371092329363   0
0.0387970376823088   0.029185896956621   -0.0123578877375519   -0.0018798464994855   0
0.0770456310114662   0.119198982230271   0.0382485933291574   0.0900130852736501   0
0.0189351860552887   0.0428968190367887   -0.0581104449561774   -0.0763021631934824   0
0.0449057296817265   0.0273223425080098   0.0259705436264378   -0.0155744765287789   0
0.0325901767051422   0.0199424997129403   -0.0123155529765843   -0.00737984279506949   0
0.00865515062352406   0.0301814865467641   -0.0239350260816181   0.0102389868338237   0
0.0382435971359027   0.0615361270772909   0.0295884465123786   0.0313546405305269   0
0.0609307912526754   0.127125038628155   0.0226871941167727   0.0655889115508644   0
0.0202700016236901   0.0279553092703497   -0.0406607896289853   -0.0991697293578057   0
0.0468177746894895   0.020971357569373   0.0265477730657994   -0.00698395170097666   0
0.0264604401851613   0.0226645995683224   -0.0203573345043281   0.00169324199894936   0
0.065156547207842   0.0876190225741311   0.0386961070226807   0.0649544230058087   0
0.046182491452623   0.0284837710008792   -0.018974055755219   -0.059135251573252   0
0.0319369613144314   0.073797758896894   -0.0142455301381916   0.0453139878960149   0
0.0282564249665329   0.0203928875703859   -0.00368053634789852   -0.0534048713265081   0
0.0595075227291089   0.0150853080958759   0.031251097762576   -0.00530757947450998   0
0.098129078778406   0.107762549147722   0.0386215560492971   0.092677241051846   0
0.032225490910305   0.0328107369416568   -0.065903587868101   -0.0749518122060652   0
0.0321899720390863   0.0184216801463656   -3.55188712186857e-05   -0.0143890567952912   0
0.0379392574050278   0.0481378496184136   0.0057492853659415   0.029716169472048   0
0.0668044370170214   0.0694123449657372   0.0288651796119935   0.0212744953473236   0
0.0382360564823759   0.0200015367000263   -0.0285683805346455   -0.0494108082657108   0
0.0426298000492024   0.0324928142966256   0.00439374356682644   0.0124912775965993   0
0.10035035411582   0.114223434259229   0.0577205540666176   0.0817306199626038   0
0.0349089631385526   0.033381410470425   -0.0654413909772673   -0.0808420237888044   0
0.0906895281061901   0.0149530110976861   0.0557805649676375   -0.0184283993727389   0
0.0271188132189389   0.0209611540712224   -0.0635707148872512   0.00600814297353629   0
0.0789246172597293   0.0928745537158056   0.0518058040407904   0.0719133996445832   0
0.0302185391817277   0.0196624454454304   -0.0487060780780016   -0.0732121082703753   0
0.0654088144326459   0.0160630697869679   0.0351902752509182   -0.00359937565846242   0
0.117021119380643   0.112201576459034   0.0516123049479973   0.0961385066720663   0
0.0822832547487748   0.0315636097749053   -0.0347378646318684   -0.0806379666841289   0
0.0560161751568924   0.0827621571484365   -0.0262670795918824   0.0511985473735312   0
0.0216482824534627   0.0171385793781894   -0.0343678927034298   -0.0656235777702471   0
0.0861056386467954   0.120102901918105   0.0644573561933327   0.102964322539916   0
0.0708752185528376   0.0327292276776741   -0.0152304200939577   -0.0873736742404311   0
0.0144635900660521   0.0733977088238625   -0.0564116284867856   0.0406684811461884   0
0.0566865071439086   0.0332906325309763   0.0422229170778565   -0.0401070762928861   0
0.0860092819918879   0.11924686655508   0.0293227748479793   0.0859562340241034   0
0.0767959704091015   0.0376142839871371   -0.00921331158278639   -0.0816325825679427   0
0.063175504470585   0.0192858003288689   -0.0136204659385166   -0.0183284836582682   0
0.0535917954493969   0.0277001943810418   -0.00958370902118803   0.00841439405217289   0
0.0983871675018348   0.0957338283906614   0.0447953720524379   0.0680336340096196   0
0.0564412492382026   0.0182742687370254   -0.0419459182636323   -0.0774595596536359   0
0.0573955532067738   0.045616043550433   0.000954303968571227   0.0273417748134076   0
0.0560081643397862   0.0296486933134498   -0.00138738886698757   -0.0159673502369832   0
0.109570567048539   0.128447011702511   0.0535624027087525   0.0987983183890612   0
0.0784243247599041   0.0332341973001079   -0.0311462422886346   -0.0952128144024031   0
0.118603875504196   0.104001272685236   0.0401795507442922   0.0707670753851284   0
0.0745036491006588   0.0218611405057519   -0.0441002264035375   -0.0821401321794845   0
0.0761504679651833   0.0232135801692673   0.00164681886452443   0.00135243966351544   0
0.0843663302745361   0.0203313691475759   0.00821586230935281   -0.00288221102169143   0
0.0908860567986641   0.0190156979973021   0.00651972652412805   -0.00131567115027375   0
0.0595716658887671   0.0102702827545557   -0.031314390909897   -0.00874541524274638   0
0.0977275305327337   0.0767921447673849   0.0381558646439666   0.0665218620128291   0
0.106932776147727   0.0195748797198731   0.00920524561499378   -0.0572172650475118   0
0.091014368264412   0.0288273846632594   -0.0159184078833155   0.00925250494338631   0
0.105574941721631   0.0814700403336865   0.0145605734572191   0.052642655670427   0
0.105688600564888   0.0320156981774566   0.000113658843256717   -0.0494543421562298   0
0.0945235772909891   0.0606075986701544   -0.0111650232738986   0.0285919004926978   0
0.0710093700985553   0.0384480412912508   -0.0235142071924338   -0.0221595573789036   0
0.088391800170901   0.0273472779358024   0.0173824300723457   -0.0111007633554484   0
0.160076624772381   0.115402032358468   0.0716848246014798   0.0880547544226661   0
0.117452524240435   0.0491213583768303   -0.0426241005319457   -0.0662806739816381   0
0.131793689823034   0.115995735137073   0.0143411655825985   0.0668743767602431   0
0.113569021760602   0.0144618612968179   -0.018224668062432   -0.101533873840256   0
0.108877426293975   0.0118585916623877   -0.0046915954666264   -0.00260326963443026   0
0.110389804128869   0.0533913886204742   0.00151237783489351   0.0415327969580865   0
0.131527738801973   0.0858637838878571   0.0211379346731042   0.0324723952673829   0
0.100605514416159   0.0296094765194355   -0.0309222243858138   -0.0562543073684216   0
0.0973963812400132   0.0501372168026407   -0.00320913317614591   0.0205277402832053   0
0.117601586575777   0.0626423170553439   0.0202052053357639   0.0125051002527031   0
0.0932491922707645   0.0704295986843467   -0.0243523943050126   0.00778728162900279   0
0.0907014387655455   0.0205736272674509   -0.00254775350521898   -0.0498559714168957   0
0.115449709415399   0.07750892202908   0.0247482706498532   0.0569352947616291   0
0.148345566323837   0.066718854827646   0.0328958569084385   -0.010790067201434   0
0.129710155609844   0.0474402974318448   -0.018635410713993   -0.0192785573958012   0
0.137872912124355   0.0912053077642333   0.00816275651451034   0.0437650103323885   0
0.115301051260515   0.0382838079482044   -0.0225718608638392   -0.0529214998160289   0
0.0752179785937511   0.0433956293115735   -0.0400830726667643   0.0051118213633691   0
0.147655669701167   0.0868383009354887   0.0724376911074155   0.0434426716239152   0
0.121433107495567   0.0415799697361001   -0.0262225622055993   -0.0452583311993886   0
0.15464759897163   0.0254711782680935   0.0332144914760624   -0.0161087914680066   0
0.115345976175938   0.0679207999938531   -0.0393016227956919   0.0424496217257596   0
0.121868304460348   0.0175667797296659   0.00652232828440993   -0.0503540202641873   0
0.10896258196124   0.0599506298670414   -0.0129057224991074   0.0423838501373756   0
0.103213844800492   0.0510150647678948   -0.00574873716074849   -0.00893556509914665   0
0.123590950766268   0.0300471980551432   0.0203771059657759   -0.0209678667127516   0
0.154570212268762   0.0811929351402049   0.0309792615024938   0.0511457370850618   0
0.116935680906599   0.015256128780441   -0.0376345313621623   -0.0659368063597639   0
0.158485744036522   0.0319292054807977   0.0415500631299228   0.0166730767003567   0
0.146295875786469   0.0599498256522277   -0.012189868250053   0.02802062017143   0
0.170192906438576   0.0718968334481777   0.0238970306521072   0.0119470077959499   0
0.136152798450454   0.0569655425039997   -0.0340401079881221   -0.0149312909441779   0
0.13800118762518   0.088824537018284   0.00184838917472535   0.0318589945142842   0
0.114243137262419   0.0291215434508973   -0.0237580503627601   -0.0597029935673867   0
0.12314491110188   0.0168818220428069   0.00890177383946088   -0.0122397214080904   0
0.114078802285964   0.068092108042434   -0.00906610881591657   0.0512102859996271   0
0.193927069800093   0.086917087449333   0.0798482675141289   0.018824979406899   0
0.128628220323069   0.0855712386677615   -0.0652988494770236   -0.00134584878157148   0
0.13780517711338   0.0251959756622461   0.00917695679031083   -0.0603752630055154   0
0.166210242214492   0.0685767880543592   0.0284050651011118   0.043380812392113   0
0.144455979398743   0.0264676502026606   -0.0217542628157489   -0.0421091378516986   0
0.160033013479844   0.0291654092733584   0.0155770340811014   0.00269775907069778   0
0.140927951687733   0.0534280981399301   -0.0191050617921112   0.0242626888665717   0
0.162940029275344   0.0976675395763224   0.0220120775876111   0.0442394414363923   0
0.131802474472902   0.0726104968546215   -0.031137554802442   -0.0250570427217009   0
0.131211194522419   0.0616068017316473   -0.000591279950483387   -0.0110036951229742   0
0.122270052195949   0.0711582989873966   -0.00894114232647011   0.00955149725574928   0
0.168449033542879   0.0513327380788856   0.0461789813469305   -0.0198255609085109   0
0.124808669797695   0.0619933266353726   -0.0436403637451843   0.010660588556487   0
0.122635731253701   0.0461731671860465   -0.00217293854399364   -0.0158201594493261   0
0.121111082660713   0.0614589616171637   -0.00152464859298834   0.0152857944311172   0
0.197419249689614   0.0874567845705416   0.0763081670289009   0.0259978229533779   0
0.146313133048062   0.00954567727401388   -0.0511061166415512   -0.0779111072965277   0
0.136397147315404   0.0167252947002355   -0.00991598573265845   0.0071796174262216   0
0.162221587809514   0.0643463917684125   0.0258244404941105   0.047621097068177   0
0.131883032392533   0.0333951863892047   -0.0303385554169811   -0.0309512053792078   0
0.175970892257555   0.0956660284993612   0.0440878598650216   0.0622708421101565   0
0.130769650504465   0.0896529090201762   -0.0452012417530896   -0.00601311947918501   0
0.169066428699994   0.0547098044367963   0.0382967781955282   -0.0349431045833799   0
0.157240777066256   0.0611467769606052   -0.0118256516337376   0.00643697252380886   0
0.166891546313437   0.0410903015375651   0.00965076924718075   -0.0200564754230401   0
0.111786978903001   0.071840550918915   -0.0551045674104357   0.0307502493813499   0
0.121956829579077   0.0414155687337805   0.0101698506760758   -0.0304249821851345   0
0.137008024440614   0.0511457889859468   0.0150511948615376   0.00973022025216628   0
0.137793313341033   0.0395347373956752   0.00078528890041818   -0.0116110515902716   0
0.131527510575773   0.0614085809072722   -0.00626580276525993   0.021873843511597   0
0.139460079288125   0.119416650791357   0.0079325687123519   0.0580080698840852   0
0.112083298131434   0.090508619161785   -0.0273767811566902   -0.0289080316295724   0
0.0876533302832243   0.107848181886576   -0.0244299678482101   0.0173395627247911   0
0.190726712372153   0.0408364133778298   0.103073382088929   -0.0670117685087463   0
0.155724479188116   0.0601723992244368   -0.035002233184037   0.0193359858466069   0
0.155767060708001   0.0656095881657171   4.25815198847046e-05   0.00543718894128028   0
0.151910641644949   0.0211655579915225   -0.00385641906305215   -0.0444440301741946   0
0.169007275631228   0.0568462389733481   0.0170966339862797   0.0356806809818256   0
0.162741221458148   0.0554203836848185   -0.00626605417308024   -0.00142585528852955   0
0.160246020847883   0.0414064255914466   -0.00249520061026559   -0.014013958093372   0
0.122100928114982   0.0315395005624693   -0.0381450927329006   -0.00986692502897728   0
0.115183782370089   0.0302309672950602   -0.00691714574489309   -0.00130853326740906   0
0.141318762286824   0.0425393026658877   0.0261349799167356   0.0123083353708275   0
0.109535049922936   0.0649848599298521   -0.0317837123638888   0.0224455572639644   0
0.130975933912456   0.0441996951401817   0.0214408839895202   -0.0207851647896704   0
0.18994090977779   0.0425252117099374   0.0589649758653337   -0.00167448343024425   0
0.158537160407269   0.114931488890752   -0.031403749370521   0.0724062771808143   0
0.182632405162287   0.0659190552040341   0.024095244755018   -0.0490124336867176   0
0.189550028539365   0.0704996975038368   0.00691762337707849   0.00458064229980272   0
0.182594625889412   0.0737085693943554   -0.00695540264995287   0.00320887189051851   0
