0.0392178194889762   0.019285222415881   0   0   0
0.172549919924675   0.0150518227735016   0.133332100435698   -0.00423339964237947   0
0.0574804075234481   0.0153689982797351   -0.115069512401226   0.000317175506233528   0
0.0975010870610104   0.0372079621055427   0.0400206795375623   0.0218389638258076   0
0.0826454715568118   0.0228889957695833   -0.0148556155041986   -0.0143189663359594   0
0.0903027270775652   0.0320041251492483   0.00765725552075343   0.00911512937966509   0
0.228543365573463   0.0445683733573262   0.138240638495898   0.0125642482080779   0
0.567434661399214   0.115606689900898   0.33889129582575   0.0710383165435723   1
0.0559052764516562   0.0157885375230568   -0.511529384947557   -0.0998181523778417   0
0.0378456287641747   0.0288812251216945   -0.0180596476874815   0.0130926875986378   0
0.0451787968337759   0.00725376214549043   0.00733316806960124   -0.0216274629762041   0
0.0559145444857707   0.0329854649966845   0.0107357476519948   0.0257317028511941   0
0.0508823313914236   0.0237801877204533   -0.00503221309434716   -0.00920527727623118   0
0.0491685881891042   0.0136346327748898   -0.00171374320231939   -0.0101455549455635   0
0.091715564222157   0.0080928185526938   0.0425469760330528   -0.00554181422219603   0
0.0506474282436374   0.0107906815975148   -0.0410681359785196   0.00269786304482103   0
0.12054768855898   0.0195324717931436   0.0699002603153425   0.00874179019562876   0
0.0245512968144027   0.0178960411915764   -0.0959963917445773   -0.00163643060156717   0
0.0705703768480988   0.0110430024723136   0.0460190800336961   -0.00685303871926279   0
0.0971904353484188   0.0123781316078892   0.02662005850032   0.00133512913557554   0
0.0043163494984855   0.0141948260264964   -0.0928740858499333   0.00181669441860724   0
0.0768792303942137   0.0238570663253181   0.0725628808957282   0.00966224029882164   0
0.0353375953615335   0.0136136212752155   -0.0415416350326802   -0.0102434450501026   0
0.121710440402102   0.0161206453136686   0.0863728450405682   0.00250702403845314   0
0.0890954318133741   0.00652583622982526   -0.0326150085887276   -0.00959480908384337   0
0.148995441778365   0.0291738370094251   0.0599000099649909   0.0226480007795998   0
0.151621850718059   0.0321828603385793   0.00262640893969424   0.00300902332915422   0
0.091684153662958   0.0129949595339347   -0.0599376970551012   -0.0191879008046446   0
0.0887652732407787   0.0170918418682898   -0.00291888042217932   0.00409688233435514   0
0.0903262378881303   0.037379977941707   0.0015609646473516   0.0202881360734172   0
0.0352425224674262   0.033107265315071   -0.055083715420704   -0.00427271262663603   0
0.0519741355705458   0.0295139710453372   0.0167316131031196   -0.00359329426973379   0
0.0912284381485641   0.0216328994881639   0.0392543025780182   -0.0078810715571733   0
0.0813503530885529   0.0488810077446241   -0.00987808506001117   0.0272481082564602   0
0.0978393940256205   0.0699321781117248   0.0164890409370676   0.0210511703671007   0
0.0441445542730723   0.0463589120132526   -0.0536948397525482   -0.0235732660984722   0
0.0641471338782741   0.0625595634243878   0.0200025796052018   0.0162006514111352   0
0.0790152325101661   0.0824586849735672   0.0148680986318921   0.0198991215491794   0
0.0706830225097767   0.0830441140963344   -0.00833221000038943   0.00058542912276717   0
0.0795675153435819   0.0864767797297922   0.00888449283380517   0.00343266563345783   0
0.0638752910295523   0.0752004473858035   -0.0156922243140296   -0.0112763323439887   0
0.0616130490022384   0.0782632075083816   -0.00226224202731391   0.00306276012257811   0
0.113917182925404   0.0894390478742367   0.0523041339231659   0.0111758403658551   0
0.0835073048486752   0.0908976163086387   -0.030409878076729   0.00145856843440201   0
0.0618956373833407   0.089126686252968   -0.0216116674653345   -0.00177093005567065   0
0.0807847991400511   0.0765704469963118   0.0188891617567104   -0.0125562392566562   0
0.0756192400888822   0.0961226822957776   -0.00516555905116894   0.0195522352994658   0
0.139444266542049   0.0983723788043422   0.0638250264531668   0.00224969650856463   0
0.180001673232461   0.0955507190232627   0.0405574066904118   -0.00282165978107952   0
0.141022237686747   0.0744133987022163   -0.0389794355457136   -0.0211373203210465   0
0.0950522098064111   0.0866844258653335   -0.0459700278803361   0.0122710271631172   0
0.114243585190567   0.10632164331412   0.0191913753841561   0.0196372174487867   0
0.0517019850627227   0.107452752673838   -0.0625416001278446   0.00113110935971779   0
0.116303916908095   0.0831012787742764   0.0646019318453726   -0.0243514738995616   0
0.100990453028789   0.0978740125497187   -0.0153134638793064   0.0147727337754423   0
0.0540844032785382   0.0923243417415608   -0.0469060497502506   -0.00554967080815795   0
0.14144050404962   0.10674627967256   0.0873561007710821   0.0144219379309997   0
0.167739361465968   0.0984178720250164   0.0262988574163477   -0.00832840764754411   0
0.0859855537934489   0.101370250241688   -0.081753807672519   0.00295237821667187   0
0.0514741712687757   0.100976035279726   -0.0345113825246733   -0.000394214961962111   0
0.0884805815836913   0.0842569303164582   0.0370064103149157   -0.0167191049632679   0
0.118232213171123   0.0957900966604586   0.0297516315874314   0.0115331663440004   0
0.0893510309212771   0.104262577863776   -0.0288811822498456   0.00847248120331764   0
0.0988514561870466   0.11802415834791   0.00950042526576948   0.0137615804841336   0
0.0289048240594113   0.100147846971677   -0.0699466321276354   -0.0178763113762325   0
0.174432241377269   0.103112505127409   0.145527417317858   0.00296465815573191   0
0.0804589885130994   0.10525096610768   -0.0939732528641697   0.00213846098027073   0
0.0409466403081302   0.113882424577643   -0.0395123482049692   0.00863145846996281   0
0.089261236270953   0.11429127783043   0.0483145959628228   0.000408853252787028   0
0.0766857626025468   0.114226995930132   -0.0125754736684063   -6.42819002973499e-05   0
0.0792192001468078   0.0981157526987894   0.00253343754426108   -0.0161112432313431   0
0.0567135672348076   0.104043137912082   -0.0225056329120002   0.00592738521329252   0
0.107748662036972   0.118876118903893   0.0510350948021643   0.014832980991811   0
0.0936502652361567   0.128095838006598   -0.0140983968008152   0.00921971910270467   0
0.0841667337110106   0.116187264901839   -0.00948353152514611   -0.0119085731047591   0
0.0442844634317885   0.110442438998206   -0.0398822702792221   -0.0057448259036323   0
0.112302097330945   0.119297694418459   0.0680176338991569   0.00885525542025269   0
0.103480544794785   0.134208032206059   -0.00882155253616022   0.0149103377875998   0
0.0729246814880302   0.145916958053828   -0.0305558633067549   0.0117089258477689   0
0.0329971043773657   0.105011150118606   -0.0399275771106645   -0.0409058079352212   0
0.100531592167448   0.11611830366498   0.0675344877900819   0.0111071535463735   0
0.109562861175462   0.130928673096242   0.00903126900801382   0.0148103694312616   0
0.0926967857731669   0.119421803601562   -0.0168660754022946   -0.0115068694946798   0
0.122454752371253   0.127942064297771   0.0297579665980861   0.00852026069620933   0
0.111552751150836   0.166869778148718   -0.0109020012204168   0.0389277138509473   0
0.097306558509137   0.157227511141069   -0.0142461926416993   -0.00964226700764934   0
0.0891361516000023   0.158264785549693   -0.00817040690913469   0.00103727440862419   0
0.0703334054231338   0.151349827590553   -0.0188027461768686   -0.00691495795914068   0
0.0945701090961383   0.159331355766654   0.0242367036730046   0.0079815281761012   0
0.127400540074474   0.172685447334221   0.0328304309783354   0.0133540915675671   0
0.0897051445447361   0.16692082713795   -0.0376953955297376   -0.00576462019627144   0
0.111729321096342   0.166885163457099   0.0220241765516064   -3.56636808509503e-05   0
0.133444134403945   0.180612228022496   0.0217148133076021   0.0137270645653972   0
0.0750354051965531   0.166651642057774   -0.0584087292073915   -0.0139605859647216   0
0.102896191454749   0.159466653526623   0.0278607862581961   -0.00718498853115127   0
0.0158591825611568   0.157905639456172   -0.0870370088935924   -0.0015610140704512   0
0.0886726698658047   0.182478097244738   0.0728134873046479   0.0245724577885661   0
0.0751703513319241   0.190884829563071   -0.0135023185338807   0.00840673231833272   0
0.0493041524299688   0.185443669748929   -0.0258661989019553   -0.00544115981414114   0
0.0707152115181483   0.189290727753554   0.0214110590881794   0.00384705800462432   0
0.111487091335756   0.20092554282348   0.0407718798176079   0.011634815069926   0
0.0650758154329713   0.202028000068456   -0.0464112759027848   0.00110245724497612   0
0.0729444602021517   0.197718499098801   0.00786864476918046   -0.00430950096965502   0
0.102904452024462   0.210694441425521   0.0299599918223107   0.0129759423267207   0
0.0869526888395627   0.204715285457266   -0.0159517631848998   -0.00597915596825524   0
0.0219248940586076   0.203939338572803   -0.065027794780955   -0.000775946884462975   0
0.0732678919646771   0.184770477484831   0.0513429979060695   -0.0191688610879721   0
0.0945226159291554   0.210656941081899   0.0212547239644783   0.0258864635970674   0
0.0368720156761534   0.195961067535518   -0.057650600253002   -0.0146958735463802   0
0.0230657316447256   0.183811999874056   -0.0138062840314278   -0.0121490676614623   0
0.104892359004044   0.222063330404195   0.0818266273593183   0.0382513305301385   0
0.0351903752744824   0.191398604425378   -0.0697019837295615   -0.0306647259788161   0
0.0901630953124521   0.193960624378461   0.0549727200379698   0.00256201995308269   0
0.0733666453999915   0.192266479766417   -0.0167964499124606   -0.00169414461204426   0
0.0627208661381292   0.197566101866337   -0.0106457792618623   0.00529962209992049   0
0.0830761406780364   0.197046171054933   0.0203552745399071   -0.000519930811404223   0
0.0617170043929467   0.206202702779868   -0.0213591362850897   0.00915653172493466   0
0.0243332512129719   0.201805689018825   -0.0373837531799747   -0.00439701376104332   0
0.0894464839383653   0.213343908403105   0.0651132327253934   0.0115382193842806   0
0.0779109136123698   0.217860686580576   -0.0115355703259956   0.00451677817747093   0
0.0389467378527509   0.198422711061738   -0.0389641757596189   -0.0194379755188379   0
0.0334810064887434   0.190892544625772   -0.00546573136400746   -0.00753016643596571   0
0.0695756642618238   0.220912438720463   0.0360946577730803   0.030019894094691   0
0.054175292370338   0.225554866019689   -0.0154003718914858   0.00464242729922593   0
0.0680645087868186   0.219726336827564   0.0138892164164806   -0.00582852919212559   0
0.126615820612031   0.207070681438929   0.0585513118252128   -0.0126556553886346   0
0.0684629718379037   0.212547022490325   -0.0581528487741276   0.0054763410513953   0
0.0917683288206688   0.207191548178449   0.0233053569827651   -0.00535547431187566   0
0.096365575444421   0.202832530869736   0.00459724662375217   -0.00435901730871263   0
0.154762105194113   0.219767209395328   0.0583965297496924   0.0169346785255919   0
0.148805976340688   0.194682474188035   -0.00595612885342517   -0.0250847352072928   0
0.183018989174866   0.195847350798268   0.0342130128341774   0.00116487661023318   0
0.0786631809159946   0.198140230247879   -0.104355808258871   0.00229287944961062   0
0.0622862266621354   0.222206538292126   -0.0163769542538593   0.0240663080442469   0
0.0510993974571958   0.211231522870978   -0.0111868292049396   -0.0109750154211479   0
0.0698011108374192   0.207559431057758   0.0187017133802234   -0.00367209181322042   0
0.0852170676106612   0.212480248199262   0.015415956773242   0.0049208171415045   0
0.189717497225381   0.21974982485431   0.10450042961472   0.00726957665504815   0
0.174327492400948   0.214447063902289   -0.0153900048244334   -0.00530276095202106   0
0.192358388094483   0.225355190428271   0.0180308956935349   0.0109081265259823   0
0.0973721287466285   0.213077909809235   -0.0949862593478541   -0.0122772806190364   0
0.141900681262952   0.193577475064669   0.0445285525163238   -0.0195004347445662   0
0.117478983625583   0.198412284243819   -0.0244216976373694   0.00483480917915005   0
0.135534847443379   0.214107189674267   0.0180558638177959   0.0156949054304479   0
0.0682673657677671   0.211351037495951   -0.0672674816756118   -0.0027561521783156   0
0.0397630519487627   0.204021267348511   -0.0285043138190044   -0.00732977014744049   0
0.0800100942686459   0.197537018598059   0.0402470423198832   -0.00648424875045153   0
0.0771240930799118   0.203877190446234   -0.00288600118873406   0.00634017184817484   0
0.20050872298776   0.21276601656598   0.123384629907848   0.00888882611974623   0
0.0522512621551441   0.202715193964969   -0.148257460832615   -0.0100508226010113   0
0.038577122900543   0.195618527228794   -0.0136741392546011   -0.00709666673617476   0
0.0613909625541292   0.196126841478136   0.0228138396535862   0.000508314249342057   0
0.0720393755074015   0.209872917712148   0.0106484129532722   0.0137460762340116   0
0.075639867867101   0.21300051437138   0.00360049235969952   0.00312759665923221   0
0.0675597307132881   0.219273719572194   -0.00808013715381294   0.00627320520081348   0
0.0498806494594848   0.217908914462959   -0.0176790812538033   -0.00136480510923498   0
0.0673242262654455   0.197655798856624   0.0174435768059607   -0.0202531156063351   0
0.082551688105298   0.217453842886766   0.0152274618398525   0.0197980440301429   0
0.0649622945898226   0.222751944878429   -0.0175893935154754   0.00529810199166217   0
0.0612746427205284   0.210308061690945   -0.00368765186929428   -0.0124438831874832   0
0.059535882407187   0.202884793422536   -0.00173876031334135   -0.00742326826840967   0
0.12433811923667   0.198066525947092   0.0648022368294831   -0.00481826747544392   0
0.0601078646055581   0.215948750395262   -0.0642302546311121   0.0178822244481698   0
0.0935443645657401   0.217832073804766   0.0334364999601821   0.00188332340950434   0
0.0339672196990348   0.213637197814367   -0.0595771448667053   -0.00419487599039889   0
0.0206948872573034   0.190454890433339   -0.0132723324417314   -0.0231823073810285   0
0.0504867518815144   0.217014804024507   0.029791864624211   0.026559913591168   0
0.0313295905213027   0.213602824578059   -0.0191571613602117   -0.00341197944644767   0
0.0169372062729631   0.21305751346099   -0.0143923842483396   -0.000545311117068736   0
0.0301360339299583   0.200725938985623   0.0131988276569953   -0.0123315744753673   0
0.0533575372002878   0.220132274578178   0.0232215032703295   0.0194063355925554   0
0.0214159749908427   0.220719402512879   -0.0319415622094451   0.00058712793470117   0
0.0480416987763974   0.218090633720043   0.0266257237855547   -0.00262876879283644   0
0.0166572170953014   0.197049839539163   -0.031384481681096   -0.0210407941808798   0
0.0452260954023725   0.222540908890708   0.0285688783070711   0.0254910693515449   0
0.0822215375619454   0.225348801614436   0.0369954421595729   0.00280789272372792   0
0.0813365379044529   0.220951586016349   -0.000884999657492516   -0.00439721559808728   0
0.0917336626071983   0.218353843658407   0.0103971247027455   -0.00259774235794197   0
0.211613144044879   0.224533957553974   0.119879481437681   0.00618011389556755   0
0.117751428313238   0.237531259485299   -0.0938617157316412   0.0129973019313247   0
0.111431308045513   0.225189090950256   -0.0063201202677249   -0.0123421685350435   0
0.0908926128267286   0.220932727145307   -0.0205386952187848   -0.00425636380494906   0
0.0968501407225596   0.221816075406585   0.00595752789583098   0.000883348261278866   0
0.0929106373108677   0.22164263139103   -0.00393950341169194   -0.000173444015555441   0
0.0431296420168658   0.2367404457589   -0.0497809952940018   0.0150978143678696   0
0.0166494783033854   0.214266327832303   -0.0264801637134805   -0.0224741179265966   0
0.0542720094328237   0.222936109346378   0.0376225311294383   0.00866978151407446   0
0.0319956905849585   0.227015398596554   -0.0222763188478652   0.00407928925017687   0
0.0599383867579   0.213739232631307   0.0279426961729415   -0.0132761659652474   0
0.0541543298081483   0.22236703945774   -0.00578405694975168   0.00862780682643277   0
0.114727042228353   0.198826462367519   0.0605727124202051   -0.0235405770902206   0
0.154132505658865   0.227281896563409   0.0394054634305114   0.0284554341958895   0
0.124681679925439   0.230983111911889   -0.0294508257334259   0.00370121534847986   0
0.134580073306601   0.199517751196479   0.00989839338116212   -0.0314653607154097   0
0.0750218017402248   0.219024525237341   -0.0595582715663762   0.019506774040862   0
0.0629263938176351   0.232173550981593   -0.0120954079225898   0.0131490257442526   0
0.12389357827324   0.22023486805858   0.0609671844556048   -0.0119386829230137   0
0.103167646952812   0.219049012803556   -0.0207259313204281   -0.00118585525502357   0
0.143102783209805   0.223334139254481   0.0399351362569932   0.0042851264509251   0
0.0384496400083655   0.226219590879548   -0.104653143201439   0.00288545162506662   0
0.0693951048981238   0.246437568374325   0.0309454648897583   0.020217977494777   0
0.0486879948668139   0.228824911202457   -0.0207071100313098   -0.0176126571718675   0
0.0250102582652179   0.222830424547934   -0.023677736601596   -0.00599448665452335   0
0.0576440186650237   0.249461452453185   0.0326337603998058   0.0266310279052507   0
0.0797979255139637   0.249318015026993   0.02215390684894   -0.000143437426191467   0
0.060357992762268   0.242348165413672   -0.0194399327516957   -0.00696984961332126   0
0.0851545141945534   0.235163096249178   0.0247965214322854   -0.00718506916449432   0
0.0962132466513759   0.25842705964038   0.0110587324568225   0.0232639633912024   0
0.0471619356055283   0.241031900528229   -0.0490513110458476   -0.0173951591121511   0
0.0120330327205406   0.221995686341024   -0.0351289028849878   -0.0190362141872044   0
0.0986378602302402   0.256670870259117   0.0866048275096996   0.0346751839180926   0
0.121921282600232   0.25683030233189   0.0232834223699917   0.000159432072772858   0
0.112332218049498   0.250073904414095   -0.0095890645507337   -0.00675639791779475   0
0.10125183429173   0.249144476427915   -0.0110803837577679   -0.000929427986179954   0
0.0990316710517923   0.236741984093279   -0.00222016323993793   -0.0124024923346359   0
0.147521434222685   0.255983946251518   0.0484897631708931   0.0192419621582387   0
0.162558667635472   0.24868598372528   0.0150372334127871   -0.00729796252623841   0
0.0459651812203716   0.242711589711946   -0.116593486415101   -0.00597439401333355   0
0.0331705217850745   0.235328289398773   -0.0127946594352971   -0.00738330031317339   0
0.0777461539520258   0.234230168855066   0.0445756321669513   -0.00109812054370706   0
0.0246599302484841   0.246049027485377   -0.0530862237035417   0.0118188586303118   0
0.0296308664553519   0.267230962562818   0.00497093620686785   0.0211819350774402   0
0.0801654187289968   0.217125799725505   0.0505345522736449   -0.0501051628373128   0
0.113439653101118   0.24981112144799   0.0332742343721217   0.0326853217224854   0
0.168647279219589   0.268211099588086   0.0552076261184705   0.0183999781400955   0
0.110332588443623   0.247230668935915   -0.0583146907759654   -0.0209804306521707   0
0.103186129308788   0.23886781684708   -0.0071464591348351   -0.0083628520888353   0
0.0286578242571292   0.239123861503824   -0.0745283050516592   0.000256044656744281   0
0.0419805710840146   0.248906381565439   0.0133227468268854   0.00978252006161526   0
0.0791193306449189   0.257248834543565   0.0371387595609043   0.0083424529781258   0
0.132564520218081   0.262255485753873   0.0534451895731621   0.00500665121030824   0
0.124832067438751   0.254758331232877   -0.00773245277932989   -0.00749715452099675   0
0.153360574001477   0.235054457620511   0.0285285065627259   -0.0197038736123658   0
0.176952554660197   0.261732211796829   0.02359198065872   0.0266777541763179   0
0.216566894733729   0.256585711173674   0.0396143400735319   -0.00514650062315475   0
0.146587194848834   0.2547350763774   -0.069979699884895   -0.00185063479627356   0
0.101050216389773   0.274119070129661   -0.0455369784590606   0.0193839937522606   0
0.109143853961091   0.249589274953517   0.0080936375713179   -0.0245297951761436   0
0.170990943249197   0.248706802641589   0.0618470892881055   -0.000882472311927979   0
0.180598066645825   0.25183950810685   0.00960712339662875   0.00313270546526032   0
0.0720925837379269   0.255223288873684   -0.108505482907899   0.00338378076683432   0
0.0995846229563581   0.27523094741235   0.0274920392184312   0.0200076585386664   0
0.0446175168991955   0.266434959467128   -0.0549671060571625   -0.00879598794522263   0
0.114802432693747   0.253283699823439   0.0701849157945518   -0.0131512596436887   0
0.045867984172187   0.22522941987594   -0.0689344485215604   -0.0280542799474991   0
0.0527484077322956   0.252409157560696   0.00688042356010854   0.0271797376847555   0
0.087163427129674   0.238442931812043   0.0344150193973785   -0.0139662257486527   0
0.0304009778739846   0.242943092701254   -0.0567624492556895   0.00450016088921099   0
0.0303679747366136   0.23821387890822   -3.30031373710037e-05   -0.00472921379303398   0
0.0529604429521695   0.257483634399354   0.0225924682155559   0.0192697554911338   0
