0.0651351251022826   0.11065510833328   0   0   0
0.105919300306082   0.112663188974927   0.0407841752037995   0.00200808064164619   0
0.11481273934551   0.107665818656898   0.00889343903942784   -0.00499737031802872   0
0.0732110822442204   0.0440537669740625   -0.0416016571012895   -0.0636120516828353   0
0.0961482382196887   0.0418938373853781   0.0229371559754683   -0.00215992958868444   0
0.109625668571964   0.038721174581132   0.0134774303522749   -0.00317266280424609   0
0.112001289616013   0.0700568350931049   0.00237562104404936   0.031335660511973   0
0.229381344253189   0.212031963770465   0.117380054637176   0.141975128677361   0
0.0721251516727001   0.122713214446581   -0.157256192580489   -0.0893187493238848   0
0.152473499679289   0.0828204585329766   0.0803483480065884   -0.0398927559136041   0
0.0473676273069488   0.116440217340316   -0.10510587237234   0.0336197588073393   0
0.0965356956407836   0.109212818648614   0.0491680683338348   -0.00722739869170214   0
0.0861234113811686   0.124877742428385   -0.010412284259615   0.015664923779771   0
0.0425773812162761   0.0754684047326429   -0.0435460301648925   -0.0494093376957418   0
0.0934011576100104   0.0513879422941073   0.0508237763937343   -0.0240804624385356   0
0.102425491448651   0.0926172469175423   0.00902433383864025   0.041229304623435   0
0.223871384186658   0.0212220354232276   0.121445892738007   -0.0713952114943147   0
0.0892957468131041   0.12461532149143   -0.134575637373553   0.103393286068203   0
0.0694043212047348   0.176565673274373   -0.0198914256083694   0.0519503517829425   0
0.0413805017221348   0.0261237203885907   -0.0280238194826   -0.150441952885782   0
0.020487786157123   0.035615244809088   -0.0208927155650118   0.00949152442049729   0
0.0613727598500344   0.0350875699686157   0.0408849736929115   -0.000527674840472329   0
0.0637700074912995   0.018452114652527   0.00239724764126511   -0.0166354553160887   0
0.103212495075984   0.0266118321494876   0.0394424875846843   0.0081597174969606   0
0.0613905927256996   0.0446318974400375   -0.0418219023502842   0.0180200652905499   0
0.0254363792829537   0.0519589746086699   -0.0359542134427459   0.00732707716863238   0
0.217775061515615   0.0204789161545332   0.192338682232662   -0.0314800584541367   0
0.167345373546089   0.0396404204542535   -0.0504296879695264   0.0191615042997203   0
0.158453923301352   0.029408248094074   -0.00889145024473725   -0.0102321723601795   0
0.158741844010203   0.0390433714925146   0.000287920708851253   0.00963512339844053   0
0.208793183323714   0.0610252978099452   0.0500513393135111   0.0219819263174306   0
0.114285705948294   0.0558379905558483   -0.0945074773754196   -0.00518730725409692   0
0.0893936013501526   0.0424528820090285   -0.0248921045981418   -0.0133851085468197   0
0.0998484909750768   0.0262091214719704   0.0104548896249243   -0.0162437605370581   0
0.195669309532107   0.346091660339425   0.0958208185570304   0.319882538867455   0
0.157195560434288   0.345486852905016   -0.0384737490978189   -0.000604807434409216   0
0.158060154215888   0.0295161653399455   0.000864593781599976   -0.31597068756507   0
0.107647212448117   0.0389669285744655   -0.0504129417677715   0.00945076323452005   0
0.0404575552050541   0.0908382649519601   -0.0671896572430627   0.0518713363774945   0
0.0330563097308895   0.0452234278684179   -0.0074012454741646   -0.0456148370835421   0
0.0848136224426831   0.0678670453007938   0.0517573127117936   0.0226436174323759   0
0.0843061677061056   0.0349185572200155   -0.000507454736577539   -0.0329484880807783   0
0.0799756878855693   0.085857244175448   -0.00433047982053625   0.0509386869554324   0
0.124822145855653   0.166464582789471   0.044846457970084   0.0806073386140226   0
0.0771653325602735   0.101772018501268   -0.0476568132953799   -0.0646925642882023   0
0.0240384957537197   0.16507093433809   -0.0531268368065538   0.0632989158368216   0
0.0960853017129051   0.0821162909398768   0.0720468059591854   -0.0829546433982131   0
0.124012648285931   0.0639822787045171   0.0279273465730258   -0.0181340122353598   0
0.0889469894886274   0.108447075595656   -0.0350656587973034   0.0444647968911392   0
0.104060523920889   0.101928784403793   0.015113534432262   -0.00651829119186291   0
0.0844426106070863   0.0543001918494539   -0.0196179133138032   -0.0476285925543395   0
0.108186982272499   0.0881541364491905   0.0237443716654127   0.0338539445997366   0
0.0732570169599473   0.133283407736306   -0.0349299653125517   0.0451292712871159   0
0.0969187169680346   0.154290391577254   0.0236617000080873   0.021006983840948   0
0.0646332613415879   0.157009608309969   -0.0322854556264467   0.00271921673271497   0
0.0493870991309471   0.120232338312536   -0.0152461622106408   -0.0367772699974338   0
0.0767906718081858   0.0683937330789371   0.0274035726772387   -0.0518386052335984   0
0.0952588323465074   0.0702180978929934   0.0184681605383216   0.00182436481405623   0
0.0823246834677182   0.0661095148842056   -0.0129341488787891   -0.00410858300878778   0
0.037706525307469   0.0790541599300916   -0.0446181581602492   0.012944645045886   0
0.0691183910322173   0.0674658275422639   0.0314118657247483   -0.0115883323878277   0
0.0712191749973278   0.0954852411151195   0.00210078396511046   0.0280194135728555   0
0.0450528881709275   0.133069914212417   -0.0261662868264003   0.0375846730972975   0
0.0617433276346522   0.0751069019176334   0.0166904394637246   -0.0579630122947836   0
0.0663338520478044   0.1040542114517   0.00459052441315222   0.0289473095340662   0
0.128829864485918   0.125842980727969   0.0624960124381136   0.0217887692762696   0
0.065960273141187   0.0643857766209401   -0.062869591344731   -0.061457204107029   0
0.11612983118932   0.129446050631141   0.0501695580481331   0.0650602740102012   0
0.125588355978769   0.162040122692877   0.00945852478944885   0.0325940720617353   0
0.0944209798721132   0.114167626413971   -0.0311673761066558   -0.0478724962789058   0
0.0650193993455799   0.0797225549617704   -0.0294015805265332   -0.0344450714522004   0
0.0984051708490082   0.0877894739556657   0.0333857715034283   0.00806691899389528   0
0.148123742411978   0.132071355412907   0.0497185715629697   0.0442818814572417   0
0.190788435668937   0.144293261884123   0.0426646932569587   0.0122219064712153   0
0.160369004615138   0.172371543522923   -0.0304194310537992   0.0280782816388005   0
0.129754749893983   0.0895465833881723   -0.0306142547211548   -0.0828249601347508   0
0.171778118737516   0.097001496411924   0.0420233688435329   0.00745491302375162   0
0.144866411087077   0.0899903536697684   -0.0269117076504385   -0.00701114274215556   0
0.242255901306882   0.102214133441088   0.0973894902198054   0.0122237797713194   0
0.0712218672224963   0.135107190332463   -0.171034034084386   0.0328930568913757   0
0.0679907186760487   0.152062607998811   -0.00323114854644763   0.0169554176663474   0
0.0995822447887172   0.198795453821736   0.0315915261126685   0.0467328458229253   0
0.0878918454679386   0.205724982712698   -0.0116903993207786   0.00692952889096218   0
0.107941607905681   0.205858735063295   0.0200497624377421   0.000133752350596983   0
0.121724323951008   0.195151124872008   0.0137827160453275   -0.0107076101912874   0
0.138527713551549   0.217963457062784   0.0168033896005407   0.022812332190776   0
0.180898872283163   0.188803726916764   0.0423711587316137   -0.0291597301460198   0
0.197270851960445   0.218140585573134   0.0163719796772828   0.0293368586563705   0
0.190643981639206   0.192647538378382   -0.00662687032123924   -0.0254930471947529   0
0.22982607835131   0.103445035020887   0.0391820967121038   -0.0892025033574947   0
0.21274770285927   0.163260983342048   -0.0170783754920397   0.0598159483211612   0
0.238940803535918   0.129176793676302   0.0261931006766481   -0.0340841896657456   0
0.143582611055274   0.133037802541468   -0.0953581924806448   0.00386100886516511   0
0.0982714266376182   0.132597724990938   -0.0453111844176555   -0.000440077550529244   0
0.0922566727367186   0.170498423093881   -0.00601475390089953   0.0379006981029425   0
0.110203433099473   0.204377888249445   0.0179467603627543   0.0338794651555639   0
0.110458352664019   0.162213848737931   0.000254919564546055   -0.0421640395115133   0
0.126160603728938   0.130222487157835   0.0157022510649186   -0.0319913615800965   0
0.223025235145801   0.104017211433121   0.0968646314168639   -0.0262052757247144   0
0.186087716040823   0.106752811564017   -0.0369375191049783   0.00273560013089638   0
0.119611254671958   0.103643575102367   -0.0664764613688651   -0.00310923646164987   0
0.101298531112006   0.0878368362327133   -0.0183127235599523   -0.0158067388696537   0
0.237151244258511   0.16912246489474   0.135852713146505   0.0812856286620265   0
0.153146670769168   0.00960349851609787   -0.0840045734893429   -0.159518966378642   0
0.129011446865656   0.0446921325181972   -0.0241352239035121   0.0350886340020993   0
0.060033236565969   0.0488079123869043   -0.0689782102996871   0.00411577986870709   0
0.0368221575754328   0.0413079928697219   -0.0232110789905363   -0.00749991951718234   0
0.0756869796782776   0.0864524712616707   0.0388648221028448   0.0451444783919488   0
0.0960508147643215   0.0903343890470014   0.0203638350860439   0.00388191778533065   0
0.129467972793221   0.0734923481158753   0.0334171580288996   -0.0168420409311261   0
0.141861567266297   0.0403205568389748   0.0123935944730755   -0.0331717912769005   0
0.138467250492562   0.0131434517489528   -0.00339431677373433   -0.0271771050900221   0
0.0948155424045024   0.0132231886359163   -0.0436517080880599   7.9736886963484e-05   0
0.0932002384554889   0.0485261370458488   -0.00161530394901348   0.0353029484099325   0
0.103749387899014   0.133227383187335   0.0105491494435247   0.0847012461414862   0
0.106320435704807   0.144942264143865   0.00257104780579334   0.0117148809565302   0
0.135683958878749   0.172420425128412   0.0293635231739418   0.0274781609845473   0
0.157212647314076   0.193357864251987   0.021528688435327   0.020937439123575   0
0.122965316887527   0.208174903185999   -0.0342473304265486   0.0148170389340114   0
0.210481212091038   0.23810683511412   0.0875158952035107   0.0299319319281207   0
0.316017117282292   0.235446305934092   0.105535905191254   -0.00266052918002763   0
0.290577550773868   0.0676968768044915   -0.0254395665084239   -0.1677494291296   0
0.280039691584979   0.0801528597936468   -0.0105378591888895   0.0124559829891553   0
0.316071937495011   0.068296979954058   0.036032245910032   -0.0118558798395888   0
0.274862750196985   0.0722107110077002   -0.0412091872980261   0.00391373105364223   0
0.258437155567016   0.0981131104456102   -0.0164255946299687   0.0259023994379099   0
0.223387445535979   0.0473528598606008   -0.0350497100310369   -0.0507602505850094   0
0.170966645202215   0.101957997069872   -0.0524208003337642   0.054605137209271   0
0.193198561754688   0.054496833813007   0.0222319165524732   -0.0474611632568649   0
0.180696081831815   0.30159459379024   -0.012502479922873   0.247097759977233   0
0.140178346223659   0.511137556286466   -0.0405177356081561   0.209542962496225   1
0.189607172568708   0.3500194699831   0.0494288263450495   -0.161118086303366   0
0.0913477598505015   0.333614915882818   -0.098259412718207   -0.0164045541002813   0
0.144896293082915   0.372436294316894   0.0535485332324135   0.0388213784340756   0
0.180465592280772   0.315062493674668   0.0355692991978575   -0.0573738006422262   0
0.189364421885844   0.294611676310105   0.0088988296050718   -0.0204508173645628   0
0.148128367675506   0.160852647616538   -0.0412360542103379   -0.133759028693567   0
0.100056164103705   0.112813281427366   -0.0480722035718011   -0.0480393661891719   0
0.112693197966538   0.174273814741343   0.0126370338628324   0.0614605333139775   0
0.131331752411136   0.153564618614608   0.0186385544445987   -0.0207091961267352   0
0.208901018418867   0.223434201755797   0.0775692660077312   0.0698695831411886   0
0.189044374006316   0.209504290521274   -0.0198566444125511   -0.0139299112345223   0
0.13059492868274   0.466812530077386   -0.0584494453235762   0.257308239556111   0
0.180778651661445   0.412996838291775   0.0501837229787049   -0.0538156917856106   0
0.0891679312267589   0.312886682054478   -0.0916107204346862   -0.100110156237297   0
0.107382105014057   0.242619611441084   0.0182141737872983   -0.0702670706133942   0
0.128528754152407   0.240076441911821   0.0211466491383503   -0.00254316952926278   0
0.155596264651726   0.0810511214141112   0.0270675104993187   -0.15902532049771   0
0.102247221274566   0.118464463294863   -0.0533490433771604   0.037413341880752   0
0.104077271137698   0.189531547418054   0.00183004986313277   0.0710670841231912   0
0.0974821883562838   0.196604624571471   -0.00659508278141466   0.00707307715341698   0
0.131553402037728   0.238559976763187   0.0340712136814438   0.0419553521917159   0
0.172977730570036   0.31274160500575   0.0414243285323085   0.0741816282425626   0
0.189800601589036   0.283526299289418   0.016822871019   -0.0292153057163321   0
0.158292696887412   0.235842346362014   -0.0315079047016243   -0.0476839529274042   0
0.136889713843846   0.249994284487411   -0.0214029830435659   0.0141519381253972   0
0.196623728014907   0.35531659868354   0.0597340141710608   0.105322314196129   0
0.256551504271559   0.524437359529954   0.0599277762566527   0.169120760846413   0
0.324244586321869   0.53731805119175   0.0676930820503096   0.0128806916617962   0
0.280890580395641   0.486290042304744   -0.0433540059262281   -0.0510280088870056   0
0.153260757355985   0.164003430572397   -0.127629823039656   -0.322286611732347   0
0.135475902282952   0.0485022804807527   -0.0177848550730325   -0.115501150091644   0
0.283232196732645   0.124138679969359   0.147756294449693   0.0756363994886066   0
0.39352926981475   0.203329407868986   0.110297073082104   0.0791907278996268   0
0.326025376787084   0.192169518720452   -0.0675038930276657   -0.0111598891485345   0
0.347053127104482   0.173115901615796   0.0210277503173985   -0.0190536171046555   0
0.304661836528699   0.216177162746207   -0.0423912905757828   0.0430612611304108   0
0.256207989317273   0.254398373645548   -0.0484538472114263   0.0382212108993414   0
0.283533209432334   0.134143443426244   0.0273252201150611   -0.120254930219304   0
0.194272994508301   0.15255787692217   -0.089260214924033   0.0184144334959258   0
0.231036267425701   0.135685667669802   0.0367632729173996   -0.0168722092523679   0
0.236838480631189   0.146718236963755   0.00580221320548788   0.0110325692939526   0
0.226907564926425   0.164495039001941   -0.00993091570476334   0.017776802038186   0
0.248957880073397   0.15002990463351   0.0220503151469717   -0.0144651343684311   0
0.265354522770745   0.129925176400304   0.0163966426973482   -0.0201047282332061   0
0.299758667411236   0.138207528692362   0.0344041446404907   0.0082823522920582   0
0.269056464938198   0.135081060625426   -0.0307022024730376   -0.00312646806693581   0
0.264453759296403   0.144633756673753   -0.00460270564179521   0.0095526960483274   0
0.279840353167659   0.172244043927504   0.0153865938712555   0.0276102872537509   0
0.276502391924555   0.231062554398695   -0.00333796124310415   0.058818510471191   0
0.24600570189142   0.150503910542218   -0.0304966900331351   -0.0805586438564771   0
0.247412886855152   0.181478859138606   0.00140718496373196   0.0309749485963878   0
0.269953809095649   0.180174319366915   0.0225409222404973   -0.00130453977169112   0
0.282445625368849   0.205017596981942   0.0124918162731998   0.0248432776150271   0
0.297519157739279   0.214056715945214   0.0150735323704305   0.00903911896327195   0
0.271787252881735   0.216177603731284   -0.0257319048575444   0.00212088778606995   0
0.272178071175839   0.126377113788732   0.0003908182941042   -0.0898004899425524   0
0.292738732351392   0.153651679549078   0.0205606611755532   0.0272745657603463   0
0.26745412084924   0.178291608712384   -0.0252846115021518   0.0246399291633067   0
0.248903552329592   0.198725351473308   -0.0185505685196481   0.0204337427609241   0
0.250203339645977   0.198825489303434   0.00129978731638464   0.000100137830125607   0
0.332155476397726   0.19104587080032   0.0819521367517488   -0.00777961850311426   0
0.328269464656538   0.18712166871517   -0.00388601174118758   -0.0039242020851494   0
0.310199618305955   0.31855833793185   -0.0180698463505832   0.131436669216679   0
0.30006145452227   0.272635039262198   -0.0101381637836852   -0.0459232986696521   0
0.273158587170896   0.263940711951093   -0.0269028673513735   -0.00869432731110431   0
0.285473011205158   0.259213892214036   0.0123144240342616   -0.00472681973705702   0
0.271122796417122   0.284847691400597   -0.0143502147880359   0.0256337991865612   0
0.283343830477761   0.272061242849514   0.0122210340606391   -0.012786448551083   0
0.343412509536636   0.285409873799789   0.0600686790588751   0.0133486309502747   0
0.415625725378823   0.273767545105715   0.0722132158421867   -0.0116423286940737   0
0.443458747048697   0.266155911747706   0.0278330216698743   -0.00761163335800985   0
0.449605587013774   0.273528106679259   0.00614683996507676   0.00737219493155317   0
0.400029394867727   0.289787684602866   -0.0495761921460464   0.0162595779236069   0
0.35192469148646   0.282208144223484   -0.0481047033812672   -0.00757954037938219   0
0.328602648548806   0.271396246467343   -0.0233220429376542   -0.0108118977561411   0
0.425923350310828   0.269649978081772   0.0973207017620218   -0.00174626838557068   0
0.46081809541268   0.292762901128627   0.0348947451018525   0.0231129230468547   0
0.409065372702652   0.283769409865211   -0.0517527227100277   -0.00899349126341581   0
0.411823953463479   0.309114955379471   0.00275858076082686   0.0253455455142605   0
0.26415378415425   0.270960213996908   -0.14767016930923   -0.0381547413825636   0
0.414108740401902   0.284575664419852   0.149954956247652   0.0136154504229439   0
0.377777570702973   0.258798000019803   -0.0363311696989289   -0.0257776644000485   0
0.343591835105973   0.266771688432731   -0.0341857355970006   0.00797368841292773   0
0.285220603660062   0.249355689066843   -0.0583712314459111   -0.017415999365888   0
0.284176971013431   0.267048753493159   -0.00104363264663082   0.0176930644263162   0
0.28082992890269   0.300871022563241   -0.00334704211074077   0.0338222690700816   0
0.43732192777518   0.308784189120007   0.15649199887249   0.00791316655676605   0
0.460705073023133   0.327338425293304   0.0233831452479523   0.0185542361732975   0
0.443507939638345   0.308725254801498   -0.0171971333847875   -0.0186131704918059   0
0.455392871606484   0.292001949468664   0.0118849319681393   -0.0167233053328346   0
0.446778457665541   0.293576816654943   -0.00861441394094298   0.00157486718627931   0
0.381782648994163   0.290886858130872   -0.0649958086713788   -0.002689958524071   0
0.344246121480896   0.350928895569316   -0.0375365275132664   0.0600420374384442   0
0.352897016928452   0.303094796178522   0.0086508954475556   -0.0478340993907938   0
0.38742263423565   0.295615628171956   0.0345256173071978   -0.00747916800656656   0
0.356453507717697   0.34148948992502   -0.0309691265179531   0.0458738617530638   0
0.348960639814994   0.292863282335376   -0.00749286790270265   -0.0486262075896438   0
0.374007296682886   0.29348170581699   0.0250466568678916   0.000618423481613783   0
0.345004216912287   0.309482192036149   -0.029003079770599   0.0160004862191598   0
0.358005797209263   0.340155664131145   0.0130015802969765   0.0306734720949952   0
0.373003476401776   0.28593632995389   0.0149976791925125   -0.0542193341772543   0
0.405053856166918   0.322141907502051   0.032050379765142   0.0362055775481608   0
0.384477891381286   0.324566499966879   -0.0205759647856316   0.00242459246482785   0
0.455736219322274   0.311748123024185   0.0712583279409881   -0.0128183769426937   0
0.47350274286666   0.327044607048217   0.0177665235443855   0.0152964840240316   0
0.473585835035213   0.32282205701992   8.30921685533448e-05   -0.00422255002829675   0
0.515768198130129   0.324709626741066   0.0421823630949161   0.00188756972114612   0
0.476772123632291   0.320211678848777   -0.0389960744978385   -0.0044979478922888   0
0.507434460402021   0.325518562878525   0.0306623367697303   0.00530688402974727   0
0.505576410179717   0.321150570048147   -0.00185805022230345   -0.00436799283037731   0
0.348031233124902   0.304433887870585   -0.157545177054815   -0.0167166821775621   0
0.335534426065344   0.316954834272172   -0.0124968070595579   0.0125209464015868   0
0.405135719174701   0.332967663022627   0.0696012931093571   0.0160128287504555   0
0.408518046261472   0.363390110437117   0.00338232708677039   0.0304224474144895   0
0.403869457093799   0.36439669521999   -0.00464858916767269   0.0010065847828728   0
0.426243178333085   0.352310347954045   0.0223737212392859   -0.0120863472659451   0
0.449815594098248   0.347881080973689   0.0235724157651633   -0.0044292669803554   0
0.44589711275791   0.366804745529212   -0.00391848134033851   0.0189236645555229   0
0.457013378217323   0.341184566019992   0.0111162654594133   -0.0256201795092205   0
