0.25886146466788   0.663049650881441   0   0   0
0.258442091124878   0.673166467059969   -0.000419373543001311   0.0101168161785282   0
0.267471295631886   0.745172789366668   0.009029204507008   0.0720063223066991   0
0.276812379489141   0.740955076110725   0.00934108385725413   -0.00421771325594311   0
0.253168873801046   0.750461131571949   -0.0236435056880945   0.00950605546122418   0
0.263920615831731   0.778781392881854   0.0107517420306847   0.0283202613099046   0
0.269123873303726   0.638591688199901   0.00520325747199529   -0.140189704681952   0
0.242471857886642   0.660489832051183   -0.0266520154170839   0.0218981438512817   0
0.291710864334875   0.749972337618862   0.0492390064482331   0.0894825055676787   0
0.337577265309736   0.801093396147571   0.0458664009748609   0.0511210585287097   0
0.286585127991597   0.72344269747593   -0.0509921373181392   -0.0776506986716415   0
0.297495963619946   0.77382453090704   0.0109108356283487   0.0503818334311097   0
0.338228683479624   1.43842783710593   0.0407327198596789   0.664603306198892   1
0.904624642293697   2.37242402070001   0.566395958814073   0.933996183594078   1
0.773427927985536   1.97606847312623   -0.131196714308161   -0.396355547573785   1
0.594354242135479   1.49260862220238   -0.179073685850057   -0.483459850923844   0
0.269802483353452   0.496532641493251   -0.324551758782027   -0.99607598070913   1
0.113637955705213   0.437433898670533   -0.156164527648239   -0.0590987428227172   0
0.0948789619908571   0.341252074650356   -0.0187589937143561   -0.096181824020177   0
0.0518312028860994   0.124674446165253   -0.0430477591047577   -0.216577628485104   0
0.0438284056338307   0.032128950172897   -0.00800279725226874   -0.0925454959923557   0
0.156996765631207   0.125312600141327   0.113168359997376   0.0931836499684296   0
0.108342484021793   0.0724831742431863   -0.0486542816094134   -0.0528294258981403   0
0.133433482909388   0.336470618947587   0.0250909988875951   0.263987444704401   1
0.15802368080908   0.604460096303718   0.0245901978996918   0.267989477356131   1
0.185577378403975   0.516761893842803   0.027553697594895   -0.0876982024609154   0
0.193273054733441   0.488030126781636   0.00769567632946586   -0.0287317670611663   0
0.162906143696301   0.485822124237359   -0.0303669110371394   -0.00220800254427733   0
0.269041838656295   0.454481055729499   0.106135694959994   -0.0313410685078599   0
0.147410853786144   0.492561134343748   -0.121630984870151   0.0380800786142491   0
0.137383766969355   0.603667558319561   -0.0100270868167894   0.111106423975812   0
0.188472650712749   0.60843792422769   0.0510888837433945   0.0047703659081294   0
0.203077926690815   0.596407097409353   0.0146052759780656   -0.0120308268183364   0
0.220523575515748   0.611958283863778   0.0174456488249335   0.0155511864544243   0
0.195924841120492   0.505481900447978   -0.0245987343952565   -0.106476383415799   0
0.197237335963073   0.552119851623721   0.00131249484258075   0.0466379511757429   0
0.169457199259872   0.576883756351312   -0.0277801367032006   0.0247639047275907   0
0.166453088795162   0.61198748673584   -0.00300411046471036   0.0351037303845281   0
0.169040045046285   0.61963160810618   0.00258695625112307   0.00764412137033943   0
0.20876678699786   0.685215259583622   0.0397267419515755   0.0655836514774419   0
0.205504944159502   0.695922207142436   -0.00326184283835843   0.0107069475588147   0
0.197773514882074   0.643263591323378   -0.00773142927742776   -0.0526586158190581   0
0.27170008675236   0.714522605266971   0.073926571870286   0.0712590139435931   0
0.281919160750046   0.761764600902569   0.0102190739976854   0.0472419956355975   0
0.291228673463397   0.761086887009131   0.00930951271335162   -0.000677713893437737   0
0.28584008101428   0.779945166525987   -0.00538859244911744   0.0188582795168561   0
0.301687180422105   0.862610740850994   0.0158470994078257   0.0826655743250063   0
0.308492194086414   0.828740835001208   0.00680501366430902   -0.0338699058497852   0
0.273408981443258   0.81183784440013   -0.0350832126431561   -0.016902990601078   0
0.228976734456254   0.638141950250734   -0.0444322469870041   -0.173695894149396   0
0.234846741937716   0.474718259108181   0.00587000748146135   -0.163423691142552   0
0.23463531337482   0.582512723093043   -0.00021142856289566   0.107794463984862   0
0.203575952494591   0.711621438157475   -0.0310593608802287   0.129108715064431   0
0.194297628119147   0.809117667145669   -0.00927832437544418   0.0974962289881948   0
0.23895057891223   0.848186909511695   0.0446529507930832   0.0390692423660255   0
0.273560714681695   0.888570115177469   0.0346101357694652   0.0403832056657739   0
0.298546303173243   0.976179033290001   0.0249855884915476   0.0876089181125318   0
0.267379526043506   0.950449364356276   -0.031166777129737   -0.0257296689337242   0
0.351131340367447   1.01849490275025   0.083751814323941   0.0680455383939778   0
0.338240003760776   1.09654624013878   -0.0128913366066707   0.0780513373885283   0
0.336943310030471   1.00398929460677   -0.00129669373030555   -0.0925569455320123   0
0.372029828913879   0.940948734043125   0.035086518883408   -0.0630405605636448   0
0.346812813463531   1.05257705523444   -0.0252170154503478   0.111628321191312   0
0.360794750599783   1.09181673330864   0.0139819371362524   0.0392396780742037   0
0.398665398418574   1.09367920082471   0.0378706478187901   0.001862467516067   0
0.388264015805792   1.10703027102607   -0.010401382612782   0.0133510702013644   0
0.379567396160432   1.12353894701028   -0.00869661964536006   0.0165086759842035   0
0.354237499331861   1.17638059947631   -0.0253298968285708   0.0528416524660371   0
0.381273139334467   1.17582215178204   0.0270356400026064   -0.000558447694270603   0
0.369162964207205   1.21012560140694   -0.0121101751272623   0.0343034496248942   0
0.348386065471353   1.19459334106532   -0.0207768987358516   -0.0155322603416144   0
0.394603466527107   1.2232144510045   0.0462174010557542   0.0286211099391815   0
0.403757022063964   1.25780692860441   0.00915355553685615   0.034592477599902   0
0.355434718005839   1.21246529074967   -0.048322304058125   -0.0453416378547327   0
0.407179460427414   1.01912953494124   0.0517447424215754   -0.193335755808431   0
0.375984101793999   1.01543053689386   -0.0311953586334153   -0.0036989980473785   0
0.41479543621689   1.18242926458097   0.0388113344228912   0.166998727687109   0
0.413946419624618   1.28677501620495   -0.000849016592272323   0.104345751623977   0
0.461696614927422   1.29904594399865   0.0477501953028042   0.0122709277937032   0
0.474111163007675   1.32647447017319   0.012414548080253   0.0274285261745384   0
0.458333618337396   1.36946163072592   -0.0157775446702786   0.0429871605527294   0
0.484100232243789   1.36819084261949   0.0257666139063923   -0.00127078810642733   0
0.462748263103169   1.3923814344586   -0.0213519691406192   0.0241905918391101   0
0.445672336388978   1.45334337280329   -0.0170759267141917   0.0609619383446884   0
0.511739957112829   1.51723684620807   0.0660676207238514   0.0638934734047816   0
0.482023998292419   1.58370459050511   -0.0297159588204099   0.0664677442970403   0
0.505558783365308   1.48832293132824   0.0235347850728885   -0.0953816591768695   0
0.491897046238499   1.48806065950653   -0.0136617371268086   -0.000262271821717786   0
0.505515839353585   1.55146308111327   0.0136187931150864   0.0634024216067459   0
0.537452138900758   1.55947423591284   0.0319362995471729   0.00801115479956516   0
0.549652017344983   1.59375828389078   0.0121998784442251   0.0342840479779436   0
0.557992036806449   1.6292851721027   0.00834001946146601   0.0355268882119231   0
0.567418428963151   1.7152606970963   0.00942639215670127   0.0859755249936001   0
0.556466696492477   1.66000106613934   -0.010951732470674   -0.0552596309569662   0
0.545237105940562   1.65269079957807   -0.0112295905519143   -0.00731026656126899   0
0.580062119519418   1.69862261878102   0.0348250135788561   0.0459318192029528   0
0.567692785441351   1.69389410069594   -0.0123693340780672   -0.00472851808508468   0
0.581885876977788   1.71589943273819   0.0141930915364372   0.0220053320422544   0
0.578438447971779   1.71881421998169   -0.00344742900600992   0.00291478724349337   0
0.609124519264666   1.75979823983845   0.030686071292887   0.040984019856763   0
0.624478345690425   1.80570041557459   0.0153538264257594   0.0459021757361422   0
0.64297525821858   1.77606735146742   0.0184969125281552   -0.0296330641071698   0
0.605052975543142   1.8113734402735   -0.0379222826754383   0.0353060888060781   0
0.623572237000654   1.79183586603217   0.0185192614575123   -0.0195375742413313   0
0.636136017579574   1.75446380691288   0.0125637805789197   -0.0373720591192837   0
0.609982714496247   1.82323400117717   -0.026153303083327   0.0687701942642824   0
0.644734045669445   1.81324757558869   0.0347513311731981   -0.00998642558847984   0
0.622561521493707   1.84395920224127   -0.0221725241757376   0.0307116266525802   0
0.635132509870625   1.82508609780505   0.0125709883769178   -0.0188731044362211   0
0.649840154820714   1.83184384124371   0.014707644950089   0.00675774343866098   0
0.634861255872092   1.83268013225903   -0.0149788989486223   0.000836291015322344   0
0.670620831297507   1.88273987273256   0.0357595754254153   0.0500597404735266   0
0.682335954337077   1.87400905689013   0.0117151230395699   -0.0087308158424213   0
0.68228028518784   1.96698637330238   -5.56691492374917e-05   0.0929773164122458   0
0.702479900550251   1.9057647934271   0.0201996153624109   -0.0612215798752769   0
0.699255661652703   1.91607442584892   -0.0032242388975473   0.0103096324218119   0
0.707687055486788   1.9372975787581   0.00843139383408453   0.0212231529091855   0
0.726374057669903   1.95343376422116   0.0186870021831154   0.0161361854630588   0
0.745791669858339   1.91771681013243   0.0194176121884359   -0.0357169540887301   0
0.738049910087387   1.99696078830338   -0.00774175977095215   0.0792439781709484   0
0.759687620273728   2.05024567781772   0.0216377101863411   0.0532848895143438   0
0.753366054949146   2.01966981609897   -0.00632156532458183   -0.0305758617187513   0
0.746299499604207   1.99996643480066   -0.00706655534493916   -0.0197033812983138   0
0.747524495029427   1.99118013102971   0.00122499542522003   -0.0087863037709448   0
0.760518461441377   2.02772602956551   0.0129939664119504   0.0365458985357967   0
0.776265185236978   1.93379567408685   0.0157467237956007   -0.0939303554786624   0
0.750626978387401   1.95364807074003   -0.0256382068495771   0.0198523966531861   0
0.862298095749382   1.98852395937739   0.111671117361981   0.0348758886373597   0
0.87326866136776   1.62545038104931   0.0109705656183785   -0.363073578328078   1
0.835674390629652   1.90182421121749   -0.0375942707381084   0.276373830168171   0
0.807147795084048   2.06989570230326   -0.0285265955456041   0.168071491085771   0
0.861334813255734   2.0277434565215   0.0541870181716861   -0.0421522457817582   0
0.862617944105668   1.9873970532888   0.00128313084993448   -0.040346403232697   0
0.88087827727572   2.06238909079458   0.0182603331700515   0.0749920375057775   0
0.872921419187208   1.96315680774268   -0.00795685808851143   -0.0992322830519003   0
0.848534312095863   2.03575141582758   -0.0243871070913451   0.0725946080849051   0
0.864759629866155   2.01071944219082   0.016225317770292   -0.0250319736367643   0
0.774590319618887   2.05484767144346   -0.0901693102472682   0.0441282292526406   0
0.840015943956566   2.01497542502857   0.0654256243376785   -0.0398722464148911   0
0.89766656206547   2.03436585540546   0.0576506181089042   0.0193904303768897   0
0.851876516553831   2.13563426961902   -0.0457900455116387   0.101268414213559   0
0.873164038531598   2.0449732464451   0.0212875219777667   -0.0906610231739178   0
0.892929735457729   2.13292602588113   0.0197656969261312   0.0879527794360326   0
0.896227074520269   2.11024555922972   0.00329733906253993   -0.0226804666514142   0
0.897308391103243   2.08978815069058   0.00108131658297372   -0.0204574085391358   0
0.886692432102902   2.08234010047404   -0.0106159590003406   -0.00744805021654305   0
0.852865158221884   2.09650941468659   -0.0338272738810177   0.0141693142125492   0
0.892384724951122   2.08034938747063   0.0395195667292377   -0.0161600272159594   0
0.868319964972014   2.04819986925898   -0.0240647599791081   -0.0321495182116531   0
0.911549175968274   2.14577941691702   0.0432292109962603   0.0975795476580457   0
0.874610260023452   2.17777475754311   -0.0369389159448226   0.0319953406260933   0
0.90972437942678   2.14361365880628   0.0351141194033281   -0.0341610987368317   0
0.876063846811658   2.15400541187938   -0.0336605326151223   0.0103917530730926   0
0.862636972680055   2.14434945725751   -0.0134268741316027   -0.00965595462186108   0
0.872596652519043   2.18889135307123   0.00995967983898838   0.0445418958137149   0
0.882240802866111   2.24188803997423   0.00964415034706756   0.0529966869030019   0
0.875940332999777   2.25407478461012   -0.00630046986633415   0.0121867446358856   0
0.855805456427972   2.30168966652995   -0.0201348765718045   0.047614881919833   0
0.932230206750457   2.16304178089659   0.0764247503224847   -0.138647885633361   0
0.867752112126476   2.18775525415589   -0.0644780946239811   0.0247134732592968   0
0.908958196059005   2.22148640593044   0.0412060839325287   0.0337311517745502   0
0.882799798412919   2.28947661680424   -0.026158397646086   0.0679902108738077   0
0.897171812014984   2.24574995609956   0.0143720136020654   -0.0437266607046829   0
0.904964354737887   2.17950711870349   0.00779254272290275   -0.0662428373960666   0
0.922715943890621   2.29183505916936   0.0177515891527344   0.112327940465863   0
0.919889247831721   2.19992083332793   -0.00282669605889996   -0.0919142258414292   0
0.911815213890753   2.21095918630594   -0.00807403394096828   0.0110383529780158   0
0.903876991664441   2.17680255183056   -0.00793822222631202   -0.0341566344753828   0
0.77957465369164   1.35284264515147   -0.124302337972801   -0.823959906679091   1
0.79144263406595   1.64321062970409   0.0118679803743107   0.290367984552624   0
0.775273052483601   1.72745327854754   -0.0161695815823496   0.0842426488434482   0
0.759152726642465   1.80294627694992   -0.0161203258411353   0.075492998402376   0
0.734914082414564   1.76783529676276   -0.0242386442279019   -0.0351109801871554   0
0.772823785393934   1.80104318236013   0.0379097029793708   0.0332078855973692   0
0.778859853475091   1.81026050249949   0.00603606808115653   0.00921732013935994   0
0.784862292112374   1.83442150130291   0.00600243863728345   0.0241609988034133   0
0.773514849083713   1.83941808253097   -0.0113474430286609   0.00499658122806523   0
0.781427497193847   1.8470496213051   0.0079126481101337   0.00763153877413392   0
0.844187440857775   1.78065221492374   0.0627599436639281   -0.0663974063813648   0
0.795432454690585   1.78998016400239   -0.04875498616719   0.00932794907865397   0
0.807264094816783   1.83013261922793   0.0118316401261976   0.0401524552255368   0
0.830349539888377   1.85870949783691   0.0230854450715943   0.0285768786089831   0
0.809142187885102   1.80726590026354   -0.0212073520032751   -0.051443597573376   0
0.840146678905707   1.85978522695053   0.0310044910206053   0.052519326686995   0
0.834956060426709   1.83829005309972   -0.0051906184789986   -0.0214951738508149   0
0.846301152887369   1.87049847548473   0.0113450924606602   0.0322084223850134   0
0.842634560913069   1.87992215735597   -0.00366659197430041   0.00942368187123899   0
0.833259263867309   1.9269228955312   -0.00937529704575935   0.0470007381752278   0
0.829904086359237   1.93036905674083   -0.00335517750807224   0.00344616120963259   0
0.846923301268238   1.93056336560524   0.0170192149090006   0.000194308864410075   0
0.867430623468995   2.05916854486148   0.0205073222007576   0.128605179256235   0
0.853649497818215   2.00974674754954   -0.0137811256507806   -0.0494217973119335   0
0.84205504005439   2.01601667381065   -0.011594457763825   0.00626992626111234   0
0.881645369953679   2.01633594670363   0.0395903298992896   0.0003192728929724   0
0.885016118486008   1.95847157279395   0.00337074853232888   -0.0578643739096725   0
0.902565846096056   2.00866661624018   0.0175497276100481   0.0501950434462302   0
0.857515264592118   2.07436095592095   -0.0450505815039384   0.0656943396807628   0
0.902135918158395   2.06934940376522   0.0446206535662769   -0.00501155215573013   0
0.882539868379418   1.74278353019972   -0.0195960497789771   -0.326565873565493   0
0.817611442620173   1.80615106251593   -0.0649284257592448   0.0633675323162064   0
0.802089574119182   1.98513974732761   -0.0155218685009912   0.178988684811681   0
0.834914707706338   1.96773338735518   0.0328251335871566   -0.0174063599724315   0
0.824354182473583   2.02215701920624   -0.0105605252327547   0.0544236318510629   0
0.837201678317363   2.04647549495225   0.01284749584378   0.0243184757460111   0
0.858269795166304   1.99313975652648   0.0210681168489409   -0.0533357384257749   0
0.836729682545707   2.0357631321353   -0.021540112620597   0.0426233756088248   0
0.877365808735017   2.02211469557452   0.0406361261893095   -0.013648436560787   0
0.836943968217353   2.03720641733713   -0.0404218405176636   0.0150917217626088   0
0.864683290578603   2.02582854762827   0.0277393223612494   -0.0113778697088511   0
0.827342200561533   2.02551207915356   -0.0373410900170695   -0.000316468474712117   0
0.877200559713005   2.04121778552465   0.0498583591514723   0.0157057063710844   0
0.842348106491259   1.70894194891599   -0.034852453221746   -0.332275836608656   0
0.678206011088253   0.699804359100872   -0.164142095403006   -1.00913758981512   1
0.638506365641753   1.03677948692853   -0.0396996454465003   0.336975127827658   0
0.658619717065478   1.16436677945748   0.0201133514237248   0.127587292528949   0
0.676759022016146   1.22211025186111   0.0181393049506677   0.0577434724036339   0
0.642728548199969   1.19543075554254   -0.0340304738161765   -0.026679496318575   0
0.669634328292121   1.2456767850776   0.0269057800921518   0.0502460295350624   0
0.706232687952321   1.26399548974317   0.0365983596601999   0.0183187046655735   0
0.6906348529013   1.30529943024691   -0.015597835051021   0.0413039405037354   0
0.698151403576502   1.39576309142379   0.0075165506752024   0.090463661176877   0
0.707497508376708   1.37724234603484   0.00934610480020581   -0.0185207453889413   0
0.734438202613562   1.36909617097677   0.0269406942368543   -0.00814617505807003   0
0.721160508432762   1.41361518354082   -0.0132776941808   0.0445190125640496   0
0.637091791730328   1.39184807148858   -0.084068716702434   -0.0217671120522429   0
0.664854049562977   1.42556650432657   0.0277622578326491   0.0337184328379871   0
0.690444553332127   1.48891710033314   0.0255905037691494   0.0633505960065706   0
0.659296846235867   1.4623542149773   -0.0311477070962601   -0.0265628853558368   0
0.74350090875617   1.38950460842266   0.084204062520303   -0.0728496065546376   0
0.784073072015128   1.41455810466852   0.0405721632589583   0.0250534962458588   0
0.793464609160257   1.10285400411701   0.00939153714512952   -0.311704100551513   0
0.816762528061519   1.3731583167403   0.0232979189012612   0.270304312623289   0
0.741886411529616   1.44902133192266   -0.0748761165319031   0.0758630151823616   0
0.705662742109175   1.48686659751743   -0.0362236694204404   0.0378452655947643   0
0.727254962600937   1.55984035774929   0.0215922204917617   0.0729737602318685   0
0.763803022343778   1.57367948050182   0.0365480597428414   0.0138391227525274   0
0.798476290856629   1.55786059718961   0.0346732685128509   -0.0158188833122139   0
0.766377865231512   1.58485758653417   -0.0320984256251168   0.0269969893445599   0
0.781602389500339   1.61674020655835   0.015224524268827   0.0318826200241793   0
0.813817633389084   1.64810673874169   0.032215243888745   0.0313665321833478   0
0.872339806464711   1.57821788882298   0.058522173075627   -0.0698888499187149   0
0.837926994582488   1.62946832782333   -0.0344128118822238   0.0512504390003539   0
0.803304046488931   1.64477723235375   -0.0346229480935568   0.0153089045304138   0
0.79569231871535   1.68074832396733   -0.00761172777358088   0.035971091613578   0
0.828518240901189   1.6715706549343   0.0328259221858388   -0.00917766903302875   0
0.821285083295222   1.67825666470888   -0.00723315760596643   0.00668600977457956   0
0.799586684083095   1.6370772231771   -0.0216983992121268   -0.0411794415317746   0
0.794914972686236   1.64562283833365   -0.00467171139685907   0.00854561515654617   0
0.725145284390652   1.44447259282659   -0.0697696882955841   -0.201150245507054   0
0.777842745714089   1.52269310627894   0.0526974613234367   0.0782205134523475   0
