0.0377692982246245   0.367744628922028   0   0   0
0.119809976772763   0.330223281808688   0.0820406785481384   -0.0375213471133402   0
0.126017621491361   0.320190048095658   0.00620764471859836   -0.0100332337130294   0
0.0760351652739895   0.279006772582674   -0.0499824562173718   -0.0411832755129843   0
0.107372928951761   0.297234780024983   0.0313377636777719   0.0182280074423088   0
0.0417803209800451   0.311446484486216   -0.0655926079717162   0.0142117044612327   0
0.68988732830268   0.430639707699197   0.648107007322635   0.119193223212982   1
0.146987850906835   0.330413500713439   -0.542899477395845   -0.100226206985758   1
0.199028002150552   0.324661769516369   0.0520401512437165   -0.00575173119707029   0
0.0592723895475532   0.259822550469065   -0.139755612602998   -0.0648392190473038   0
0.30149000732477   0.272818140257393   0.242217617777217   0.0129955897883276   0
0.259709958627408   0.28334873473065   -0.0417800486973621   0.0105305944732566   0
0.233350033961857   0.261025261099137   -0.0263599246655506   -0.0223234736315128   0
0.190024372170335   0.253117315139146   -0.0433256617915224   -0.00790794595999023   0
0.165426169532181   0.275012677723228   -0.0245982026381537   0.0218953625840814   0
0.0914110821833983   0.181660128179218   -0.074015087348783   -0.0933525495440097   0
0.0650875037571729   0.0786262128070054   -0.0263235784262254   -0.103033915372213   0
0.123148980446815   0.0726617427423125   0.058061476689642   -0.00596447006469292   0
0.0630323468880066   0.0274351794314344   -0.0601166335588083   -0.0452265633108781   0
0.0375115353322148   0.0192229887336101   -0.0255208115557918   -0.0082121906978243   0
0.0127735470182757   0.02217759921317   -0.0247379883139391   0.00295461047955995   0
0.0480989179953687   0.0181767292361002   0.035325370977093   -0.00400086997706983   0
0.0428395708168511   0.0272700777047041   -0.00525934717851757   0.0090933484686039   0
0.0628266197768112   0.018246583851916   0.0199870489599601   -0.00902349385278815   0
0.101415535936611   0.0282907063056603   0.0385889161597996   0.0100441224537443   0
0.0320008595026759   0.439239093206596   -0.069414676433935   0.410948386900935   0
0.038551276251896   0.236357032982943   0.00655041674922013   -0.202882060223653   0
0.0472247586770171   0.179038442886577   0.00867348242512109   -0.0573185900963663   0
0.0427965478103328   0.156332570535541   -0.00442821086668429   -0.0227058723510354   0
0.0484325507525094   0.122096890945265   0.00563600294217662   -0.0342356795902761   0
0.0553757133617482   0.115175499932104   0.00694316260923881   -0.00692139101316164   0
0.0511451287719564   0.114875047924952   -0.00423058458979184   -0.000300452007151703   0
0.138210051292562   0.102748226760964   0.0870649225206052   -0.0121268211639878   0
0.0773140830231783   0.111519638399264   -0.0608959682693833   0.00877141163829946   0
0.0803668380850536   0.121281434198778   0.00305275506187536   0.00976179579951436   0
0.0943328076421051   0.123348022025082   0.0139659695570515   0.0020665878263036   0
0.128549315821594   0.147154347653374   0.0342165081794892   0.0238063256282923   0
0.0843131646353498   0.13182850247766   -0.0442361511862445   -0.0153258451757134   0
0.171232398993678   0.137508100917737   0.0869192343583278   0.00567959844007651   0
0.0776620247738237   0.156546865115538   -0.0935703742198539   0.0190387641978013   0
0.175172909861028   0.178799827666311   0.0975108850872048   0.0222529625507728   0
0.195188118669913   0.1595840671883   0.0200152088088844   -0.0192157604780105   0
0.113904129658454   0.155103140226762   -0.0812839890114584   -0.00448092696153879   0
0.0449438349997071   0.151019952629355   -0.0689602946587473   -0.00408318759740708   0
0.137315263684122   0.214026396276464   0.092371428684415   0.0630064436471094   0
0.0491987097614165   0.199351749502707   -0.0881165539227057   -0.0146746467737571   0
0.0503981131120997   0.190248710477128   0.00119940335068323   -0.0091030390255791   0
0.165552181947717   0.202919692144164   0.115154068835617   0.0126709816670358   0
0.0773666122815908   0.198586744013794   -0.0881855696661262   -0.00433294813036994   0
0.0471709322799847   0.18267411400453   -0.0301956800016061   -0.0159126300092637   0
0.164154672397986   0.191824969751724   0.116983740118001   0.00915085574719449   0
0.0452008975628184   0.205195787351982   -0.118953774835167   0.013370817600258   0
0.0473095395624392   0.15447546376853   0.00210864199962082   -0.0507203235834522   0
0.0377430365923915   0.205174461182429   -0.00956650297004773   0.0506989974138986   0
0.0199955516146092   0.18537876229642   -0.0177474849777823   -0.0197956988860091   0
0.145937118094907   0.219804558677823   0.125941566480298   0.0344257963814032   0
0.123639982585653   0.266133136887893   -0.0222971355092545   0.0463285782100701   0
0.0830839472210862   0.252848781752103   -0.0405560353645665   -0.0132843551357902   0
0.0630595064207931   0.275246644413883   -0.0200244408002932   0.0223978626617802   0
0.0752888545091054   0.260020919321004   0.0122293480883123   -0.015225725092879   0
0.120564859380597   0.238694321385224   0.0452760048714912   -0.0213265979357801   0
0.105415582701453   0.262741885363378   -0.0151492766791435   0.0240475639781543   0
0.0848069731171068   0.261777216142969   -0.0206086095843463   -0.000964669220409498   0
0.581321418710716   0.310837185495076   0.49651444559361   0.049059969352107   1
0.436798700977281   0.262104961003221   -0.144522717733436   -0.0487322244918545   1
0.248876298589319   0.233352948192218   -0.187922402387962   -0.028752012811003   0
0.213721038534932   0.217363031839018   -0.035155260054387   -0.0159899163532   0
0.0882428417653806   0.245235463131355   -0.125478196769552   0.0278724312923365   0
0.0684128658025842   0.248455478950455   -0.0198299759627964   0.00322001581910039   0
0.102321674477161   0.22972116363213   0.0339088086745763   -0.0187343153183247   0
0.186783189272509   0.236956669706721   0.0844615147953487   0.00723550607459056   0
0.132463603979697   0.273471401816534   -0.0543195852928122   0.0365147321098128   0
0.154152638613875   0.327666521529893   0.0216890346341782   0.0541951197133596   0
0.144787624904672   0.370693792294934   -0.00936501370920287   0.0430272707650413   0
0.144118930326484   0.356893102139142   -0.000668694578188161   -0.0138006901557925   0
0.139423958318361   0.330399438468803   -0.00469497200812335   -0.0264936636703394   0
0.145750938994334   0.340706014954976   0.00632698067597293   0.010306576486173   0
0.165536030685286   0.325260889296961   0.0197850916909524   -0.0154451256580145   0
0.164146685703276   0.392381186430045   -0.0013893449820104   0.0671202971330843   0
0.186432619401327   0.422912459102945   0.0222859336980511   0.0305312726728995   0
0.167571255532624   0.510836775761104   -0.0188613638687028   0.0879243166581589   0
0.129422895195595   0.458750047853131   -0.038148360337029   -0.0520867279079726   0
0.0926259496788022   0.468649038896379   -0.0367969455167929   0.00989899104324815   0
0.0617963582628143   0.442348185294401   -0.0308295914159879   -0.0263008536019779   0
0.0289376584068321   0.423244074815289   -0.0328586998559822   -0.0191041104791123   0
0.10622505536666   0.429350989524887   0.077287396959828   0.00610691470959851   0
0.127094840518606   0.482502753697064   0.0208697851519463   0.0531517641721769   0
0.107497752615392   0.454046509719544   -0.0195970879032145   -0.0284562439775203   0
0.113747204293776   0.507653989532979   0.00624945167838402   0.0536074798134351   0
0.13353181283623   0.529166757495688   0.0197846085424542   0.0215127679627086   0
0.146597793519582   0.488217295372921   0.0130659806833518   -0.0409494621227668   0
0.156837726232115   0.460734183121353   0.0102399327125335   -0.0274831122515684   0
0.12592357812201   0.508501146801313   -0.0309141481101053   0.0477669636799601   0
0.0935839783181395   0.489858847298638   -0.0323395998038707   -0.018642299502675   0
0.104675886570051   0.508363196282441   0.0110919082519111   0.0185043489838038   0
0.0948472907079591   0.482280217357088   -0.00982859586209153   -0.0260829789253534   0
0.182639765416543   0.522028077802334   0.0877924747085843   0.0397478604452463   0
0.144602996854988   0.505256768261445   -0.0380367685615556   -0.0167713095408889   0
0.134312603509882   0.51199656306488   -0.0102903933451053   0.00673979480343501   0
0.105386736175898   0.488144038554452   -0.028925867333984   -0.0238525245104288   0
0.0883347405026635   0.518420862240564   -0.017051995673235   0.0302768236861126   0
0.234001693498509   0.399167371861103   0.145666952995845   -0.119253490379461   0
0.103265789839714   0.425364732544319   -0.130735903658795   0.0261973606832161   0
0.130244811401683   0.437692991422641   0.026979021561969   0.0123282588783218   0
0.103869181439008   0.459837055014056   -0.0263756299626749   0.0221440635914152   0
0.16534719761883   0.49602774817267   0.0614780161798218   0.0361906931586142   0
0.133071157408127   0.495365260518186   -0.0322760402107034   -0.000662487654484567   0
0.0775039834646478   0.48175633813786   -0.0555671739434788   -0.0136089223803257   0
0.478376213908267   0.529727816748611   0.400872230443619   0.047971478610751   0
0.388463347156833   0.264240496105347   -0.0899128667514342   -0.265487320643264   1
0.28453506149408   0.194905956146804   -0.103928285662753   -0.0693345399585429   1
0.105717369932523   0.287848404531278   -0.178817691561557   0.0929424483844741   0
0.0430481758590408   0.319035564845442   -0.0626691940734826   0.0311871603141632   0
0.0385023192770254   0.341310138140153   -0.00454585658201538   0.0222745732947109   0
0.0896198043036248   0.370309623506128   0.0511174850265994   0.028999485365975   0
0.0949086862594779   0.426928239204494   0.0052888819558531   0.0566186156983668   0
0.0807943285090037   0.467779022902107   -0.0141143577504742   0.0408507836976126   0
0.0846482318774586   0.466392825043707   0.00385390336845493   -0.00138619785839977   0
0.0544273626016363   0.432111156338852   -0.0302208692758223   -0.0342816687048549   0
0.235071133519277   0.347616458738651   0.18064377091764   -0.0844946976002016   0
0.114870422211967   0.412968047797284   -0.120200711307309   0.0653515890586336   0
0.0577002864389121   0.491282620714645   -0.0571701357730551   0.078314572917361   0
0.0500647500869721   0.531466059585182   -0.00763553635194002   0.0401834388705367   0
0.057755548569342   0.513580320632761   0.00769079848236996   -0.0178857389524205   0
0.105888519264899   0.525474376392893   0.048132970695557   0.0118940557601318   0
0.104099421032208   0.530963215917308   -0.00178909823269112   0.00548883952441492   0
0.0477221757141269   0.527699728063224   -0.0563772453180811   -0.00326348785408459   0
0.104054845937366   0.552153453936947   0.0563326702232388   0.0244537258737232   0
0.103003001456123   0.596593739897596   -0.00105184448124301   0.044440285960649   0
0.149038358118742   0.644320613980532   0.0460353566626194   0.0477268740829364   0
0.101244624725869   0.69861509991554   -0.0477937333928728   0.0542944859350081   0
0.136143275867154   0.676572415176122   0.0348986511412851   -0.0220426847394186   0
0.13672381045224   0.683331886078061   0.000580534585085418   0.00675947090193951   0
0.166153885908215   0.700050587453685   0.0294300754559748   0.0167187013756244   0
0.207376113713606   0.660408599932648   0.0412222278053913   -0.0396419875210375   0
0.121234685826829   0.593769744733807   -0.0861414278867766   -0.0666388551988411   0
0.0983459174921262   0.46706974099646   -0.022888768334703   -0.126700003737347   0
0.197421025031277   0.612350748886004   0.0990751075391505   0.145281007889544   0
0.193630911837347   0.71724803874758   -0.00379011319392961   0.104897289861576   0
0.196737466928925   0.700597723511324   0.0031065550915782   -0.0166503152362555   0
0.152091585175019   0.698290465419835   -0.0446458817539065   -0.00230725809148935   0
0.200853304991504   0.717083212455849   0.0487617198164849   0.0187927470360137   0
0.187975563444428   0.757512589685808   -0.0128777415470762   0.0404293772299597   0
0.190467637543731   0.790249966644258   0.00249207409930305   0.032737376958449   0
0.24132863582849   0.885656496126015   0.0508609982847595   0.0954065294817575   0
0.249364927248521   0.888149672335271   0.00803629142003054   0.00249317620925626   0
0.266141872361359   0.948072503426195   0.0167769451128386   0.0599228310909237   0
0.241131721347503   0.906362716181343   -0.0250101510138559   -0.0417097872448519   0
0.23096297443887   0.973891151914448   -0.0101687469086336   0.0675284357331047   0
0.230304536096469   0.974713774531838   -0.000658438342400286   0.000822622617390079   0
0.251353239612801   1.05256930918075   0.0210487035163312   0.0778555346489165   0
0.26792587453055   1.00852812166932   0.0165726349177493   -0.0440411875114315   0
0.732248696719905   0.787538140635423   0.464322822189355   -0.2209899810339   1
0.25600395700372   0.865128661687585   -0.476244739716185   0.0775905210521618   1
0.634353016140067   1.3958316586265   0.378349059136347   0.530702996938913   1
0.562635934441625   1.39023854366625   -0.0717170816984424   -0.00559311496024972   0
0.463473363110546   1.46401568681008   -0.0991625713310786   0.0737771431438352   0
0.511399255057142   1.48697615266024   0.0479258919465963   0.022960465850157   0
0.532140232176632   1.62312070412391   0.02074097711949   0.136144551463672   0
0.516193631734255   1.52538563876668   -0.0159466004423768   -0.0977350653572351   0
0.488729493655744   1.51863841914591   -0.0274641380785113   -0.00674721962076963   0
0.405478385153882   1.58424567845583   -0.083251108501862   0.0656072593099248   0
0.453211475161431   1.54990527198632   0.0477330900075484   -0.034340406469515   0
0.327542213405005   1.59074220243766   -0.125669261756425   0.0408369304513383   0
0.367127755729378   1.60109555895743   0.0395855423243729   0.0103533565197735   0
0.3625094212548   1.77025982018127   -0.00461833447457821   0.169164261223841   0
0.330578209437963   1.78606298923221   -0.0319312118168365   0.0158031690509375   0
0.340044786082201   1.60869218032102   0.00946657664423778   -0.177370808911187   0
0.557959590829381   1.30613671314686   0.21791480474718   -0.302555467174158   0
0.271086902520797   0.60817262608017   -0.286872688308584   -0.697964087066693   1
0.172542200768653   0.708135183679289   -0.0985447017521443   0.0999625575991189   1
0.179507975830184   0.639259261587386   0.0069657750615317   -0.0688759220919027   0
0.169086820526172   0.72696747018247   -0.0104211553040119   0.0877082085950838   0
0.135836375788446   0.747047813228343   -0.033250444737726   0.0200803430458737   0
0.187636581040478   0.745482043693877   0.0518002052520321   -0.00156576953446619   0
0.182113316260097   0.575729258579934   -0.00552326478038168   -0.169752785113944   0
0.343641436834733   0.502209329764492   0.161528120574637   -0.073519928815442   0
0.237553866621552   0.496693770443621   -0.106087570213181   -0.00551555932087106   0
0.198632169608551   0.545764803143717   -0.0389216970130012   0.0490710327000963   0
0.238032984068091   0.609259638519777   0.0394008144595403   0.0634948353760606   0
0.247261230654949   0.664774091695066   0.00922824658685839   0.0555144531752886   0
0.21485324200812   0.647364860514726   -0.0324079886468288   -0.0174092311803405   0
0.19711285873588   0.693986377993833   -0.0177403832722407   0.0466215174791079   0
0.229444865372926   0.510540706585675   0.0323320066370459   -0.183445671408159   0
0.295170772750284   0.493587976987639   0.0657259073773586   -0.0169527295980357   0
0.262817363781562   0.617128638377162   -0.0323534089687221   0.123540661389523   0
0.242533892372695   0.651503788926434   -0.0202834714088672   0.0343751505492724   0
0.263220755021636   0.679613638371465   0.0206868626489408   0.0281098494450304   0
0.30119343707332   0.744891553308433   0.0379726820516842   0.0652779149369682   0
0.268726877971743   0.737512895304211   -0.0324665591015771   -0.00737865800422199   0
0.309936493282559   0.865468003544469   0.0412096153108165   0.127955108240258   0
0.296764638810893   0.865769526199236   -0.013171854471666   0.000301522654766795   0
0.320078200036819   0.938819799789741   0.0233135612259258   0.0730502735905052   0
0.290258899552951   0.922541032287047   -0.0298193004838683   -0.0162787675026945   0
0.314758045668479   1.08263874513027   0.0244991461155277   0.160097712843225   0
0.249575420815452   0.821745829929334   -0.0651826248530264   -0.260892915200938   0
0.272987909250373   0.860269270828181   0.0234124884349212   0.0385234408988466   0
0.215626860841581   0.924771509759843   -0.0573610484087926   0.0645022389316626   0
0.237978757186089   1.20229916678462   0.0223518963445085   0.27752765702478   0
0.300353634601431   1.11107812521994   0.0623748774153419   -0.0912210415646866   0
0.205387901285902   1.01240330351162   -0.0949657333155287   -0.0986748217083124   0
0.275334877816742   0.908638419980412   0.0699469765308398   -0.103764883531212   0
0.255193914736617   0.421181762241672   -0.0201409630801248   -0.487456657738741   1
0.226443356796264   0.599669357850016   -0.0287505579403537   0.178487595608344   1
0.234256304237239   0.765385278350224   0.00781294744097552   0.165715920500208   0
0.114326155433306   0.731625884191675   -0.119930148803933   -0.0337593941585492   0
0.162767963934719   0.857996519233907   0.0484418085014136   0.126370635042232   0
0.215066318786578   0.890502441737388   0.0522983548518587   0.0325059225034809   0
0.173574954305049   0.84055596725352   -0.0414913644815286   -0.0499464744838682   0
0.34771146632425   0.861064067678765   0.1741365120192   0.0205081004252449   0
0.135616916784928   0.740986176522545   -0.212094549539322   -0.12007789115622   1
0.204539062445025   0.665893767919666   0.0689221456600977   -0.0750924086028789   1
0.180629174391431   0.786553499407701   -0.0239098880535944   0.120659731488035   0
0.146397753322686   0.763025741841977   -0.0342314210687451   -0.0235277575657236   0
0.112838409661826   0.739906941727472   -0.0335593436608602   -0.0231188001145058   0
0.284422960382948   0.866224005482416   0.171584550721122   0.126317063754944   0
0.105973032836   0.831214072073043   -0.178449927546948   -0.0350099334093728   0
0.139869870877541   0.779146153564593   0.0338968380415407   -0.0520679185084503   0
0.265172469519443   0.722513936984955   0.125302598641902   -0.0566322165796374   0
0.154341005098094   0.785151138451859   -0.110831464421349   0.0626372014669035   0
0.0944833279033926   0.763519054297272   -0.0598576771947018   -0.0216320841545873   0
0.113277281730716   0.730676731706471   0.0187939538273234   -0.0328423225908008   0
0.264827704059904   0.784807527855079   0.151550422329188   0.0541307961486077   0
0.127605473272348   0.803222147524581   -0.137222230787555   0.0184146196695025   0
0.1719672903461   0.765117461903073   0.0443618170737521   -0.0381046856215084   0
0.140932240030449   0.814819423125302   -0.0310350503156518   0.0497019612222293   0
0.202070204384963   0.764112374756652   0.0611379643545148   -0.0507070483686501   0
0.165528663540216   0.743765918704265   -0.0365415408447476   -0.0203464560523865   0
0.218788143976428   0.800263004034299   0.0532594804362116   0.0564970853300334   0
0.176018211729838   0.776999951287   -0.0427699322465898   -0.0232630527472989   0
0.119731142810925   0.782663085784682   -0.0562870689189133   0.00566313449768174   0
0.210629709573697   0.787685025915181   0.0908985667627726   0.00502194013049972   0
0.259859984714865   0.772235386734511   0.0492302751411682   -0.0154496391806701   0
0.186863500319244   0.75320013385255   -0.0729964843956215   -0.0190352528819607   0
0.194261741261757   0.731223852007202   0.00739824094251376   -0.0219762818453488   0
0.161594082724492   0.828966448876099   -0.0326676585372654   0.0977425968688973   0
0.143192659937792   0.742375620732524   -0.0184014227867006   -0.0865908281435751   0
0.182192123088898   0.75719554950224   0.0389994631511061   0.0148199287697166   0
0.220667068614712   0.771185489581462   0.0384749455258144   0.0139899400792221   0
0.323529560025046   0.857621892024831   0.102862491410334   0.086436402443368   0
0.232267101839671   0.775320904444734   -0.0912624581853754   -0.0823009875800969   0
0.196913091939084   0.794007294964127   -0.0353540099005872   0.0186863905193932   0
0.154670907641935   0.87819929108503   -0.0422421842971486   0.0841919961209036   0
0.247042682459934   0.802283263313837   0.0923717748179994   -0.0759160277711931   0
0.302296506310543   0.872827163193836   0.0552538238506083   0.0705438998799991   0
0.232419255941176   0.881492754576151   -0.0698772503693665   0.00866559138231426   0
0.151870793368127   0.919557641377228   -0.080548462573049   0.038064886801077   0
0.201716121540545   1.01686883125123   0.049845328172418   0.097311189874006   0
0.15051771621776   0.974211686342347   -0.0511984053227857   -0.0426571449088865   0
0.201789825414365   0.902190335945803   0.0512721091966057   -0.0720213503965447   0
