0.0690634164833307   0.106694722313383   0   0   0
0.0956823915157329   0.0902683056257289   0.0266189750324022   -0.0164264166876545   0
0.0933827192112652   0.123716672128547   -0.00229967230446772   0.0334483665028185   0
0.0588816006203975   0.0932966266400881   -0.0345011185908677   -0.0304200454884593   0
0.0855527246925544   0.124719393442089   0.0266711240721568   0.0314227668020005   0
0.073050134865447   0.114810776041766   -0.0125025898271073   -0.00990861740032285   0
0.0731976990463498   0.140479791932683   0.000147564180902809   0.0256690158909176   0
0.0621966478808585   0.138471089765409   -0.0110010511654913   -0.00200870216727417   0
0.0476510099189734   0.118077013269951   -0.0145456379618851   -0.0203940764954585   0
0.107475154218266   0.109170083216901   0.0598241442992928   -0.00890693005305006   0
0.33270805434654   0.263991415661329   0.225232900128273   0.154821332444428   0
0.0913696883205256   0.0451520104302677   -0.241338366026014   -0.218839405231061   0
0.0761807235228184   0.0485942097624295   -0.0151889647977072   0.00344219933216186   0
0.0597840524026734   0.0440662984035419   -0.016396671120145   -0.00452791135888762   0
0.0475257019866104   0.0584869880546306   -0.012258350416063   0.0144206896510887   0
0.0586240928316938   0.0335135069075515   0.0110983908450834   -0.0249734811470791   0
0.0741275259413135   0.0315118498702203   0.0155034331096197   -0.00200165703733122   0
0.0559575515473149   0.0129950484297924   -0.0181699743939986   -0.0185168014404278   0
0.0601656005987383   0.0253324347095186   0.00420804905142345   0.0123373862797262   0
0.0521200720282081   0.0313649145904803   -0.00804552857053024   0.00603247988096167   0
0.0107853984197293   0.0157991520771092   -0.0413346736084788   -0.0155657625133711   0
0.0262847407020043   0.027703422994201   0.0154993422822749   0.0119042709170918   0
0.0277457635446062   0.022483001480846   0.00146102284260196   -0.00522042151335497   0
0.0130759054118405   0.0162477738170688   -0.0146698581327657   -0.00623522766377728   0
0.0355160837928353   0.0340983668703847   0.0224401783809948   0.017850593053316   0
0.0201231198138286   0.00807509919420344   -0.0153929639790068   -0.0260232676761813   0
0.0502820142330396   0.0199153118004872   0.0301588944192111   0.0118402126062838   0
0.0386961738786925   0.0498575967605713   -0.0115858403543472   0.0299422849600841   0
0.0435535601016725   0.0152491865528001   0.00485738622298006   -0.0346084102077711   0
0.0271000399414927   0.0146486841045536   -0.0164535201601798   -0.000600502448246566   0
0.0318187387825162   0.0164000481872005   0.00471869884102348   0.00175136408264699   0
0.0248466682659869   0.0218585009359631   -0.0069720705165293   0.00545845274876256   0
0.0438417938671823   0.020391141300943   0.0189951256011954   -0.00146735963502007   0
0.0327292585514024   0.0204938013181425   -0.0111125353157799   0.000102660017199479   0
0.0288836627734434   0.00737758112816288   -0.00384559577795895   -0.0131162201899796   0
0.0293366778380511   0.00461445566276782   0.000453015064607726   -0.00276312546539506   0
0.0313641403123774   0.00692125462873604   0.00202746247432633   0.00230679896596822   0
0.0189404694932993   0.0560357437767181   -0.0124236708190782   0.0491144891479821   0
0.047695146368682   0.0176318316652052   0.0287546768753827   -0.0384039121115129   0
0.0241960987080893   0.0411295984598124   -0.0234990476605927   0.0234977667946071   0
0.0439334401251723   0.0207613726257442   0.019737341417083   -0.0203682258340682   0
0.0440490652563707   0.00513601952084978   0.000115625131198352   -0.0156253531048944   0
0.0339886153298262   0.010562702563002   -0.0100604499265444   0.00542668304215227   0
0.0755639219411757   0.0248743245536457   0.0415753066113495   0.0143116219906436   0
0.0436376616326839   0.00724617245718214   -0.0319262603084919   -0.0176281520964635   0
0.0624538086437841   0.0164465931148559   0.0188161470111002   0.00920042065767375   0
0.0602920119993926   0.0115567308795016   -0.0021617966443915   -0.00488986223535432   0
0.0261908052698519   0.0444354305364818   -0.0341012067295407   0.0328786996569802   0
0.063749776973806   0.017626472693739   0.0375589717039541   -0.0268089578427429   0
0.0362890488669736   0.0149492507445398   -0.0274607281068323   -0.00267722194919912   0
0.0384084329088717   0.0146914747359897   0.00211938404189809   -0.000257776008550094   0
0.0435219066282717   0.0337275362621275   0.00511347371939997   0.0190360615261377   0
0.0631475316245386   0.0181406529657838   0.0196256249962669   -0.0155868832963437   0
0.0480048152860117   0.0150056174964511   -0.0151427163385269   -0.00313503546933266   0
0.0580534366144675   0.00843452967948511   0.0100486213284559   -0.00657108781696601   0
0.0608318603001749   0.0178691533585814   0.0027784236857074   0.00943462367909626   0
0.0417960163078971   0.0206351098755743   -0.0190358439922778   0.00276595651699295   0
0.0473849354441894   0.0442354682272325   0.00558891913629234   0.0236003583516582   0
0.0254081079221653   0.0212794035859796   -0.0219768275220241   -0.022956064641253   0
0.0760031119359734   0.0390172987804768   0.0505950040138081   0.0177378951944973   0
0.0847881722568661   0.0304306726074203   0.00878506032089274   -0.00858662617305655   0
0.027827663611809   0.0684709299194928   -0.0569605086450571   0.0380402573120725   0
0.0447561587188981   0.0439645631320772   0.0169284951070891   -0.0245063667874157   0
0.0751687936737713   0.00731902115049547   0.0304126349548732   -0.0366455419815817   0
0.0673039898985194   0.0422961577598959   -0.00786480377525189   0.0349771366094004   0
0.0512771949495095   0.0191456835311651   -0.0160267949490099   -0.0231504742287308   0
0.0545007440915259   0.019465138418262   0.00322354914201647   0.000319454887096962   0
0.0464952040595587   0.0600314728392533   -0.00800554003196729   0.0405663344209912   0
0.042838386656479   0.0210009827840532   -0.00365681740307963   -0.0390304900552   0
0.0384632972867967   0.0656369401082957   -0.00437508936968235   0.0446359573242425   0
0.0470081146903383   0.0564598268320407   0.00854481740354163   -0.00917711327625501   0
0.0568426594779836   0.0446672637719449   0.00983454478764531   -0.0117925630600958   0
0.0765371316614885   0.0236770448660068   0.0196944721835049   -0.0209902189059381   0
0.071137199579464   0.055434203828612   -0.00539993208202444   0.0317571589626052   0
0.0938349008521882   0.100183400691494   0.0226977012727242   0.0447491968628823   0
0.0711693753049723   0.0554567779111129   -0.022665525547216   -0.0447266227803814   0
0.0709175449556744   0.0435423722569464   -0.000251830349297891   -0.0119144056541665   0
0.068743197102477   0.104778367413836   -0.00217434785319741   0.0612359951568891   0
0.051645694002936   0.0531475498199588   -0.017097503099541   -0.0516308175938768   0
0.0728569653017445   0.0434926295841893   0.0212112712988085   -0.00965492023576946   0
0.0701169022694243   0.0502182717387895   -0.00274006303232016   0.00672564215460015   0
0.0893884328788686   0.0646347453958009   0.0192715306094443   0.0144164736570114   0
0.0332778108934467   0.0985692376552898   -0.0561106219854219   0.0339344922594889   0
0.0763496978467499   0.0702711768883587   0.0430718869533032   -0.0282980607669311   0
0.0486342448146365   0.118071651781005   -0.0277154530321133   0.0478004748926467   0
0.0656939158078585   0.0838456318666184   0.0170596709932219   -0.034226019914387   0
0.059617548270921   0.102742374000276   -0.00607636753693745   0.0188967421336571   0
0.0866112522295458   0.0796162951080306   0.0269937039586248   -0.0231260788922449   0
0.112296780870869   0.0819485360572812   0.0256855286413233   0.00233224094925059   0
0.106435061512877   0.0848258505037322   -0.00586171935799169   0.00287731444645097   0
0.112669037804936   0.0741478983819435   0.00623397629205813   -0.0106779521217887   0
0.0777739301039236   0.0509182316824487   -0.034895107701012   -0.0232296666994948   0
0.0655677240112847   0.057259712543581   -0.0122062060926389   0.00634148086113225   0
0.105579454053561   0.0564135102104188   0.0400117300422768   -0.00084620233316219   0
0.0663540371745382   0.0764227383367346   -0.0392254168790233   0.0200092281263158   0
0.0724909966599301   0.136592872115687   0.0061369594853919   0.0601701337789527   0
0.0780587181089339   0.101231156103113   0.00556772144900375   -0.0353617160125739   0
0.0998715694796698   0.0493093804207171   0.0218128513707359   -0.0519217756823962   0
0.0828033992327634   0.0864781239821089   -0.0170681702469064   0.0371687435613918   0
0.0829718909747753   0.0662871717382611   0.000168491742011889   -0.0201909522438478   0
0.118012952626735   0.0443559323552129   0.0350410616519597   -0.0219312393830482   0
0.100777729159175   0.0743655062898467   -0.0172352234675602   0.0300095739346337   0
0.106717504965521   0.0535454258332607   0.00593977580634637   -0.0208200804565859   0
0.113175016793107   0.0705570414996634   0.00645751182758557   0.0170116156664027   0
0.0860582327481804   0.112151195848696   -0.0271167840449263   0.0415941543490323   0
0.117494242194171   0.122955434664323   0.0314360094459905   0.0108042388156269   0
0.102229705683972   0.0880334182139942   -0.0152645365101986   -0.0349220164503284   0
0.0956556620438247   0.0898292705601159   -0.00657404364014763   0.0017958523461217   0
0.110099983085648   0.109883147424173   0.0144443210418234   0.020053876864057   0
0.0809478748441242   0.137602490967239   -0.0291521082415239   0.0277193435430659   0
0.129370939710169   0.0717574672600351   0.0484230648660445   -0.0658450237072037   0
0.131568775467966   0.0921890207375857   0.00219783575779711   0.0204315534775506   0
0.143416905470729   0.122268137277921   0.0118481300027631   0.0300791165403352   0
0.133437967224475   0.0692049269680471   -0.00997893824625415   -0.0530632103098738   0
0.0754570003236943   0.119435451765567   -0.0579809669007805   0.0502305247975196   0
0.1223635344711   0.0835250676413375   0.0469065341474054   -0.0359103841242292   0
0.113637639495037   0.0596505296900466   -0.00872589497606222   -0.0238745379512909   0
0.110935980872039   0.119098474233142   -0.00270165862299829   0.0594479445430959   0
0.127212683001055   0.0672221182462595   0.0162767021290158   -0.0518763559868829   0
0.0951381471473983   0.113797468246332   -0.0320745358536567   0.0465753500000727   0
0.119286040863338   0.10690340979404   0.02414789371594   -0.006894058452292   0
0.0924436533389935   0.125470509650674   -0.0268423875243448   0.0185670998566342   0
0.141691398968815   0.0921501433827425   0.0492477456298218   -0.033320366267932   0
0.14238709648525   0.0993093272744434   0.000695697516435057   0.00715918389170088   0
0.133999216658457   0.102424343453851   -0.00838787982679373   0.00311501617940797   0
0.156633995177196   0.0632127089748968   0.0226347785187398   -0.0392116344789545   0
0.134088373531414   0.0987799469857116   -0.0225456216457825   0.0355672380108148   0
0.139970219973572   0.0958475029801116   0.00588184644215753   -0.00293244400560004   0
0.121302394257735   0.082725400061952   -0.0186678257158368   -0.0131221029181596   0
0.174330289848494   0.0483591340625533   0.0530278955907596   -0.0343662659993987   0
0.144843690880894   0.138458798168851   -0.0294865989676001   0.0900996641062973   0
0.128424053530365   0.115575931389812   -0.0164196373505293   -0.0228828667790387   0
0.10573245581759   0.0802804390908053   -0.0226915977127743   -0.0352954922990066   0
0.135517761190037   0.0987311979838313   0.0297853053724469   0.018450758893026   0
0.177830043408615   0.0691212006437571   0.0423122822185776   -0.0296099973400742   0
0.129438215524473   0.137744441322273   -0.0483918278841416   0.0686232406785155   0
0.123631708973588   0.113475072363108   -0.00580650655088515   -0.0242693689591651   0
0.131498787533954   0.113519516889971   0.00786707856036593   4.44445268638211e-05   0
0.160541498922397   0.110930403550424   0.0290427113884429   -0.00258911333954703   0
0.15346001416255   0.0938137059305435   -0.00708148475984716   -0.0171166976198808   0
0.186255119495029   0.067030408068913   0.0327951053324794   -0.0267832978616305   0
0.169265453061545   0.0884944071268631   -0.0169896664334845   0.0214639990579501   0
0.189604612792463   0.0685566495269605   0.0203391597309187   -0.0199377575999026   0
0.136316052178201   0.107041227671176   -0.0532885606142625   0.0384845781442153   0
0.148151177633794   0.0795741227175173   0.0118351254555931   -0.0274671049536586   0
0.171656723277039   0.0689764705212038   0.0235055456432451   -0.0105976521963135   0
0.120334443244858   0.141366642175249   -0.051322280032181   0.0723901716540456   0
0.149482999058221   0.119547598497513   0.0291485558133625   -0.0218190436777367   0
0.14896397543366   0.110653974774407   -0.000519023624560883   -0.00889362372310613   0
0.150436466748924   0.118651607501036   0.00147249131526381   0.00799763272662987   0
0.174149579700024   0.143067607384944   0.0237131129511   0.0244159998839076   0
0.162315879018782   0.108537403942708   -0.0118337006812413   -0.0345302034422364   0
0.180365079425077   0.177874950653184   0.0180492004062948   0.0693375467104759   0
0.200290206821427   0.133141014662735   0.0199251273963498   -0.044733935990449   0
0.169278650241265   0.115653185119888   -0.0310115565801623   -0.0174878295428469   0
0.240234179626431   0.0748880875098971   0.0709555293851665   -0.0407650976099906   0
0.218556133668035   0.0697154543137496   -0.0216780459583961   -0.00517263319614751   0
0.206704117962463   0.0783857877121229   -0.0118520157055716   0.00867033339837336   0
0.180041241061069   0.124853078241027   -0.0266628769013944   0.0464672905289041   0
0.188928606996108   0.0943327611187253   0.00888736593503933   -0.0305203171223016   0
0.188627176010728   0.11722380842394   -0.00030143098538063   0.0228910473052143   0
0.179964037826172   0.133437288334914   -0.00866313818455541   0.0162134799109745   0
0.217421184623823   0.133113232032563   0.0374571467976503   -0.000324056302350939   0
0.186053848241013   0.153070246946459   -0.0313673363828094   0.019957014913896   0
0.225929617315705   0.100923658662885   0.0398757690746917   -0.0521465882835743   0
0.197202064675297   0.121848078564508   -0.028727552640408   0.0209244199016231   0
0.230386297170687   0.0791207817209234   0.0331842324953898   -0.0427272968435846   0
0.220415663990561   0.140763834240981   -0.00997063318012553   0.0616430525200581   0
0.203231443482745   0.128006945269476   -0.0171842205078166   -0.012756888971506   0
0.198926695655309   0.115176067126216   -0.0043047478274354   -0.01283087814326   0
0.206826594170237   0.123735620732724   0.00789989851492806   0.00855955360650842   0
0.257916035705033   0.0852642010883817   0.0510894415347961   -0.0384714196443422   0
0.195962293476897   0.106957904770989   -0.061953742228136   0.0216937036826075   0
0.209044377824853   0.0743562810157286   0.0130820843479559   -0.0326016237552606   0
0.197825649955308   0.14944726821247   -0.0112187278695454   0.0750909871967416   0
0.204399399933464   0.138262519186727   0.00657374997815577   -0.0111847490257434   0
0.221722574496261   0.141752140320288   0.0173231745627973   0.00348962113356077   0
0.217449763926867   0.13097682408851   -0.00427281056939441   -0.0107753162317776   0
0.239319633741509   0.107495079990202   0.0218698698146424   -0.0234817440983077   0
0.253097389204334   0.107010066326024   0.0137777554628248   -0.000485013664178621   0
0.236398661522966   0.08754527217146   -0.0166987276813675   -0.0194647941545638   0
0.254321313510468   0.0878241306292297   0.0179226519875022   0.000278858457769732   0
0.193041358812691   0.154998937197042   -0.0612799546977778   0.0671748065678121   0
0.228398080431097   0.127547888461001   0.0353567216184066   -0.0274510487360406   0
0.205670010662372   0.109358197298374   -0.0227280697687258   -0.0181896911626276   0
0.265491363881576   0.114976932369334   0.0598213532192049   0.00561873507096086   0
0.247823496123955   0.106488169811205   -0.0176678677576213   -0.00848876255812958   0
0.245263083574638   0.0924545652441782   -0.00256041254931685   -0.0140336045670267   0
0.200772110990969   0.156248403683814   -0.0444909725836692   0.0637938384396355   0
0.221968035632633   0.0983232091873531   0.0211959246416643   -0.0579251944964606   0
0.264480656705042   0.0929030590400015   0.0425126210724081   -0.00542015014735162   0
0.252234187400539   0.100840656248918   -0.012246469304503   0.00793759720891678   0
0.244449059705944   0.0926687792949843   -0.00778512769459488   -0.00817187695393401   0
0.25471431993753   0.135065946313273   0.0102652602315864   0.042397167018289   0
0.210647020924033   0.161777692375   -0.044067299013497   0.0267117460617264   0
0.246177345396966   0.10771431653188   0.0355303244729326   -0.0540633758431198   0
0.244641312182509   0.13464776052097   -0.00153603321445622   0.0269334439890902   0
0.243230077073725   0.11138583053653   -0.00141123510878477   -0.0232619299844404   0
0.263167908685026   0.125425393631842   0.0199378316113011   0.0140395630953123   0
0.250856272862709   0.143433031307332   -0.0123116358223165   0.0180076376754898   0
0.235389288074564   0.153075487105946   -0.0154669847881453   0.00964245579861384   0
0.292873370956477   0.121608053373327   0.0574840828819129   -0.0314674337326183   0
0.30138414371073   0.121193690830268   0.00851077275425338   -0.000414362543059543   0
0.288957799319416   0.129161988574425   -0.0124263443913138   0.00796829774415775   0
0.318243366179485   0.120339555431703   0.0292855668600691   -0.00882243314272205   0
0.311621638118215   0.135510080165647   -0.00662172806126993   0.0151705247339434   0
0.298040810875977   0.111592074046905   -0.0135808272422382   -0.0239180061187414   0
0.275890866450124   0.112897442464787   -0.0221499444258534   0.00130536841788217   0
0.265785374640096   0.136607874319162   -0.0101054918100273   0.0237104318543747   0
0.239289357252365   0.125340444050394   -0.0264960173877314   -0.0112674302687679   0
0.301056876498595   0.116604685477257   0.0617675192462294   -0.00873575857313733   0
0.256095470873754   0.132742954326209   -0.0449614056248401   0.0161382688489521   0
0.294928235512743   0.124402289611164   0.0388327646389887   -0.00834066471504462   0
0.297910220589123   0.143896041016596   0.00298198507638009   0.0194937514054321   0
0.28461503800446   0.140388107243812   -0.0132951825846634   -0.00350793377278463   0
0.331540974558274   0.11062775758145   0.0469259365538142   -0.0297603496623621   0
0.285848211479799   0.14874815632807   -0.0456927630784746   0.0381203987466205   0
0.328304070535198   0.125677496782439   0.0424558590553984   -0.0230706595456311   0
0.28804794034813   0.14366304878865   -0.0402561301870674   0.0179855520062108   0
0.320589716871674   0.119714334366232   0.0325417765235436   -0.0239487144224179   0
0.320617584068536   0.142561638491917   2.7867196862319e-05   0.0228473041256849   0
0.298418213036504   0.142426287908869   -0.0221993710320327   -0.000135350583048061   0
0.322570080166062   0.11149997703363   0.024151867129559   -0.0309263108752389   0
0.313578774807065   0.146834799385227   -0.00899130535899745   0.0353348223515976   0
0.312336433120393   0.138930030105985   -0.00124234168667164   -0.00790476927924211   0
0.319726219189371   0.135302980423566   0.00738978606897811   -0.00362704968241895   0
0.321413654540454   0.13160551976551   0.00168743535108201   -0.00369746065805657   0
0.298070456886371   0.156127059403551   -0.0233431976540824   0.0245215396380413   0
0.341880879948206   0.132008445382294   0.0438104230618354   -0.0241186140212576   0
0.33638060162276   0.117406319478553   -0.00550027832544647   -0.0146021259037408   0
0.319825565873477   0.136681797153096   -0.0165550357492827   0.0192754776745429   0
0.340454204679737   0.132183409841213   0.0206286388062598   -0.00449838731188304   0
0.309347378147609   0.167269979429962   -0.0311068265321279   0.0350865695887496   0
0.298057710102075   0.206635611177019   -0.0112896680455344   0.0393656317470563   0
0.360755372200916   0.122097572484059   0.0626976620988414   -0.0845380386929597   0
0.323665115583994   0.131851872571079   -0.0370902566169226   0.00975430008701995   0
0.293274730812714   0.210771219175555   -0.0303903847712793   0.0789193466044766   0
0.333576987422641   0.20083345753945   0.0403022566099268   -0.00993776163610557   0
0.333850103756177   0.172663470942756   0.000273116333535606   -0.0281699865966936   0
0.331399216348138   0.166641806210957   -0.00245088740803878   -0.0060216647317996   0
0.298115647581773   0.162726468178966   -0.0332835687663648   -0.00391533803199068   0
0.343456559448397   0.143642221609847   0.0453409118666234   -0.0190842465691185   0
0.330037238500824   0.154421876853225   -0.0134193209475723   0.0107796552433773   0
0.325685747497584   0.162540765965219   -0.00435149100324039   0.00811888911199399   0
0.325992071042349   0.175282683023195   0.000306323544765175   0.0127419170579767   0
0.31904255063803   0.164774861132547   -0.00694952040431901   -0.0105078218906489   0
0.307757421436104   0.179837778679842   -0.0112851292019257   0.0150629175472959   0
0.339468365739667   0.120202109520798   0.0317109443035621   -0.0596356691590442   0
0.33055164797945   0.174409011126146   -0.00891671776021691   0.0542069016053473   0
0.313370320882706   0.187397059868211   -0.0171813270967439   0.0129880487420657   0
