0.41859722321702   0.16861468478546   0   0   0
0.41164755646373   0.152821323342409   -0.00694966675329012   -0.0157933614430513   0
0.4011428559665   0.136827788697399   -0.0105047004972305   -0.0159935346450099   0
0.411991850043675   0.153109678324853   0.0108489940771752   0.0162818896274544   0
0.499660497404398   0.104341813034804   0.0876686473607226   -0.0487678652900491   0
0.429878009272119   0.110907967487192   -0.0697824881322786   0.0065661544523878   0
0.505986689209361   0.10549219919077   0.0761086799372415   -0.00541576829642228   0
0.411032694372358   0.116270132288155   -0.0949539948370029   0.0107779330973852   0
0.347784517514294   0.112812510415512   -0.063248176858064   -0.00345762187264274   0
0.285669081300812   0.100604204228017   -0.0621154362134815   -0.0122083061874952   0
0.168694287046894   0.176733825027922   -0.116974794253918   0.0761296207999048   0
0.0607409895696473   0.15031855922624   -0.107953297477247   -0.026415265801682   0
0.131254081809634   0.12491781905701   0.0705130922399864   -0.0254007401692291   0
0.0711526878360192   0.116483466601789   -0.0601013939736144   -0.00843435245522187   0
0.070170925674242   0.0758833350851984   -0.000981762161777214   -0.0406001315165902   0
0.0810055267212059   0.060900718474128   0.0108346010469638   -0.0149826166110704   0
0.0215212270507074   0.0634303347032199   -0.0594842996704985   0.00252961622909184   0
0.0642859263787962   0.0286508607817025   0.0427646993280888   -0.0347794739215173   0
0.0214476199531533   0.0249594797455296   -0.0428383064256428   -0.00369138103617298   0
0.0189295176391687   0.0109751783611031   -0.00251810231398459   -0.0139843013844265   0
0.010122152096911   0.019132894910729   -0.00880736554225771   0.00815771654962594   0
0.110967744220028   0.0118630286921132   0.100845592123117   -0.00726986621861585   0
0.0800577018464807   0.0561155480382801   -0.0309100423735475   0.044252519346167   0
0.0573383930680177   0.0416435535322395   -0.022719308778463   -0.0144719945060406   0
0.0665730196431861   0.0209219228900429   0.0092346265751684   -0.0207216306421967   0
0.1419749851696   0.0439270827997706   0.0754019655264138   0.0230051599097277   0
0.171912093838934   0.0568231200940691   0.0299371086693339   0.0128960372942985   0
0.111123107615237   0.0484093133347809   -0.0607889862236966   -0.00841380675928817   0
0.140055024559615   0.0609025457134183   0.0289319169443779   0.0124932323786373   0
0.104503522860727   0.0511355988713587   -0.0355515016988881   -0.00976694684205955   0
0.0635792391720827   0.036719692021586   -0.0409242836886443   -0.0144159068497727   0
0.0645955112496991   0.0792025732338289   0.00101627207761634   0.0424828812122429   0
0.0947967795924524   0.0883710388900119   0.0302012683427533   0.00916846565618307   0
0.0931543382724605   0.0908046780677213   -0.00164244131999189   0.00243363917770933   0
0.12774487976875   0.118783601139513   0.0345905414962899   0.0279789230717922   0
0.146269015417825   0.105747452476315   0.0185241356490748   -0.013036148663198   0
0.0857889767363645   0.105853803175446   -0.0604800386814607   0.000106350699130717   0
0.122521800545243   0.125332965894383   0.0367328238088786   0.0194791627189365   0
0.112449578891585   0.13630544284438   -0.0100722216536577   0.0109724769499971   0
0.109552065496286   0.111763995832312   -0.0028975133952996   -0.0245414470120681   0
0.128508039050091   0.12688809795825   0.0189559735538047   0.0151241021259384   0
0.0822542038582005   0.124499119731039   -0.0462538351918901   -0.00238897822721142   0
0.0822097527388016   0.0989032435332128   -4.44511193988667e-05   -0.025595876197826   0
0.0928164458251774   0.091589727010102   0.0106066930863758   -0.00731351652311084   0
0.14558552805407   0.155521944215294   0.0527690822288929   0.063932217205192   0
0.162630892689899   0.113548859733652   0.0170453646358292   -0.0419730844816423   0
0.0832437177983714   0.119020519719479   -0.0793871748915281   0.0054716599858278   0
0.19708310796287   0.095814306170908   0.113839390164499   -0.0232062135485715   0
0.227137937737319   0.12588074149865   0.0300548297744484   0.0300664353277422   0
0.185249428019511   0.106035976163082   -0.0418885097178082   -0.0198447653355681   0
0.123002892653295   0.119183300528063   -0.0622465353662155   0.0131473243649805   0
0.193048226318441   0.116779571305194   0.0700453336651465   -0.0024037292228682   0
0.189425496295188   0.115501609952253   -0.0036227300232532   -0.00127796135294098   0
0.143685660072427   0.119222459103811   -0.0457398362227618   0.00372084915155799   0
0.182578607653142   0.130661576999868   0.0388929475807155   0.0114391178960568   0
0.157712813213163   0.119465165451598   -0.0248657944399792   -0.0111964115482701   0
0.114189924013198   0.110236331055839   -0.0435228891999646   -0.00922883439575931   0
0.162440489927951   0.152691347405837   0.0482505659147531   0.0424550163499982   0
0.14524492384087   0.138730369688264   -0.0171955660870819   -0.0139609777175726   0
0.12328796244857   0.125308895938756   -0.0219569613922992   -0.0134214737495083   0
0.13794915562233   0.136454980982191   0.0146611931737591   0.0111460850434345   0
0.157030029658214   0.135424460995826   0.0190808740358846   -0.00103051998636458   0
0.128272854841964   0.116170134851884   -0.02875717481625   -0.0192543261439416   0
0.140198444887891   0.130147179428455   0.0119255900459265   0.0139770445765707   0
0.136555466968569   0.121983153650104   -0.00364297791932122   -0.00816402577835065   0
0.145838862471771   0.123102228833854   0.00928339550320118   0.0011190751837493   0
0.136091884238444   0.1464405088422   -0.00974697823332671   0.0233382800083464   0
0.193310820571937   0.165751700940745   0.0572189363334931   0.0193111920985444   0
0.176258787650432   0.143399696384729   -0.0170520329215051   -0.0223520045560154   0
0.221276404215506   0.132042811419677   0.0450176165650744   -0.0113568849650517   0
0.211075226017488   0.132558670804902   -0.0102011781980183   0.000515859385225026   0
0.165684484864835   0.136883389999928   -0.0453907411526533   0.00432471919502592   0
0.182390301136145   0.165508515649052   0.0167058162713103   0.0286251256491236   0
0.179338425371002   0.151874180937092   -0.00305187576514301   -0.0136343347119602   0
0.190121437781995   0.149789802167053   0.0107830124109929   -0.00208437877003842   0
0.241922951358697   0.153077196724831   0.0518015135767023   0.00328739455777724   0
0.254686787665532   0.118163884854362   0.0127638363068346   -0.0349133118704683   0
0.266577594592456   0.126556965727197   0.011890806926924   0.00839308087283502   0
0.229057209449787   0.129573927205322   -0.0375203851426686   0.0030169614781243   0
0.209452252231863   0.148527491939506   -0.0196049572179239   0.0189535647341843   0
0.265704219364108   0.144237217911363   0.0562519671322449   -0.00429027402814305   0
0.276301128137418   0.178705127087893   0.0105969087733102   0.0344679091765301   0
0.119590148692775   0.11065187359653   -0.156710979444643   -0.0680532534913628   0
0.192557547065702   0.102798744995987   0.072967398372927   -0.00785312860054302   0
0.19443360249355   0.0923878730812248   0.00187605542784861   -0.0104108719147624   0
0.184924065809013   0.111976213768606   -0.00950953668453738   0.019588340687381   0
0.159959695710044   0.094735732236588   -0.0249643700989687   -0.0172404815320178   0
0.0597910230474442   0.0821677781519922   -0.1001686726626   -0.0125679540845959   0
0.107921979421525   0.0879539750164966   0.0481309563740805   0.00578619686450441   0
0.15188934607684   0.0906608870754776   0.043967366655315   0.00270691205898103   0
0.0976589160283489   0.0878622775041855   -0.0542304300484908   -0.00279860957129209   0
0.0898274748671586   0.100367703867629   -0.00783144116119035   0.0125054263634432   0
0.221934983089395   0.132563514407283   0.132107508222236   0.0321958105396546   0
0.306259956294665   0.16347920842741   0.0843249732052699   0.0309156940201265   0
0.291217351900621   0.163020783762378   -0.015042604394044   -0.00045842466503182   0
0.290717141396857   0.148989640610186   -0.000500210503763976   -0.0140311431521916   0
0.248830713896625   0.106259591289693   -0.0418864275002317   -0.0427300493204938   0
0.230497491048471   0.150824424257976   -0.018333222848154   0.0445648329682837   0
0.266883292561674   0.145338070704995   0.0363858015132028   -0.00548635355298166   0
0.285871218600981   0.159690002029714   0.0189879260393074   0.0143519313247193   0
0.266516458851676   0.147868170316705   -0.0193547597493056   -0.0118218317130091   0
0.246593542074423   0.154434226209121   -0.0199229167772531   0.00656605589241641   0
0.227902419803389   0.153764369180574   -0.0186911222710339   -0.000669857028546661   0
0.20014052949168   0.154324397161466   -0.0277618903117087   0.000560027980891858   0
0.222743464814144   0.151358361766868   0.0226029353224645   -0.00296603539459864   0
0.199866300232506   0.160992956213152   -0.022877164581638   0.0096345944462847   0
0.263930207702159   0.157713133159544   0.0640639074696528   -0.00327982305360855   0
0.302510939650318   0.159775625332057   0.0385807319481589   0.00206249217251364   0
0.256600376608017   0.186185373631362   -0.0459105630423006   0.0264097482993049   0
0.329818850142014   0.159905758386776   0.0732184735339961   -0.0262796152445863   0
0.273467487679322   0.16827560551815   -0.0563513624626918   0.00836984713137387   0
0.298633912269203   0.169719050330981   0.0251664245898812   0.00144344481283093   0
0.320669564739483   0.162111361570527   0.0220356524702803   -0.00760768876045426   0
0.275531323858915   0.157376651909519   -0.045138240880568   -0.00473470966100728   0
0.200642688390332   0.160805419996498   -0.0748886354685829   0.00342876808697834   0
0.23775772179807   0.14396548706374   0.0371150334077376   -0.0168399329327572   0
0.250593638157574   0.130439721978439   0.0128359163595037   -0.0135257650853012   0
0.472798755611402   0.226212585773919   0.222205117453828   0.0957728637954795   1
0.235697436993299   0.169619596855589   -0.237101318618103   -0.0565929889183298   0
0.286566196053966   0.160963609105443   0.0508687590606672   -0.00865598775014539   0
0.166379804690623   0.144114439188063   -0.120186391363342   -0.0168491699173801   0
0.212898790057623   0.175549874759995   0.0465189853669999   0.0314354355719318   0
0.215318546662753   0.184450582253079   0.0024197566051293   0.00890070749308422   0
0.226536178849671   0.167007550224533   0.0112176321869181   -0.0174430320285461   0
0.163286019860734   0.149699223870867   -0.0632501589889368   -0.0173083263536662   0
0.123811511394357   0.157317721037881   -0.0394745084663774   0.00761849716701371   0
0.135764646148145   0.166295077490766   0.0119531347537879   0.00897735645288553   0
0.278567302060745   0.172168931777259   0.142802655912601   0.0058738542864927   0
0.300442382051345   0.17219850735794   0.0218750799905998   2.95755806808684e-05   0
0.391421569309408   0.211844433191552   0.0909791872580633   0.0396459258336122   0
0.277116692364083   0.231507111284945   -0.114304876945325   0.019662678093393   0
0.189230139904314   0.198136074103758   -0.0878865524597689   -0.0333710371811869   0
0.204423588324155   0.195312320756398   0.0151934484198406   -0.00282375334736051   0
0.23275473457011   0.191140157427737   0.0283311462459553   -0.00417216332866099   0
0.23261652005178   0.185151093286672   -0.000138214518330709   -0.00598906414106454   0
0.233497402722086   0.183814441181351   0.000880882670306338   -0.0013366521053208   0
0.284391100543407   0.194054866772905   0.0508936978213206   0.0102404255915538   0
0.271268783608993   0.187475509927964   -0.0131223169344138   -0.00657935684494157   0
0.286866322561308   0.209848880114358   0.0155975389523152   0.0223733701863939   0
0.269949127556554   0.203914409587699   -0.0169171950047536   -0.00593447052665821   0
0.295223060538272   0.212280457821722   0.0252739329817174   0.00836604823402295   0
0.274436308961292   0.203463637611859   -0.02078675157698   -0.00881682020986299   0
0.255522458149689   0.196014501341737   -0.0189138508116027   -0.00744913627012181   0
0.260418658824809   0.192492321887134   0.00489620067512037   -0.00352217945460348   0
0.250872300518456   0.187352056120263   -0.00954635830635348   -0.00514026576687146   0
0.251935543963572   0.205023376711657   0.00106324344511599   0.0176713205913944   0
0.151261540879428   0.197265688845659   -0.100674003084144   -0.00775768786599759   0
0.197712631721689   0.207674103617302   0.0464510908422606   0.0104084147716429   0
0.148362352442129   0.214031326981005   -0.0493502792795597   0.00635722336370301   0
0.200450766816645   0.205195464095823   0.0520884143745156   -0.00883586288518273   0
0.173557647704653   0.206420096401126   -0.0268931191119914   0.00122463230530306   0
0.259646939570564   0.220555297218747   0.0860892918659106   0.0141352008176217   0
0.262868407470818   0.228403110973231   0.0032214679002544   0.00784781375448348   0
0.243659878723677   0.209533513244898   -0.0192085287471414   -0.0188695977283325   0
0.260690018330492   0.219005124644379   0.0170301396068148   0.00947161139948066   0
0.20475773249116   0.209470282181626   -0.0559322858393313   -0.0095348424627531   0
0.22800870955418   0.213006091164079   0.0232509770630198   0.0035358089824532   0
0.269754397206926   0.224615918709027   0.041745687652746   0.0116098275449474   0
0.186146714134266   0.212511233573075   -0.0836076830726603   -0.0121046851359516   0
0.381352055707793   0.226055478872997   0.195205341573528   0.0135442452999221   0
0.368479363984525   0.223181078857505   -0.0128726917232685   -0.00287440001549172   0
0.232130312844424   0.188034112778107   -0.136349051140101   -0.0351469660793979   0
0.209879225978776   0.17508764483538   -0.0222510868656479   -0.0129464679427278   0
0.13028038208986   0.173963642085063   -0.0795988438889154   -0.00112400275031624   0
0.229777983249614   0.170296278580457   0.0994976011597539   -0.00366736350460667   0
0.217763750699606   0.174755097748964   -0.0120142325500086   0.00445881916850749   0
0.230437849108084   0.187630770267699   0.0126740984084781   0.0128756725187348   0
0.261370333144372   0.187603745838136   0.0309324840362882   -2.70244295627053e-05   0
0.249582677422553   0.187828293977505   -0.0117876557218193   0.000224548139368674   0
0.241500457163128   0.193231661389897   -0.00808222025942437   0.00540336741239261   0
0.249581146213892   0.210749667153355   0.0080806890507634   0.0175180057634577   0
0.245840430436594   0.208558661443016   -0.00374071577729737   -0.00219100571033937   0
0.319176451532691   0.208903847745201   0.0733360210960963   0.000345186302184886   0
0.269294015936727   0.197894250303009   -0.0498824355959639   -0.0110095974421916   0
0.283597609960839   0.19505903379324   0.014303594024112   -0.00283521650976867   0
0.26331314728135   0.200537772013878   -0.0202844626794885   0.00547873822063732   0
0.248111480792405   0.220633042378   -0.0152016664889451   0.0200952703641226   0
0.223546493998452   0.200586622478016   -0.0245649867939529   -0.0200464198999846   0
0.236082876431668   0.204998279817594   0.0125363824332154   0.00441165733957807   0
0.260641861069265   0.200248152589487   0.0245589846375974   -0.00475012722810675   0
0.228907576813809   0.194477478452879   -0.0317342842554556   -0.00577067413660812   0
0.148985646732059   0.19316870921157   -0.0799219300817499   -0.00130876924130913   0
0.19741997025367   0.208081657048795   0.0484343235216108   0.0149129478372255   0
0.274313286454083   0.222803777342867   0.0768933162004132   0.0147221202940719   0
0.23448412222835   0.208477517292633   -0.0398291642257329   -0.0143262600502345   0
0.245259809807885   0.210127793879255   0.0107756875795347   0.00165027658662181   0
0.241541095957293   0.219208968958845   -0.00371871385059264   0.00908117507959066   0
0.175376029674212   0.21370219817014   -0.0661650662830808   -0.00550677078870482   0
0.229774050600693   0.220118135049659   0.0543980209264817   0.00641593687951875   0
0.211961451215026   0.221811407025253   -0.0178125993856671   0.00169327197559388   0
0.19457630541163   0.219578873330154   -0.0173851458033961   -0.00223253369509863   0
0.190044611573941   0.220872637612884   -0.00453169383768953   0.00129376428272981   0
0.144701807135398   0.220488278525322   -0.0453428044385424   -0.000384359087562208   0
0.162845518104767   0.211618855974627   0.0181437109693687   -0.00886942255069487   0
0.0763019535074955   0.206268644767535   -0.0865435645972715   -0.00535021120709203   0
0.296456539814769   0.215127271180085   0.220154586307273   0.00885862641255022   0
0.207323263468647   0.211846969229566   -0.0891332763461216   -0.00328030195051981   0
0.223401360212981   0.224795511157363   0.0160780967443336   0.0129485419277972   0
0.308218582525389   0.244504865594225   0.0848172223124082   0.0197093544368622   0
0.268638276345535   0.248034811961446   -0.039580306179854   0.00352994636722137   0
0.325155629124901   0.255255726722242   0.0565173527793659   0.00722091476079587   0
0.368070974095975   0.245263292529681   0.0429153449710743   -0.00999243419256088   0
0.373978502112367   0.251173698058236   0.00590752801639233   0.0059104055285549   0
0.435840221114676   0.262971464832689   0.0618617190023089   0.0117977667744525   0
0.315620759368154   0.261994018338683   -0.120219461746523   -0.000977446494005996   0
0.344693253074745   0.268403736368833   0.0290724937065909   0.00640971803015034   0
0.428337252980219   0.297545597207386   0.0836439999054743   0.029141860838553   0
0.497316853843061   0.309228127118556   0.0689796008628416   0.0116825299111702   0
0.553156100386401   0.343926398198074   0.0558392465433404   0.0346982710795175   0
0.389967699754236   0.323799792046721   -0.163188400632165   -0.0201266061513524   0
0.367293061345964   0.314032860992683   -0.0226746384082721   -0.00976693105403798   0
0.43085304353444   0.318310740681178   0.063559982188476   0.00427787968849436   0
0.520639365660387   0.378458905185556   0.0897863221259469   0.0601481645043787   0
0.512076150842196   0.357502363494984   -0.00856321481819033   -0.020956541690572   0
0.475094723099815   0.370452153955811   -0.0369814277423814   0.0129497904608267   0
0.480177756806789   0.348478306773176   0.00508303370697416   -0.0219738471826347   0
0.492177701966972   0.352745741912287   0.0119999451601832   0.00426743513911088   0
0.466584440643117   0.343968134368578   -0.0255932613238559   -0.00877760754370943   0
0.47239701150093   0.356606553071098   0.00581257085781361   0.0126384187025204   0
0.41719600132053   0.340301828173535   -0.0552010101803998   -0.0163047248975635   0
0.288441884531182   0.29392929227452   -0.128754116789348   -0.0463725358990151   0
0.230469458137971   0.284663715275147   -0.0579724263932114   -0.00926557699937253   0
0.381094600773889   0.305039852677072   0.150625142635918   0.0203761374019252   0
0.468361750514162   0.309229787058508   0.0872671497402727   0.00418993438143533   0
0.480110531099881   0.313443004725341   0.0117487805857193   0.00421321766683308   0
0.522521791720776   0.331005163220304   0.0424112606208948   0.0175621584949631   0
0.479198299673955   0.345110597045353   -0.0433234920468205   0.0141054338250491   0
0.451535577614666   0.329943277050011   -0.0276627220592895   -0.0151673199953425   0
0.406965771846048   0.30608349303213   -0.0445698057686175   -0.0238597840178805   0
0.390130028602785   0.305931159098742   -0.0168357432432633   -0.000152333933387649   0
0.405942869001243   0.310608157165101   0.0158128403984574   0.00467699806635852   0
0.403318148939321   0.295196181014   -0.00262472006192194   -0.0154119761511013   0
0.392180374891401   0.30495289652789   -0.0111377740479194   0.0097567155138904   0
0.412031227286671   0.320170241461086   0.0198508523952693   0.0152173449331959   0
0.33840007444219   0.297764320047752   -0.0736311528444802   -0.022405921413334   0
0.354606099140215   0.304640996896757   0.0162060246980247   0.00687667684900534   0
0.422919173956632   0.33183060647038   0.0683130748164171   0.0271896095736225   0
0.444114524318052   0.341501350487447   0.0211953503614203   0.00967074401706713   0
0.488253134739389   0.331459003880193   0.0441386104213366   -0.0100423466072535   0
0.416961599596414   0.331265552313397   -0.0712915351429754   -0.000193451566796288   0
0.390058400994056   0.341083382894125   -0.0269031986023573   0.00981783058072749   0
0.526532710439494   0.403132817694429   0.136474309445438   0.0620494348003047   0
0.431807098215117   0.371239197285254   -0.0947256122243765   -0.0318936204091749   0
0.44523094415174   0.364158434856657   0.0134238459366228   -0.00708076242859745   0
0.450023120215884   0.384447317643458   0.00479217606414384   0.0202888827868012   0
0.511834611768294   0.385759708565449   0.0618114915524098   0.0013123909219907   0
0.579035071793074   0.405483198124781   0.0672004600247799   0.0197234895593317   0
0.511710868008136   0.380247212314897   -0.0673242037849376   -0.025235985809884   0
0.500397803781152   0.373002794687252   -0.0113130642269843   -0.00724441762764494   0
0.51135544739276   0.384730978876799   0.0109576436116084   0.0117281841895474   0
