0.132655517987832   0.094987030361492   0   0   0
0.107860921448085   0.0799040653412735   -0.0247945965397468   -0.0150829650202185   0
0.0840376867463944   0.0804885906703553   -0.0238232347016907   0.000584525329081806   0
0.0945632851764685   0.0726633574373116   0.010525598430074   -0.0078252332330437   0
0.117265983923259   0.0773934746659885   0.0227026987467904   0.0047301172286769   0
0.115115429606743   0.0732378678299177   -0.00215055431651628   -0.00415560683607072   0
0.103892345668052   0.0629993179144425   -0.0112230839386906   -0.0102385499154752   0
0.100299289836618   0.0644679578343769   -0.00359305583143352   0.00146863991993437   0
0.0685109227039572   0.0589011878514559   -0.0317883671326613   -0.00556676998292097   0
0.0660440382134557   0.0569287152416292   -0.00246688449050149   -0.00197247260982678   0
0.0669484235188111   0.0616181692655259   0.000904385305355374   0.00468945402389673   0
0.0919609190170477   0.0502492865599961   0.0250124954982366   -0.0113688827055298   0
0.0612386812887084   0.0504159177641906   -0.0307222377283393   0.000166631204194502   0
0.0824672128749966   0.066874874378611   0.0212285315862882   0.0164589566144204   0
0.0892197800259001   0.036327283118546   0.0067525671509035   -0.0305475912600649   0
0.0857354032334951   0.0370377911955478   -0.00348437679240499   0.000710508077001785   0
0.039553726295798   0.0190061430451032   -0.0461816769376971   -0.0180316481504446   0
0.0373588315481092   0.0190299354493552   -0.00219489474768876   2.37924042519738e-05   0
0.0517611176279348   0.0116588209182362   0.0144022860798256   -0.00737111453111897   0
0.0142417237229979   0.00989116937896627   -0.0375193939049369   -0.00176765153926994   0
0.00560266577209715   0.0192357527283182   -0.0086390579509007   0.0093445833493519   0
0.0179172308688089   0.0186057103274102   0.0123145650967118   -0.000630042400907933   0
0.0161531943558666   0.014904483385324   -0.00176403651294236   -0.00370122694208621   0
0.0485759687904421   0.0113609465514939   0.0324227744345755   -0.00354353683383018   0
0.0269998923118223   0.0119607208832704   -0.0215760764786198   0.000599774331776522   0
0.0219524951357243   0.0180629866632598   -0.00504739717609796   0.00610226577998939   0
0.0514581251198487   0.0156036073936718   0.0295056299841243   -0.00245937926958797   0
0.0391407423177448   0.0180121385281954   -0.0123173828021039   0.00240853113452358   0
0.0365034611174064   0.0203244413317439   -0.00263728120033843   0.00231230280354854   0
0.036975819655126   0.0238812655664168   0.000472358537719583   0.0035568242346729   0
0.0505725152261582   0.0285788052387167   0.0135966955710322   0.00469753967229987   0
0.0663911101924798   0.0326770768023243   0.0158185949663217   0.00409827156360761   0
0.0781927596213997   0.0505739757148378   0.0118016494289199   0.0178968989125135   0
0.0718137215805587   0.0497752172790335   -0.00637903804084104   -0.000798758435804216   0
0.0928061708714458   0.0493507489769152   0.0209924492908871   -0.000424468302118314   0
0.14583812285716   0.0836851790355192   0.0530319519857138   0.0343344300586039   0
0.164458732643427   0.083574698882751   0.018620609786267   -0.000110480152768197   0
0.153483409581394   0.0660575659885376   -0.0109753230620325   -0.0175171328942134   0
0.124913706766311   0.0582566501525148   -0.0285697028150829   -0.00780091583602282   0
0.12276871225019   0.0700564207056712   -0.00214499451612107   0.0117997705531564   0
0.140626919825082   0.0567049617931491   0.0178582075748916   -0.0133514589125221   0
0.135302613757964   0.0582566131924093   -0.00532430606711745   0.00155165139926022   0
0.134243079785514   0.0521986413231226   -0.00105953397244993   -0.00605797186928676   0
0.151266934838583   0.056061623945998   0.0170238550530681   0.00386298262287547   0
0.153059720358875   0.0580233998351743   0.00179278552029205   0.00196177588917622   0
0.176415368249481   0.056061623945998   0.0233556478906064   -0.00196177588917622   0
0.174347671628301   0.0600972650682833   -0.00206769662117973   0.00403564112228523   0
0.230602797176812   0.0912946685376671   0.0562551255485109   0.0311974034693838   0
0.207799452692205   0.0800613105562543   -0.0228033444846071   -0.0112333579814128   0
0.164822361647351   0.0599844123536482   -0.0429770910448546   -0.0200768982026061   0
0.196878122396192   0.0526391181028662   0.0320557607488416   -0.00734529425078194   0
0.192594522166527   0.0511680677890518   -0.00428360022966498   -0.00147105031381445   0
0.213191183475982   0.0554444062143784   0.0205966613094553   0.00427633842532659   0
0.222044526505136   0.0708354259046277   0.0088533430291535   0.0153910196902493   0
0.231391843410696   0.0670597104463627   0.00934731690555998   -0.00377571545826502   0
0.243409965165603   0.0614073149839659   0.012018121754907   -0.00565239546239679   0
0.26872207178693   0.0662872772786189   0.0253121066213272   0.00487996229465298   0
0.265304326972592   0.0789655455736393   -0.00341774481433815   0.0126782682950204   0
0.268888773448476   0.0641068878698888   0.00358444647588452   -0.0148586577037504   0
0.285730947676901   0.0754855849821176   0.0168421742284247   0.0113786971122288   0
0.305746277459488   0.0762568159417898   0.0200153297825867   0.000771230959672159   0
0.308079481317273   0.0840434218886583   0.00233320385778524   0.00778660594686847   0
0.326858880494152   0.0767682086976927   0.0187793991768784   -0.00727521319096558   0
0.30277284412612   0.0769029689765779   -0.0240860363680311   0.000134760278885204   0
0.303258997264401   0.0545044467650257   0.000486153138280654   -0.0223985222115521   0
0.274527934100885   0.078089722586026   -0.0287310631635158   0.0235852758210002   0
0.283730623423451   0.107087289269082   0.00920268932256546   0.0289975666830558   0
0.287148378930928   0.082446916096677   0.00341775550747758   -0.0246403731724048   0
0.288736503726858   0.0738953901233358   0.00158812479592985   -0.00855152597334119   0
0.299177999550853   0.0830451627256519   0.0104414958239945   0.00914977260231606   0
0.252895108177282   0.0721581350329954   -0.0462828913735712   -0.0108870276926565   0
0.316319234720926   0.131073599738468   0.0634241265436448   0.0589154647054721   0
0.337483404668807   0.145076787308902   0.0211641699478811   0.0140031875704348   0
0.318350765028529   0.143621218884511   -0.0191326396402779   -0.00145556842439182   0
0.314293825011326   0.141298644823199   -0.00405694001720353   -0.0023225740613117   0
0.293050549933318   0.150599432349104   -0.0212432750780082   0.0093007875259056   0
0.314178529258732   0.149233640932172   0.0211279793254143   -0.0013657914169323   0
0.341800645192955   0.145853419054723   0.0276221159342224   -0.00338022187744963   0
0.369475151322699   0.151896983057071   0.0276745061297448   0.0060435640023481   0
0.346662621731057   0.164567571664074   -0.0228125295916423   0.012670588607003   0
0.36968256042018   0.16427784438338   0.0230199386891228   -0.000289727280693652   0
0.382129193183353   0.150989595655835   0.0124466327631726   -0.0132882487275451   0
0.397640835738195   0.15878318752708   0.0155116425548422   0.00779359187124562   0
0.440497504095086   0.167984705369923   0.0428566683568909   0.00920151784284304   0
0.423403312081294   0.168127545171374   -0.0170941920137913   0.0001428398014508   0
0.408143328883139   0.164181686187323   -0.0152599831981556   -0.00394585898405159   0
0.43124472195315   0.196273367607611   0.0231013930700116   0.0320916814202886   0
0.442451614560643   0.191291728931415   0.0112068926074927   -0.00498163867619617   0
0.406854615780551   0.174611783396088   -0.0355969987800919   -0.0166799455353267   0
0.394693641844216   0.183121726313332   -0.0121609739363355   0.00850994291724391   0
0.420051883330774   0.193292837066412   0.0253582414865581   0.0101711107530797   0
0.418976901288413   0.198663532110885   -0.00107498204236106   0.0053706950444726   0
0.389749964255419   0.209540810616769   -0.0292269370329942   0.010877278505884   0
0.421043519274053   0.222759012321954   0.0312935550186346   0.0132182017051855   0
0.48599908936176   0.230722125921275   0.0649555700877069   0.00796311359932048   0
0.496502167096711   0.236096272193199   0.0105030777349507   0.0053741462719242   0
0.496013967053186   0.244507312060729   -0.000488200043524234   0.00841103986752972   0
0.538210398968203   0.250447270210368   0.0421964319150168   0.0059399581496393   0
0.56833638119001   0.254089445900814   0.030125982221807   0.00364217569044584   0
0.610348241270285   0.272565595712927   0.0420118600802747   0.0184761498121129   0
0.551515988129991   0.30493703163821   -0.0588322531402942   0.0323714359252831   0
0.566139621620072   0.287146867368308   0.0146236334900813   -0.0177901642699012   0
0.555212499905982   0.289404266767596   -0.01092712171409   0.00225739939928776   0
0.559035209195968   0.285902597807833   0.00382270928998629   -0.00350166895976373   0
0.607373545514628   0.292317813444075   0.0483383363186598   0.00641521563624242   0
0.610391102297576   0.291274879818197   0.00301755678294802   -0.00104293362587815   0
0.582071893690736   0.286067118950108   -0.0283192086068397   -0.00520776086808916   0
0.532630616306556   0.308254356254429   -0.04944127738418   0.0221872373043216   0
0.563896862204118   0.324720763996561   0.0312662458975614   0.0164664077421313   0
0.618548481385309   0.345850249868957   0.0546516191811915   0.0211294858723964   0
0.666302412363545   0.360013805990131   0.047753930978236   0.0141635561211745   0
0.724621177557046   0.410724340752103   0.0583187651935007   0.050710534761972   0
0.654436284607475   0.37327282546994   -0.0701848929495713   -0.0374515152821632   0
0.647330322088084   0.338944928766747   -0.00710596251939044   -0.0343278967031935   0
0.62406118172837   0.353610970904107   -0.0232691403597138   0.01466604213736   0
0.670161057560382   0.362277869681012   0.0460998758320117   0.00866689877690552   0
0.684415832608733   0.385412166778379   0.0142547750483504   0.0231342970973666   0
0.704775288753855   0.384605642317491   0.0203594561451227   -0.000806524460887637   0
0.729135066618744   0.391297124703089   0.0243597778648887   0.00669148238559797   0
0.704930306956291   0.39021567279469   -0.0242047596624534   -0.00108145190839926   0
0.754634033019092   0.392087150751261   0.049703726062801   0.0018714779565715   0
0.829995501375134   0.409385685709418   0.0753614683560423   0.0172985349581561   0
0.814538207827454   0.399567967317283   -0.0154572935476803   -0.00981771839213497   0
0.793465751363624   0.402674623358689   -0.0210724564638298   0.00310665604140692   0
0.789285465066153   0.393621843991378   -0.00418028629747103   -0.00905277936731169   0
0.858902026981168   0.423801353724103   0.0696165619150158   0.0301795097327255   0
0.806722808512373   0.418186555691267   -0.0521792184687959   -0.00561479803283654   0
0.533985764177707   0.343823352044407   -0.272737044334665   -0.0743632036468594   0
0.672834748698624   0.38178995620197   0.138848984520916   0.0379666041575631   0
0.664199787239239   0.346855386159711   -0.00863496145938492   -0.0349345700422591   0
0.661720641162764   0.343888532115455   -0.00247914607647448   -0.00296685404425612   0
0.733247504509555   0.376969435827482   0.0715268633467908   0.0330809037120267   0
0.772831674308947   0.334565231838262   0.0395841697993917   -0.04240420398922   0
0.756829739874068   0.387168946813636   -0.0160019344348785   0.0526037149753739   0
0.773157501032468   0.370187364778783   0.0163277611583993   -0.0169815820348524   0
0.859073048943692   0.370150433163467   0.0859155479112239   -3.69316153165378e-05   0
0.878985240601825   0.382049168714984   0.0199121916581338   0.0118987355515168   0
0.65160301480792   0.295879773064944   -0.227382225793906   -0.0861693956500401   0
0.83257681743734   0.414414508103846   0.180973802629421   0.118534735038902   0
0.896393461705991   0.397759145393151   0.0638166442686507   -0.0166553627106947   0
0.91801460363094   0.404086623717951   0.021621141924949   0.00632747832479935   0
0.951570633756258   0.399871209447442   0.033556030125318   -0.00421541427050853   0
1.00093063764092   0.405620177846927   0.049360003884665   0.00574896839948469   0
0.966224099655386   0.397710339947684   -0.0347065379855366   -0.00790983789924249   0
1.06207342726722   0.423297501833226   0.0958493276118381   0.0255871618855418   0
1.10181541834809   0.422619470775605   0.0397419910808625   -0.000678031057620931   0
1.1062747454141   0.406205111823525   0.00445932706601671   -0.01641435895208   0
1.10168061062319   0.411934059090848   -0.00459413479091131   0.00572894726732315   0
1.16040690816724   0.475817585547497   0.0587262975440459   0.0638835264566492   0
1.18106227428859   0.46573926403199   0.0206553661213535   -0.0100783215155072   0
1.11102161663105   0.391892974434414   -0.070040657657539   -0.0738462895975759   0
1.08648093083388   0.39690838979392   -0.0245406857971748   0.00501541535950584   0
1.12524894915192   0.406919508867466   0.0387680183180374   0.0100111190735462   0
1.14100019216337   0.432694015626297   0.0157512430114513   0.0257745067588305   0
1.14487370586531   0.453720910151342   0.00387351370194366   0.0210268945250454   0
1.12966961390422   0.45635951064628   -0.0152040919610947   0.00263860049493819   0
1.16115206227121   0.464133423107343   0.0314824483669969   0.00777391246106279   0
0.882273709249578   0.354200915934389   -0.278878353021634   -0.109932507172954   0
0.901721332107481   0.573869906873738   0.0194476228579026   0.219668990939349   0
1.06480328519262   0.514492527543183   0.163081953085141   -0.0593773793305553   0
1.16456678127244   0.559481504253045   0.0997634960798175   0.0449889767098625   0
1.17518268054708   0.552155251687804   0.0106158992746357   -0.00732625256524078   0
1.17582962234824   0.542329061070758   0.0006469418011672   -0.00982619061704626   0
1.17642937055875   0.535053280290982   0.00059974821050468   -0.00727578077977598   0
1.18832994688264   0.522304506670173   0.011900576323894   -0.0127487736208091   0
1.10700575940379   0.451674685893301   -0.0813241874788473   -0.0706298207768715   0
1.12524295098935   0.483373092606788   0.0182371915855517   0.0316984067134861   0
1.0377533364069   0.430834618369845   -0.0874896145824466   -0.0525384742369425   0
1.18241340846106   0.510450126298094   0.144660072054166   0.0796155079282488   0
1.23640599103985   0.519377146401688   0.0539925825787879   0.0089270201035937   0
1.27308452945289   0.558250934985399   0.036678538413039   0.0388737885837118   0
1.2707620172156   0.531019396223612   -0.00232251223729296   -0.0272315387617869   0
1.29965514508881   0.544216403551878   0.0288931278732141   0.013197007328265   0
1.30265017289556   0.530129143411747   0.00299502780675054   -0.0140872601401306   0
1.31701141659965   0.535449071919564   0.0143612437040841   0.00531992850781726   0
1.32831367406373   0.530343952980224   0.0113022574640846   -0.00510511893934018   0
1.35686940360023   0.522932142011086   0.0285557295365004   -0.00741181096913812   0
1.42121759958142   0.539152626371441   0.0643481959811865   0.0162204843603549   0
1.39210133740714   0.544164940953175   -0.0291162621742767   0.00501231458173423   0
1.41647384238584   0.526362839924678   0.0243725049786963   -0.0178021010284968   0
1.50020665628189   0.528334021929851   0.0837328138960518   0.00197118200517299   0
1.50839084356174   0.545638026744748   0.00818418727985071   0.0173040048148969   0
1.49963600750289   0.547025760509009   -0.00875483605884786   0.00138773376426116   0
1.51690824053364   0.546610548846443   0.0172722330307467   -0.000415211662565973   0
1.55176182549268   0.547189303154046   0.0348535849590388   0.000578754307602236   0
1.5542528853132   0.56323667421117   0.00249105982051923   0.0160473710571246   0
1.59340710734226   0.551333941284191   0.0391542220290659   -0.0119027329269791   0
1.60498459328074   0.558804725777449   0.0115774859384725   0.00747078449325789   0
1.61057878384598   0.539507125760365   0.00559419056524502   -0.0192976000170844   0
1.62138121757889   0.6144020862868   0.0108024337329078   0.0748949605264353   0
1.66149587037085   0.669823443159157   0.0401146527919647   0.0554213568723568   0
1.66806563676551   0.646889730750939   0.00656976639466023   -0.0229337124082176   0
1.62000170388187   0.631159403155938   -0.0480639328836463   -0.015730327595001   0
1.66753846060984   0.616885614089233   0.0475367567279772   -0.0142737890667053   0
1.63711219464774   0.632720950914036   -0.0304262659621048   0.0158353368248035   0
1.69364043496892   0.612886807339177   0.0565282403211764   -0.0198341435748589   0
1.65373913460164   0.600580743799785   -0.0399013003672768   -0.0123060635393928   0
1.42058266562074   0.585591877307995   -0.233156468980898   -0.0149888664917892   0
1.67871937906004   0.623106688323198   0.2581367134393   0.0375148110152023   0
1.67189597122184   0.627619774197374   -0.00682340783820412   0.00451308587417609   0
1.61053799044313   0.614849037447128   -0.0613579807787024   -0.0127707367502458   0
1.60422657754731   0.607867164231635   -0.00631141289582349   -0.00698187321549271   0
1.7033443242734   0.599082998045239   0.09911774672609   -0.00878416618639588   0
1.68101608751075   0.601739540502816   -0.0223282367626483   0.00265654245757652   0
1.7123281933423   0.607060785978274   0.0313121058315424   0.00532124547545831   0
1.77925647448302   0.63424190245688   0.0669282811407288   0.0271811164786057   0
1.8377137728171   0.648572320423337   0.0584572983340734   0.0143304179664575   0
1.75618283241508   0.621431895654101   -0.0815309404020215   -0.0271404247692361   0
1.78273524543078   0.618219912274283   0.0265524130157084   -0.0032119833798181   0
1.81951528916383   0.627532958886623   0.0367800437330437   0.00931304661233978   0
1.82656230805636   0.642517047724028   0.00704701889253267   0.0149840888374045   0
1.8304345806144   0.625466943265422   0.00387227255804135   -0.0170501044586057   0
1.87084241935022   0.655052018129858   0.0404078387358198   0.0295850748644365   0
1.9003529286036   0.660060267382307   0.0295105092533767   0.00500824925244847   0
1.87837674673139   0.638083982559054   -0.0219761818722037   -0.0219762848232533   0
1.86800479632823   0.652100759423726   -0.0103719504031641   0.0140167768646726   0
1.86964150712806   0.648013915503556   0.00163671079983096   -0.00408684392016978   0
1.87400861524826   0.631467850377397   0.00436710812019503   -0.0165460651261597   0
1.91412776175145   0.889423602958046   0.0401191465031892   0.25795575258065   0
1.84073152715198   0.844876766086518   -0.0733962345994688   -0.0445468368715285   0
1.91327884032746   0.807605649356202   0.0725473131754875   -0.0372711167303159   0
1.90732634903035   0.799311694895272   -0.00595249129711317   -0.00829395446092984   0
1.94693347863395   0.779646251982115   0.0396071296035971   -0.0196654429131567   0
1.91557443837781   0.755410542245976   -0.0313590402561355   -0.024235709736139   0
1.90366759750432   0.729429629197925   -0.0119068408734955   -0.0259809130480512   0
1.92677185948399   0.737003322697082   0.023104261979674   0.00757369349915737   0
1.94753805650011   0.739235603246058   0.0207661970161144   0.00223228054897506   0
1.98527551711512   0.752382883609011   0.0377374606150094   0.0131472803629531   0
1.99635994989489   0.749950596057907   0.0110844327797757   -0.0024322875511037   0
2.05109614097024   0.75071853257063   0.054736191075349   0.000767936512723   0
2.00779408951198   0.763977248759739   -0.0433020514582583   0.0132587161891088   0
2.08447729310709   0.777820867905972   0.0766832035951106   0.0138436191462334   0
1.99952850082858   0.77211057289306   -0.0849487922785128   -0.00571029501291176   0
1.99591263082798   0.762088356230595   -0.00361587000059482   -0.0100222166624655   0
1.98617985950404   0.76170607369723   -0.00973277132394124   -0.000382282533364808   0
2.02747035866475   0.773304207603644   0.0412904991607113   0.011598133906414   0
2.00529376047577   0.745483222552493   -0.0221765981889885   -0.0278209850511508   0
2.00287991279106   0.75079212093778   -0.00241384768470221   0.0053088983852867   0
2.04104752746356   0.748284820969596   0.0381676146724983   -0.00250729996818411   0
2.01680792048243   0.772464416070572   -0.0242396069811357   0.0241795951009763   0
2.00532755989419   0.750441240493884   -0.0114803605882399   -0.0220231755766878   0
1.98162317537045   0.746019849987418   -0.023704384523733   -0.00442139050646617   0
2.02956067446865   0.767343946476415   0.0479374990981982   0.0213240964889971   0
2.04781786107662   0.765873337968002   0.0182571866079679   -0.00147060850841296   0
2.04803596901209   0.748877098565746   0.000218107935469725   -0.0169962394022565   0
2.02741416904546   0.759165675124508   -0.0206217999666305   0.0102885765587619   0
2.04110696810813   0.764676962750285   0.0136927990626701   0.00551128762577668   0
2.03202195900854   0.754414803755202   -0.00908500909959065   -0.0102621589950824   0
2.05952642029109   0.782904722906306   0.0275044612825561   0.028489919151104   0
2.03296309134823   0.77965620141252   -0.0265633289428604   -0.00324852149378607   0
