0.0726523251333885   0.383169778834474   0   0   0
0.0797164632377152   0.411706664257336   0.00706413810432668   0.0285368854228613   0
0.0852364605196397   0.39699290524977   0.00551999728192451   -0.0147137590075661   0
0.0719618381814038   0.370149702775836   -0.0132746223382359   -0.0268432024739332   0
0.059436453319659   0.372938126437312   -0.0125253848617448   0.00278842366147569   0
0.066360751289467   0.398033416647902   0.00692429796980807   0.0250952902105902   0
0.0735234428674963   0.400144778962006   0.00716269157802932   0.00211136231410353   0
0.0634776751126725   0.40066980897168   -0.0100457677548239   0.000525030009674132   0
0.0633388179861323   0.395695631283948   -0.000138857126540159   -0.0049741776877314   0
0.0569801123268461   0.384901674493178   -0.00635870565928622   -0.0107939567907703   0
0.0782678332556952   0.309694855391   0.021287720928849   -0.075206819102178   0
0.0792370408157959   0.197102184369073   0.000969207560100716   -0.112592671021927   0
0.0789982085420701   0.194224899919275   -0.000238832273725759   -0.00287728444979762   0
0.0590840544836625   0.18402098380593   -0.0199141540584076   -0.0102039161133449   0
0.045140690023193   0.15219560934565   -0.0139433644604695   -0.03182537446028   0
0.0433779600678732   0.178489248286346   -0.00176272995531988   0.026293638940696   0
0.00849061735940326   0.109750507093418   -0.0348873427084699   -0.0687387411929279   0
0.0632714571405622   0.0895411902903491   0.0547808397811589   -0.0202093168030694   0
0.0777756462356951   0.083063719982207   0.0145041890951329   -0.00647747030814201   0
0.0134113018383936   0.0401660092439291   -0.0643643443973015   -0.0428977107382779   0
0.0118181935830693   0.0197772178006492   -0.00159310825532433   -0.0203887914432799   0
0.0241522575028195   0.00660601683222386   0.0123340639197502   -0.0131712009684254   0
0.0125026485770736   0.0348815119585218   -0.0116496089257459   0.0282754951262979   0
0.0288584923101069   0.0609701867688217   0.0163558437330333   0.0260886748102999   0
0.0335537037189578   0.0922474492427433   0.00469521140885084   0.0312772624739216   0
0.0671624145556129   0.0869786890689898   0.0336087108366551   -0.00526876017375352   0
0.0476425516514219   0.0803730441522685   -0.019519862904191   -0.00660564491672128   0
0.0482386753091334   0.122522297487651   0.000596123657711584   0.0421492533353827   0
0.140791245524748   0.0952965919344575   0.092552570215615   -0.0272257055531937   0
0.0641845023159797   0.053457289425344   -0.0766067432087688   -0.0418393025091134   0
0.057050176057397   0.0675769758412952   -0.00713432625858262   0.0141196864159512   0
0.0740114186729318   0.0631951571887039   0.0169612426155348   -0.0043818186525913   0
0.0829160923408719   0.085083087387036   0.00890467366794011   0.021887930198332   0
0.0584535775010392   0.102581277584667   -0.0244625148398327   0.017498190197631   0
0.0685340516924588   0.112052511149472   0.0100804741914195   0.00947123356480481   0
0.0703532646831688   0.14170050463796   0.00181921299071   0.0296479934884881   0
0.0766227175887152   0.145072556008545   0.00626945290554641   0.00337205137058535   0
0.105161985681566   0.168960877224463   0.0285392680928513   0.0238883212159175   0
0.184088135491916   0.179808076178463   0.0789261498103494   0.0108471989540004   0
0.134832734092171   0.176662396059751   -0.0492554013997453   -0.00314568011871166   0
0.195151390489768   0.131214940183883   0.0603186563975976   -0.0454474558758685   0
0.139305799421453   0.130246073734384   -0.0558455910683156   -0.000968866449499395   0
0.104177048425841   0.12781786046852   -0.0351287509956118   -0.00242821326586379   0
0.115944397265457   0.152817749291632   0.0117673488396156   0.0249998888231119   0
0.0924071179499853   0.181910006926674   -0.0235372793154712   0.029092257635042   0
0.080682457293082   0.205914184856975   -0.0117246606569033   0.0240041779303013   0
0.0967940854861494   0.208108370882967   0.0161116281930674   0.00219418602599183   0
0.134275728446954   0.217720431289906   0.0374816429608041   0.00961206040693871   0
0.110686623855189   0.229216677815991   -0.023589104591765   0.0114962465260858   0
0.105231068098447   0.248387613880126   -0.0054555557567415   0.0191709360641345   0
0.119441111584035   0.252522171211881   0.0142100434855884   0.00413455733175494   0
0.115680745798123   0.2652494375179   -0.00376036578591218   0.0127272663060195   0
0.133097912679801   0.269486301205298   0.017417166881678   0.00423686368739745   0
0.133210266765028   0.277010211098346   0.000112354085227029   0.00752390989304774   0
0.15759441293504   0.282580761679847   0.024384146170012   0.00557055058150147   0
0.147796121728041   0.288171671437461   -0.00979829120699904   0.005590909757614   0
0.122911245997956   0.300835839421291   -0.0248848757300855   0.0126641679838295   0
0.180162380760635   0.291770896425449   0.0572511347626792   -0.00906494299584171   0
0.165530208718318   0.308216155052846   -0.0146321720423167   0.0164452586273971   0
0.173529076114322   0.301002448237651   0.00799886739600328   -0.00721370681519462   0
0.145305197811228   0.305744967342162   -0.0282238783030939   0.00474251910451118   0
0.139848628960387   0.300713399334083   -0.00545656885084064   -0.00503156800807902   0
0.140459460533351   0.304103986571243   0.000610831572964043   0.00339058723715913   0
0.147678728257424   0.218611623970593   0.00721926772407266   -0.0854923626006495   0
0.151297621121748   0.27973800077716   0.00361889286432432   0.0611263768065671   0
0.145722535046437   0.274161719135002   -0.00557508607531124   -0.00557628164215773   0
0.150541011294398   0.280507943861582   0.004818476247961   0.00634622472657959   0
0.177468030648565   0.287279135677497   0.0269270193541672   0.0067711918159154   0
0.156451338836873   0.285424279201087   -0.0210166918116921   -0.00185485647641059   0
0.149298462699989   0.298251072341325   -0.0071528761368839   0.0128267931402377   0
0.135675021939265   0.30709909233635   -0.0136234407607241   0.00884801999502549   0
0.15134152537919   0.294476621557315   0.0156665034399251   -0.0126224707790352   0
0.159178821457881   0.258519008461293   0.00783729607869119   -0.035957613096022   0
0.16244969021097   0.276016685747986   0.00327086875308846   0.0174976772866932   0
0.144535660908096   0.289300837819492   -0.017914029302874   0.0132841520715059   0
0.181184709023195   0.283004783745894   0.0366490481150998   -0.00629605407359835   0
0.184645205836518   0.270370818261235   0.00346049681332231   -0.0126339654846582   0
0.156670042614566   0.288327130844554   -0.0279751632219515   0.0179563125833184   0
0.160386620473935   0.283222374399075   0.00371657785936855   -0.00510475644547853   0
0.216576305079757   0.244168194875013   0.0561896846058222   -0.039054179524062   0
0.341678249814486   0.198956408182201   0.125101944734728   -0.0452117866928128   0
0.200035141323468   0.216423778394381   -0.141643108491017   0.0174673702121801   0
0.18111889148356   0.186498827408512   -0.0189162498399084   -0.0299249509858686   0
0.0924424566292999   0.193241485353172   -0.0886764348542601   0.00674265794465936   0
0.112359977984245   0.197219598424548   0.019917521354945   0.00397811307137652   0
0.146447423360092   0.1971765669939   0.034087445375847   -4.30314306478496e-05   0
0.149425952434642   0.237497396156779   0.00297852907455043   0.0403208291628788   0
0.144187499914972   0.230590150890059   -0.00523845251967051   -0.00690724526672035   0
0.176569064403139   0.230598940270765   0.0323815644881676   8.78938070675295e-06   0
0.179476856202966   0.217107720029137   0.00290779179982623   -0.0134912202416287   0
0.149300972213077   0.245663765296187   -0.0301758839898886   0.0285560452670502   0
0.171702432253011   0.239210253154521   0.0224014600399344   -0.0064535121416659   0
0.16146977983821   0.27018222577827   -0.0102326524148015   0.0309719726237489   0
0.156978459168161   0.255508772266727   -0.00449132067004895   -0.0146734535115432   0
0.145384588415588   0.260280795296637   -0.0115938707525728   0.00477202302991064   0
0.147078998300573   0.245777518022906   0.0016944098849849   -0.0145032772737311   0
0.170296023913801   0.259985782035768   0.0232170256132282   0.014208264012862   0
0.145704568454321   0.245630579919317   -0.02459145545948   -0.0143552021164512   0
0.157533459633597   0.251927532068252   0.0118288911792752   0.00629695214893464   0
0.167424938014861   0.256691614770526   0.00989147838126431   0.00476408270227408   0
0.141413624135512   0.254796135061935   -0.0260113138793484   -0.00189547970859044   0
0.159575123132273   0.244514826817312   0.0181614989967603   -0.0102813082446235   0
0.166147121927796   0.24459715546077   0.00657199879552353   8.2328643457974e-05   0
0.113642617395852   0.238981216323585   -0.0525045045319443   -0.00561593913718508   0
0.164516602983407   0.241807785040102   0.0508739855875551   0.0028265687165169   0
0.165458381572195   0.244479928204239   0.000941778588787634   0.00267214316413764   0
0.162844179163641   0.234442130012398   -0.00261420240855378   -0.0100377981918416   0
0.162281121669589   0.242138305021634   -0.000563057494051805   0.00769617500923661   0
0.184353599960402   0.246261595336138   0.022072478290813   0.00412329031450415   0
0.15739175857973   0.19435434711179   -0.0269618413806722   -0.0519072482243488   0
0.147786764605123   0.18185412711154   -0.00960499397460712   -0.01250022000025   0
0.168233678470335   0.227556805812307   0.0204469138652119   0.0457026787007674   0
0.13752826408346   0.215817992335231   -0.0307054143868745   -0.0117388134770756   0
0.112845785535881   0.239213065162629   -0.0246824785475796   0.0233950728273972   0
0.141042032936285   0.226729651623911   0.0281962474004039   -0.0124834135387177   0
0.149033330858235   0.242931033094786   0.00799129792194989   0.0162013814708751   0
0.198385641207346   0.233933144051885   0.0493523103491119   -0.00899788904290094   0
0.151533025877034   0.232129839440129   -0.046852615330312   -0.00180330461175621   0
0.149799336990422   0.238690520581568   -0.00173368888661252   0.00656068114143926   0
0.153276601124144   0.252487879035806   0.00347726413372226   0.0137973584542383   0
0.142237897290314   0.257812035957885   -0.0110387038338299   0.00532415692207899   0
0.154627419672741   0.239004862114247   0.0123895223824268   -0.0188071738436389   0
0.149497249359746   0.240560100542983   -0.00513017031299534   0.00155523842873626   0
0.168036167803155   0.249909623130543   0.018538918443409   0.00934952258756017   0
0.188219204993019   0.252333968024026   0.0201830371898642   0.0024243448934827   0
0.186243274884464   0.254504728648114   -0.00197593010855501   0.00217076062408811   0
0.166177283513963   0.261483015254337   -0.0200659913705011   0.00697828660622357   0
0.176944845491865   0.273753168541023   0.0107675619779022   0.0122701532866862   0
0.203547578695744   0.250259076807915   0.0266027332038787   -0.0234940917331083   0
0.139660657942743   0.263049024702146   -0.0638869207530003   0.0127899478942304   0
0.221795547149622   0.250194476859982   0.082134889206879   -0.0128545478421637   0
0.225992146170038   0.260154052813597   0.00419659902041594   0.00995957595361546   0
0.204457137646207   0.213073850042796   -0.0215350085238315   -0.0470802027708011   0
0.192749383366484   0.186044276348562   -0.0117077542797225   -0.0270295736942345   0
0.179475319206124   0.190939605004593   -0.0132740641603607   0.00489532865603126   0
0.189721025607733   0.189753383222144   0.010245706401609   -0.00118622178244857   0
0.222066417667373   0.153237901086839   0.0323453920596399   -0.0365154821353049   0
0.133863704431112   0.1712784401355   -0.0882027132362611   0.0180405390486603   0
0.147194415674101   0.161352008128966   0.0133307112429893   -0.00992643200653356   0
0.174583976436366   0.145544718259544   0.0273895607622651   -0.0158072898694224   0
0.173771088858302   0.150426435117801   -0.000812887578063692   0.00488171685825717   0
0.190304332640584   0.169666318181453   0.0165332437822818   0.0192398830636518   0
0.201099067631598   0.161214765096904   0.0107947349910141   -0.00845155308454867   0
0.181875384346363   0.156841340086088   -0.0192236832852349   -0.00437342501081592   0
0.180331404343092   0.16382722710908   -0.00154398000327169   0.00698588702299149   0
0.153715679191064   0.158461506393509   -0.0266157251520279   -0.00536572071557107   0
0.166086555956352   0.17150143782269   0.0123708767652885   0.0130399314291813   0
0.192206793076537   0.159563306284684   0.0261202371201847   -0.0119381315380056   0
0.13932784684789   0.163952590441566   -0.0528789462286464   0.004389284156882   0
0.221205775500962   0.167736937430311   0.0818779286530718   0.00378434698874441   0
0.124276550567072   0.231708628388112   -0.0969292249338902   0.0639716909578008   0
0.110025866811128   0.509569552993014   -0.0142506837559443   0.277860924604902   1
0.0420020661557988   0.398738236368485   -0.0680238006553288   -0.110831316624528   0
0.0501345429089725   0.369621034799374   0.00813247675317367   -0.0291172015691113   0
0.102103519899105   0.357763242234875   0.0519689769901324   -0.0118577925644988   0
0.0902542106023868   0.331043088341325   -0.011849309296718   -0.0267201538935499   0
0.106962423072825   0.285159569497869   0.0167082124704381   -0.0458835188434562   0
0.103485323736025   0.272403030150644   -0.00347709933679947   -0.0127565393472254   0
0.0888445209007849   0.278946846331037   -0.0146408028352406   0.00654381618039279   0
0.108940482270504   0.279157283892074   0.0200959613697191   0.000210437561037502   0
0.096985088098751   0.279677117833623   -0.011955394171753   0.000519833941549419   0
0.0858198693466618   0.269623058012983   -0.0111652187520893   -0.0100540598206402   0
0.102627368557564   0.283550618842602   0.0168074992109018   0.0139275608296187   0
0.100599245931319   0.27748719693262   -0.00202812262624463   -0.00606342190998216   0
0.127680659052184   0.276513147987618   0.0270814131208648   -0.000974048945001416   0
0.118752620415551   0.262099763500985   -0.00892803863663252   -0.0144133844866329   0
0.11488627553285   0.243406959156928   -0.00386634488270095   -0.0186928043440573   0
0.0918022140435077   0.244851782883079   -0.0230840614893426   0.00144482372615087   0
0.117122054088886   0.246907308869893   0.0253198400453786   0.00205552598681347   0
0.135933800759782   0.245775256741342   0.0188117466708953   -0.00113205212855064   0
0.10103770680371   0.287907280514096   -0.0348960939560719   0.0421320237727543   0
0.131459766538854   0.276137391602935   0.0304220597351444   -0.0117698889111615   0
0.110149043134564   0.278044097217101   -0.0213107234042902   0.001906705614166   0
0.113644642369625   0.267198897357423   0.00349559923506133   -0.010845199859678   0
0.111308279885533   0.268099866430478   -0.00233636248409237   0.000900969073055091   0
0.0641474047800065   0.256873490901557   -0.0471608751055263   -0.0112263755289204   0
0.119992583778415   0.254999416268258   0.0558451789984088   -0.00187407463329908   0
0.0907592193362746   0.233713315442768   -0.0292333644421406   -0.0212861008254901   0
0.121863102128782   0.230552761943361   0.0311038827925076   -0.00316055349940741   0
0.13624335698657   0.238988014143919   0.014380254857788   0.00843525220055855   0
0.129618142871061   0.238098568026401   -0.00662521411550873   -0.000889446117518816   0
0.143597608030416   0.227696669608348   0.0139794651593542   -0.0104018984180529   0
0.131108538218417   0.212422470693898   -0.0124890698119991   -0.0152741989144493   0
0.123526886611782   0.229688764446375   -0.00758165160663479   0.017266293752477   0
0.132144603309405   0.230809885236643   0.00861771669762315   0.00112112079026785   0
0.131839979837415   0.228644312866674   -0.000304623471989923   -0.00216557236996931   0
0.131294030026997   0.231301906482961   -0.000545949810417945   0.00265759361628723   0
0.127908294820954   0.220555340893669   -0.00338573520604299   -0.0107465655892922   0
0.110850797996226   0.211036878086444   -0.0170574968247286   -0.00951846280722524   0
0.115796794194522   0.227222515505886   0.00494599619829611   0.0161856374194421   0
0.127805927960717   0.222959353612269   0.0120091337661954   -0.00426316189361631   0
0.128199800233269   0.218598683809398   0.000393872272551637   -0.00436066980287178   0
0.143799084851463   0.224760013568252   0.0155992846181948   0.00616132975885478   0
0.161487267770094   0.226329327668392   0.0176881829186304   0.00156931410013969   0
0.148404863212435   0.215612671787748   -0.0130824045576587   -0.0107166558806444   0
0.156814185239123   0.286803339692358   0.00840932202668784   0.0711906679046101   0
0.086496916502902   0.286546003786146   -0.0703172687362211   -0.000257335906211908   0
0.200019786447141   0.267592952375287   0.113522869944239   -0.0189530514108592   0
1.49325939705055   0.324488755094071   1.2932396106034   0.0568958027187842   1
0.593279230243854   0.392835478323038   -0.899980166806692   0.068346723228967   1
0.368828010426554   0.384693316371057   -0.2244512198173   -0.00814216195198048   0
0.378410297336423   0.370084436893677   0.00958228690986918   -0.0146088794773804   0
0.452374218176456   0.418347801843995   0.0739639208400333   0.048263364950318   0
0.470996525929183   0.412614532797952   0.0186223077527273   -0.00573326904604277   0
0.475635848142253   0.385682012402056   0.00463932221306917   -0.0269325203958959   0
0.439041664215368   0.368906844073558   -0.0365941839268845   -0.0167751683284983   0
0.453817039139167   0.403687600593395   0.0147753749237986   0.0347807565198371   0
0.485312441602315   0.380428347564295   0.0314954024631479   -0.0232592530291002   0
0.524367565026671   0.324863847518526   0.0390551234243564   -0.0555645000457691   0
0.529352310591916   0.33591273685483   0.00498474556524475   0.0110488893363046   0
0.524388729731103   0.341235517176187   -0.0049635808608125   0.00532278032135686   0
0.501159161558481   0.324780713456018   -0.0232295681726219   -0.0164548037201694   0
0.526155251787911   0.311221935109815   0.0249960902294296   -0.0135587783462025   0
0.519200674454493   0.314226770576927   -0.00695457733341831   0.00300483546711194   0
0.50134119271909   0.292344019928535   -0.0178594817354023   -0.0218827506483926   0
0.491104770730238   0.282661893343002   -0.0102364219888519   -0.00968212658553252   0
0.448941895199145   0.272931152102445   -0.0421628755310935   -0.00973074124055689   0
0.480870202999728   0.27204560079562   0.0319283078005835   -0.000885551306824994   0
0.527466884049606   0.253019680027073   0.0465966810498771   -0.0190259207685471   0
0.538381154354422   0.247769825414986   0.0109142703048165   -0.00524985461208749   0
0.515814364394789   0.249007416353514   -0.0225667899596332   0.00123759093852874   0
0.51381195102294   0.266605847380365   -0.00200241337184892   0.0175984310268505   0
0.516321163704336   0.270543748285282   0.00250921268139637   0.00393790090491697   0
0.487814188882406   0.270007485240391   -0.0285069748219299   -0.000536263044890906   0
0.500062720230173   0.274063839877906   0.0122485313477664   0.00405635463751497   0
0.483075815711157   0.272287872591716   -0.0169869045190154   -0.00177596728619012   0
0.54720112561105   0.272032954980164   0.0641253098998925   -0.000254917611551775   0
0.54345475757417   0.285867579086017   -0.00374636803687978   0.0138346241058526   0
0.540622509300159   0.257436857821603   -0.00283224827401152   -0.0284307212644141   0
0.475295649092226   0.254025983649311   -0.0653268602079329   -0.00341087417229158   0
0.460266906230504   0.231775623002835   -0.0150287428617211   -0.0222503606464755   0
0.490546349131252   0.223217432352006   0.0302794429007474   -0.00855819065082919   0
0.503691609368272   0.24467983976227   0.0131452602370202   0.0214624074102635   0
0.611838050373626   0.236286183966604   0.108146441005354   -0.00839365579566539   0
0.379604057548125   0.237062592343778   -0.232233992825502   0.000776408377174076   0
0.538313698695287   0.20875891925904   0.158709641147162   -0.0283036730847382   0
0.546729901422997   0.2277458197888   0.00841620272771026   0.0189869005297596   0
0.513932880996147   0.24993853387091   -0.0327970204268498   0.0221927140821101   0
0.471824372416263   0.231935592048897   -0.0421085085798846   -0.0180029418220127   0
0.494593654834956   0.242404744662207   0.0227692824186938   0.0104691526133102   0
0.518720133014904   0.241809678653482   0.0241264781799479   -0.000595066008725942   0
0.504289999149299   0.245978958521862   -0.0144301338656052   0.00416927986838064   0
0.501534836729215   0.252262071050624   -0.00275516242008433   0.00628311252876171   0
0.499473348716426   0.244298802312353   -0.00206148801278921   -0.00796326873827116   0
0.494600022828548   0.268489750280155   -0.0048733258878777   0.0241909479678023   0
0.477132677024955   0.265801687736365   -0.0174673458035929   -0.00268806254379017   0
0.487569684464693   0.24197333743514   0.0104370074397377   -0.0238283503012251   0
0.678682866072402   0.279732627033834   0.191113181607709   0.0377592895986942   0
0.506148084533726   0.278999235775387   -0.172534781538676   -0.000733391258446847   0
0.527698868244949   0.253367245527165   0.0215507837112229   -0.0256319902482225   0
