0.141535832406426   0.103395752706736   0   0   0
0.138699166003477   0.0895475403385822   -0.00283666640294955   -0.0138482123681538   0
0.166511023603819   0.0804822447665477   0.0278118576003418   -0.00906529557203443   0
0.148158213444033   0.0733571649826716   -0.0183528101597854   -0.00712507978387612   0
0.106897352844484   0.0555855222334692   -0.0412608605995492   -0.0177716427492024   0
0.1425308057294   0.0661379647495483   0.0356334528849165   0.0105524425160791   0
0.109481129143108   0.0626199047667752   -0.033049676586292   -0.00351805998277312   0
0.163482005760105   0.0629313711508068   0.0540008766169962   0.000311466384031581   0
0.143756266121213   0.0959980515031425   -0.0197257396388917   0.0330666803523357   0
0.162592910725389   0.1247118624766   0.0188366446041763   0.0287138109734579   0
0.136823545442793   0.0975141313454106   -0.025769365282596   -0.0271977311311898   0
0.181985402666395   0.078902470157483   0.045161857223602   -0.0186116611879276   0
0.194993282228882   0.0737490215007121   0.0130078795624867   -0.00515344865677089   0
0.181308207695273   0.0888686702262289   -0.0136850745336085   0.0151196487255168   0
0.165208779598633   0.104761594564615   -0.0160994280966407   0.0158929243383858   0
0.150283988175487   0.0785945362811279   -0.0149247914231454   -0.0261670582834869   0
0.139259196268541   0.0709096800062939   -0.0110247919069464   -0.00768485627483395   0
0.149646626745186   0.0440941584113758   0.0103874304766447   -0.0268155215949181   0
0.138034274740805   0.0693531124334058   -0.0116123520043807   0.02525895402203   0
0.165353845955787   0.0734003081819746   0.0273195712149817   0.00404719574856882   0
0.00349949538432329   0.00690571380977195   -0.161854350571463   -0.0664945943722027   0
0.069604304004422   0.00639268660434328   0.0661048086200987   -0.000513027205428671   0
0.0907356120048242   0.0123617975503413   0.0211313080004022   0.00596911094599805   0
0.0616791536889604   0.00379623181384844   -0.0290564583158638   -0.0085655657364929   0
0.0978839347138232   0.016213559167426   0.0362047810248628   0.0124173273535776   0
0.0931846827335807   0.00958614951890747   -0.00469925198024244   -0.00662740964851857   0
0.15097711955462   0.0395446076555417   0.0577924368210392   0.0299584581366342   0
0.0470137396749078   0.0383863729363377   -0.103963379879712   -0.00115823471920397   0
0.0677036096855995   0.0148842382974617   0.0206898700106917   -0.023502134638876   0
0.0539769154106235   0.0170159466548507   -0.013726694274976   0.00213170835738903   0
0.075077916864082   0.0171166684215307   0.0211010014534585   0.000100721766679954   0
0.0842578469310722   0.0238348174813281   0.00917993006699028   0.00671814905979747   0
0.0624775895849064   0.0249894098219271   -0.0217802573461659   0.00115459234059894   0
0.0750936493589844   0.0369843971241012   0.0126160597740781   0.0119949873021741   0
0.0696074010566556   0.0344417044007334   -0.00548624830232881   -0.00254269272336778   0
0.0727362782922669   0.0247608473454565   0.00312887723561131   -0.00968085705527692   0
0.116194890614046   0.0622086924150074   0.0434586123217786   0.0374478450695509   0
0.0751271619268291   0.0371405700681546   -0.0410677286872164   -0.0250681223468528   0
0.10447239783316   0.0404062867241364   0.0293452359063306   0.00326571665598186   0
0.107160879261884   0.0453248102374298   0.00268848142872435   0.0049185235132934   0
0.138143341467839   0.0579024876967519   0.030982462205955   0.012577677459322   0
0.1220587674565   0.046109700106248   -0.0160845740113389   -0.0117927875905039   0
0.13731771965544   0.0368088129307901   0.0152589521989397   -0.00930088717545788   0
0.10606056828624   0.0567118551060534   -0.0312571513692003   0.0199030421752633   0
0.12022135878229   0.0692802574219561   0.01416079049605   0.0125684023159026   0
0.104289934072325   0.0647097461157321   -0.0159314247099641   -0.004570511306224   0
0.129844168044237   0.0599891573889816   0.0255542339719113   -0.00472058872675052   0
0.121990169758305   0.0364092525008754   -0.00785399828593208   -0.0235799048881062   0
0.122920246010167   0.0504298839920587   0.000930076251862408   0.0140206314911833   0
0.119207764852001   0.0621204316037807   -0.00371248115816596   0.011690547611722   0
0.139216483039904   0.0882173575344444   0.0200087181879033   0.0260969259306637   0
0.111245814231637   0.0696142287508991   -0.027970668808267   -0.0186031287835454   0
0.143039429682588   0.0849323541111395   0.0317936154509504   0.0153181253602405   0
0.136825333556363   0.0589351739265746   -0.00621409612622484   -0.0259971801845649   0
0.142458269857878   0.0605441507977443   0.00563293630151501   0.00160897687116968   0
0.160479611771028   0.0672272879895694   0.0180213419131504   0.00668313719182509   0
0.153457326634247   0.0739998908750547   -0.00702228513678135   0.00677260288548528   0
0.187511117310254   0.0925183767897492   0.0340537906760073   0.0185184859146945   0
0.23936410292899   0.114652419337273   0.0518529856187353   0.0221340425475243   0
0.197463241130419   0.0876721393108438   -0.0419008617985707   -0.0269802800264297   0
0.195242417118771   0.0922035033461988   -0.00222082401164844   0.00453136403535505   0
0.231944328258615   0.126820616961804   0.0367019111398441   0.0346171136156048   0
0.192208476696242   0.0850299745211211   -0.0397358515623722   -0.0417906424406825   0
0.22151290092331   0.109824615661927   0.0293044242270672   0.024794641140806   0
0.213300994756565   0.10642066923945   -0.00821190616674508   -0.00340394642247671   0
0.199023907178635   0.102460979179991   -0.0142770875779294   -0.00395969005945962   0
0.233124575935807   0.117885037183998   0.0341006687571722   0.0154240580040068   0
0.205595592389623   0.115039140729971   -0.0275289835461844   -0.00284589645402693   0
0.1793975913231   0.0994956728236962   -0.026198001066523   -0.0155434679062745   0
0.165900280536984   0.0979298445922386   -0.013497310786116   -0.00156582823145762   0
0.241305909499643   0.108422760530988   0.0754056289626592   0.0104929159387496   0
0.235392048563752   0.108502488539215   -0.00591386093589075   7.97280082269203e-05   0
0.252279851552695   0.200136030933188   0.0168878029889429   0.091633542393973   0
0.235262573915976   0.196283786341288   -0.0170172776367195   -0.00385224459189981   0
0.23531722504042   0.202788640002442   5.46511244439718e-05   0.00650485366115369   0
0.244417296270559   0.187523838697617   0.0091000712301387   -0.0152648013048246   0
0.249360457705327   0.208727419541109   0.00494316143476814   0.0212035808434914   0
0.263130451554832   0.215247714209867   0.0137699938495057   0.00652029466875814   0
0.273174571585589   0.202600160553867   0.0100441200307564   -0.0126475536560003   0
0.266547407633914   0.226914039222213   -0.00662716395167462   0.0243138786683464   0
0.257981309701401   0.254508925838565   -0.00856609793251351   0.0275948866163517   0
0.258014477151099   0.232417880428061   3.31674496981682e-05   -0.0220910454105036   0
0.293261348247753   0.262861921956381   0.0352468710966544   0.0304440415283199   0
0.263372221533973   0.234488683902171   -0.0298891267137805   -0.0283732380542095   0
0.277834049082274   0.242041732685838   0.0144618275483016   0.00755304878366614   0
0.302871345259846   0.278918500823094   0.0250372961775713   0.0368767681372568   0
0.31981811431433   0.274118113153842   0.0169467690544848   -0.00480038766925245   0
0.265588519474623   0.24041979604026   -0.0542295948397076   -0.0336983171135824   0
0.315409458829075   0.263217601150645   0.0498209393544523   0.0227978051103854   0
0.318028770063983   0.255476293176275   0.00261931123490822   -0.00774130797436989   0
0.304546249752726   0.259605243184479   -0.013482520311257   0.00412895000820407   0
0.281128800160635   0.263271896071538   -0.0234174495920911   0.00366665288705853   0
0.296260865133905   0.279537224097369   0.01513206497327   0.016265328025831   0
0.328000002641786   0.292969315542174   0.0317391375078807   0.0134320914448054   0
0.320063147881305   0.283718076713487   -0.00793685476048112   -0.00925123882868728   0
0.27018399810655   0.264324067727364   -0.0498791497747552   -0.019394008986123   0
0.224222373658473   0.207663467915092   -0.0459616244480764   -0.0566605998122716   0
0.230659476686261   0.195805023718724   0.00643710302778822   -0.0118584441963683   0
0.222648276269807   0.207030150641887   -0.00801120041645492   0.0112251269231633   0
0.21565695170888   0.187687627428288   -0.00699132456092605   -0.0193425232135988   0
0.279266657025593   0.219390647719251   0.0636097053167122   0.0317030202909626   0
0.241051732050529   0.194448064712766   -0.0382149249750637   -0.0249425830064851   0
0.261454028022614   0.220973119184602   0.0204022959720854   0.0265250544718365   0
0.237026021422986   0.198475149204182   -0.0244280065996279   -0.0224979699804199   0
0.246826153167042   0.188878235309259   0.00980013174405547   -0.00959691389492301   0
0.262333068898109   0.233188967822906   0.0155069157310671   0.044310732513647   0
0.249984082736241   0.216915609592187   -0.0123489861618676   -0.0162733582307197   0
0.259329931227153   0.22749763608401   0.0093458484909118   0.0105820264918229   0
0.246726793800228   0.22756331585372   -0.0126031374269257   6.56797697105027e-05   0
0.232667754525246   0.220105162075427   -0.0140590392749818   -0.00745815377829315   0
0.273208119067974   0.210761889256698   0.0405403645427278   -0.00934327281872935   0
0.293562510928593   0.232190505699657   0.020354391860619   0.0214286164429594   0
0.247690476224521   0.240984219269416   -0.0458720347040715   0.008793713569759   0
0.224060835225882   0.213529772367345   -0.0236296409986387   -0.0274544469020715   0
0.265970908401051   0.2370913740401   0.0419100731751682   0.0235616016727552   0
0.27317833320474   0.212350559688108   0.00720742480368952   -0.0247408143519922   0
0.270004382178956   0.239175207470507   -0.00317395102578361   0.0268246477823993   0
0.282950028618571   0.23470426746515   0.0129456464396143   -0.00447094000535717   0
0.253768370997589   0.206846699150579   -0.0291816576209817   -0.027857568314571   0
0.281275184329173   0.231609865261737   0.0275068133315835   0.0247631661111584   0
0.352712067305274   0.257985054419709   0.0714368829761012   0.0263751891579715   0
0.276011851550273   0.223671887487565   -0.0767002157550006   -0.0343131669321435   0
0.297066728761401   0.235376409750956   0.0210548772111282   0.011704522263391   0
0.302735818408146   0.233137889198238   0.00566908964674473   -0.00223852055271789   0
0.29580210434953   0.231830129789168   -0.00693371405861648   -0.00130775940907016   0
0.331906485359973   0.2390634991702   0.0361043810104434   0.0072333693810315   0
0.334337108280191   0.242543778703294   0.00243062292021773   0.00348027953309454   0
0.31762682404553   0.252020783322527   -0.0167102842346609   0.00947700461923265   0
0.331777778430256   0.249595822946319   0.0141509543847262   -0.00242496037620818   0
0.306500911361141   0.247506959433972   -0.0252768670691151   -0.0020888635123463   0
0.334458594776229   0.250906292777304   0.0279576834150884   0.00339933334333131   0
0.338738711097935   0.24379203600405   0.00428011632170527   -0.00711425677325359   0
0.331842987465835   0.224212798364612   -0.00689572363210011   -0.0195792376394384   0
0.318950586009009   0.233574630151693   -0.0128924014568259   0.009361831787081   0
0.305499274712723   0.200237882617775   -0.0134513112962853   -0.0333367475339172   0
0.344560106211108   0.233155395927802   0.0390608314983846   0.0329175133100264   0
0.304558451175813   0.207984048797017   -0.0400016550352951   -0.0251713471307847   0
0.338703117938468   0.222228594720616   0.0341446667626555   0.0142445459235993   0
0.330489600951134   0.238194429973184   -0.00821351698733402   0.0159658352525675   0
0.313319504603528   0.248299558791896   -0.0171700963476066   0.0101051288187117   0
0.324538148112052   0.253683066956094   0.011218643508524   0.00538350816419825   0
0.347572276807645   0.28171841782088   0.023034128695593   0.0280353508647864   0
0.310678070802173   0.237794559397918   -0.0368942060054718   -0.0439238584229621   0
0.352254159546782   0.257758658796363   0.0415760887446094   0.0199640993984451   0
0.342543811315341   0.273607135872312   -0.00971034823144129   0.0158484770759491   0
0.308630907742971   0.250840678103154   -0.0339129035723705   -0.0227664577691586   0
0.368699352634365   0.303952758606498   0.0600684448913948   0.0531120805033442   0
0.471188958569967   0.3173519894502   0.102489605935602   0.0133992308437023   0
0.336626341781566   0.27139735741897   -0.1345626167884   -0.0459546320312305   0
0.344411491779586   0.298864023982898   0.00778514999801977   0.0274666665639279   0
0.360739457969613   0.333795076378083   0.0163279661900265   0.034931052395185   0
0.357585157832103   0.300409387746538   -0.00315430013750972   -0.0333856886315443   0
0.369918558328235   0.305085947159567   0.0123334004961322   0.00467655941302847   0
0.404240584252546   0.306883634380362   0.0343220259243111   0.00179768722079565   0
0.391242758024682   0.284681762297394   -0.0129978262278642   -0.0222018720829684   0
0.361390029860053   0.262350636152269   -0.0298527281646291   -0.0223311261451255   0
0.369046250815043   0.292216154162462   0.00765622095499047   0.0298655180101938   0
0.405330049163938   0.295896010027172   0.036283798348894   0.00367985586470915   0
0.428107963501323   0.303340245851915   0.0227779143373854   0.00744423582474313   0
0.361054446819341   0.270075785705605   -0.0670535166819823   -0.0332644601463095   0
0.41081000872783   0.269359946078663   0.0497555619084898   -0.00071583962694266   0
0.295769730354545   0.22089183317237   -0.115040278373286   -0.0484681129062929   0
0.338777221703659   0.250405719908711   0.0430074913491143   0.0295138867363417   0
0.334064452401269   0.228965568547435   -0.00471276930238945   -0.0214401513612767   0
0.311917505703046   0.208306964690934   -0.022146946698223   -0.0206586038565007   0
0.365239461151462   0.259749756370916   0.0533219554484151   0.0514427916799817   0
0.374226691838036   0.23285844856103   0.00898723068657398   -0.0268913078098853   0
0.341046709789202   0.231792233947236   -0.0331799820488338   -0.00106621461379469   0
0.276418383225791   0.225821248430589   -0.0646283265634112   -0.00597098551664615   0
0.31232675733451   0.222313628229918   0.0359083741087197   -0.00350762020067188   0
0.369631589071619   0.238375129607726   0.0573048317371085   0.0160615013778081   0
0.324730789429891   0.211909481181235   -0.044900799641728   -0.0264656484264911   0
0.320745321445614   0.221946917792296   -0.00398546798427707   0.010037436611061   0
0.321517008845271   0.256373874254964   0.000771687399657273   0.0344269564626682   0
0.353889767514815   0.278208620242077   0.0323727586695444   0.0218347459871128   0
0.340277505962545   0.239984178556108   -0.01361226155227   -0.0382244416859685   0
0.30068425668139   0.213093514735315   -0.0395932492811553   -0.0268906638207929   0
0.467925885879377   0.293008876535336   0.167241629197987   0.0799153618000212   0
0.332789077786516   0.233934364260576   -0.135136808092861   -0.0590745122747601   0
0.305578027956265   0.239174131268936   -0.0272110498302511   0.00523976700835924   0
0.33454842715882   0.261186215239721   0.0289703992025544   0.0220120839707858   0
0.326588674514304   0.240583216398193   -0.00795975264451565   -0.0206029988415278   0
0.34673560946146   0.258021560857809   0.0201469349471559   0.0174383444596154   0
0.358022234510498   0.257321965628179   0.0112866250490381   -0.000699595229629424   0
0.348784064393731   0.231515563417451   -0.00923817011676731   -0.025806402210728   0
0.371562965625491   0.301267671602431   0.0227789012317607   0.0697521081849792   0
0.3352051070957   0.259405274850956   -0.0363578585297908   -0.0418623967514747   0
0.31374279424943   0.247820644746357   -0.0214623128462708   -0.0115846301045991   0
0.361402704229285   0.260458626847432   0.0476599099798553   0.0126379821010755   0
0.300844875961433   0.238504275727397   -0.0605578282678519   -0.0219543511200358   0
0.317472318340119   0.253544791202659   0.0166274423786862   0.0150405154752625   0
0.27999203066416   0.211351885806586   -0.0374802876759591   -0.0421929053960735   0
0.327215115805551   0.246909191087533   0.0472230851413907   0.0355573052809476   0
0.316117268966581   0.223791404893597   -0.0110978468389694   -0.0231177861939359   0
0.291435938229124   0.220861996510264   -0.024681330737457   -0.002929408383333   0
0.301628595819843   0.234326701234089   0.0101926575907182   0.0134647047238247   0
0.320934178787878   0.27173841534461   0.0193055829680359   0.0374117141105214   0
0.332103879947164   0.259915653886506   0.0111697011592851   -0.0118227614581044   0
0.339620044051349   0.284098023047064   0.0075161641041851   0.0241823691605578   0
0.312887082993594   0.277694561717546   -0.026732961057755   -0.00640346132951769   0
0.329485356191076   0.300259864271351   0.016598273197482   0.0225653025538047   0
0.352636407401802   0.302870564695961   0.0231510512107268   0.00261070042460976   0
0.352359334288862   0.29881526114767   -0.000277073112940451   -0.00405530354829087   0
0.365314896148022   0.294190416379001   0.0129555618591598   -0.00462484476866859   0
0.350098244233758   0.260848157954968   -0.015216651914264   -0.0333422584240329   0
0.32100457032572   0.278167316629309   -0.029093673908038   0.0173191586743404   0
0.31637158855207   0.267730971163685   -0.00463298177365029   -0.0104363454656234   0
0.333433307181271   0.280873216547075   0.0170617186292017   0.0131422453833898   0
0.365865568132832   0.302511222245969   0.0324322609515609   0.021638005698894   0
0.394997042993096   0.348958399147019   0.0291314748602643   0.0464471769010498   0
0.353270532128792   0.301005308865973   -0.0417265108643042   -0.0479530902810453   0
0.33551019997544   0.338951372017433   -0.0177603321533518   0.0379460631514593   0
0.365032015365412   0.318323948135779   0.0295218153899716   -0.0206274238816538   0
0.378386335975878   0.316374484766866   0.013354320610466   -0.00194946336891272   0
0.375938124389852   0.321989425620625   -0.00244821158602576   0.00561494085375891   0
0.350150428014075   0.339002659392224   -0.0257876963757771   0.0170132337715986   0
0.370315382881457   0.341652796977429   0.0201649548673818   0.00265013758520494   0
0.363436654078864   0.350278974158456   -0.00687872880259277   0.00862617718102704   0
0.308263762987624   0.275917411979563   -0.0551728910912402   -0.0743615621788924   0
0.277881032299454   0.224992811295161   -0.0303827306881703   -0.0509246006844021   0
0.321325352664258   0.240872632660396   0.0434443203648047   0.0158798213652348   0
0.266043278774037   0.215095206571997   -0.0552820738902213   -0.025777426088399   0
0.355535428718433   0.244088214534725   0.089492149944396   0.0289930079627282   0
0.346516311282182   0.256645123443345   -0.00901911743625111   0.0125569089086202   0
0.291256216207929   0.248575767070626   -0.0552600950742527   -0.00806935637271963   0
0.524432670334486   0.32993718694397   0.233176454126557   0.081361419873344   0
0.395805828855513   0.260988577930625   -0.128626841478973   -0.0689486090133446   0
0.397431339688266   0.344173213293103   0.00162551083275275   0.0831846353624782   0
0.365986768285525   0.30772766856833   -0.0314445714027409   -0.0364455447247732   0
0.423095889125633   0.389128984254257   0.0571091208401078   0.0814013156859271   0
0.380001591377049   0.325139874106899   -0.0430942977485837   -0.0639891101473584   0
0.434118520647173   0.357242836928538   0.0541169292701237   0.0321029628216392   0
0.432742796622012   0.355965382022255   -0.00137572402516112   -0.00127745490628289   0
0.402632232670523   0.326471128571119   -0.0301105639514891   -0.0294942534511363   0
0.383336177443716   0.370508002486451   -0.0192960552268071   0.0440368739153322   0
0.414733517835742   0.364391554623595   0.0313973403920265   -0.00611644786285653   0
0.39068706096317   0.31517332363479   -0.024046456872572   -0.0492182309888047   0
0.392199495663228   0.313026413779253   0.00151243470005719   -0.00214690985553706   0
0.349927928058636   0.291803116248353   -0.0422715676045915   -0.0212232975308995   0
0.36670021024784   0.308650515694531   0.0167722821892039   0.0168473994461778   0
0.409615721307178   0.383595576230032   0.0429155110593384   0.0749450605355005   0
0.361613156062788   0.347230463613146   -0.0480025652443908   -0.0363651126168861   0
0.396673918722591   0.357453512407208   0.035060762659803   0.0102230487940624   0
0.398049984434819   0.318443338697797   0.00137606571222881   -0.0390101737094107   0
0.382905024296222   0.344338398486503   -0.0151449601385979   0.0258950597887061   0
0.374487666905814   0.357019404548968   -0.00841735739040739   0.0126810060624651   0
0.38702730229321   0.316837852271868   0.0125396353873962   -0.0401815522771006   0
0.411229157117099   0.358461635546609   0.024201854823889   0.0416237832747412   0
0.402081493755793   0.34796687909735   -0.00914766336130612   -0.0104947564492588   0
0.357758106372504   0.335480528855253   -0.0443233873832891   -0.0124863502420977   0
