0.0488881538655777   0.0421402266284841   0   0   0
0.0462370721052233   0.0369389447936389   -0.00265108176035442   -0.00520128183484524   0
0.0128869283105625   0.0339277607638273   -0.0333501437946608   -0.00301118402981156   0
0.0270362103647756   0.0266644178451457   0.0141492820542131   -0.0072633429186816   0
0.0378622119430495   0.0324509453609383   0.0108260015782739   0.00578652751579255   0
0.0274207335015021   0.0312295772412184   -0.0104414784415474   -0.00122136811971987   0
0.0444474480989629   0.0324911540881514   0.0170267145974608   0.00126157684693306   0
0.0184665338507826   0.0515835338686458   -0.0259809142481803   0.0190923797804943   0
0.0349750700250907   0.032740830944674   0.0165085361743081   -0.0188427029239717   0
0.0545877612060616   0.0421182803968182   0.0196126911809708   0.00937744945214416   0
0.0698386379253032   0.0258116993709558   0.0152508767192416   -0.0163065810258624   0
0.0519596372184314   0.0317737115438612   -0.0178790007068718   0.00596201217290543   0
0.108694658823321   0.0350435039320414   0.0567350216048895   0.00326979238818016   0
0.0921908425716047   0.0260203837194996   -0.0165038162517162   -0.00902312021254178   0
0.0960872873855289   0.0218004986048651   0.00389644481392415   -0.00421988511463451   0
0.0929755516434191   0.0362398219537914   -0.00311173574210971   0.0144393233489263   0
0.101584629474448   0.0279387634644503   0.00860907783102914   -0.00830105848934113   0
0.0462393443434023   0.0172541806907775   -0.0553452851310459   -0.0106845827736727   0
0.0167497138035928   0.0164954719393687   -0.0294896305398096   -0.000758708751408828   0
0.0139034525170857   0.00953672961409451   -0.00284626128650707   -0.00695874232527418   0
0.00730480651179005   0.00935795933455713   -0.00659864600529568   -0.000178770279537378   0
0.0264186675765528   0.00814824759411034   0.0191138610647627   -0.00120971174044679   0
0.0381406923021964   0.0166537426718441   0.0117220247256436   0.00850549507773373   0
0.0448329170983776   0.00494398647602064   0.00669222479618121   -0.0117097561958234   0
0.145774433794101   0.00571174028050558   0.100941516695723   0.000767753804484943   0
0.0514832420733367   0.0211591821140374   -0.0942911917207642   0.0154474418335318   0
0.0503328876598321   0.012172700178254   -0.00115035441350463   -0.00898648193578343   0
0.0618114981751407   0.0225523555438013   0.0114786105153086   0.0103796553655473   0
0.0326914347796009   0.0202321777844724   -0.0291200633955398   -0.00232017775932886   0
0.0830394781579822   0.0250709110915419   0.0503480433783813   0.00483873330706949   0
0.0412529724481388   0.0428438982596705   -0.0417865057098434   0.0177729871681286   0
0.0497747884620862   0.0470064565621043   0.00852181601394741   0.00416255830243378   0
0.0836204772729063   0.0343279696315191   0.0338456888108201   -0.0126784869305852   0
0.0775237096322467   0.0374226676800639   -0.00609676764065958   0.00309469804854478   0
0.0813069027202765   0.0369071548938495   0.00378319308802978   -0.000515512786214402   0
0.0480016255306547   0.0492597581318412   -0.0333052771896218   0.0123526032379917   0
0.0431623510889989   0.0581311629946666   -0.00483927444165581   0.00887140486282539   0
0.0843474773019591   0.0520394124125407   0.0411851262129603   -0.00609175058212589   0
0.0437353169818182   0.0430247101102959   -0.040612160320141   -0.00901470230224483   0
0.0168975370172449   0.0475535588128533   -0.0268377799645733   0.0045288487025574   0
0.046374116117207   0.0588630414644665   0.0294765790999621   0.0113094826516131   0
0.0731889984848133   0.054836268584715   0.0268148823676063   -0.00402677287975148   0
0.0684660982736485   0.0692038039690197   -0.00472290021116474   0.0143675353843047   0
0.0691911770737173   0.0865341181321709   0.000725078800068751   0.0173303141631512   0
0.0635944987641455   0.0879918323526252   -0.00559667830957182   0.00145771422045436   0
0.0377435517463526   0.0914711117045158   -0.0258509470177928   0.00347927935189055   0
0.0991929941494862   0.0846364990909359   0.0614494424031335   -0.00683461261357982   0
0.0765897882491687   0.0939504768601522   -0.0226032059003175   0.00931397776921629   0
0.0861575849315079   0.0936534808200021   0.0095677966823392   -0.000296996040150127   0
0.0450449104279318   0.0787202955556729   -0.0411126745035761   -0.0149331852643292   0
0.0856213345522014   0.0994582146183135   0.0405764241242696   0.0207379190626405   0
0.0379991573283211   0.0926361529577546   -0.0476221772238803   -0.00682206166055888   0
0.133113275137568   0.0738554007703905   0.0951141178092473   -0.0187807521873641   0
0.134180364919546   0.0646950047652444   0.00106708978197745   -0.00916039600514608   0
0.0921296304516088   0.0724771862570043   -0.0420507344679371   0.00778218149175991   0
0.0710937166362823   0.0763776347979073   -0.0210359138153265   0.00390044854090295   0
0.0681257473130101   0.0946271139750653   -0.0029679693232722   0.018249479177158   0
0.128291155158452   0.0879545523365476   0.0601654078454419   -0.00667256163851766   0
0.139241731660914   0.110979237390334   0.0109505765024621   0.0230246850537859   0
0.0796496483641328   0.114260097417701   -0.0595920832967813   0.0032808600273674   0
0.173561415868418   0.0888510909196533   0.0939117675042854   -0.0254090064980476   0
0.182753621401625   0.107805096333395   0.0091922055332066   0.0189540054137413   0
0.127434339394035   0.0967179947140138   -0.0553192820075898   -0.0110871016193808   0
0.114842140266585   0.104808082923026   -0.01259219912745   0.00809008820901269   0
0.0850596158334259   0.109128959398961   -0.0297825244331591   0.00432087647593413   0
0.068960882935673   0.120980096191481   -0.0160987328977529   0.0118511367925204   0
0.122889795250745   0.141034761601529   0.0539289123150719   0.0200546654100476   0
0.0760437750873798   0.111824964750721   -0.0468460201633651   -0.0292097968508076   0
0.109070932831438   0.108482451880949   0.033027157744058   -0.00334251286977164   0
0.168087099107011   0.106127441564246   0.0590161662755729   -0.00235501031670315   0
0.128582877845536   0.117330424061707   -0.0395042212614747   0.0112029824974608   0
0.128583862630581   0.107463988560122   9.84785044649827e-07   -0.00986643550158518   0
0.126586526698579   0.128629340363115   -0.00199733593200171   0.0211653518029928   0
0.0522735508481106   0.110144993922341   -0.0743129758504683   -0.0184843464407738   0
0.114990227338153   0.110474354121454   0.062716676490042   0.000329360199113504   0
0.137904198969865   0.145014126771325   0.0229139716317121   0.0345397726498709   0
0.127006092654644   0.113160961344891   -0.0108981063152206   -0.0318531654264339   0
0.151558191310731   0.130788645569866   0.0245520986560866   0.0176276842249745   0
0.10226684485361   0.15052204395121   -0.0492913464571202   0.0197333983813441   0
0.0187864848638323   0.151113726826851   -0.083480359989778   0.000591682875640487   0
0.172771146335405   0.149449694107248   0.153984661471573   -0.0016640327196025   0
0.21779625654361   0.159176214395399   0.0450251102082048   0.00972652028815091   0
0.172016199222777   0.148678735038841   -0.0457800573208334   -0.0104974793565576   0
0.134716479797388   0.158791665370856   -0.0372997194253888   0.0101129303320149   0
0.134493036391721   0.152606708849906   -0.000223443405666435   -0.00618495652095022   0
0.118548550820234   0.147819776698688   -0.0159444855714874   -0.004786932151218   0
0.121288457190987   0.148795195234927   0.00273990637075348   0.000975418536238809   0
0.144481876454869   0.157476733895042   0.0231934192638814   0.00868153866011553   0
0.159089835529615   0.182425673995603   0.0146079590747463   0.0249489401005605   0
0.120965934223963   0.137365836752629   -0.0381239013056524   -0.0450598372429736   0
0.120431909913694   0.14224395191944   -0.000534024310269249   0.00487811516681083   0
0.17149216767427   0.139043198539159   0.0510602577605769   -0.00320075338028109   0
0.183203915966171   0.136342540201142   0.011711748291901   -0.00270065833801714   0
0.1524519753037   0.142971366550264   -0.0307519406624713   0.00662882634912226   0
0.141852282372403   0.161538365292119   -0.010599692931297   0.0185669987418546   0
0.074529247472171   0.143497482173904   -0.0673230349002322   -0.0180408831182144   0
0.223264309283065   0.146699501042948   0.148735061810894   0.00320201886904398   0
0.246363748641699   0.164651992661036   0.0230994393586343   0.0179524916180881   0
0.209457715840214   0.153262403524152   -0.0369060328014849   -0.0113895891368845   0
0.202843632870569   0.16775282938523   -0.0066140829696458   0.0144904258610777   0
0.148711807389998   0.174745637577165   -0.0541318254805701   0.00699280819193557   0
0.103539157329051   0.169475094988172   -0.0451726500609474   -0.00527054258899307   0
0.168657458967133   0.16403995849335   0.0651183016380815   -0.00543513649482222   0
0.214951181265514   0.182814076335084   0.0462937222983818   0.0187741178417342   0
0.196800199355488   0.198948768079875   -0.0181509819100259   0.016134691744791   0
0.257855731549815   0.171165020112902   0.0610555321943261   -0.0277837479669737   0
0.19656130236631   0.18529577453628   -0.0612944291835044   0.0141307544233787   0
0.219618832453412   0.191480081536566   0.0230575300871022   0.00618430700028585   0
0.181757975790252   0.200186633532936   -0.0378608566631599   0.00870655199636988   0
0.211471993338622   0.201843640598979   0.0297140175483691   0.00165700706604352   0
0.165354062224821   0.198831375090804   -0.0461179311138005   -0.00301226550817543   0
0.215122094462958   0.214381277068451   0.0497680322381374   0.0155499019776471   0
0.225535459699002   0.200512050812414   0.0104133652360432   -0.0138692262560373   0
0.216642864461583   0.207292508379464   -0.00889259523741825   0.00678045756704987   0
0.207798351166317   0.206988522750055   -0.00884451329526648   -0.000303985629408726   0
0.201899006243221   0.215610850102679   -0.00589934492309643   0.00862232735262428   0
0.161166057627591   0.215919323212398   -0.0407329486156295   0.000308473109718821   0
0.190381162613271   0.237133275313166   0.0292151049856804   0.0212139521007684   0
0.232401682019645   0.222110501702981   0.0420205194063732   -0.0150227736101853   0
0.192895316347313   0.211300954643489   -0.0395063656723315   -0.0108095470594917   0
0.205957668282538   0.216224936529647   0.013062351935225   0.00492398188615781   0
0.212064653279701   0.215441895770646   0.00610698499716336   -0.000783040759001041   0
0.205660931095043   0.212471797286134   -0.00640372218465854   -0.0029700984845123   0
0.22173105446926   0.214585432025336   0.0160701233742172   0.00211363473920181   0
0.270151386698236   0.221865660113277   0.0484203322289763   0.00728022808794088   0
0.217358768740647   0.196602464533128   -0.0527926179575896   -0.0252631955801483   0
0.185261099806543   0.2125908199582   -0.0320976689341035   0.015988355425072   0
0.150908146192444   0.218023667957174   -0.0343529536140995   0.00543284799897342   0
0.0932357804536971   0.224403436797434   -0.0576723657387468   0.00637976884026026   0
0.147082826328195   0.213267702566516   0.053847045874498   -0.011135734230918   0
0.0971234420039261   0.219417835620763   -0.049959384324269   0.00615013305424647   0
0.193329116022212   0.205319643434938   0.0962056740182861   -0.0140981921858248   0
0.204785188260675   0.21178025064793   0.0114560722384625   0.00646060721299205   0
0.154261795676842   0.212131591952967   -0.0505233925838332   0.00035134130503689   0
0.162345043486327   0.223409029285971   0.00808324780948516   0.0112774373330046   0
0.154940587562007   0.221434117284352   -0.00740445592431954   -0.0019749120016197   0
0.103293198165126   0.20863442087357   -0.0516473893968811   -0.0127996964107815   0
0.197059014037673   0.217492795341018   0.0937658158725474   0.008858374467448   0
0.222981753750593   0.235798421694251   0.0259227397129193   0.0183056263532332   0
0.213426589307729   0.250211127193616   -0.00955516444286383   0.0144127054993649   0
0.188358935698044   0.229973547751693   -0.0250676536096846   -0.0202375794419237   0
0.17645026924876   0.263779583139977   -0.011908666449284   0.0338060353882844   0
0.164971803205664   0.234551137924121   -0.011478466043096   -0.029228445215856   0
0.143331847693142   0.22082007135958   -0.0216399555125224   -0.0137310665645409   0
0.272018761118126   0.216607598505339   0.128686913424984   -0.00421247285424134   0
0.296551896011474   0.218355140041974   0.0245331348933481   0.00174754153663517   0
0.239088148165148   0.228351352460961   -0.0574637478463254   0.00999621241898707   0
0.213335962317866   0.222110176679841   -0.0257521858472824   -0.00624117578112032   0
0.190475242469592   0.231640251878856   -0.0228607198482738   0.00953007519901575   0
0.19589348853479   0.222705763649597   0.00541824606519792   -0.00893448822925968   0
0.118351894976337   0.219933842378225   -0.0775415935584528   -0.00277192127137146   0
0.234735613020266   0.241818460275989   0.116383718043928   0.0218846178977637   0
0.172601327754713   0.24636474026583   -0.0621342852655524   0.00454627998984136   0
0.258338043126153   0.259340029083441   0.0857367153714394   0.0129752888176107   0
0.431619546532001   0.286998344154195   0.173281503405848   0.0276583150707545   0
0.263631118404505   0.241770237834912   -0.167988428127496   -0.0452281063192833   0
0.395667052485407   0.254400803309463   0.132035934080903   0.0126305654745507   0
0.406952227933562   0.268030561049482   0.0112851754481549   0.013629757740019   0
0.372976767689839   0.279652279251395   -0.0339754602437234   0.0116217182019128   0
0.382256143995737   0.266219127243423   0.00927937630589865   -0.0134331520079713   0
0.410682872100552   0.289895456526573   0.0284267281048146   0.0236763292831494   0
0.438140899763318   0.288258324732348   0.027458027662766   -0.00163713179422431   0
0.419900963545225   0.28505913139426   -0.0182399362180934   -0.00319919333808844   0
0.470858427885501   0.293148340368405   0.0509574643402764   0.00808920897414467   0
0.495043209063623   0.294516248219432   0.024184781178122   0.00136790785102719   0
0.427576316578971   0.277332696903016   -0.0674668924846525   -0.0171835513164161   0
0.432123247928574   0.291781555556121   0.0045469313496036   0.0144488586531057   0
0.448061482326075   0.298079592892989   0.0159382343975012   0.00629803733686746   0
0.424677529802614   0.286874184021498   -0.0233839525234615   -0.0112054088714914   0
0.433214839984839   0.291514877043179   0.00853731018222553   0.00464069302168185   0
0.368336550726153   0.301861575619107   -0.0648782892586862   0.0103466985759278   0
0.465595298318873   0.312090778118322   0.0972587475927195   0.0102292024992153   0
0.458677484528345   0.320359393282373   -0.00691781379052786   0.00826861516405036   0
0.446050515202314   0.307664674895819   -0.0126269693260305   -0.0126947183865538   0
0.426938553688643   0.324121538172411   -0.0191119615136712   0.0164568632765925   0
0.403672392392013   0.296727631284146   -0.0232661612966297   -0.0273939068882657   0
0.405158343014728   0.273249094633907   0.00148595062271462   -0.0234785366502385   0
0.390488527900488   0.269975325910536   -0.0146698151142403   -0.00327376872337148   0
0.396515698721725   0.273464198769693   0.00602717082123699   0.00348887285915689   0
0.436791689843133   0.261554078671123   0.0402759911214086   -0.0119101200985697   0
0.424222953597035   0.262979894998648   -0.012568736246098   0.00142581632752514   0
0.468832562185766   0.264810914600399   0.0446096085887306   0.0018310196017513   0
0.45397100415658   0.269342578399239   -0.0148615580291864   0.00453166379883924   0
0.44412851482071   0.260733544072776   -0.00984248933586912   -0.00860903432646309   0
0.425261066573099   0.285979114437139   -0.0188674482476111   0.025245570364363   0
0.396929424078042   0.278844625842959   -0.0283316424950573   -0.00713448859417926   0
0.409431814413961   0.270007992313654   0.0125023903359189   -0.0088366335293058   0
0.413540663140591   0.284219787837687   0.00410884872663037   0.0142117955240338   0
0.375251038606241   0.261855101925664   -0.0382896245343504   -0.0223646859120231   0
0.393797864653338   0.268347086167802   0.0185468260470973   0.0064919842421382   0
0.418441490089959   0.282617248179406   0.0246436254366212   0.0142701620116036   0
0.411334264810339   0.272675428091715   -0.00710722527961988   -0.00994182008769112   0
0.430904676817994   0.289861000552851   0.0195704120076548   0.0171855724611362   0
0.390982974346796   0.292867435078142   -0.0399217024711979   0.00300643452529126   0
0.457609182218394   0.273523106028083   0.066626207871598   -0.0193443290500593   0
0.145151882820341   0.203042737785054   -0.312457299398053   -0.0704803682430296   0
0.227576887466236   0.194152901251823   0.0824250046458954   -0.00888983653323089   0
0.554794138222602   0.230518393353437   0.327217250756366   0.0363654921016145   0
0.514168966802704   0.255286314111235   -0.0406251714198983   0.0247679207577975   0
0.49690979363313   0.258807832445716   -0.0172591731695738   0.00352151833448167   0
0.474461578993537   0.248113244447974   -0.0224482146395936   -0.0106945879977425   0
0.46287060234962   0.253236531802779   -0.0115909766439167   0.00512328735480533   0
0.475514895753477   0.266336903552625   0.012644293403857   0.0131003717498454   0
0.507946215064784   0.266881697694409   0.0324313193113073   0.000544794141784655   0
0.572545987109822   0.271390744406474   0.0645997720450373   0.0045090467120647   0
0.566889409330647   0.272951505754227   -0.00565657777917439   0.00156076134775346   0
0.514546257735765   0.302303940960501   -0.0523431515948823   0.0293524352062736   0
0.513806584324218   0.278930222728732   -0.00073967341154646   -0.023373718231769   0
0.487292821812563   0.268407966691099   -0.0265137625116556   -0.0105222560376331   0
0.464730534207104   0.274702026345821   -0.022562287605459   0.00629405965472196   0
0.526565452333981   0.274317272521254   0.0618349181268772   -0.000384753824566653   0
0.534639950335448   0.277987167912927   0.00807449800146665   0.00366989539167317   0
0.53390960843331   0.285145113404561   -0.000730341902138054   0.00715794549163379   0
0.507461681825347   0.28208597181932   -0.0264479266079624   -0.0030591415852414   0
0.476017229500876   0.271978358956186   -0.0314444523244709   -0.0101076128631336   0
0.456900413526668   0.284971373120617   -0.0191168159742086   0.012993014164431   0
0.46613970652696   0.2810573116021   0.00923929300029175   -0.00391406151851698   0
0.471160007587327   0.288148632025644   0.00502030106036749   0.00709132042354388   0
0.525011737867869   0.303125363338751   0.0538517302805419   0.0149767313131073   0
0.575144806771512   0.296663938416013   0.0501330689036431   -0.00646142492273827   0
0.680686028371591   0.363298886028088   0.105541221600079   0.0666349476120754   0
0.573124594402692   0.326159365487563   -0.107561433968899   -0.0371395205405251   0
0.320953430012284   0.251353345184125   -0.252171164390408   -0.0748060203034382   0
0.117621055953133   0.203915374386656   -0.203332374059151   -0.0474379707974694   0
0.441988548455613   0.245337987950297   0.32436749250248   0.0414226135636411   1
0.420437061583645   0.233679501268297   -0.021551486871968   -0.0116584866819999   0
0.375993467848858   0.239470769403073   -0.0444435937347876   0.00579126813477648   0
0.295888210633019   0.235154565099745   -0.0801052572158384   -0.00431620430332891   0
0.413962467130633   0.247541584939278   0.118074256497613   0.0123870198395339   0
0.428158020884229   0.250409493389328   0.0141955537535967   0.00286790845004978   0
0.435466672408819   0.256340624201959   0.00730865152459015   0.0059311308126308   0
0.431884415973869   0.254042816462599   -0.00358225643495025   -0.00229780773935956   0
0.483605963423736   0.262196359323504   0.051721547449867   0.00815354286090447   0
0.473943723635454   0.268398143676516   -0.00966223978828162   0.00620178435301255   0
0.419676054062511   0.25612158956685   -0.054267669572943   -0.0122765541096664   0
0.400419015591468   0.266734488704592   -0.0192570384710438   0.0106128991377418   0
0.445346171425398   0.254649422583775   0.0449271558339304   -0.0120850661208168   0
0.459986656418379   0.255024593824302   0.0146404849929811   0.000375171240526606   0
0.427119301233332   0.238613758653498   -0.0328673551850469   -0.0164108351708032   0
0.441844210989371   0.250258956373693   0.014724909756039   0.0116451977201946   0
0.331200584711653   0.250607345509863   -0.110643626277718   0.000348389136170246   0
0.143691893749961   0.216930219871068   -0.187508690961692   -0.0336771256387951   0
0.352527951645838   0.235993994574544   0.208836057895877   0.019063774703476   0
0.425844102507349   0.258547620086707   0.0733161508615119   0.0225536255121625   0
0.40966152392585   0.276007766147078   -0.0161825785814992   0.0174601460603712   0
0.354694809078255   0.265356026641567   -0.054966714847595   -0.0106517395055108   0
0.37741385045206   0.254027789576751   0.0227190413738047   -0.0113282370648162   0
0.42361385317114   0.26228463716781   0.0462000027190798   0.00825684759105966   0
0.449578739544009   0.260316462012106   0.0259648863728693   -0.00196817515570491   0
0.456540110911451   0.269594224083622   0.0069613713674419   0.00927776207151609   0
