0.032455063651794   0.0263484843181254   0   0   0
0.0762968811886663   0.0252956350787586   0.0438418175368723   -0.00105284923936675   0
0.00702691445544673   0.0375917516373273   -0.0692699667332196   0.0122961165585687   0
0.0737486779959357   0.025303317988507   0.066721763540489   -0.0122884336488203   0
0.0800863692408335   0.0548292258599371   0.00633769124489783   0.0295259078714302   0
0.0729268106071423   0.0395797477897788   -0.00715955863369125   -0.0152494780701583   0
0.0778398414395225   0.0469238177814583   0.00491303083238018   0.00734406999167947   0
0.0241316939330881   0.0367214335629752   -0.0537081475064344   -0.0102023842184831   0
0.0523741314959914   0.0421596928491539   0.0282424375629034   0.00543825928617874   0
0.0604994673062111   0.0419296223764596   0.00812533581021965   -0.000230070472694348   0
0.0215142229302966   0.0315407952130649   -0.0389852443759145   -0.0103888271633946   0
0.0381381691931862   0.0264305663449064   0.0166239462628896   -0.00511022886815852   0
0.0336929958450729   0.026665654349228   -0.00444517334811333   0.000235088004321534   0
0.0454783226036768   0.0176765750433307   0.0117853267586039   -0.0089890793058973   0
0.0513569109586052   0.0302096564124933   0.00587858835492837   0.0125330813691627   0
0.069069411415112   0.0161347175403886   0.0177125004565068   -0.0140749388721047   0
0.0458945635551794   0.0162894742298948   -0.0231748478599326   0.000154756689506142   0
0.0495352813786588   0.00924114518985607   0.0036407178234794   -0.00704832904003871   0
0.0334219173752809   0.0103336268014122   -0.0161133640033779   0.0010924816115561   0
0.0355234595747655   0.0181441462237659   0.00210154219948466   0.00781051942235377   0
0.00769915016314139   0.00749109682692228   -0.0278243094116241   -0.0106530493968437   0
0.0228123536414483   0.0188926998099557   0.0151132034783069   0.0114016029830334   0
0.0215409501428535   0.0104361012401232   -0.00127140349859482   -0.00845659856983254   0
0.017522389705474   0.0143337215526569   -0.00401856043737953   0.00389762031253371   0
0.0371499363255174   0.0078888089584867   0.0196275466200435   -0.00644491259417017   0
0.0162963971361924   0.0185530783811077   -0.020853539189325   0.010664269422621   0
0.0560871704976281   0.0167018453371656   0.0397907733614357   -0.00185123304394208   0
0.0419808224830446   0.00829391751168891   -0.0141063480145835   -0.00840792782547668   0
0.073597614013567   0.0123999386733413   0.0316167915305225   0.00410602116165238   0
0.0254751433477203   0.0147666965573415   -0.0481224706658467   0.00236675788400016   0
0.00915020130276378   0.0297004220384997   -0.0163249420449566   0.0149337254811583   0
0.0398535062249246   0.0209982547089633   0.0307033049221608   -0.00870216732953641   0
0.0419249775720918   0.00535934119530563   0.00207147134716724   -0.0156389135136577   0
0.0601410131656426   0.0208412757786682   0.0182160355935508   0.0154819345833625   0
0.0503579815104815   0.0101518107388633   -0.00978303165516109   -0.0106894650398049   0
0.04072537386581   0.0202342948810923   -0.00963260764467155   0.0100824841422291   0
0.0629720802032933   0.020136335067899   0.0222467063374833   -9.79598131933233e-05   0
0.0404705675235337   0.0258910765320313   -0.0225015126797596   0.00575474146413224   0
0.0568167106363084   0.0134138944347494   0.0163461431127747   -0.0124771820972819   0
0.0535753889896284   0.0169838729231321   -0.00324132164667996   0.00356997848838274   0
0.0551342160519614   0.0278543981749131   0.00155882706233294   0.010870525251781   0
0.0489260488887055   0.0251157248658211   -0.00620816716325589   -0.00273867330909194   0
0.0533924651360096   0.023026303315122   0.0044664162473041   -0.00208942155069908   0
0.0575217570114996   0.0306712616422116   0.00412929187548997   0.00764495832708955   0
0.0596688865420665   0.0220942736543318   0.0021471295305669   -0.00857698798787979   0
0.0671851288679273   0.0301597572155347   0.00751624232586085   0.00806548356120295   0
0.0474583811541449   0.0276841135581745   -0.0197267477137824   -0.00247564365736026   0
0.0626719455101212   0.0350268297923178   0.0152135643559762   0.0073427162341433   0
0.0701488792971777   0.0417972118104486   0.00747693378705647   0.00677038201813078   0
0.0477585128948505   0.0502542981198126   -0.0223903664023272   0.00845708630936404   0
0.0462800988841867   0.0342661278044733   -0.00147841401066378   -0.0159881703153393   0
0.0583549842603834   0.0330991388917446   0.0120748853761967   -0.00116698891272872   0
0.0578113418237122   0.0233713357486259   -0.000543642436671217   -0.00972780314311868   0
0.0601549313534643   0.0444998317931652   0.00234358952975205   0.0211284960445393   0
0.0661830754278615   0.047174592654773   0.00602814407439718   0.00267476086160777   0
0.0808541539645923   0.0384117411136881   0.0146710785367309   -0.00876285154108487   0
0.0640496405954788   0.0447658585462739   -0.0168045133691136   0.00635411743258572   0
0.0539843418126034   0.0391336748654212   -0.0100652987828753   -0.00563218368085264   0
0.0540174099071077   0.0359330734318677   3.30680945043182e-05   -0.00320060143355348   0
0.0641931433778842   0.0487296345913075   0.0101757334707765   0.0127965611594398   0
0.048075151200898   0.0570482288104767   -0.0161179921769862   0.00831859421916916   0
0.0522544201577636   0.0714665320728871   0.00417926895686568   0.0144183032624104   0
0.0638444193262027   0.069377926981011   0.011589999168439   -0.00208860509187604   0
0.0703946149169161   0.0624752700201048   0.00655019559071339   -0.00690265696090628   0
0.0855198881139352   0.0726099930531413   0.0151252731970192   0.0101347230330365   0
0.06562504543907   0.0777290708041399   -0.0198948426748652   0.00511907775099867   0
0.0830441383906775   0.0590765784131283   0.0174190929516075   -0.0186524923910116   0
0.0724553811145867   0.0767547830499833   -0.0105887572760909   0.0176782046368549   0
0.0819994191470281   0.0741403888236533   0.00954403803244144   -0.00261439422632993   0
0.0923657899072075   0.0667091467537436   0.0103663707601794   -0.00743124206990975   0
0.0905889064196191   0.0702174505359957   -0.00177688348758846   0.00350830378225209   0
0.0871241807430061   0.0747423350617388   -0.00346472567661293   0.00452488452574308   0
0.0934486158582351   0.0558474382506038   0.00632443511522902   -0.018894896811135   0
0.0797434213151311   0.0628538013891364   -0.0137051945431041   0.00700636313853261   0
0.0849557764436886   0.0828035699702616   0.00521235512855754   0.0199497685811252   0
0.0930409659286704   0.0813505527045299   0.00808518948498174   -0.00145301726573165   0
0.0965159269171156   0.0811077334483741   0.00347496098844524   -0.000242819256155824   0
0.0923853287749738   0.0689422067972334   -0.00413059814214183   -0.0121655266511407   0
0.0734554765223833   0.0730634390667624   -0.0189298522525905   0.00412123226952894   0
0.0840361713845657   0.0742933301018335   0.0105806948621825   0.00122989103507112   0
0.0841049984035432   0.0724438282183513   6.8827018977452e-05   -0.00184950188348217   0
0.0878760344514362   0.0903714273430076   0.003771036047893   0.0179275991246562   0
0.0983433082301485   0.0994266954199927   0.0104672737787124   0.00905526807698513   0
0.0999891829815086   0.0741136376878271   0.00164587475136002   -0.0253130577321657   0
0.115498531601573   0.0912007551884303   0.0155093486200646   0.0170871175006033   0
0.109321964970303   0.10220508617427   -0.00617656663127043   0.0110043309858399   0
0.107074174501698   0.0973297542853674   -0.00224779046860508   -0.00487533188890277   0
0.110588715431277   0.100499915094852   0.00351454092957949   0.00317016080948475   0
0.109571568228305   0.105379248686162   -0.00101714720297259   0.00487933359130992   0
0.101991837701357   0.121353969187466   -0.00757973052694731   0.0159747205013041   0
0.100447227712118   0.115133283698981   -0.00154460998923968   -0.00622068548848539   0
0.11750300259504   0.123297365848069   0.0170557748829225   0.0081640821490879   0
0.110013629917752   0.125088678497746   -0.00748937267728854   0.00179131264967744   0
0.106169272578981   0.121024871557678   -0.00384435733877039   -0.00406380694006797   0
0.131822601691956   0.111846933572953   0.0256533291129749   -0.00917793798472546   0
0.115888483933953   0.121796330954344   -0.0159341177580034   0.00994939738139089   0
0.100922360894056   0.126010633531024   -0.0149661230398971   0.00421430257668026   0
0.12499815202562   0.120994890711344   0.0240757911315644   -0.0050157428196802   0
0.130891268429067   0.119619876133996   0.00589311640344678   -0.00137501457734787   0
0.129060625225434   0.136359298019873   -0.00183064320363246   0.016739421885877   0
0.111244444160686   0.147652059827352   -0.0178161810647482   0.0112927618074794   0
0.124845444665194   0.129012563879996   0.0136010005045079   -0.0186394959473564   0
0.133513344291161   0.134196007409163   0.00866789962596672   0.00518344352916669   0
0.130617211123161   0.143628962582621   -0.00289613316799972   0.00943295517345868   0
0.126131397170312   0.139651604364298   -0.0044858139528493   -0.0039773582183229   0
0.146981581828643   0.1460585854668   0.0208501846583311   0.00640698110250162   0
0.149441623092798   0.150680867670717   0.00246004126415561   0.00462228220391667   0
0.122038272785385   0.143273341703752   -0.0274033503074135   -0.00740752596696487   0
0.13424576796283   0.14362852830674   0.0122074951774452   0.000355186602988222   0
0.151019357758832   0.152003100379565   0.0167735897960017   0.00837457207282469   0
0.136866661463557   0.146091147108783   -0.0141526962952744   -0.00591195327078189   0
0.129401694456641   0.140641361754153   -0.00746496700691582   -0.00544978535462984   0
0.146189426230217   0.149014147118898   0.0167877317735753   0.00837278536474487   0
0.160638316099398   0.152026188393184   0.0144488898691809   0.00301204127428667   0
0.13617267655488   0.149101031962928   -0.0244656395445175   -0.0029251564302567   0
0.148782988731508   0.165509887769651   0.0126103121766277   0.0164088558067234   0
0.16657313680858   0.15097978171348   0.0177901480770724   -0.0145301060561713   0
0.147388095551439   0.159264621836395   -0.0191850412571417   0.00828484012291553   0
0.141182477536697   0.177549583061894   -0.0062056180147414   0.018284961225499   0
0.153102078234948   0.151118575663417   0.0119196006982503   -0.0264310073984769   0
0.156231288219742   0.163475573896041   0.00312920998479416   0.0123569982326238   0
0.149976929317531   0.175870536728164   -0.00625435890221099   0.0123949628321229   0
0.139809230195607   0.184220743112007   -0.0101676991219242   0.00835020638384279   0
0.136044894304233   0.164981533699351   -0.00376433589137326   -0.0192392094126561   0
0.15592388589905   0.168334133547121   0.0198789915948168   0.00335259984777037   0
0.153932132425625   0.181360701970658   -0.00199175347342562   0.0130265684235374   0
0.140830414923668   0.174841399948818   -0.0131017175019565   -0.00651930202184059   0
0.157734408974104   0.183628539032608   0.0169039940504363   0.00878713908379   0
0.167088677799507   0.181486984956911   0.00935426882540308   -0.00214155407569702   0
0.16286010620287   0.190387610802935   -0.0042285715966377   0.0089006258460245   0
0.142065583862012   0.190606406461719   -0.0207945223408576   0.000218795658783522   0
0.164270868296847   0.191606661813336   0.0222052844348347   0.0010002553516168   0
0.164247498062649   0.189532795797324   -2.33702341974895e-05   -0.00207386601601198   0
0.149748269448431   0.183864731206015   -0.014499228614218   -0.00566806459130911   0
0.160418829588889   0.189507489293299   0.0106705601404573   0.00564275808728487   0
0.178322055980885   0.192914574190884   0.0179032263919967   0.00340708489758434   0
0.187828249131727   0.199091561467331   0.00950619315084139   0.00617698727644708   0
0.159872385696749   0.206882775397687   -0.0279558634349779   0.00779121393035659   0
0.18145441083702   0.193624771019232   0.0215820251402711   -0.0132580043784555   0
0.171859814380093   0.202698581436822   -0.00959459645692695   0.00907381041759014   0
0.173052794211015   0.199110509334013   0.00119297983092234   -0.00358807210280931   0
0.159255723619883   0.204331878475925   -0.0137970705911325   0.00522136914191176   0
0.159407544567815   0.209174509143084   0.000151820947932396   0.00484263066715915   0
0.175399552940736   0.197875915958714   0.0159920083729206   -0.0112985931843698   0
0.186656957608764   0.197084163872316   0.0112574046680284   -0.000791752086397673   0
0.171719395827752   0.199863200375282   -0.0149375617810124   0.00277903650296546   0
0.171418778953445   0.198452740929043   -0.000300616874306936   -0.00141045944623833   0
0.198996431677179   0.202160981188878   0.0275776527237337   0.00370824025983491   0
0.20641121472219   0.203322364243337   0.00741478304501136   0.00116138305445826   0
0.181925112308032   0.209509137149791   -0.0244861024141581   0.00618677290645464   0
0.180509129303929   0.203888616594331   -0.00141598300410298   -0.00562052055546042   0
0.197988162121401   0.193141922922627   0.0174790328174717   -0.0107466936717037   0
0.190239961560783   0.19781353655779   -0.00774820056061781   0.00467161363516264   0
0.185671660413322   0.197514745644471   -0.00456830114746068   -0.000298790913318858   0
0.208074356959453   0.20883563733592   0.0224026965461312   0.0113208916914495   0
0.216915697287771   0.221726032385126   0.00884134032831793   0.0128903950492059   0
0.219179809713304   0.235143356101656   0.00226411242553243   0.0134173237165294   0
0.191606492301905   0.22167838476834   -0.0275733174113986   -0.013464971333316   0
0.228043211955286   0.21869832764907   0.0364367196533812   -0.00298005711926952   0
0.219475635908066   0.219789878184825   -0.00856757604722008   0.00109155053575447   0
0.193749697771351   0.228314043537624   -0.0257259381367148   0.00852416535279929   0
0.201067672170068   0.215786845820708   0.00731797439871679   -0.0125271977169158   0
0.231202783299099   0.21689807067088   0.0301351111290305   0.0011112248501719   0
0.206044197090589   0.228564419376136   -0.0251585862085094   0.0116663487052558   0
0.212344688065913   0.231685072465837   0.00630049097532398   0.00312065308970108   0
0.224347021674993   0.222556604395938   0.0120023336090802   -0.00912846806989884   0
0.221485072767647   0.228384249858654   -0.00286194890734626   0.00582764546271589   0
0.215780040770596   0.225401403619188   -0.00570503199705139   -0.00298284623946599   0
0.220217470019978   0.215044835816859   0.00443742924938234   -0.0103565678023284   0
0.221878136665765   0.214117291418162   0.00166066664578643   -0.000927544398697633   0
0.220709485089155   0.221787320381486   -0.00116865157660923   0.00767002896332444   0
0.212123933723684   0.215811564241238   -0.00858555136547112   -0.0059757561402482   0
0.196326224387534   0.224030440443369   -0.0157977093361501   0.00821887620213124   0
0.234071368872487   0.225319435203113   0.0377451444849531   0.00128899475974414   0
0.218616467386174   0.24143715303418   -0.0154549014863135   0.0161177178310665   0
0.21488890858881   0.24767264500344   -0.00372755879736367   0.00623549196926013   0
0.221123890095598   0.250679160932855   0.00623498150678758   0.00300651592941459   0
0.213767267179262   0.244892628567093   -0.00735662291633571   -0.00578653236576193   0
0.213167886977471   0.262994136612397   -0.000599380201790706   0.0181015080453041   0
0.188524882876336   0.268617086162161   -0.0246430041011356   0.0056229495497645   0
0.22324483063906   0.27256664375754   0.0347199477627241   0.00394955759537918   0
0.238271539105471   0.257969244886382   0.0150267084664112   -0.0145973988711587   0
0.22464332121541   0.274438718253274   -0.0136282178900607   0.0164694733668925   0
0.213211777165357   0.276742439161398   -0.0114315440500529   0.00230372090812364   0
0.218438765959799   0.271402922800677   0.00522698879444206   -0.00533951636072133   0
0.236261275415778   0.250789436193493   0.0178225094559784   -0.0206134866071838   0
0.234329041419027   0.256136084487817   -0.00193223399675096   0.00534664829432402   0
0.222429084214812   0.251442714442574   -0.0118999572042147   -0.0046933700452424   0
0.221059064394587   0.254092507086494   -0.0013700198202255   0.00264979264391957   0
0.239421337131844   0.259781720618003   0.0183622727372572   0.00568921353150875   0
0.239713343933144   0.269070782939174   0.000292006801300676   0.0092890623211711   0
0.231964745940865   0.28148812433387   -0.00774859799227956   0.0124173413946957   0
0.225529999911524   0.280902044683285   -0.00643474602934072   -0.000586079650584936   0
0.233837569158594   0.27605412870305   0.00830756924706935   -0.00484791598023476   0
0.253543375737269   0.27254942661699   0.0197058065786755   -0.00350470208605991   0
0.22360602023537   0.28500558601938   -0.0299373555018986   0.0124561594023897   0
0.227351518005159   0.289581356824382   0.00374549776978825   0.00457577080500227   0
0.187690713528427   0.280922860466623   -0.0396608044767318   -0.00865849635775845   0
0.24483811273903   0.26628014493809   0.0571473992106032   -0.0146427155285339   0
0.271370274382973   0.289326575745731   0.0265321616439428   0.023046430807641   0
0.255105312669101   0.318488177847703   -0.0162649617138715   0.0291616021019722   0
0.260920537593345   0.296245012743253   0.00581522492424325   -0.02224316510445   0
0.292697936818557   0.306195533150796   0.0317773992252123   0.00995052040754285   0
0.26741794455311   0.321805626772202   -0.0252799922654474   0.0156100936214067   0
0.254195266421271   0.313104581024456   -0.0132226781318387   -0.00870104574774655   0
0.250667331973993   0.306566691747081   -0.00352793444727795   -0.00653788927737442   0
0.30555003246966   0.350201982339835   0.0548827004956665   0.0436352905927535   0
0.273309566952128   0.342613518255629   -0.032240465517531   -0.00758846408420616   0
0.272125010662839   0.328130449349036   -0.00118455628928993   -0.0144830689065931   0
0.288572724384357   0.333114396066501   0.0164477137215183   0.00498394671746583   0
0.310022039142397   0.342015597983849   0.0214493147580402   0.00890120191734783   0
0.288703964302969   0.350071887199615   -0.0213180748394281   0.00805628921576573   0
0.275168208465586   0.340980223943779   -0.0135357558373833   -0.00909166325583555   0
0.288828791504742   0.347142570098728   0.0136605830391568   0.0061623461549481   0
0.289105079270929   0.349728732312989   0.000276287766186323   0.00258616221426095   0
0.289981501637535   0.353012401496746   0.000876422366606733   0.00328366918375783   0
0.291352771053168   0.353347148436916   0.00137126941563293   0.000334746940169717   0
0.30001379921037   0.349203180379632   0.00866102815720121   -0.00414396805728379   0
0.311653627211701   0.374907096860342   0.0116398280013315   0.0257039164807099   0
0.287698859778137   0.361360831282598   -0.0239547674335644   -0.0135462655777446   0
0.285687658100171   0.347189655559105   -0.00201120167796609   -0.0141711757234925   0
0.323125652060077   0.36080694645856   0.0374379939599065   0.0136172908994546   0
0.312129721654138   0.36915298806931   -0.0109959304059387   0.00834604161075009   0
0.277280665461838   0.347980007962024   -0.0348490561923   -0.0211729801072862   0
0.278160702558863   0.343529107422865   0.000880037097024056   -0.00445090053915909   0
0.319681062835696   0.35956445341378   0.0415203602768331   0.016035345990915   0
0.31936603381299   0.381134904236348   -0.000315029022705471   0.0215704508225683   0
0.283797025086399   0.358160775257774   -0.0355690087265915   -0.0229741289785733   0
0.298959907126089   0.363112404633538   0.0151628820396907   0.00495162937576327   0
0.314617729015674   0.384428366325249   0.0156578218895846   0.0213159616917115   0
0.327574621630263   0.373144422907874   0.012956892614589   -0.0112839434173757   0
0.288017011149359   0.359424222416214   -0.039557610480904   -0.0137202004916597   0
0.297703757586565   0.367453792446751   0.00968674643720557   0.00802957003053717   0
0.317583647868022   0.379876507810433   0.0198798902814578   0.0124227153636821   0
0.315889589920846   0.390129439062537   -0.00169405794717675   0.0102529312521042   0
0.24320279922577   0.385446036909513   -0.072686790695076   -0.00468340215302382   0
0.249978443127983   0.373124204217577   0.00677564390221291   -0.0123218326919367   0
0.255908483208842   0.385619942665703   0.00593004008085915   0.0124957384481261   0
0.259999193699154   0.364314774716179   0.00409071049031196   -0.0213051679495243   0
0.22922244243529   0.377761416719932   -0.0307767512638633   0.0134466420037531   0
0.246599927126692   0.386823975248433   0.017377484691402   0.00906255852850085   0
0.261560635872239   0.384039802375353   0.0149607087455466   -0.0027841728730798   0
0.246935910247254   0.359597655347265   -0.0146247256249848   -0.0244421470280883   0
0.230021706616593   0.354086490186367   -0.0169142036306612   -0.00551116516089778   0
0.261149511520049   0.366209417258759   0.0311278049034555   0.0121229270723924   0
0.265013069956936   0.359420572974753   0.00386355843688763   -0.00678884428400578   0
0.236695474508935   0.362508530523076   -0.028317595448001   0.0030879575483227   0
0.276773712032501   0.358913325662687   0.0400782375235661   -0.00359520486038911   0
0.252732522974072   0.368307861304236   -0.024041189058429   0.00939453564154857   0
0.23763609231554   0.354343934760072   -0.015096430658532   -0.0139639265441638   0
