0.362215858240911   0.017644159878413   0   0   0
0.356980496116931   0.0201631127501615   -0.00523536212398057   0.00251895287174847   0
0.367589711109764   0.015523718507546   0.0106092149928336   -0.00463939424261553   0
0.386197834727035   0.0254551811777583   0.0186081236172703   0.00993146267021233   0
0.382003083569596   0.0280571468903647   -0.00419475115743834   0.00260196571260638   0
0.355924627673051   0.0245654441280328   -0.0260784558965453   -0.0034917027623319   0
0.357713337385468   0.0252147321729282   0.00178870971241746   0.000649288044895415   0
0.347797843437549   0.0496017173923948   -0.0099154939479193   0.0243869852194666   0
0.35335392851583   0.0396306175410503   0.00555608507828037   -0.00997109985134453   0
0.394223615014601   0.0439047775340281   0.040869686498771   0.00427415999297785   0
0.0952931176651284   0.0288946248667897   -0.298930497349472   -0.0150101526672384   0
0.0869805750993289   0.0354919724990736   -0.00831254256579946   0.00659734763228398   0
0.0335003019604301   0.0391016705541464   -0.0534802731388988   0.00360969805507276   0
0.0680348322865574   0.0399583641955286   0.0345345303261273   0.000856693641382168   0
0.0319438042903471   0.0339267844072441   -0.0360910279962103   -0.00603157978828443   0
0.0860046102366902   0.0674005763621499   0.0540608059463431   0.0334737919549057   0
0.0859708463071168   0.0405065839139145   -3.37639295733688e-05   -0.0268939924482354   0
0.126660453925302   0.0456304346106028   0.0406896076181854   0.00512385069668826   0
0.278633609350434   0.0705188631511633   0.151973155425131   0.0248884285405605   0
0.200605539284584   0.0437230563750763   -0.0780280700658492   -0.026795806776087   0
0.0522504071994604   0.0163098272072392   -0.148355132085124   -0.0274132291678371   0
0.380398123864314   0.0599626812221087   0.328147716664854   0.0436528540148695   0
0.49311243195677   0.0909898224540663   0.112714308092456   0.0310271412319576   0
0.479456995920854   0.081060487206688   -0.0136554360359156   -0.00992933524737831   0
0.454976681920744   0.0558795317175708   -0.0244803140001101   -0.0251809554891172   0
0.38214552922045   0.0396237339477554   -0.0728311527002944   -0.0162557977698154   0
0.304286993381577   0.0676532582540873   -0.0778585358388726   0.0280295243063319   0
0.260317997227852   0.0563058804526499   -0.0439689961537251   -0.0113473778014374   0
0.280189383632392   0.0449068807729116   0.0198713864045404   -0.0113989996797383   0
0.27891123422331   0.0516592937714503   -0.00127814940908266   0.00675241299853865   0
0.290272802866631   0.0497632010068936   0.0113615686433211   -0.00189609276455663   0
0.337349668440937   0.0770606004661495   0.0470768655743058   0.0272973994592559   0
0.330949353406741   0.0218709107179491   -0.00640031503419575   -0.0551896897482004   0
0.328530974665175   0.047228485627983   -0.00241837874156586   0.0253575749100339   0
0.153130754151379   0.0921989047870419   -0.175400220513796   0.0449704191590589   0
0.307038458330125   0.0591319849409353   0.153907704178746   -0.0330669198461066   0
0.326536086928551   0.0504499901902121   0.0194976285984255   -0.00868199475072318   0
0.343080251778277   0.0663615214623032   0.0165441648497258   0.015911531272091   0
0.358781833187482   0.0765345839729447   0.0157015814092053   0.0101730625106415   0
0.342502010312713   0.050961398825877   -0.0162798228747685   -0.0255731851470677   0
0.297005953934294   0.0411947207964807   -0.0454960563784192   -0.00976667802939632   0
0.276279479781832   0.0854305225110001   -0.0207264741524616   0.0442358017145194   0
0.297088115406322   0.0748204024519549   0.0208086356244893   -0.0106101200590452   0
0.525103852243482   0.0764609563046696   0.22801573683716   0.00164055385271474   0
0.530394270376151   0.053879596060777   0.00529041813266917   -0.0225813602438926   0
0.543922088541398   0.11547178261321   0.0135278181652463   0.0615921865524333   0
0.461982921846219   0.137021259525665   -0.0819391666951784   0.0215494769124542   0
0.423838365932073   0.161397837157596   -0.0381445559141462   0.0243765776319319   0
0.543759881934645   0.201853435104242   0.119921516002572   0.0404555979466457   0
1.03749189315754   0.327755527984155   0.493732011222897   0.125902092879913   0
0.804762847878181   0.366690277873916   -0.232729045279361   0.038934749889761   0
0.439157625141885   0.221962409495257   -0.365605222736296   -0.14472786837866   0
0.403737680596746   0.183215997694531   -0.0354199445451387   -0.0387464118007253   0
0.512171516841185   0.200404666125841   0.108433836244439   0.0171886684313101   0
0.580856205961002   0.234123469414906   0.0686846891198174   0.0337188032890647   0
0.669138538305073   0.245198831152806   0.0882823323440711   0.0110753617379004   0
0.680266772157659   0.242908731108806   0.0111282338525855   -0.00229010004400096   0
0.832889338974154   0.328922385419418   0.152622566816495   0.0860136543106123   0
0.84215961063155   0.396493257691099   0.00927027165739636   0.0675708722716808   0
0.795705369285171   0.413421731629023   -0.0464542413463793   0.0169284739379245   0
0.781045525374501   0.409076047638456   -0.0146598439106701   -0.00434568399056756   0
0.797913137707514   0.406020814848512   0.0168676123330133   -0.00305523278994319   0
0.769126788428807   0.414737209353706   -0.0287863492787065   0.0087163945051939   0
0.784311483096471   0.415531291921559   0.0151846946676639   0.000794082567852794   0
0.76886586846556   0.388697964700537   -0.0154456146309111   -0.0268333272210219   0
0.764586324605364   0.412485310361484   -0.00427954386019569   0.023787345660947   0
0.729225847969263   0.391779858050743   -0.0353604766361019   -0.0207054523107416   0
0.755666315122912   0.404252783562157   0.0264404671536492   0.0124729255114149   0
0.758790417759871   0.420520054119601   0.00312410263695939   0.0162672705574439   0
0.779590709356288   0.396362262256641   0.0208002915964165   -0.0241577918629602   0
0.778968450400843   0.434137650604621   -0.000622258955444988   0.0377753883479797   0
0.737394731944737   0.50158256688332   -0.0415737184561061   0.0674449162786989   0
0.7158664102011   0.406840614511211   -0.0215283217436363   -0.0947419523721085   0
0.782670747264193   0.435369634545179   0.0668043370630926   0.0285290200339673   0
0.75693721606805   0.418954387730526   -0.0257335311961429   -0.0164152468146527   0
0.775127384529691   0.412414020362681   0.0181901684616412   -0.0065403673678448   0
0.770631986665886   0.488200558396844   -0.00449539786380571   0.0757865380341626   0
0.805784640660369   0.449637840276732   0.0351526539944832   -0.0385627181201119   0
0.785331688476665   0.450352968271358   -0.0204529521837037   0.000715127994625642   0
0.748398016241465   0.443864839893489   -0.0369336722352003   -0.00648812837786872   0
0.756640045980808   0.447086721754896   0.00824202973934363   0.00322188186140748   0
0.595018521591555   0.362512867443571   -0.161621524389253   -0.0845738543113254   0
0.620905282530616   0.387935701616582   0.0258867609390609   0.0254228341730114   0
0.655760573540779   0.350152677202388   0.0348552910101634   -0.0377830244141939   0
0.683176827018928   0.381221855089658   0.0274162534781485   0.0310691778872692   0
0.663504125257417   0.382247394001136   -0.019672701761511   0.00102553891147872   0
0.531680576478923   0.377542487374021   -0.131823548778494   -0.00470490662711576   0
0.692489396295922   0.357882757820355   0.160808819816999   -0.0196597295536661   1
1.01303098101044   0.378048296865192   0.320541584714521   0.0201655390448377   0
1.04141543380559   0.38381980127822   0.0283844527951496   0.00577150441302809   0
1.07077145242292   0.410216243010832   0.0293560186173278   0.0263964417326122   0
1.02830722878525   0.370273813296998   -0.0424642236376702   -0.0399424297138346   0
1.04916867244235   0.34560863658364   0.0208614436570984   -0.0246651767133579   0
1.05246265331692   0.364805409326136   0.00329398087457111   0.0191967727424965   0
1.05417505411048   0.398688658680006   0.00171240079356361   0.0338832493538698   0
1.02692595344905   0.433046432919061   -0.0272491006614284   0.0343577742390545   0
0.92502973413659   0.406034368435146   -0.101896219312465   -0.0270120644839146   0
1.0049822337809   0.40021874941021   0.0799524996443116   -0.00581561902493627   0
1.02325914475757   0.391375350796572   0.0182769109766718   -0.00884339861363764   0
1.02936185611005   0.426220619050924   0.00610271135247764   0.0348452682543513   0
1.03996379026583   0.346379314076187   0.010601934155775   -0.0798413049747363   0
1.08564730153362   0.352060758162923   0.0456835112677982   0.00568144408673621   0
1.05740986203374   0.364203625226154   -0.0282374394998857   0.01214286706323   0
1.01862358141219   0.377791704952689   -0.0387862806215469   0.013588079726536   0
0.793267582464612   0.354604546637109   -0.22535599894758   -0.02318715831558   0
0.75189101427667   0.315232219264228   -0.0413765681879418   -0.039372327372882   0
0.824008309147068   0.282206961382759   0.0721172948703976   -0.0330252578814686   0
0.878808048973295   0.301907311149718   0.0547997398262274   0.0197003497669588   0
1.00623403587973   0.320518156453581   0.127425986906435   0.0186108453038636   0
0.977116457960488   0.367593031961298   -0.0291175779192422   0.0470748755077168   0
0.975751001186906   0.311206645606505   -0.0013654567735818   -0.0563863863547937   0
1.02704707857929   0.35305214218972   0.0512960773923818   0.041845496583215   0
0.944591830556506   0.359717900238242   -0.0824552480227825   0.00666575804852282   0
0.896260718054456   0.353972492957041   -0.0483311125020492   -0.00574540728120132   0
0.978792206190267   0.300694245264392   0.0825314881358106   -0.0532782476926488   0
0.963552487016146   0.338459595046809   -0.0152397191741209   0.0377653497824168   0
1.04247324311394   0.286504582554957   0.0789207560977913   -0.0519550124918524   0
1.07514291978315   0.242156053156973   0.0326696766692141   -0.0443485293979842   0
1.03161509295621   0.322361682134369   -0.0435278268269461   0.0802056289773965   0
0.989549303279852   0.286182231687259   -0.0420657896763534   -0.0361794504471101   0
1.02899393078288   0.234731288441321   0.0394446275030271   -0.0514509432459382   0
0.945079767034529   0.250523159749378   -0.0839141637483495   0.0157918713080575   0
0.97172569521013   0.292409880202858   0.0266459281756004   0.0418867204534801   0
0.881183215431439   0.31954713748757   -0.0905424797786907   0.0271372572847116   0
0.962482397955412   0.24057272912105   0.0812991825239727   -0.0789744083665203   0
1.001528523798   0.192489476396477   0.0390461258425878   -0.0480832527245725   0
0.92212772095681   0.158916217020864   -0.0794008028411898   -0.0335732593756128   0
0.965174286575622   0.188877602533499   0.0430465656188117   0.0299613855126347   0
1.03475702506241   0.223490889568233   0.0695827384867888   0.0346132870347336   0
1.05665085193738   0.201408154291286   0.0218938268749742   -0.0220827352769467   0
1.07024799812599   0.192530036562539   0.013597146188606   -0.00887811772874733   0
1.0802560467778   0.16555481089162   0.0100080486518093   -0.0269752256709189   0
1.10283984096241   0.182522422054586   0.022583794184613   0.0169676111629664   0
1.08417548702599   0.241100539195291   -0.018664353936424   0.0585781171407047   0
1.04383284595688   0.193212325153987   -0.0403426410691086   -0.0478882140413039   0
1.0805832091505   0.192073415342285   0.036750363193623   -0.00113890981170184   0
1.01931290196877   0.259887466980422   -0.0612703071817309   0.0678140516381369   0
1.07217151285324   0.219821292962039   0.0528586108844653   -0.0400661740183832   0
1.14422396586726   0.237511688455011   0.0720524530140221   0.0176903954929717   0
1.11695340766077   0.262511062655938   -0.0272705582064925   0.0249993742009278   0
1.10967725894739   0.253698979332791   -0.0072761487133739   -0.0088120833231472   0
1.05753265338996   0.204018332314157   -0.0521446055574379   -0.0496806470186337   0
1.13184764992688   0.2030182485107   0.0743149965369241   -0.00100008380345709   0
1.19697044644772   0.199810498095327   0.0651227965208387   -0.0032077504153738   0
1.14465831780711   0.172157959360598   -0.0523121286406096   -0.0276525387347288   0
1.10945402244978   0.171507031068525   -0.0352042953573273   -0.00065092829207275   0
0.8307236782754   0.290382513528725   -0.278730344174381   0.1188754824602   0
1.03266647483174   0.383577260383694   0.201942796556339   0.093194746854969   0
1.12442092506835   0.312297566377406   0.0917544502366097   -0.0712796940062882   0
0.764824544251164   0.229414239241901   -0.359596380817185   -0.0828833271355049   1
0.798143181438644   0.297398202587457   0.0333186371874803   0.0679839633455562   0
0.782018308965334   0.291005590437513   -0.0161248724733103   -0.00639261214994369   0
0.856131871840431   0.283826628043265   0.0741135628750974   -0.00717896239424792   0
0.918120373467989   0.278081697073468   0.0619885016275582   -0.00574493096979722   0
0.887918833896432   0.299724748740409   -0.0302015395715569   0.0216430516669415   0
0.883774269010475   0.306937734277756   -0.00414456488595694   0.00721298553734678   0
0.929647309187737   0.302224884635438   0.0458730401772619   -0.00471284964231794   0
0.92121116997353   0.235257469737844   -0.00843613921420716   -0.0669674148975946   0
1.0013617112732   0.27375168742348   0.0801505412996742   0.0384942176856359   0
1.05349216763581   0.331023451863626   0.0521304563626068   0.0572717644401459   0
0.989526289078688   0.369018064585484   -0.0639658785571227   0.0379946127218584   0
0.999164663303302   0.316976072295532   0.00963837422461311   -0.0520419922899517   0
0.95460609513183   0.327909822930287   -0.0445585681714719   0.0109337506347552   0
0.900879826009158   0.31406593951048   -0.0537262691226722   -0.0138438834198073   0
0.952239508716688   0.288155617661378   0.0513596827075308   -0.0259103218491026   0
0.886865476535196   0.376547313734214   -0.0653740321814924   0.0883916960728363   0
0.776651075651093   0.361955888336203   -0.110214400884103   -0.0145914253980107   0
0.969539310844589   0.295568063731135   0.192888235193495   -0.0663878246050678   0
1.02159060976499   0.348823914189465   0.0520512989203994   0.0532558504583291   0
1.04987696739428   0.286495417821163   0.0282863576292873   -0.062328496368302   0
1.01509599751009   0.325743690266692   -0.0347809698841874   0.0392482724455293   0
0.963417830765551   0.329659191265119   -0.0516781667445368   0.00391550099842747   0
1.03476392645907   0.346447240904835   0.0713460956935229   0.0167880496397153   0
1.0849866511847   0.338006954239717   0.0502227247256306   -0.00844028666511787   0
1.08187495167649   0.357846728695223   -0.00311169950821788   0.0198397744555062   0
1.06022659614443   0.351419939621729   -0.0216483555320588   -0.00642678907349348   0
1.02042563334228   0.296157532576347   -0.0398009628021445   -0.0552624070453825   0
1.06485036209319   0.339819006199256   0.0444247287509074   0.043661473622909   0
0.942470687019495   0.353847269602384   -0.122379675073696   0.0140282634031284   0
0.953389135044553   0.373050364828813   0.0109184480250573   0.0192030952264285   0
0.925347696738367   0.384970916461789   -0.0280414383061859   0.0119205516329766   0
0.910850009956085   0.364509463884904   -0.0144976867822818   -0.0204614525768856   0
0.966843765108407   0.314652469240176   0.0559937551523217   -0.0498569946447277   0
0.869938767746903   0.31155516272428   -0.0969049973615037   -0.00309730651589629   0
0.877487243591039   0.306552994184121   0.00754847584413632   -0.00500216854015845   0
0.959397553964466   0.318508757651265   0.0819103103734267   0.0119557634671439   0
0.965976624908698   0.338667975829281   0.00657907094423238   0.0201592181780157   0
0.966986853362547   0.360103860911338   0.00101022845384879   0.0214358850820573   0
0.852133012953964   0.326928926701466   -0.114853840408583   -0.0331749342098724   0
0.620497335811363   0.35542703803311   -0.2316356771426   0.0284981113316443   0
1.02083088605557   0.39336145900229   0.400333550244206   0.0379344209691793   0
1.01727745852594   0.510626780467643   -0.00355342752962784   0.117265321465353   0
0.749786904438188   0.394278578944824   -0.267490554087754   -0.116348201522818   1
0.526797824818972   0.259905680579276   -0.222989079619216   -0.134372898365549   1
0.670817352878561   0.289339339023403   0.144019528059589   0.0294336584441279   0
0.703995902233813   0.260515948511315   0.0331785493552517   -0.0288233905120888   0
0.759335130017043   0.177837880403051   0.0553392277832305   -0.0826780681082634   0
0.677480493378961   0.0855380171067959   -0.0818546366380825   -0.0922998632962555   0
0.758234261141634   0.101355374305473   0.0807537677626734   0.015817357198677   0
0.801990312412812   0.12679405208818   0.043756051271178   0.0254386777827068   0
0.803859835636164   0.20417397127756   0.00186952322335154   0.0773799191893806   0
0.834152904220203   0.154634337995325   0.0302930685840398   -0.049539633282235   0
0.918940524426364   0.245620225273694   0.0847876202061602   0.0909858872783683   0
0.971296310023877   0.25852011088163   0.0523557855975135   0.0128998856079359   0
0.966303616043115   0.307180931306779   -0.00499269398076196   0.0486608204251494   0
0.957204592016252   0.3313886603631   -0.0090990240268628   0.024207729056321   0
0.955840441545554   0.288756346914661   -0.00136415047069816   -0.042632313448439   0
0.982684253903053   0.332212327559409   0.0268438123574989   0.043455980644748   0
0.987231207763409   0.318538758580447   0.00454695386035631   -0.0136735689789616   0
1.01186865178935   0.361879450332113   0.0246374440259421   0.0433406917516661   0
0.954392139863379   0.35864195911112   -0.0574765119259724   -0.00323749122099309   0
0.98335565418469   0.347489224508146   0.0289635143213109   -0.0111527346029745   0
1.03013039996983   0.366554811667369   0.0467747457851388   0.0190655871592227   0
1.02923855591452   0.371227464631875   -0.000891844055312063   0.00467265296450653   0
0.982874420689133   0.372687865573797   -0.0463641352253835   0.00146040094192185   0
0.98731196814077   0.374371572296565   0.00443754745163616   0.00168370672276852   0
0.960695966625238   0.323890354721315   -0.0266160015155319   -0.0504812175752508   0
1.02449482118994   0.415261087555637   0.0637988545646988   0.091370732834322   0
1.02809236912546   0.380083257682116   0.00359754793552303   -0.0351778298735203   0
1.01828837561322   0.398055086151301   -0.00980399351224448   0.0179718284691847   0
1.00072604603058   0.381361389951084   -0.0175623295826344   -0.0166936962002173   0
0.947774966091108   0.370672720322015   -0.052951079939473   -0.0106886696290691   0
0.970285024277918   0.339610105960497   0.0225100581868103   -0.0310626143615176   0
0.956287945619414   0.28999306485242   -0.0139970786585036   -0.0496170411080768   0
0.979431645799236   0.274611528017166   0.0231437001798215   -0.0153815368352546   0
0.984917870774005   0.31630716503235   0.00548622497476947   0.0416956370151847   0
1.03693701651981   0.283194368961055   0.0520191457458022   -0.0331127960712956   0
1.02452012185511   0.295414420502521   -0.0124168946647021   0.0122200515414658   0
0.985011218967073   0.249856254071996   -0.039508902888032   -0.0455581664305241   0
1.00335089980774   0.268855475056344   0.0183396808406657   0.0189992209843478   0
1.02746428724409   0.299174337326859   0.0241133874363479   0.0303188622705149   0
1.00350305223103   0.306969974848518   -0.0239612350130538   0.00779563752165929   0
1.03140185299911   0.325139954734711   0.0278988007680778   0.0181699798861928   0
1.07407073779198   0.295801844588924   0.0426688847928649   -0.0293381101457871   0
1.09904497016273   0.430594044849891   0.0249742323707558   0.134792200260967   0
0.983555931304367   0.32063063561285   -0.115489038858365   -0.109963409237041   0
0.956954340005833   0.288060103928941   -0.0266015912985335   -0.0325705316839083   0
0.946438858609472   0.325499706690747   -0.0105154813963615   0.0374396027618059   0
1.01128430474175   0.298484561327504   0.0648454461322759   -0.0270151453632433   0
1.0285000029334   0.289030810530314   0.0172156981916505   -0.00945375079719041   0
1.019820371944   0.293055661976373   -0.00867963098939728   0.00402485144605913   0
1.02992301204168   0.321408170506507   0.010102640097676   0.0283525085301345   0
1.10478960163146   0.379452038852409   0.0748665895897831   0.0580438683459017   0
1.07059637053373   0.400416193724117   -0.034193231097728   0.0209641548717086   0
1.04183051883308   0.346955672942885   -0.0287658517006542   -0.0534605207812328   0
1.1028860373588   0.372102427882512   0.061055518525724   0.0251467549396272   0
1.02910895057423   0.317894991929867   -0.0737770867845684   -0.0542074359526453   0
1.04325494240957   0.327423261271248   0.0141459918353388   0.00952826934138146   0
1.04802590664258   0.314238607609329   0.00477096423300671   -0.0131846536619188   0
1.08026214766741   0.449999032022039   0.0322362410248334   0.13576042441271   0
