0.169305667261251   0.197782453681324   0   0   0
0.366100944049288   0.210213119392558   0.196795276788037   0.0124306657112346   0
0.235964118114598   0.148385379397736   -0.13013682593469   -0.0618277399948226   0
0.175725176233942   0.151559108339783   -0.060238941880656   0.00317372894204695   0
0.214963207351351   0.157487099904246   0.0392380311174091   0.00592799156446336   0
0.143725978271153   0.178249628892321   -0.071237229080198   0.0207625289880744   0
0.222303166619506   0.173069177488367   0.0785771883483532   -0.00518045140395321   0
0.161116784270044   0.213780973997337   -0.061186382349462   0.0407117965089695   0
0.203051054920294   0.196066627150696   0.0419342706502493   -0.017714346846641   0
0.164967802236376   0.145452247211172   -0.0380832526839178   -0.0506143799395236   0
0.247065875939596   0.131292561687144   0.0820980737032205   -0.0141596855240284   0
0.0795495582284402   0.11932564973103   -0.167516317711156   -0.0119669119561138   0
0.0894791408641701   0.0997900847748663   0.00992958263572991   -0.0195355649561639   0
0.063650037491348   0.071900012218097   -0.0258291033728222   -0.0278900725567693   0
0.107182266851033   0.115076413999959   0.0435322293596853   0.0431764017818622   0
0.0430717063890682   0.0379201704660264   -0.064110560461965   -0.0771562435339328   0
0.0319647518961121   0.0422200482336887   -0.0111069544929562   0.0042998777676623   0
0.0443759743512185   0.0873269780263808   0.0124112224551064   0.0451069297926921   0
0.207094449108313   0.0528795996307413   0.162718474757094   -0.0344473783956395   0
0.0565066994533728   0.0238119967273899   -0.15058774965494   -0.0290676029033515   0
0.00591042858085613   0.016418737098974   -0.0505962708725166   -0.00739325962841586   0
0.0156635614814359   0.0345990600211585   0.00975313290057973   0.0181803229221845   0
0.00593487698295432   0.0253975206721094   -0.00972868449848153   -0.00920153934904903   0
0.00420058115509033   0.0262155876669821   -0.00173429582786399   0.000818066994872704   0
0.0556677218019956   0.0516843672477709   0.0514671406469053   0.0254687795807887   0
0.0550729986310629   0.0416089673939104   -0.00059472317093269   -0.0100753998538605   0
0.0853558195481091   0.040178592994274   0.0302828209170462   -0.00143037439963641   0
0.0255595037210839   0.042022082183005   -0.0597963158270253   0.00184348918873098   0
0.0640417483038137   0.0582870966330905   0.0384822445827298   0.0162650144500855   0
0.151441295187601   0.045811136065208   0.0873995468837878   -0.0124759605678825   0
0.188859117147895   0.0801346061058049   0.0374178219602938   0.0343234700405969   0
0.0709058632192405   0.107109114780874   -0.117953253928655   0.0269745086750694   0
0.0825647885652383   0.0503571155174966   0.0116589253459978   -0.0567519992633776   0
0.116070654973878   0.0456720027649325   0.0335058664086396   -0.00468511275256415   0
0.0635439873009241   0.0751363643529549   -0.0525266676729538   0.0294643615880225   0
0.0739966707389197   0.0713789878385161   0.0104526834379957   -0.00375737651443885   0
0.07790629370866   0.048419678065457   0.00390962296974028   -0.0229593097730591   0
0.270712838616394   0.134689430861566   0.192806544907734   0.0862697527961087   0
0.429817472488077   0.13116966808285   0.159104633871683   -0.00351976277871588   0
0.388899351993716   0.112665958270733   -0.0409181204943602   -0.0185037098121171   0
0.278919929672271   0.0860583660051857   -0.109979422321446   -0.0266075922655471   0
0.227578629429874   0.124737365273251   -0.0513413002423964   0.0386789992680655   0
0.0625002467575297   0.138513558921464   -0.165078382672345   0.0137761936482132   0
0.0698988112035648   0.116081128670308   0.00739856444603514   -0.0224324302511569   0
0.0987066770526695   0.0784131285082575   0.0288078658491047   -0.0376680001620501   0
0.0836490881151134   0.0393471235358126   -0.0150575889375562   -0.0390660049724448   0
0.0809193910666658   0.0452861188385856   -0.00272969704844751   0.005938995302773   0
0.0780057755065611   0.0962870492152918   -0.00291361556010479   0.0510009303767062   0
0.114278296750914   0.0610185095680401   0.0362725212443531   -0.0352685396472517   0
0.0754652006797835   0.0509032968415848   -0.0388130960711307   -0.0101152127264553   0
0.135237875247728   0.0498507826280524   0.0597726745679443   -0.00105251421353245   0
0.0996516396182722   0.0586439470830266   -0.0355862356294556   0.00879316445497426   0
0.131104498382664   0.153555108450647   0.031452858764392   0.0949111613676205   0
0.0486437176558289   0.0544310501736601   -0.0824607807268353   -0.0991240582769871   0
0.124549583438725   0.0763001605547623   0.0759058657828964   0.0218691103811022   0
0.210020303404433   0.153078564843351   0.0854707199657075   0.0767784042885887   0
0.151162151109893   0.0773349631152204   -0.0588581522945402   -0.0757436017281305   0
0.11669944967608   0.0639884165970295   -0.0344627014338123   -0.0133465465181909   0
0.0711302351214306   0.0646666680316258   -0.0455692145546497   0.00067825143459635   0
0.0894668160501982   0.0524962286829016   0.0183365809287676   -0.0121704393487242   0
0.0633180381285373   0.0509386103398247   -0.0261487779216609   -0.00155761834307686   0
0.0817805185150865   0.0472170369185742   0.0184624803865492   -0.00372157342125053   0
0.0759550345097019   0.0430956256933987   -0.0058254840053846   -0.00412141122517552   0
0.0809415904548978   0.145126332671202   0.0049865559451959   0.102030706977804   0
0.0487402895916264   0.106505756970269   -0.0322013008632714   -0.0386205757009334   0
0.0335393846718287   0.0994171183003179   -0.0152009049197976   -0.0070886386699511   0
0.0576852513138289   0.0935851812893072   0.0241458666420002   -0.00583193701101065   0
0.0841615454151122   0.0763208301327575   0.0264762941012833   -0.0172643511565497   0
0.18746944985637   0.0710428644956163   0.103307904441258   -0.00527796563714118   0
0.129362230664789   0.0791490996580188   -0.0581072191915812   0.00810623516240254   0
0.0863553014660362   0.0652447415173054   -0.0430069291987524   -0.0139043581407134   0
0.0470008254939591   0.0681384060675035   -0.0393544759720771   0.00289366455019807   0
0.0730747632421755   0.0994874715539726   0.0260739377482163   0.031349065486469   0
0.103902460345316   0.0572162037143544   0.0308276971031407   -0.0422712678396182   0
0.267057577674347   0.341251953364241   0.163155117329031   0.284035749649886   0
0.297831282636663   0.496373848966383   0.0307737049623161   0.155121895602143   0
0.342077514374331   0.433731922706356   0.0442462317376681   -0.0626419262600272   0
0.317525856783468   0.388577077273609   -0.0245516575908631   -0.0451548454327476   0
0.356153866965403   0.47722575984335   0.0386280101819348   0.088648682569741   0
0.33469569689853   0.486194758404297   -0.0214581700668733   0.00896899856094713   0
0.327265590789163   0.448900564999366   -0.00743010610936712   -0.0372941934049308   0
0.250491896929402   0.313268445172826   -0.0767736938597609   -0.13563211982654   0
0.0344074525584938   0.279837432917493   -0.216084444370908   -0.0334310122553329   0
0.168032655243333   0.133831085434252   0.13362520268484   -0.146006347483241   0
0.174225458560689   0.109148296629906   0.00619280331735581   -0.0246827888043456   0
0.199880542071959   0.137385066781201   0.0256550835112695   0.0282367701512945   0
0.18246343762313   0.0716626585823468   -0.0174171044488282   -0.065722408198854   0
0.114676076039512   0.115925826617249   -0.0677873615836181   0.0442631680349023   0
0.174704517267557   0.100736680346883   0.0600284412280444   -0.0151891462703665   0
0.0988742180919273   0.102054452638334   -0.0758302991756294   0.00131777229145161   0
0.21404124836323   0.0948544810476026   0.115167030271303   -0.00719997159073162   0
0.238553626727849   0.150733647128002   0.0245123783646189   0.055879166080399   0
0.247029829981806   0.136325893064276   0.0084762032539569   -0.0144077540637252   0
0.200332790627446   0.120954279841879   -0.0466970393543603   -0.0153716132223972   0
0.0976438023285656   0.135211817745649   -0.10268898829888   0.0142575379037695   0
0.104133881876602   0.269403290994654   0.00649007954803589   0.134191473249005   0
0.107171224481668   0.235624465405892   0.00303734260506613   -0.0337788255887614   0
0.0887941849433334   0.171271074995349   -0.0183770395383342   -0.0643533904105431   0
0.166866403466998   0.0930542843374366   0.0780722185236644   -0.0782167906579125   0
0.0698350630437354   0.0970696149093372   -0.0970313404232624   0.00401533057190062   0
0.119957224361576   0.101550787820898   0.0501221613178411   0.00448117291156053   0
0.0892306065633312   0.104338331630518   -0.0307266177982453   0.00278754380962046   0
0.225002976549041   0.0890813540069974   0.13577236998571   -0.0152569776235208   0
0.151690449181219   0.120579057472359   -0.0733125273678222   0.0314977034653618   0
0.239098909794754   0.0874119034030978   0.0874084606135352   -0.0331671540692614   0
0.0709257962878105   0.188295048987195   -0.168173113506944   0.100883145584097   0
0.0702408186858703   0.113741439611614   -0.000684977601940279   -0.0745536093755803   0
1.04139288641827   0.175731651292532   0.971152067732402   0.0619902116809175   1
0.653185762201604   0.0794038527084171   -0.388207124216669   -0.0963277985841147   0
0.45849534294046   0.111788699231743   -0.194690419261144   0.0323848465233254   0
0.432588659190102   0.144074688938316   -0.0259066837503582   0.0322859897065734   0
0.37287892033152   0.129845120416874   -0.0597097388585818   -0.014229568521442   0
0.275601636472681   0.101224073962733   -0.0972772838588386   -0.0286210464541407   0
0.435048178656077   0.135095977312326   0.159446542183396   0.0338719033495927   0
0.452618183455205   0.12166784546688   0.0175700047991282   -0.0134281318454464   0
0.364447844615234   0.0924151952805381   -0.0881703388399711   -0.0292526501863415   0
0.364832206763931   0.120857632430321   0.000384362148697026   0.0284424371497825   0
1.54636893404277   0.696959947382972   1.18153672727883   0.576102314952652   1
0.733279993450121   0.321103283691046   -0.813088940592644   -0.375856663691926   1
0.767077047946267   0.410578737651196   0.0337970544961458   0.0894754539601501   0
0.502276931300065   0.306131495383928   -0.264800116646202   -0.104447242267268   0
0.247158550864258   0.230231614928858   -0.255118380435807   -0.0758998804550701   0
0.710360984244074   0.377630503176716   0.463202433379816   0.147398888247858   1
0.299280086394735   0.217762139327524   -0.411080897849339   -0.159868363849192   1
0.325362862372844   0.23972720517288   0.0260827759781088   0.0219650658453557   0
0.318055801094148   0.211813518580502   -0.00730706127869601   -0.0279136865923782   0
0.692060137245538   0.185140834970037   0.37400433615139   -0.0266726836104645   1
0.377168600440042   0.130561209877216   -0.314891536805496   -0.0545796250928208   0
0.346808436357436   0.182274955717715   -0.0303601640826055   0.0517137458404988   0
0.30362797931747   0.176141423445658   -0.0431804570399664   -0.00613353227205737   0
0.34338966151882   0.239240453851977   0.0397616822013503   0.0630990304063194   0
0.166158931538332   0.160105766925914   -0.177230729980489   -0.0791346869260634   0
0.424056318247942   0.181375380195501   0.25789738670961   0.0212696132695872   0
0.569989529436059   0.375303568321033   0.145933211188117   0.193928188125532   0
1.99224555306852   0.723775024361958   1.42225602363246   0.348471456040925   1
2.23717415857599   0.86925464178737   0.244928605507467   0.145479617425412   1
1.38805641673177   0.79462824814115   -0.849117741844213   -0.0746263936462203   1
0.85684657556625   0.631119645976001   -0.531209841165523   -0.163508602165149   0
1.47620646395661   0.878625454601033   0.61935988839036   0.247505808625033   0
1.46330215101188   0.872986136740276   -0.0129043129447286   -0.00563931786075678   0
1.15287300108772   0.615526329628668   -0.310429149924164   -0.257459807111608   0
1.05615164320376   0.585561505284577   -0.0967213578839581   -0.029964824344091   0
0.976512292064468   0.542868341078951   -0.0796393511392915   -0.0426931642056262   0
0.929459365039425   0.532302642752683   -0.0470529270250432   -0.0105656983262685   0
0.735988110972514   0.49058595330464   -0.19347125406691   -0.0417166894480425   0
0.877301629086234   0.468355890879801   0.14131351811372   -0.0222300624248387   0
0.770787818162229   0.475984319261585   -0.106513810924005   0.00762842838178401   0
0.447544371639562   0.629962806992603   -0.323243446522668   0.153978487731018   0
0.442226305272267   0.643077776548381   -0.00531806636729482   0.0131149695557781   1
0.362349493923997   0.307375639273532   -0.0798768113482702   -0.335702137274849   0
0.476633828811227   0.361059082088431   0.11428433488723   0.0536834428148985   0
0.503795258518666   0.399014166315245   0.0271614297074395   0.0379550842268145   0
0.433635204264841   0.380302394397209   -0.0701600542538259   -0.0187117719180364   0
0.394656034497447   0.349821350684564   -0.0389791697673936   -0.0304810437126444   0
0.203003483322331   0.576502373487308   -0.191652551175116   0.226681022802744   0
0.278002685895299   0.521535406662146   0.0749992025729673   -0.0549669668251624   0
0.42462112765675   0.477900375249424   0.146618441761452   -0.0436350314127222   0
0.316704296978759   0.442597013544206   -0.107916830677991   -0.0353033617052179   0
0.333581813643969   0.463840321391963   0.0168775166652105   0.0212433078477576   0
0.337731540970043   0.44502314813979   0.00414972732607372   -0.018817173252173   0
0.430594050360662   0.499442917991538   0.0928625093906184   0.054419769851748   0
0.425513228006557   0.568981891005162   -0.00508082235410473   0.0695389730136237   0
0.393294157977207   0.576766681421092   -0.0322190700293501   0.00778479041593039   0
0.324028344405239   0.502297075349588   -0.0692658135719679   -0.0744696060715041   0
0.262354861815061   0.665484135560853   -0.0616734825901773   0.163187060211265   0
0.328548668335454   0.73303399632487   0.0661938065203923   0.0675498607640174   0
0.540382631554716   0.919660814827825   0.211833963219262   0.186626818502955   0
0.611597552361028   0.982946686935161   0.0712149208063116   0.0632858721073359   0
0.604286952268539   0.916380828963205   -0.00731060009248841   -0.0665658579719567   0
0.722807390517031   0.81587776447596   0.118520438248492   -0.100503064487245   0
0.851806531975425   0.935001228049895   0.128999141458393   0.119123463573935   0
0.875705350218325   1.03221690527334   0.0238988182429009   0.0972156772234403   0
0.904615746186418   0.907341886762268   0.0289103959680926   -0.124875018511068   0
1.0532110555938   1.08335948329505   0.148595309407379   0.17601759653278   0
0.873218831966535   0.819111852194735   -0.179992223627262   -0.264247631100312   0
0.764979388047155   0.668865807629865   -0.10823944391938   -0.15024604456487   0
1.11507051576877   0.880945389433507   0.350091127721619   0.212079581803641   0
1.07891977264105   0.840678080710744   -0.0361507431277261   -0.0402673087227627   0
1.03776472531637   0.817425552572428   -0.0411550473246782   -0.0232525281383154   0
1.02445594237185   0.8015917987429   -0.0133087829445171   -0.0158337538295288   0
1.01993155522417   0.840842940531228   -0.00452438714767966   0.0392511417883283   0
0.734516893022454   0.712716425709314   -0.285414662201718   -0.128126514821914   0
0.729623468998908   0.763972440712237   -0.00489342402354687   0.0512560150029232   0
0.520609818977208   0.659294972285547   -0.2090136500217   -0.10467746842669   0
0.504748661052211   0.673025015986962   -0.0158611579249965   0.0137300437014147   0
0.611279094157489   0.63408051342574   0.106530433105278   -0.0389445025612216   0
0.930223561938742   0.738377276371138   0.318944467781253   0.104296762945398   0
0.736371473103759   0.610627145555584   -0.193852088834983   -0.127750130815554   0
0.767358077787026   0.788265554735205   0.0309866046832674   0.177638409179621   0
0.886589864563091   0.813392484014021   0.119231786776064   0.0251269292788165   0
0.75570906486822   0.698424572292678   -0.130880799694871   -0.114967911721343   0
0.804246558969325   0.722503330126756   0.0485374941011048   0.0240787578340784   0
0.760415071348537   0.634882326215851   -0.0438314876207885   -0.0876210039109055   0
0.681726669924245   0.62765511401824   -0.0786884014242919   -0.00722721219761069   0
0.499173416421588   0.614045254791738   -0.182553253502657   -0.0136098592265024   0
0.522641924205282   0.664701204458439   0.0234685077836944   0.0506559496667017   0
0.426043469964463   0.638112283815513   -0.0965984542408197   -0.0265889206429263   0
0.370161562537563   0.573752820827488   -0.0558819074268998   -0.0643594629880246   0
0.506908789966203   0.587134205667026   0.13674722742864   0.0133813848395379   0
0.476871381763469   0.564508098950981   -0.0300374082027342   -0.0226261067160457   0
0.840004615497439   0.505240194224737   0.36313323373397   -0.0592679047262435   0
0.595760606532523   0.362897551359196   -0.244244008964916   -0.142342642865541   0
0.531019748010373   0.601852629565577   -0.0647408585221503   0.238955078206382   0
0.539284584842817   0.538363273267689   0.00826483683244439   -0.0634893562978888   0
0.702761211029927   0.604210844455394   0.16347662618711   0.0658475711877051   0
0.80542264695438   0.653978914689207   0.102661435924453   0.0497680702338128   0
0.651329397070645   0.646348351875676   -0.154093249883735   -0.00763056281353069   0
0.645259423507321   0.5823508432249   -0.00606997356332406   -0.0639975086507755   0
0.678132104461218   0.64366437233435   0.0328726809538969   0.0613135291094493   0
0.521103764132442   0.627167291868613   -0.157028340328776   -0.0164970804657367   0
0.377480019644272   0.608458837790199   -0.14362374448817   -0.0187084540784137   0
0.436715044651269   0.56766587168928   0.0592350250069971   -0.0407929661009193   0
0.525000912699445   0.559069232227548   0.0882858680481756   -0.00859663946173195   0
0.656217757298475   0.493952770362572   0.13121684459903   -0.0651164618649758   0
0.53002840433324   0.483660990433899   -0.126189352965235   -0.0102917799286734   0
0.576289201174974   0.571038328724088   0.0462607968417348   0.0873773382901895   0
0.671110576843198   0.557449545249837   0.0948213756682237   -0.0135887834742515   0
0.651405447433079   0.551865213132926   -0.0197051294101189   -0.00558433211691067   0
0.590190739567337   0.553097450828062   -0.0612147078657422   0.00123223769513559   0
0.627543799367311   0.660204568608284   0.0373530597999743   0.107107117780222   0
0.611690099999085   0.675946628796423   -0.0158536993682266   0.0157420601881396   0
0.532056714247654   0.638740653125547   -0.0796333857514303   -0.0372059756708767   0
0.561388989145102   0.602643554249317   0.0293322748974482   -0.0360970988762292   0
0.467861829759428   0.582684180495318   -0.0935271593856743   -0.0199593737539997   0
0.456657951533676   0.60479680868867   -0.0112038782257524   0.0221126281933525   0
0.589003486935684   0.587259346433286   0.132345535402008   -0.0175374622553846   0
0.746683942063843   0.626399433940716   0.157680455128159   0.0391400875074307   0
0.683445703460933   0.540383815077765   -0.0632382386029092   -0.0860156188629516   0
0.566402998794992   0.607252122589333   -0.117042704665941   0.0668683075115678   0
0.582155380513107   0.59184608044364   0.0157523817181144   -0.0154060421456923   0
0.788258510744927   0.56719347485448   0.20610313023182   -0.0246526055891599   0
0.77957137818997   0.577256939564177   -0.00868713255495634   0.0100634647096968   0
0.761615690390114   0.605554466658979   -0.0179556877998565   0.0282975270948015   0
0.623630239138297   0.577545091477713   -0.137985451251817   -0.0280093751812655   0
0.709694522673495   0.676409038366941   0.0860642835351977   0.0988639468892279   0
0.791008400947803   0.758816329732202   0.0813138782743077   0.082407291365261   0
0.946369771915291   0.364171779859368   0.155361370967488   -0.394644549872834   0
0.872660283531914   0.555708486820898   -0.0737094883833775   0.19153670696153   0
0.977991094254442   0.700447374914094   0.105330810722528   0.144738888093195   0
0.893409133395221   0.640626942452739   -0.0845819608592207   -0.0598204324613545   0
0.657451808364879   0.550857472377322   -0.235957325030342   -0.0897694700754168   0
0.703628830889191   0.611619153881899   0.0461770225243119   0.0607616815045765   0
0.648260660908095   0.603815214573716   -0.0553681699810964   -0.00780393930818324   0
0.623394305102316   0.608010819363809   -0.0248663558057785   0.00419560479009307   0
0.594412776613188   0.578173509915391   -0.0289815284891282   -0.0298373094484179   0
0.389877526975344   0.634940255277148   -0.204535249637844   0.0567667453617573   0
0.581134993671006   0.653142146092449   0.191257466695662   0.0182018908153008   0
0.84172504708129   0.607700948261884   0.260590053410284   -0.0454411978305653   0
0.705974236396237   0.52749314877153   -0.135750810685053   -0.0802077994903539   0
0.531348939636657   0.553272808375554   -0.17462529675958   0.0257796596040244   0
