0.106939999161305   0.0869767041476768   0   0   0
0.120050504062957   0.0860957871953239   0.0131105049016513   -0.0008809169523529   0
0.0831053353205436   0.0667100461929365   -0.0369451687424131   -0.0193857410023874   0
0.0924357704682013   0.0651871854999508   0.00933043514765768   -0.0015228606929857   0
0.167694766214836   0.061427498235664   0.0752589957466343   -0.00375968726428687   0
0.138801511051114   0.0509507153340608   -0.0288932551637221   -0.0104767829016032   0
0.0982858214055822   0.049813979416726   -0.0405156896455314   -0.00113673591733484   0
0.0144401625920659   0.0409805065693767   -0.0838456588135163   -0.0088334728473493   0
0.0852045367101283   0.0400813537138218   0.0707643741180624   -0.000899152855554836   0
0.00945889383238865   0.0336041154804363   -0.0757456428777396   -0.00647723823338552   0
0.0232396550751619   0.0452904752943431   0.0137807612427733   0.0116863598139067   0
0.0831412744019359   0.0419609724722271   0.0599016193267739   -0.00332950282211598   0
0.149864823018475   0.045154291386257   0.066723548616539   0.00319331891402987   0
0.0335356918218247   0.0379970960982876   -0.11632913119665   -0.0071571952879694   0
0.014909815868199   0.0338529898023055   -0.0186258759536257   -0.00414410629598207   0
0.0440742619775817   0.0364912508293769   0.0291644461093826   0.0026382610270714   0
0.019635509632859   0.0363278304137117   -0.0244387523447226   -0.000163420415665153   0
0.0738725160646536   0.0231361763747816   0.0542370064317945   -0.0131916540389302   0
0.0107133445060495   0.0151310582761203   -0.0631591715586041   -0.0080051180986612   0
0.0230567844628907   0.0183394239464466   0.0123434399568413   0.00320836567032628   0
0.0171128200111554   0.00465684071466107   -0.00594396445173537   -0.0136825832317856   0
0.0602938735179827   0.0194814894374121   0.0431810535068274   0.0148246487227511   0
0.192995490148083   0.0703395026039012   0.1327016166301   0.0508580131664891   0
0.0367600780582904   0.053114786037435   -0.156235412089793   -0.0172247165664662   0
0.100521847048987   0.0675431746643027   0.063761768990697   0.0144283886268677   0
0.0243688499942119   0.0416003000137619   -0.0761529970547754   -0.0259428746505408   0
0.0797971127239576   0.0624308136657092   0.0554282627297458   0.0208305136519473   0
0.121775907781055   0.0599532977895712   0.0419787950570973   -0.002477515876138   0
0.265538047761898   0.0648155704649739   0.143762139980843   0.00486227267540275   0
0.0909828669306815   0.0643362505737046   -0.174555180831216   -0.000479319891269356   0
0.0366138790645965   0.0808017027284388   -0.054368987866085   0.0164654521547343   0
0.0683088550501061   0.0641202974565015   0.0316949759855095   -0.0166814052719374   0
0.0564226647686406   0.0649721479649742   -0.0118861902814654   0.000851850508472751   0
0.153348788989611   0.0632861706985873   0.0969261242209699   -0.00168597726638695   0
0.214411702576235   0.151393771946834   0.0610629135866248   0.0881076012482468   0
0.260813660595069   0.148192183544292   0.0464019580188339   -0.0032015884025425   0
0.106240983363766   0.139989795186908   -0.154572677231303   -0.00820238835738338   0
0.128951562548811   0.0993045516125142   0.0227105791850453   -0.040685243574394   0
0.0421291216166442   0.081153122495047   -0.0868224409321671   -0.0181514291174672   0
0.0500751745021662   0.100372993577082   0.00794605288552202   0.0192198710820353   0
0.10686174949617   0.115753404909111   0.0567865749940033   0.0153804113320283   0
0.157279786171014   0.095652312111156   0.0504180366748448   -0.0201010927979546   0
0.111764906884675   0.115556687342036   -0.0455148792863397   0.0199043752308797   0
0.112243159623115   0.129572271439892   0.000478252738440002   0.0140155840978562   0
0.13539785751717   0.126393647740561   0.0231546978940558   -0.00317862369933097   0
0.138207478337896   0.130680884118967   0.00280962082072553   0.0042872363784065   0
0.0863648749216115   0.10231904511319   -0.0518426034162845   -0.0283618390057775   0
0.155260511477484   0.101248587256971   0.0688956365558727   -0.00107045785621879   0
0.180215151682149   0.0971572016114863   0.0249546402046649   -0.00409138564548484   0
0.104061620726664   0.111628628361691   -0.0761535309554854   0.0144714267502046   0
0.071870917011264   0.0933302957103158   -0.0321907037153997   -0.0182983326513751   0
0.133199373285988   0.112386284048255   0.0613284562747241   0.0190559883379389   0
0.148803944886216   0.106469461221164   0.0156045716002279   -0.00591682282709051   0
0.091603176283249   0.0931081995820186   -0.0572007686029669   -0.0133612616391457   0
0.0893086289954672   0.114289735681622   -0.00229454728778188   0.0211815360996034   0
0.199897374408195   0.109438114765116   0.110588745412728   -0.00485162091650582   0
0.114598570959676   0.128907236498431   -0.0852988034485183   0.0194691217333152   0
0.115382363277106   0.106981097944836   0.000783792317429283   -0.0219261385535957   0
0.114126786729979   0.117696620757862   -0.00125557654712724   0.0107155228130265   0
0.107085247393187   0.111255552455484   -0.0070415393367918   -0.00644106830237785   0
0.104960251864551   0.120571097517709   -0.00212499552863561   0.00931554506222526   0
0.0962750770017869   0.129059579476738   -0.00868517486276417   0.00848848195902872   0
0.123921481174411   0.118669186354125   0.0276464041726245   -0.0103903931226134   0
0.187392899938071   0.0983049303988238   0.0634714187636599   -0.020364255955301   0
0.0946138497126081   0.119921798650569   -0.0927790502254632   0.0216168682517451   0
0.163847939569529   0.128277549203281   0.0692340898569208   0.00835575055271177   0
0.098512984894023   0.120968096634836   -0.0653349546755059   -0.0073094525684448   0
0.135634736544478   0.104975207270479   0.0371217516504552   -0.0159928893643566   0
0.0987907891278332   0.104482703734482   -0.036843947416645   -0.000492503535997044   0
0.0943954131220368   0.100530470572447   -0.00439537600579634   -0.00395223316203544   0
0.146403141778652   0.119777237973947   0.0520077286566149   0.0192467674015004   0
0.0945071286537688   0.108932743729411   -0.051896013124883   -0.010844494244536   0
0.124508558127142   0.109149106232163   0.0300014294733736   0.000216362502752115   0
0.0855047153433072   0.128539970280182   -0.0390038427838352   0.0193908640480183   0
0.0795099861948171   0.128054737272885   -0.00599472914849018   -0.000485233007296748   0
0.110075267595859   0.125985471779586   0.0305652814010421   -0.00206926549329883   0
0.169781861672559   0.134110384096339   0.0597065940767   0.00812491231675294   0
0.108890697461032   0.120533955962542   -0.0608911642115272   -0.0135764281337968   0
0.111967103785085   0.123159024810771   0.00307640632405302   0.00262506884822862   0
0.0847576910744978   0.103830924791847   -0.0272094127105873   -0.0193281000189244   0
0.104318175846829   0.132233296070194   0.0195604847723315   0.0284023712783475   0
0.0762691334557434   0.11884032005842   -0.0280490423910859   -0.0133929760117745   0
0.0877406202239875   0.119266292178312   0.011471486768244   0.000425972119892468   0
0.0992388115679546   0.13936416278452   0.0114981913439671   0.0200978706062077   0
0.0956453321011538   0.127078693353213   -0.0035934794668008   -0.0122854694313065   0
0.105042903830816   0.122412088791464   0.00939757172966192   -0.0046666045617494   0
0.0893819688969761   0.120927235656407   -0.0156609349338396   -0.0014848531350572   0
0.108209609979382   0.114948855211079   0.0188276410824061   -0.00597838044532766   0
0.0790330852795998   0.106850353653147   -0.0291765246997823   -0.00809850155793237   0
0.192365321533013   0.0588614176055929   0.113332236253413   -0.0479889360475537   0
0.0357484205557966   0.0612571778621289   -0.156616900977217   0.00239576025653605   0
0.273322649399555   0.0489424121327811   0.237574228843759   -0.0123147657293478   0
0.0355348112736244   0.0564474766248235   -0.237787838125931   0.00750506449204243   0
0.0548745425880563   0.0701854983965527   0.0193397313144319   0.0137380217717291   0
0.114290750770071   0.0995142818614194   0.0594162081820144   0.0293287834648667   0
0.0729975980183081   0.0619405716060362   -0.0412931527517625   -0.0375737102553832   0
0.131597065924578   0.0714023957579331   0.0585994679062694   0.00946182415189688   0
0.0970587787104577   0.0671521185212537   -0.0345382872141198   -0.00425027723667944   0
0.0656742050123372   0.0609507803706327   -0.0313845736981205   -0.006201338150621   0
0.108291070801845   0.0565452771123204   0.0426168657895073   -0.00440550325831231   0
0.0703164872281032   0.0822570277864603   -0.0379745835737413   0.0257117506741399   0
0.05177323146656   0.0616811525755032   -0.0185432557615432   -0.0205758752109571   0
0.0546779226845571   0.0734988586979587   0.00290469121799705   0.0118177061224555   0
0.0482886830697421   0.0571112436691979   -0.00638923961481494   -0.0163876150287608   0
0.0705290780016505   0.0751109407440254   0.0222403949319084   0.0179996970748275   0
0.165233202101454   0.070141828281864   0.0947041240998037   -0.00496911246216142   0
0.139690614804753   0.0531802142897619   -0.0255425872967007   -0.0169616139921021   0
0.546119384067486   0.319429338121125   0.406428769262732   0.266249123831363   1
0.650288930805438   0.208197436036686   0.104169546737952   -0.111231902084439   0
0.554448385731945   0.129078792690802   -0.0958405450734929   -0.0791186433458843   0
0.53380502554739   0.161175716744986   -0.0206433601845549   0.0320969240541842   0
0.536532586608679   0.158633048639777   0.00272756106128902   -0.00254266810520867   0
0.474647666169339   0.144745609720122   -0.0618849204393406   -0.013887438919655   0
0.443024416591512   0.136799424529126   -0.0316232495778262   -0.00794618519099657   0
0.41872658430963   0.116584575281209   -0.0242978322818821   -0.0202148492479163   0
0.403852940102719   0.123167001757776   -0.0148736442069118   0.00658242647656655   0
0.420698582800085   0.105715473861741   0.0168456426973664   -0.0174515278960348   0
0.404043032692373   0.134060981782545   -0.016655550107712   0.0283455079208042   0
0.417266328979466   0.102356128188802   0.0132232962870931   -0.0317048535937433   0
0.391537661066531   0.124021493433598   -0.0257286679129347   0.0216653652447959   0
0.397331208961806   0.128720831201675   0.00579354789527414   0.00469933776807656   0
0.394604364687582   0.118229332362193   -0.00272684427422376   -0.0104914988394811   0
0.410460505372734   0.113639711127856   0.015856140685152   -0.0045896212343377   0
0.391465129258341   0.123754759866853   -0.0189953761143923   0.0101150487389975   0
0.403459938204526   0.117947173157266   0.0119948089461847   -0.00580758670958759   0
0.321500946657409   0.115829597240559   -0.0819589915471173   -0.0021175759167071   0
0.229417446720362   0.185438110886759   -0.0920834999370471   0.0696085136462007   0
0.304322599828291   0.172779445038147   0.0749051531079291   -0.0126586658486124   0
0.270926677856002   0.1095082372625   -0.0333959219722886   -0.0632712077756468   0
0.216315371838157   0.133445100123946   -0.0546113060178453   0.0239368628614461   0
0.272157831987562   0.129969237494724   0.055842460149405   -0.003475862629222   0
0.238974701830236   0.0855913744529348   -0.0331831301573263   -0.0443778630417893   0
0.200986033305501   0.0959497509594215   -0.0379886685247345   0.0103583765064866   0
0.234039337321955   0.106922711461983   0.0330533040164543   0.0109729605025618   0
0.209861268143624   0.105521449060961   -0.0241780691783315   -0.00140126240102217   0
0.259574773447286   0.101560485909297   0.0497135053036624   -0.00396096315166415   0
0.239879183705569   0.0996804560756144   -0.0196955897417176   -0.00188002983368249   0
0.199476639748769   0.11265779946454   -0.0404025439568001   0.0129773433889255   0
0.220883980066459   0.105416937467823   0.0214073403176907   -0.0072408619967165   0
0.23085993340019   0.113272741819027   0.00997595333373039   0.00785580435120377   0
0.253418271365286   0.105743013277107   0.0225583379650968   -0.00752972854191988   0
0.259927591656292   0.121051519199317   0.00650932029100532   0.0153085059222092   0
0.243082638017157   0.109779264765768   -0.0168449536391352   -0.011272254433549   0
0.207708275231152   0.108570346466657   -0.0353743627860047   -0.00120891829911025   0
0.250051679592199   0.117552808557431   0.0423434043610475   0.00898246209077361   0
0.257969468803985   0.127779592030868   0.00791778921178515   0.0102267834734368   0
0.250521885355052   0.129799667170423   -0.00744758344893226   0.00202007513955493   0
0.277551678667235   0.123208555608387   0.0270297933121825   -0.00659111156203565   0
0.246626205708477   0.126649945412947   -0.0309254729587579   0.00344138980456016   0
0.241549357505438   0.127811458987448   -0.00507684820303875   0.00116151357450042   0
0.160321239273809   0.139235066557567   -0.081228118231629   0.011423607570119   0
0.0704594575753319   0.128378785656315   -0.0898617816984773   -0.0108562809012519   0
0.117925628114036   0.142991862602387   0.0474661705387044   0.0146130769460725   0
0.0683373444928906   0.122839592080485   -0.0495882836211458   -0.0201522705219021   0
0.100185382919374   0.102601056429795   0.0318480384264835   -0.0202385356506901   0
0.26459160591351   0.13330603590048   0.164406222994136   0.0307049794706847   0
0.235907956936598   0.107707590691928   -0.0286836489769112   -0.0255984452085513   0
0.277371614016305   0.120894932890093   0.0414636570797064   0.0131873421981642   0
0.186352186255832   0.117514794680287   -0.0910194277604726   -0.00338013820980571   0
0.258496846976535   0.125620256764186   0.0721446607207024   0.00810546208389896   0
0.170870026328208   0.132077952627416   -0.087626820648327   0.00645769586323028   0
0.217642707686152   0.132019658177296   0.0467726813579447   -5.8294450120483e-05   0
0.181009023549242   0.133424710194551   -0.0366336841369105   0.0014050520172556   0
0.212201855717616   0.152758579327807   0.0311928321683743   0.019333869133256   0
0.162127006117581   0.142282445112705   -0.0500748496000356   -0.010476134215102   0
0.190361144661457   0.145556161416307   0.028234138543876   0.00327371630360163   0
0.124580626772625   0.145277595844129   -0.0657805178888319   -0.00027856557217823   0
0.119006048296589   0.150949629728761   -0.00557457847603596   0.00567203388463214   0
0.0989755463599974   0.147170042678529   -0.0200305019365913   -0.00377958705023199   0
0.305537567897239   0.231728671753351   0.206562021537242   0.0845586290748226   1
0.341779963097678   0.252697387308224   0.0362423952004387   0.0209687155548725   0
0.313919062553344   0.223137687738423   -0.0278609005443343   -0.0295596995698008   0
0.414398150439128   0.271222461077046   0.100479087885784   0.0480847733386234   0
0.353466473290183   0.278141047821177   -0.0609316771489444   0.00691858674413098   0
0.340657249097462   0.279087379214718   -0.0128092241927218   0.000946331393540945   0
0.337512841042382   0.27464494827946   -0.00314440805507998   -0.00444243093525842   0
0.348692679785639   0.265088452556293   0.0111798387432571   -0.00955649572316697   0
0.304134995946077   0.27797929902079   -0.0445576838395622   0.0128908464644974   0
0.346617083416629   0.271144127217542   0.0424820874705519   -0.00683517180324855   0
0.330932166853043   0.273018848591338   -0.0156849165635859   0.00187472137379624   0
0.322710678759117   0.27547905968104   -0.00822148809392559   0.00246021108970196   0
0.34674054196902   0.285809894707238   0.0240298632099034   0.010330835026198   0
0.348022289460618   0.291588283773354   0.00128174749159726   0.00577838906611594   0
0.375838873610168   0.310694197349967   0.0278165841495505   0.0191059135766126   0
0.393026874769665   0.312710762020997   0.0171880011594969   0.00201656467103017   0
0.355982714798682   0.301073568990853   -0.0370441599709828   -0.0116371930301437   0
0.373440084680582   0.312049805948349   0.0174573698818994   0.0109762369574963   0
0.348230294912332   0.305456769185514   -0.0252097897682493   -0.00659303676283524   0
0.350150748037712   0.323119866880528   0.00192045312537908   0.0176630976950136   0
0.351469257383211   0.317651917337972   0.00131850934549987   -0.00546794954255547   0
0.323356274318591   0.317062520106114   -0.0281129830646202   -0.000589397231858191   0
0.400536780869635   0.332255565295963   0.0771805065510438   0.015193045189849   0
0.38891605216288   0.306228971283597   -0.0116207287067549   -0.0260265940123662   0
0.36295825315378   0.309505530312873   -0.0259577990090998   0.00327655902927571   0
0.386202173762008   0.291049759351816   0.0232439206082274   -0.0184557709610567   0
0.359878719599715   0.29838852128098   -0.0263234541622931   0.00733876192916433   0
0.418462871026104   0.292797426811183   0.0585841514263897   -0.00559109446979739   0
0.2316256996155   0.391925869535379   -0.186837171410604   0.0991284427241957   0
0.233072808445135   0.30831597486193   0.0014471088296345   -0.0836098946734481   0
0.373999017655341   0.271665488867398   0.140926209210206   -0.0366504859945321   0
0.348128139901732   0.315399572039976   -0.0258708777536087   0.0437340831725777   0
0.322660935292406   0.271381754381632   -0.0254672046093264   -0.0440178176583439   0
0.36176336702216   0.312483107467864   0.0391024317297542   0.0411013530862317   0
0.385950747434747   0.285099426610371   0.0241873804125872   -0.0273836808574925   0
0.31803234211289   0.323749344017096   -0.0679184053218576   0.0386499174067247   0
0.142384775097059   0.467181294615936   -0.175647567015831   0.14343195059884   0
0.228158616400871   0.647151877977204   0.0857738413038127   0.179970583361268   0
0.170040831846831   0.521420546624577   -0.0581177845540409   -0.125731331352627   0
0.270045549137622   0.46844945185369   0.100004717290792   -0.0529710947708872   0
0.217094653415993   0.462701754637123   -0.0529508957216296   -0.00574769721656654   0
0.251383545836337   0.424972640769112   0.0342888924203447   -0.0377291138680116   0
0.332611208266589   0.408044830168512   0.0812276624302511   -0.0169278106005994   0
0.26293009120057   0.406591625965784   -0.0696811170660188   -0.00145320420272821   0
0.30626974214109   0.381129354876071   0.0433396509405205   -0.0254622710897131   0
0.27469072656075   0.390473355740824   -0.0315790155803408   0.00934400086475295   0
0.312643824990609   0.397399376313049   0.0379530984298592   0.00692602057222469   0
0.30120683385205   0.388132177560973   -0.0114369911385589   -0.00926719875207582   0
0.313384448794778   0.395651389841171   0.0121776149427277   0.00751921228019797   0
0.349891668614216   0.380703516108664   0.0365072198194379   -0.0149478737325064   0
0.338159895447921   0.389322430864769   -0.0117317731662945   0.00861891475610427   0
0.331341427690683   0.401846901378187   -0.00681846775723821   0.012524470513418   0
0.316930126243893   0.400560143334022   -0.0144113014467898   -0.00128675804416428   0
0.297336261618731   0.402173861280234   -0.0195938646251622   0.00161371794621123   0
0.356783693298351   0.413176866142906   0.0594474316796199   0.011003004862672   0
0.285593292627451   0.398102809211703   -0.0711904006708997   -0.0150740569312021   0
0.333240804401922   0.424156872103261   0.0476475117744709   0.0260540628915574   0
0.320327202023634   0.391737294673356   -0.0129136023782879   -0.0324195774299046   0
0.337368599782037   0.40932762337674   0.0170413977584026   0.0175903287033833   0
0.360978191299035   0.429662845782597   0.0236095915169981   0.0203352224058577   0
0.328890772846437   0.38831036038656   -0.0320874184525979   -0.0413524853960375   0
0.35262588029468   0.419170311424438   0.0237351074482434   0.0308599510378778   0
0.392957982422528   0.410756539192208   0.040332102127848   -0.00841377223222939   0
0.362982111073525   0.399402699040129   -0.0299758713490037   -0.011353840152079   0
0.378268730609087   0.373151530608934   0.0152866195355624   -0.0262511684311955   0
0.33928509139249   0.328475046406424   -0.0389836392165974   -0.0446764842025095   0
0.412383465905413   0.381957964139786   0.0730983745129234   0.0534829177333619   0
0.39018105156973   0.362201828624939   -0.0222024143356834   -0.0197561355148465   0
0.379035665855584   0.366892496918798   -0.011145385714146   0.00469066829385822   0
0.40638806586845   0.370996845570822   0.0273524000128669   0.0041043486520238   0
0.394461442806176   0.344510826075539   -0.0119266230622744   -0.026486019495283   0
0.390165182594244   0.353530046888875   -0.00429626021193158   0.00901922081333623   0
0.378854840422336   0.355435466577707   -0.0113103421719086   0.00190541968883257   0
0.392459939255474   0.374194514937419   0.0136050988331377   0.0187590483597112   0
0.391369334569903   0.3461239157065   -0.00109060468557098   -0.028070599230919   0
0.443071786321856   0.374268965935596   0.051702451751953   0.028145050229096   0
0.415818083706852   0.36879507526335   -0.0272537026150037   -0.00547389067224552   0
0.416396673571584   0.384989760972289   0.000578589864731749   0.0161946857089387   0
0.417160263930475   0.374051897309384   0.000763590358891675   -0.0109378636629046   0
0.443271803030207   0.412991241160451   0.0261115390997322   0.0389393438510671   0
0.411957079002777   0.410419842326428   -0.0313147240274308   -0.00257139883402319   0
