0.261611138570666   0.207338643815359   0   0   0
0.250905240401232   0.221216055825826   -0.0107058981694336   0.0138774120104667   0
0.207643860939831   0.079085011457292   -0.0432613794614007   -0.142131044368534   1
0.61573665460929   0.289416959382605   0.408092793669459   0.210331947925313   1
0.296124637613624   0.151773417496543   -0.319612016995666   -0.137643541886062   0
0.260606164751604   0.158127382169447   -0.0355184728620201   0.00635396467290431   0
0.243219109034015   0.132181903089653   -0.0173870557175888   -0.0259454790797942   0
0.254165720242207   0.138934443444399   0.0109466112081925   0.00675254035474604   0
0.273327085448058   0.156196482006838   0.0191613652058507   0.0172620385624387   0
0.204460742852216   0.129509217800095   -0.068866342595842   -0.0266872642067428   0
0.248364050253031   0.135564525091283   0.0439033074008148   0.00605530729118739   0
0.0925814017899837   0.053508939866741   -0.155782648463047   -0.0820555852245417   0
0.101929919158508   0.024891166759214   0.00934851736852441   -0.028617773107527   0
0.150210472783525   0.159640405461031   0.0482805536250165   0.134749238701817   0
0.104497715535078   0.0722999865806523   -0.045712757248447   -0.0873404188803791   0
0.100525060262106   0.0533348179335741   -0.00397265527297182   -0.0189651686470782   0
0.028570681574868   0.0354846474285838   -0.0719543786872378   -0.0178501705049903   0
0.04001526374783   0.0598788857101867   0.0114445821729621   0.0243942382816029   0
0.0131773509061344   0.0503484954535227   -0.0268379128416957   -0.00953039025666395   0
0.042570177200599   0.0704575453987463   0.0293928262944647   0.0201090499452236   0
0.0223543642445944   0.0741896342461054   -0.0202158129560046   0.00373208884735909   0
0.0175572124393937   0.028276544771048   -0.00479715180520071   -0.0459130894750574   0
0.132791921752982   0.0650613133002632   0.115234709313588   0.0367847685292152   0
0.0427687247689243   0.0475865632810975   -0.0900231969840573   -0.0174747500191656   0
0.0611861618060334   0.0251384128243138   0.0184174370371091   -0.0224481504567837   0
0.047939135533253   0.0262147308645998   -0.0132470262727804   0.00107631804028597   0
0.0388782103011443   0.0198878770218574   -0.00906092523210873   -0.00632685384274234   0
0.0420044792580458   0.0419561267293744   0.00312626895690155   0.022068249707517   0
0.0470455386612174   0.0433854251787325   0.00504105940317158   0.00142929844935814   0
0.0516398549277629   0.010720541542189   0.00459431626654552   -0.0326648836365435   0
0.06961477034226   0.0801042827842713   0.0179749154144971   0.0693837412420823   0
0.024272703967974   0.0260400165328889   -0.045342066374286   -0.0540642662513824   0
0.0264872421529611   0.0365407167923674   0.00221453818498713   0.0105007002594785   0
0.0413222419259894   0.0860103227516035   0.0148349997730283   0.0494696059592361   0
0.0300715474390661   0.0190489169357051   -0.0112506944869234   -0.0669614058158984   0
0.0426032784892196   0.04561384254056   0.0125317310501535   0.0265649256048549   0
0.0559975189405745   0.0765569001885199   0.0133942404513549   0.0309430576479599   0
0.0485919864688613   0.0482578469344883   -0.0074055324717132   -0.0282990532540316   0
0.0750113548407839   0.0527588759384381   0.0264193683719227   0.0045010290039498   0
0.0775886953035041   0.0767346133907313   0.00257734046272017   0.0239757374522932   0
0.0168147656398209   0.0327518178015358   -0.0607739296636833   -0.0439827955891954   0
0.0410659774607935   0.0611567867940673   0.0242512118209727   0.0284049689925314   0
0.071408523558326   0.0775587298900233   0.0303425460975325   0.0164019430959561   0
0.0781341024599374   0.0766711931787291   0.00672557890161142   -0.000887536711294212   0
0.0779520391625877   0.039807072492743   -0.000182063297349766   -0.0368641206859861   0
0.0859131781878077   0.0297652308112255   0.00796113902522004   -0.0100418416815176   0
0.0663548408203207   0.0314751791533424   -0.019558337367487   0.00170994834211695   0
0.0629685896481134   0.0375514288353985   -0.00338625117220727   0.00607624968205613   0
0.0869131097067065   0.0441104216771621   0.023944520058593   0.00655899284176358   0
0.0705522222461979   0.0490162584543639   -0.0163608874605086   0.00490583677720179   0
0.103541356494081   0.0300375803380116   0.0329891342478832   -0.0189786781163523   0
0.0768336290123667   0.0313740375794223   -0.0267077274817144   0.00133645724141068   0
0.045382146376627   0.0325476888846616   -0.0314514826357397   0.00117365130523935   0
0.109145156675182   0.0438542490880017   0.0637630102985549   0.0113065602033401   0
0.100652003929231   0.0449704146220879   -0.00849315274595056   0.0011161655340862   0
0.0928139278475488   0.0502891927598654   -0.00783807608168251   0.00531877813777749   0
0.0968338479723387   0.0361228905647569   0.00401992012478986   -0.0141663021951086   0
0.155104270687979   0.0691058679378966   0.0582704227156408   0.0329829773731397   0
0.126293783872525   0.042380142513739   -0.0288104868154546   -0.0267257254241576   0
0.110086666381084   0.0429084783504671   -0.0162071174914412   0.000528335836728087   0
0.141395881631857   0.0914636614588001   0.031309215250773   0.0485551831083331   0
0.147579633148514   0.0722437714370588   0.00618375151665754   -0.0192198900217413   0
0.126554799396981   0.0362599077088594   -0.0210248337515335   -0.0359838637281995   0
0.123013104514225   0.0844609830606904   -0.00354169488275577   0.048201075351831   0
0.134598819917338   0.0650932787790145   0.0115857154031133   -0.0193677042816758   0
0.725995585753359   0.355258626480062   0.591396765836021   0.290165347701047   1
0.317440919131104   0.227540315411061   -0.408554666622255   -0.127718311069001   1
0.289223976611829   0.188392077863887   -0.0282169425192745   -0.0391482375471736   0
0.252184843396188   0.163563716776858   -0.037039133215641   -0.0248283610870291   0
0.281294303208668   0.181657180009596   0.0291094598124796   0.0180934632327383   0
0.345168228966196   0.198722497325021   0.0638739257575276   0.017065317315425   0
0.317906451107948   0.192175334122163   -0.0272617778582477   -0.00654716320285831   0
0.271772369721758   0.145632707359036   -0.0461340813861897   -0.0465426267631275   0
0.184582361667549   0.204640458129472   -0.0871900080542087   0.0590077507704359   0
0.0519848657687793   0.23992124428662   -0.13259749589877   0.0352807861571485   0
0.158157387521323   0.182612337239274   0.106172521752544   -0.0573089070473463   0
0.176744335088173   0.132809935037942   0.0185869475668495   -0.0498024022013312   0
0.168946589187669   0.14349650727043   -0.00779774590050347   0.0106865722324873   0
0.181883427034826   0.143312361888368   0.0129368378471564   -0.000184145382061934   0
0.167444259998992   0.118027852344267   -0.0144391670358338   -0.0252845095441012   0
0.145696520037261   0.113202140986997   -0.0217477399617305   -0.00482571135726936   0
0.177125280378908   0.11138833188777   0.031428760341647   -0.00181380909922725   0
0.121009935982929   0.138597151847576   -0.0561153443959797   0.0272088199598059   0
0.137307912912439   0.0795898952723428   0.0162979769295106   -0.059007256575233   0
0.116689718907451   0.120653281031806   -0.0206181940049879   0.0410633857594633   0
0.0849116269374908   0.11271017941262   -0.0317780919699605   -0.00794310161918613   0
0.0716207098092619   0.108897935655836   -0.0132909171282289   -0.0038122437567845   0
0.137187312309009   0.0678413580958732   0.0655666024997472   -0.0410565775599624   0
0.0793433616366864   0.0858000876928602   -0.0578439506723227   0.017958729596987   0
0.0762717493005765   0.0887363570410404   -0.00307161233610986   0.0029362693481802   0
0.089645949375418   0.0828391510854771   0.0133742000748414   -0.00589720595556333   0
0.0740571148718339   0.0755855980336367   -0.0155888345035841   -0.00725355305184042   0
0.083363420813268   0.112469938948836   0.0093063059414341   0.0368843409151998   0
0.0736586861740073   0.111392016634284   -0.00970473463926064   -0.00107792231455292   0
0.0429513851392024   0.0532367451592648   -0.0307073010348049   -0.0581552714750188   0
0.0768788856574417   0.125052838183795   0.0339275005182393   0.0718160930245306   0
0.0450715028316119   0.139648961156224   -0.0318073828258298   0.0145961229724284   0
0.0475887172068128   0.0632907992315234   0.00251721437520089   -0.0763581619247004   0
0.0955837811748939   0.127310915480184   0.0479950639680811   0.0640201162486604   0
0.103703236014553   0.174389546947803   0.00811945483965872   0.0470786314676192   0
0.124664566618105   0.157853372812089   0.0209613306035526   -0.0165361741357136   0
0.166571447752158   0.164222747427939   0.0419068811340531   0.00636937461584947   0
0.162798745183278   0.174527065260384   -0.00377270256887993   0.0103043178324456   0
0.140868347916663   0.209740807813841   -0.0219303972666154   0.0352137425534563   0
0.132266579092301   0.193713700453541   -0.00860176882436164   -0.0160271073603001   0
0.147255122634868   0.19781276815303   0.0149885435425667   0.00409906769948901   0
0.172220854524532   0.193705875083722   0.024965731889664   -0.00410689306930745   0
0.195488603114453   0.229010671996007   0.0232677485899207   0.0353047969122843   0
0.195747121196124   0.207928235766718   0.000258518081671183   -0.0210824362292883   0
0.205742660333486   0.229424097164487   0.00999553913736168   0.0214958613977688   0
0.189736897517721   0.197876249845352   -0.016005762815765   -0.0315478473191355   0
0.201469269874936   0.213037282115455   0.0117323723572159   0.0151610322701035   0
0.220426432156309   0.228548442568595   0.0189571622813728   0.0155111604531404   0
0.205966832085873   0.21374870781486   -0.0144596000704367   -0.0147997347537352   0
0.193560966730072   0.204240456656521   -0.0124058653558006   -0.00950825115833961   0
0.233676962403764   0.242937192219738   0.0401159956736918   0.0386967355632175   0
0.227615201523207   0.232416824179151   -0.00606176088055702   -0.010520368040587   0
0.243065498835273   0.234227855087137   0.0154502973120661   0.00181103090798615   0
0.269031440887417   0.291248677708904   0.0259659420521447   0.057020822621767   0
0.266329868811833   0.268207083719749   -0.00270157207558408   -0.0230415939891553   0
0.272726369287858   0.244946695960106   0.00639650047602425   -0.0232603877596433   0
0.256902247925845   0.238709660601095   -0.0158241213620126   -0.00623703535901068   0
0.259002652390486   0.247382146410842   0.00210040446464088   0.0086724858097468   0
0.264525881426903   0.221201197638536   0.00552322903641711   -0.0261809487723063   0
0.232394641524586   0.234784125057763   -0.0321312399023169   0.0135829274192272   0
0.256606344248618   0.24071967803105   0.0242117027240314   0.00593555297328738   0
0.257334741507244   0.239209932413539   0.000728397258626334   -0.00150974561751102   0
0.13654648597778   0.173961834631191   -0.120788255529464   -0.0652480977823477   0
0.239228875156784   0.240652804839773   0.102682389179004   0.0666909702085818   0
0.297655170271121   0.252020070990094   0.0584262951143372   0.0113672661503207   0
0.236899960658713   0.218671831379673   -0.0607552096124074   -0.0333482396104214   0
0.250120839167971   0.212562105880258   0.0132208785092575   -0.00610972549941466   0
0.283951056032778   0.226134833863726   0.0338302168648074   0.0135727279834679   0
0.286586958970153   0.207397897999256   0.00263590293737442   -0.0187369358644694   0
0.251707522253071   0.228113533956209   -0.0348794367170822   0.0207156359569523   0
0.247363815524118   0.230022767044895   -0.00434370672895232   0.00190923308868618   0
0.277975370807559   0.272392660783821   0.0306115552834409   0.0423698937389265   0
0.281596427638846   0.234318900149796   0.00362105683128716   -0.0380737606340256   0
0.310139498081508   0.255614185975417   0.0285430704426622   0.0212952858256208   0
0.263603337880327   0.25420482295761   -0.0465361602011812   -0.00140936301780642   0
0.312734197394976   0.276616088861964   0.049130859514649   0.0224112659043538   0
0.281946728952208   0.226364356383801   -0.030787468442768   -0.050251732478163   0
0.276188097470275   0.23340868154893   -0.00575863148193345   0.00704432516512932   0
0.309910303021519   0.238609519132332   0.0337222055512447   0.00520083758340117   0
0.31782723353742   0.249286572983158   0.00791693051590098   0.0106770538508262   0
0.302996281724859   0.224087250635216   -0.0148309518125617   -0.025199322347942   0
0.305117562684025   0.233200660690531   0.00212128095916642   0.00911341005531491   0
0.368296415209013   0.284102850655027   0.0631788525249882   0.0509021899644962   0
0.306370301141217   0.228216234925654   -0.0619261140677963   -0.055886615729373   0
0.327016926274987   0.240956035149693   0.0206466251337695   0.012739800224039   0
0.355857101086939   0.237893922728724   0.0288401748119526   -0.00306211242096904   0
0.341659918152905   0.222392395198802   -0.0141971829340337   -0.0155015275299221   0
0.314503096116716   0.219189726888722   -0.0271568220361899   -0.00320266831007979   0
0.307169938522245   0.230417263818409   -0.00733315759447012   0.0112275369296875   0
0.31857861703771   0.24514968871437   0.0114086785154648   0.0147324248959605   0
0.327571148874012   0.282161004154417   0.00899253183630161   0.037011315440047   0
0.335094042354755   0.237602257160159   0.00752289348074275   -0.0445587469942576   0
0.353699195819781   0.262744127666167   0.0186051534650268   0.025141870506008   0
0.31841331805727   0.248024734417905   -0.0352858777625116   -0.014719393248262   0
0.345141410270863   0.295272202760284   0.026728092213593   0.0472474683423782   0
0.338793202957158   0.277146714709754   -0.00634820731370483   -0.0181254880505292   0
0.349865921361084   0.298167079326105   0.0110727184039258   0.021020364616351   0
0.354597779518555   0.24372996028443   0.00473185815747168   -0.054437119041675   0
0.341432510470415   0.250159852405977   -0.0131652690481404   0.00642989212154629   0
0.350259467735121   0.259994310288245   0.00882695726470567   0.00983445788226789   0
0.331419642469332   0.273237179609991   -0.0188398252657884   0.0132428693217465   0
0.372941955128355   0.281698456222256   0.0415223126590228   0.00846127661226537   0
0.329121269334086   0.249954524139452   -0.0438206857942691   -0.0317439320828041   0
0.323297572392386   0.242479567181572   -0.0058236969417001   -0.00747495695788025   0
0.368009408261107   0.28421211290749   0.044711835868721   0.0417325457259182   0
0.297484295087001   0.229654555767984   -0.0705251131741057   -0.0545575571395064   0
0.255603274529103   0.28231833650387   -0.0418810205578982   0.0526637807358863   0
0.23136452466852   0.229571575514283   -0.0242387498605835   -0.0527467609895875   0
0.298525768684246   0.290930269893531   0.0671612440157265   0.0613586943792479   0
0.449728924198133   0.374609602596217   0.151203155513887   0.0836793327026868   0
0.269519266486554   0.263185750976497   -0.180209657711579   -0.111423851619721   0
0.287499362651885   0.238904495842612   0.017980096165331   -0.0242812551338849   0
0.281031924586603   0.261028127726731   -0.00646743806528205   0.0221236318841191   0
0.228706714294793   0.234349431970553   -0.05232521029181   -0.0266786957561777   0
0.284863773842112   0.256350606778314   0.0561570595473193   0.0220011748077613   0
0.283986342327958   0.254698227512665   -0.000877431514154259   -0.00165237926564948   0
0.231701845875038   0.21558106234556   -0.0522844964529196   -0.0391171651671054   0
0.29407203074434   0.264926622892244   0.0623701848693017   0.0493455605466844   0
0.296631235919095   0.259698221376394   0.00255920517475544   -0.00522840151585002   0
0.272348377892985   0.241677661889944   -0.0242828580261107   -0.01802055948645   0
0.287908744039305   0.231271659469573   0.0155603661463202   -0.0104060024203712   0
0.260802226862042   0.233261179304561   -0.027106517177263   0.00198951983498799   0
0.290608513322666   0.255122343729807   0.0298062864606238   0.0218611644252467   0
0.288144585878357   0.22182797529223   -0.00246392744430851   -0.0332943684375779   0
0.287264602997115   0.207778957241157   -0.000879982881242469   -0.0140490180510726   0
0.284451648021188   0.213441033783924   -0.00281295497592654   0.00566207654276663   0
0.311276213461549   0.232799624018726   0.026824565440361   0.0193585902348021   0
0.279147283307235   0.210807059799877   -0.0321289301543138   -0.0219925642188483   0
0.276620745249249   0.250719660925485   -0.00252653805798636   0.0399126011256074   0
0.382943647802245   0.246185445385614   0.106322902552996   -0.00453421553987113   0
0.316016876498598   0.225930632916948   -0.0669267713036474   -0.020254812468666   0
0.498322481919901   0.142560052423742   0.182305605421303   -0.0833705804932058   1
0.420372629187534   0.155288369087168   -0.0779498527323669   0.0127283166634262   1
0.182462715890014   0.187353929943603   -0.23790991329752   0.032065560856435   1
0.154220719658352   0.165626933328558   -0.0282419962316621   -0.0217269966150453   0
0.137599912546048   0.172476766306545   -0.0166208071123042   0.00684983297798722   0
0.0850250497443547   0.182760487815337   -0.052574862801693   0.0102837215087922   0
0.104897066310789   0.173044484180369   0.0198720165664339   -0.00971600363496808   0
0.100159690777328   0.195912772766989   -0.00473737553346049   0.0228682885866203   0
0.069083029386384   0.166456003554993   -0.0310766613909442   -0.0294567692119959   0
0.0984654746910307   0.16253450909653   0.0293824453046466   -0.00392149445846346   0
0.0978133033213785   0.175863504447341   -0.000652171369652135   0.0133289953508112   0
0.0965538271988739   0.157017132484014   -0.00125947612250464   -0.0188463719633269   0
0.0758487709481175   0.126801239276278   -0.0207050562507563   -0.0302158932077359   0
0.0834924145159307   0.159164204579736   0.00764364356781319   0.0323629653034575   0
0.119329528634157   0.168815949874123   0.0358371141182259   0.00965174529438736   0
0.20366440630498   0.189938550382091   0.0843348776708234   0.0211226005079674   0
0.146624952629148   0.175327481335642   -0.0570394536758317   -0.0146110690464484   0
0.13607096449434   0.160994089545238   -0.0105539881348082   -0.0143333917904046   0
0.175299860635712   0.169575970391592   0.0392288961413716   0.00858188084635406   0
0.204833185672732   0.183348140992757   0.0295333250370204   0.0137721706011656   0
0.193043062746347   0.14953772489021   -0.0117901229263854   -0.0338104161025477   0
0.226045916894002   0.16895531974534   0.033002854147655   0.0194175948551302   0
0.249994981676753   0.192408950874173   0.023949064782751   0.0234536311288335   0
0.322653905374164   0.203482373662315   0.0726589236974112   0.0110734227881418   0
0.28372522154805   0.15754260949125   -0.0389286838261141   -0.045939764171065   0
0.269901924986188   0.176071673472765   -0.0138232965618617   0.018529063981515   0
0.27792522414995   0.170972085799378   0.00802329916376188   -0.00509958767338667   0
0.27658052072693   0.15569018807799   -0.00134470342301968   -0.0152818977213881   0
0.289905617229556   0.149497173762792   0.0133250965026258   -0.00619301431519803   0
0.278789181042056   0.167920461822703   -0.0111164361875007   0.0184232880599112   0
0.288481973254223   0.157337792420607   0.00969279221216712   -0.0105826694020965   0
0.287713093103199   0.165935199669246   -0.000768880151023776   0.00859740724863897   0
0.231868255079668   0.140083097688203   -0.0558448380235308   -0.0258521019810433   0
0.284399178976241   0.18257271131593   0.052530923896573   0.0424896136277277   0
0.281681813323846   0.139267034727142   -0.00271736565239511   -0.0433056765887881   0
0.279554050944071   0.162533176682485   -0.00212776237977541   0.0232661419553432   0
0.299965272600279   0.167744683493993   0.020411221656209   0.00521150681150798   0
0.195402573284335   0.144822946224036   -0.104562699315944   -0.0229217372699574   0
0.573461039806577   0.150585078800931   0.378058466522241   0.00576213257689473   1
0.290327655053032   0.122950719121484   -0.283133384753544   -0.0276343596794469   1
0.242271181503476   0.180860655295285   -0.0480564735495567   0.0579099361738015   0
0.169070696539199   0.126374291317499   -0.0732004849642763   -0.0544863639777867   0
0.160947651718346   0.1176346755326   -0.00812304482085324   -0.00873961578489892   0
0.175919530577506   0.137230238865066   0.0149718788591597   0.0195955633324662   0
0.107622565943997   0.132998557424361   -0.0682969646335086   -0.0042316814407049   0
0.0863300186790782   0.133032202891856   -0.0212925472649188   3.36454674952913e-05   0
0.132040791235133   0.146507795050639   0.0457107725560549   0.0134755921587827   0
0.130613718782102   0.156011480659726   -0.00142707245303117   0.00950368560908693   0
0.136139552025853   0.129039935064121   0.0055258332437513   -0.026971545595605   0
0.200954505028029   0.123809294866147   0.0648149530021754   -0.00523064019797391   0
0.256364797909304   0.163268746380776   0.0554102928812756   0.0394594515146286   0
0.220905125202676   0.142782134137118   -0.0354596727066281   -0.0204866122436574   0
0.218520854943985   0.12384922123111   -0.00238427025869142   -0.0189329129060079   0
0.168890937378594   0.12062733421498   -0.0496299175653912   -0.00322188701613023   0
