1.08560225752805   2.18724591454916   0   0   0
1.10551141769635   2.30405532692077   0.0199091601683024   0.116809412371613   0
1.12637391632841   2.25285064991413   0.0208624986320571   -0.0512046770066492   0
1.02376415515049   2.32642009445038   -0.102609761177918   0.0735694445362514   0
1.15305254675622   2.26474221572942   0.129288391605726   -0.0616778787209578   0
1.12978514000716   2.21676797131748   -0.023267406749057   -0.0479742444119431   0
1.12497883483824   2.1922133498513   -0.00480630516892266   -0.0245546214661783   0
1.11019729255164   2.2815719580165   -0.0147815422865945   0.0893586081652025   0
1.01353478347711   2.23050146230579   -0.0966625090745299   -0.0510704957107149   0
1.11909846554671   2.228534285287   0.105563682069596   -0.0019671770187828   0
0.0912942824179975   0.535386431007781   -1.02780418312871   -1.69314785427922   1
0.324174470944829   0.43062028126344   0.232880188526832   -0.104766149744342   1
0.330752759200343   0.323262807332392   0.00657828825551349   -0.107357473931047   0
0.284174592568389   0.214495942613969   -0.0465781666319537   -0.108766864718423   0
0.222992070004832   0.152263618404512   -0.061182522563557   -0.0622323242094567   0
0.200376785067671   0.0818511117887534   -0.0226152849371613   -0.0704125066157588   0
0.157683342754395   0.026695110498572   -0.042693442313276   -0.0551560012901814   0
0.101473269467383   0.0399527622334429   -0.056210073287012   0.013257651734871   0
0.0687253508279034   0.0342377881729384   -0.0327479186394795   -0.00571497406050455   0
0.0360037235685422   0.0324135322014649   -0.0327216272593612   -0.00182425597147352   0
0.0130357274874746   0.00895777569417074   -0.0229679960810676   -0.0234557565072941   0
0.0169180910177863   0.0216155065225754   0.00388236353031169   0.0126577308284047   0
0.0387645073368978   0.0122489219592991   0.0218464163191115   -0.0093665845632763   0
0.0359915817186464   0.0581140227184885   -0.00277292561825138   0.0458651007591894   0
0.0516719413672449   0.0864174304053586   0.0156803596485986   0.0283034076868701   0
0.0252049562725627   0.0228396875975789   -0.0264669850946822   -0.0635777428077797   0
0.0314908310123058   0.0938855722248244   0.00628587473974304   0.0710458846272455   0
0.0487723417671983   0.0426900626102551   0.0172815107548926   -0.0511955096145693   0
0.0210412070414437   0.0519064244127314   -0.0277311347257546   0.00921636180247633   0
0.0209716599850485   0.0858861848661646   -6.95470563952111e-05   0.0339797604534332   0
0.0376403372652916   0.0743274156934203   0.0166686772802431   -0.0115587691727443   0
0.0577813549700939   0.0500487354889961   0.0201410177048023   -0.0242786802044242   0
0.0713066416733392   0.0523895926849064   0.0135252867032453   0.0023408571959103   0
0.0536719058078805   0.0721892961097781   -0.0176347358654587   0.0197997034248717   0
0.0489406822385845   0.0446041316003151   -0.00473122356929603   -0.0275851645094631   0
0.116893474328938   0.0769957043673542   0.0679527920903531   0.0323915727670391   0
0.166996842392573   0.0752452303313805   0.0501033680636358   -0.00175047403597368   0
0.145440220139307   0.0856512657015353   -0.0215566222532667   0.0104060353701549   0
0.164677991213155   0.114290805936195   0.0192377710738484   0.0286395402346597   0
0.202215488297732   0.0808623126123969   0.0375374970845764   -0.0334284933237982   0
0.256790345660112   0.198545417666274   0.0545748573623808   0.117683105053877   0
0.248851870036293   0.140900254559153   -0.00793847562381947   -0.0576451631071206   0
0.298187978755365   0.166057600039385   0.0493361087190722   0.0251573454802322   0
0.293225664716511   0.188965081060629   -0.00496231403885355   0.0229074810212437   0
0.290223677090085   0.171747802159882   -0.00300198762642634   -0.0172172789007467   0
0.314897535750107   0.184405059448514   0.024673858660022   0.012657257288632   0
0.29644085771425   0.197211924349981   -0.0184566780358575   0.0128068649014666   0
0.350322243469081   0.231086383499223   0.0538813857548313   0.0338744591492424   0
0.333440761230477   0.209848229986579   -0.0168814822386039   -0.0212381535126445   0
0.3462276423075   0.265890500095904   0.0127868810770227   0.0560422701093255   0
0.388326017963373   0.274788001074812   0.0420983756558734   0.0088975009789079   0
0.421265605063077   0.247899472608414   0.0329395870997034   -0.0268885284663976   0
0.406630844189481   0.25901553487417   -0.0146347608735955   0.0111160622657558   0
0.369618592430684   0.215284761961855   -0.0370122517587972   -0.0437307729123154   0
0.387887842674516   0.204022259037004   0.018269250243832   -0.0112625029248505   0
0.400268738609562   0.257499363707102   0.0123808959350463   0.0534771046700979   0
0.356294492210713   0.207490140805684   -0.0439742463988489   -0.0500092229014184   0
0.431321279200319   0.264428888790867   0.0750267869896062   0.0569387479851828   0
0.438402472285456   0.211084188506127   0.00708119308513644   -0.05334470028474   0
0.467532121480439   0.249610333429873   0.0291296491949831   0.0385261449237467   0
0.467939365971704   0.256190183109619   0.000407244491264669   0.00657984967974548   0
0.470540900825847   0.28203953469633   0.00260153485414383   0.0258493515867115   0
0.483498622294831   0.274663178343134   0.0129577214689838   -0.00737635635319583   0
0.499992973279625   0.255294007301954   0.0164943509847938   -0.0193691710411807   0
0.492246356823491   0.264038477661917   -0.00774661645613378   0.00874447035996301   0
0.502179978306583   0.260985492254402   0.0099336214830914   -0.00305298540751475   0
0.549350802392242   0.347894051531644   0.0471708240856591   0.0869085592772424   0
0.494152391802367   0.287651128883883   -0.0551984105898749   -0.060242922647761   0
0.491113297292997   0.267241390741891   -0.00303909450936957   -0.0204097381419926   0
0.508616765832586   0.229544505647358   0.0175034685395889   -0.0376968850945328   0
0.497702372414478   0.28060651625659   -0.010914393418108   0.0510620106092321   0
0.508637653054707   0.274303271439496   0.0109352806402283   -0.00630324481709388   0
0.489164406208179   0.222522009656146   -0.0194732468465278   -0.0517812617833501   0
0.488657930325499   0.235605789587846   -0.000506475882679935   0.0130837799317001   0
0.494488613929583   0.265771659366344   0.00583068360408401   0.0301658697784977   0
0.496643844050241   0.281345832051054   0.00215523012065816   0.0155741726847102   0
0.473416649644898   0.307131089748828   -0.023227194405343   0.0257852576977736   0
0.504883380172095   0.291223883453182   0.0314667305271969   -0.0159072062956459   0
0.497198998330648   0.303446150897161   -0.00768438184144649   0.0122222674439789   0
0.498146376323265   0.307929230489735   0.000947377992616794   0.00448307959257427   0
0.490703558318054   0.306183988311607   -0.0074428180052109   -0.00174524217812766   0
0.490009711614984   0.31264818047176   -0.000693846703069989   0.00646419216015309   0
0.478543201587903   0.336103151463044   -0.0114665100270815   0.0234549709912837   0
0.486529461793425   0.298762960433535   0.00798626020552251   -0.0373401910295091   0
0.492281747126582   0.316089067444704   0.0057522853331568   0.0173261070111688   0
0.476353291429796   0.337402103396856   -0.0159284556967861   0.0213130359521519   0
0.466434029394297   0.350411995869937   -0.00991926203549875   0.0130098924730809   0
0.466847496850952   0.356911105572764   0.00041346745665527   0.00649910970282708   0
0.516620782296841   0.384446196361627   0.0497732854458887   0.0275350907888631   0
0.534638414023908   0.41703920365647   0.0180176317270673   0.0325930072948429   0
0.523727182584597   0.378143499773793   -0.0109112314393112   -0.0388957038826768   0
0.529080604503699   0.383740221099082   0.00535342191910226   0.00559672132528927   0
0.523030279728621   0.374869114542893   -0.00605032477507794   -0.00887110655618933   0
0.517187103800936   0.384776845444437   -0.00584317592768568   0.00990773090154462   0
0.526323993076508   0.405991655514214   0.0091368892755721   0.0212148100697769   0
0.563312258977203   0.428249298302449   0.0369882659006956   0.0222576427882347   0
0.543353796585613   0.428485105566311   -0.0199584623915902   0.000235807263861576   0
0.557839423786989   0.410954990488219   0.0144856272013757   -0.0175301150780913   0
0.555575323672677   0.447242460128441   -0.00226410011431188   0.0362874696402214   0
0.568995659819124   0.442938156695706   0.0134203361464467   -0.00430430343273469   0
0.586188246223856   0.515922966433944   0.0171925864047322   0.0729848097382374   0
0.587689994751485   0.48388588150225   0.00150174852762852   -0.032037084931693   0
0.567015924917458   0.505793374686739   -0.0206740698340269   0.0219074931844885   0
0.589109267353689   0.515974860876516   0.0220933424362312   0.0101814861897769   0
0.613080756700942   0.546474859671047   0.0239714893472535   0.0304999987945307   0
0.603793142658146   0.569989436940548   -0.00928761404279654   0.023514577269501   0
0.560178104672077   0.522776279843013   -0.0436150379860691   -0.0472131570975348   0
0.590470369848479   0.538000197325475   0.0302922651764027   0.0152239174824622   0
0.595783693851216   0.538104015808515   0.0053133240027371   0.000103818483039531   0
0.617627547333342   0.481054476439519   0.0218438534821259   -0.0570495393689953   0
0.577557990658947   0.394944286505075   -0.0400695566743955   -0.0861101899344445   0
0.615147243116638   0.485722114890809   0.0375892524576911   0.0907778283857341   0
0.610880018652599   0.482090028479381   -0.00426722446403882   -0.00363208641142815   0
0.589799285773559   0.467938625352994   -0.0210807328790403   -0.0141514031263862   0
0.554418680109175   0.481273664273768   -0.0353806056643836   0.0133350389207741   0
0.578063082260059   0.499718089176788   0.0236444021508841   0.0184444249030193   0
0.593100835982382   0.515590917191382   0.0150377537223223   0.0158728280145937   0
0.803984367928258   1.26643743418783   0.210883531945876   0.750846516996447   1
0.78177512581816   1.11310851203398   -0.0222092421100976   -0.153328922153849   0
0.83153803539766   1.02029396774557   0.0497629095794999   -0.0928145442884087   0
0.815288925485929   1.10838222600205   -0.0162491099117313   0.0880882582564748   0
0.872540838471759   1.16159497104692   0.0572519129858303   0.0532127450448765   0
0.882855387316632   1.0587121619437   0.0103145488448727   -0.102882809103224   0
0.862287543848338   1.06521867394364   -0.0205678434682934   0.00650651199994301   0
0.974148404803909   1.12827353763793   0.11186086095557   0.0630548636942843   0
0.886982884749193   1.0159546434764   -0.0871655200547158   -0.11231889416153   0
0.838747150544787   0.972580799751106   -0.0482357342044056   -0.0433738437252902   0
0.864094837133633   0.991680274629001   0.0253476865888459   0.0190994748778951   0
0.874510006614561   1.0127862613786   0.0104151694809282   0.0211059867496034   0
0.851844434526633   0.987898995892925   -0.0226655720879279   -0.0248872654856789   0
0.926959260800603   1.05064494081124   0.0751148262739694   0.0627459449183128   0
0.904552404036936   0.985848582130643   -0.0224068567636673   -0.0647963586805946   0
0.860048597629808   0.886933361075819   -0.0445038064071271   -0.0989152210548241   0
0.757569851424276   0.679930662152583   -0.102478746205532   -0.207002698923236   0
0.825779596672744   0.765473966333441   0.0682097452484678   0.085543304180858   0
0.840339665671566   0.77386661353637   0.0145600689988222   0.0083926472029292   0
0.837423979480526   0.805132799374892   -0.00291568619104066   0.0312661858385217   0
0.817423665877738   0.769484371716054   -0.0200003136027875   -0.0356484276588381   0
0.831231788053128   0.799821003015362   0.0138081221753895   0.0303366312993084   0
0.851757901980369   0.82189168775043   0.0205261139272415   0.0220706847350676   0
0.839820857395195   0.799960186768848   -0.0119370445851746   -0.0219315009815819   0
0.817562951175015   0.744688204301807   -0.0222579062201794   -0.0552719824670408   0
0.835977481395881   0.815092587821316   0.0184145302208656   0.0704043835195091   0
0.794016522307313   0.737290220560567   -0.0419609590885675   -0.0778023672607487   0
0.782569906650518   0.754492199489166   -0.0114466156567955   0.017201978928599   0
0.797497352559242   0.776765321850171   0.0149274459087244   0.0222731223610049   0
0.83031286915897   0.804970180476426   0.0328155165997275   0.0282048586262549   0
0.824803460900838   0.765686799986783   -0.00550940825813173   -0.039283380489643   0
0.844206347458961   0.776827451610716   0.0194028865581232   0.0111406516239333   0
0.790025551392485   0.740962428387736   -0.054180796066476   -0.0358650232229809   0
0.832106714241028   0.808337271912071   0.0420811628485431   0.0673748435243358   0
0.84979682439216   0.816760510302898   0.017690110151132   0.00842323839082659   0
0.799067860540017   0.804394870054658   -0.0507289638521432   -0.0123656402482399   0
0.808222641314261   0.862452445119874   0.0091547807742437   0.0580575750652164   0
0.821980811597205   0.849316189922369   0.0137581702829445   -0.0131362551975049   0
0.824810185567564   0.867402942287061   0.00282937397035921   0.0180867523646913   0
0.817554412071759   0.790237625824188   -0.00725577349580497   -0.0771653164628722   0
0.805226461775816   0.763828513176223   -0.0123279502959431   -0.026409112647965   0
0.795725405265535   0.780550658462345   -0.00950105651028132   0.0167221452861213   0
0.796716020191636   0.753620061397651   0.000990614926101419   -0.0269305970646933   0
0.799772151969547   0.755992038756031   0.00305613177791053   0.00237197735837924   0
0.80302658564583   0.790062459630566   0.00325443367628342   0.0340704208745355   0
0.798990454797803   0.779692786174465   -0.00403613084802723   -0.0103696734561011   0
0.798025386851195   0.835379823296116   -0.000965067946607778   0.0556870371216509   0
0.83940301887532   0.867016233703989   0.0413776320241243   0.0316364104078731   0
0.80743609324206   0.827368953700373   -0.0319669256332599   -0.0396472800036159   0
0.825835460584008   0.83260671560227   0.0183993673419479   0.00523776190189718   0
0.78298180394566   0.754660947344733   -0.0428536566383475   -0.0779457682575373   0
0.809525402741631   0.805082236789665   0.026543598795971   0.0504212894449317   0
0.851573009592249   0.846928188975459   0.0420476068506175   0.0418459521857938   0
0.856049165962446   0.871653553306157   0.00447615637019771   0.0247253643306987   0
0.827951099263115   0.79662408912391   -0.0280980666993316   -0.0750294641822469   0
0.808300235883301   0.772644202282978   -0.0196508633798136   -0.023979886840932   0
0.796982769933579   0.778328635879472   -0.0113174659497222   0.00568443359649373   0
1.35322372760641   1.17317002595585   0.556240957672836   0.394841390076378   1
1.23711770614441   1.16406795990183   -0.116106021462007   -0.00910206605402397   0
1.15832800199253   1.15005301964714   -0.0787897041518797   -0.0140149402546883   0
1.20090406636042   1.23078272394542   0.0425760643678961   0.0807297042982786   0
1.2258417817557   1.18374355160841   0.024937715395281   -0.0470391723370032   0
1.30362521246484   1.28295470033562   0.0777834307091358   0.0992111487272027   0
1.23370605557118   1.25980371663902   -0.0699191568936601   -0.0231509836965915   0
0.877227298112068   0.657029315728187   -0.356478757459112   -0.602774400910837   1
1.04042150665295   0.26308463825942   0.163194208540884   -0.393944677468767   1
1.27980961581206   0.418510691561458   0.239388109159102   0.155426053302038   0
1.28749473234845   0.414117541982346   0.00768511653639226   -0.00439314957911224   0
1.33507261793694   0.416077900913399   0.0475778855884945   0.00196035893105284   0
1.36012732095823   0.422222837337406   0.025054703021284   0.00614493642400771   0
1.32679345138307   0.431128705185296   -0.0333338695751555   0.00890586784788971   0
1.2743074534919   0.406623605456877   -0.0524859978911747   -0.0245050997284192   0
1.38306554896361   0.448908663330861   0.10875809547171   0.0422850578739837   0
1.3581463176142   0.489112179230389   -0.0249192313494102   0.0402035158995281   0
1.30208035011861   0.52554991181119   -0.0560659674955861   0.0364377325808016   0
1.27915166221719   0.507755496465819   -0.0229286879014197   -0.0177944153453717   0
1.31556632246877   0.556198166805231   0.0364146602515789   0.0484426703394127   0
1.37400728990824   0.55875642421072   0.0584409674394764   0.00255825740548854   0
1.38723569299092   0.543182820903331   0.0132284030826757   -0.015573603307389   0
1.37229741365711   0.569725961616855   -0.0149382793338084   0.0265431407135239   0
1.3748499023097   0.605126792379291   0.00255248865259095   0.0354008307624365   0
1.38154783258091   0.591896289815412   0.00669793027120336   -0.0132305025638794   0
1.37441168909392   0.571350641279941   -0.00713614348698721   -0.0205456485354708   0
1.39719601728784   0.539766592033538   0.0227843281939202   -0.0315840492464029   0
1.39120493383002   0.588441867093513   -0.00599108345781585   0.048675275059975   0
1.3070198708872   0.835236384054389   -0.0841850629428209   0.246794516960875   0
1.33370263112172   0.779570656442538   0.0266827602345177   -0.0556657276118503   0
1.33156423225656   0.801616577085329   -0.0021383988651611   0.0220459206427911   0
1.33115900166021   0.747252803802033   -0.000405230596352002   -0.0543637732832962   0
1.35985236875184   0.685437481972827   0.0286933670916363   -0.0618153218292059   0
1.40985514707185   0.7249580279211   0.0500027783200108   0.0395205459482724   0
1.3763869175726   0.587901031762362   -0.0334682294992554   -0.137056996158737   0
1.37743136571119   0.584615912724115   0.00104444813859317   -0.00328511903824713   0
1.38365720157704   0.577741987367631   0.00622583586584602   -0.0068739253564839   0
1.38777865234626   0.681229010249123   0.00412145076922132   0.103487022881492   0
1.35037968270779   0.683092927939713   -0.0373989696384662   0.00186391769058991   0
1.30327237042761   0.607483013245021   -0.0471073122801837   -0.0756099146946925   0
1.33015018678043   0.641067723966431   0.0268778163528156   0.0335847107214102   0
1.3491754809946   0.697331172357331   0.0190252942141711   0.0562634483909004   0
1.41978924229972   0.693634534961496   0.0706137613051192   -0.0036966373958357   0
1.37419654685784   0.694108612275485   -0.0455926954418795   0.000474077313989851   0
1.41510793322276   0.699087545302625   0.0409113863649271   0.00497893302713981   0
1.43223926113202   0.654861018129801   0.0171313279092589   -0.0442265271728238   0
1.40165389643878   0.683203013219533   -0.0305853646932466   0.028341995089732   0
1.33953746690042   0.670434199139819   -0.0621164295383529   -0.0127688140797146   0
1.373392530169   0.686174274171839   0.033855063268575   0.0157400750320202   0
1.39013384500918   0.746562008571291   0.0167413148401805   0.060387734399452   0
1.40026801562344   0.749693512122287   0.0101341706142599   0.00313150355099623   0
1.31961840900504   0.552133259938441   -0.0806496066183953   -0.197560252183846   0
1.32868848321531   0.570184009510307   0.00907007421026695   0.018050749571866   0
1.32152466492079   0.603509753478972   -0.00716381829452151   0.0333257439686653   0
1.3450617018836   0.819286662405168   0.0235370369628096   0.215776908926196   0
1.32577089564902   0.851245262203849   -0.0192908062345793   0.0319585997986811   0
1.3368890402726   0.831140282823844   0.0111181446235842   -0.0201049793800049   0
1.29780230497715   0.689008948021903   -0.0390867352954538   -0.142131334801941   0
1.34326795742249   0.812052949568253   0.0454656524453458   0.12304400154635   0
1.36841872601956   0.81327796311916   0.0251507685970673   0.00122501355090687   0
1.38010304837211   0.867895812816406   0.011684322352552   0.0546178496972458   0
1.40647584202147   0.91980638503016   0.0263727936493554   0.0519105722137536   0
1.4087773757404   0.928091874023391   0.00230153371892805   0.00828548899323145   0
1.31041754795981   0.92326813360448   -0.0983598277805875   -0.00482374041891087   0
1.33208902391094   0.948791097896423   0.0216714759511301   0.0255229642919431   0
1.3898235793902   0.945103612462279   0.0577345554792645   -0.00368748543414432   0
1.41742031175865   0.986503419364829   0.0275967323684498   0.0413998069025502   0
1.41829269594714   1.0130519072112   0.000872384188483455   0.026548487846371   0
1.39182564525338   1.02164874795059   -0.026467050693753   0.00859684073938594   0
1.46953297705257   1.13365900716232   0.077707331799189   0.112010259211731   0
1.43218040725916   1.06936278439183   -0.0373525697934183   -0.0642962227704855   0
1.41089617863399   1.02833439937855   -0.0212842286251638   -0.041028385013278   0
1.55425627414819   1.16539198181964   0.143360095514194   0.137057582441084   0
1.54292382275795   1.12510887096761   -0.0113324513902375   -0.0402831108520314   0
1.59995698676089   1.1329859425838   0.057033164002946   0.007877071616194   0
1.41400879769894   1.08993538290958   -0.185948189061955   -0.0430505596742206   0
