0.141116503811142   0.058280631893648   0   0   0
0.13090136083583   0.0519072682827993   -0.0102151429753121   -0.0063733636108487   0
0.148382132672262   0.0617345460056604   0.0174807718364327   0.00982727772286111   0
0.152594977967695   0.0633435911427905   0.00421284529543217   0.00160904513713005   0
0.148669599432735   0.0609905076708048   -0.00392537853495922   -0.00235308347198565   0
0.140167615865021   0.0727850595426012   -0.00850198356771434   0.0117945518717964   0
0.141039695525305   0.0500450185330169   0.000872079660284186   -0.0227400410095843   0
0.124740007491462   0.0263132495421508   -0.0162996880338432   -0.023731768990866   0
0.116152528418171   0.0438805530175099   -0.00858747907329066   0.0175673034753591   0
0.107975062506666   0.052106556130347   -0.00817746591150548   0.00822600311283705   0
0.123542587879737   0.0569740974767482   0.015567525373071   0.00486754134640118   0
0.13729240128026   0.0511237425855395   0.0137498134005234   -0.0058503548912087   0
0.127013450826281   0.0415963978986706   -0.0102789504539796   -0.0095273446868689   0
0.120957849709765   0.0553047415891325   -0.00605560111651601   0.0137083436904619   0
0.0755533629815622   0.0332940576537635   -0.0454044867282024   -0.022010683935369   0
0.0746235410123535   0.0255056236300178   -0.000929821969208766   -0.00778843402374562   0
0.0530666950424652   0.0200269083121709   -0.0215568459698883   -0.00547871531784694   0
0.0673061946747846   0.0284985290471481   0.0142394996323194   0.00847162073497717   0
0.031106234554605   0.0189435554810864   -0.0361999601201796   -0.00955497356606163   0
0.0297085361629347   0.0170245672012712   -0.00139769839167024   -0.00191898827981521   0
0.00621271547745428   0.0128951530989099   -0.0234958206854804   -0.00412941410236135   0
0.0219161787392328   0.0173048720679481   0.0157034632617785   0.00440971896903821   0
0.0180152161123368   0.0234949042820991   -0.00390096262689599   0.00619003221415104   0
0.0315143220467395   0.0113824698936962   0.0134991059344026   -0.0121124343884029   0
0.0303763292459458   0.0129713429268137   -0.00113799280079369   0.00158887303311752   0
0.0428461945160828   0.0130304954638149   0.012469865270137   5.91525370011656e-05   0
0.0402704343984393   0.00806189435921391   -0.00257576011764348   -0.00496860110460097   0
0.0625470986622113   0.0121399508157581   0.0222766642637721   0.00407805645654416   0
0.0688852891429084   0.119634676888371   0.0063381904806971   0.107494726072613   0
0.0430696336214507   0.161482725105884   -0.0258156555214577   0.0418480482175127   0
0.104721058977083   0.15941707613638   0.0616514253556318   -0.00206564896950368   0
0.0966642371180262   0.157880662817237   -0.0080568218590563   -0.00153641331914359   0
0.127246744286131   0.145643011166353   0.0305825071681047   -0.0122376516508835   0
0.0933070085732042   0.14106157524521   -0.0339397357129268   -0.00458143592114341   0
0.130940462918087   0.140884336930494   0.0376334543448828   -0.000177238314715694   0
0.0896070749763656   0.129560176236228   -0.0413333879417214   -0.011324160694266   0
0.109433055367243   0.125290008155569   0.0198259803908771   -0.00427016808065933   0
0.0819905511986113   0.141459528204934   -0.0274425041686314   0.0161695200493651   0
0.0690004306485836   0.122512450023151   -0.0129901205500277   -0.0189470781817832   0
0.0796597146857808   0.126709871342025   0.0106592840371972   0.00419742131887417   0
0.111978139191094   0.123074459258308   0.0323184245053131   -0.00363541208371655   0
0.111643821405262   0.158780454691942   -0.000334317785832067   0.0357059954336342   0
0.109075752813629   0.152906238224189   -0.00256806859163233   -0.00587421646775327   0
0.140194714561953   0.151997900933278   0.0311189617483239   -0.000908337290911526   0
0.153829185644527   0.151997758252589   0.0136344710825737   -1.42680688625108e-07   0
0.142530327558944   0.151419627603401   -0.0112988580855827   -0.000578130649188546   0
0.141459441776079   0.159534304115102   -0.00107088578286502   0.00811467651170195   0
0.15376806064401   0.152882261887612   0.0123086188679308   -0.00665204222749008   0
0.160368319242954   0.172306752150409   0.00660025859894378   0.0194244902627967   0
0.139802237180955   0.172306752150409   -0.0205660820619986   0   0
0.140521841100841   0.172727486385064   0.000719603919885597   0.000420734234655024   0
0.165170831822208   0.181057032491512   0.0246489907213667   0.00832954610644809   0
0.140384405175432   0.172734107116255   -0.0247864266467752   -0.00832292537525675   0
0.171037995544528   0.191604476986715   0.0306535903690956   0.0188703698704595   0
0.154778439872814   0.172306752150409   -0.0162595556717137   -0.0192977248363059   0
0.169548258089578   0.172391598695013   0.0147698182167632   8.48465446042224e-05   0
0.176016799383496   0.16795157584804   0.00646854129391877   -0.00444002284697312   0
0.170403451892853   0.179116029245717   -0.00561334749064293   0.0111644533976767   0
0.158307461924509   0.165644581930145   -0.012095989968344   -0.013471447315572   0
0.161617998000223   0.173075696786298   0.0033105360757133   0.00743111485615292   0
0.174457847964028   0.172661229982559   0.0128398499638055   -0.000414466803739189   0
0.169938817312967   0.176463714331368   -0.00451903065106121   0.00380248434880895   0
0.183235473590705   0.167320036122404   0.0132966562777381   -0.00914367820896383   0
0.179425111302738   0.192410201169461   -0.00381036228796694   0.0250901650470574   0
0.180627067981075   0.18076081052565   0.00120195667833711   -0.011649390643811   0
0.168329769665766   0.193702115934778   -0.0122972983153088   0.0129413054091274   0
0.17893516913934   0.178944441136243   0.0106053994735732   -0.0147576747985341   0
0.137677771788659   0.180987403023415   -0.0412573973506809   0.00204296188717143   0
0.151369902609105   0.161464119866613   0.0136921308204465   -0.0195232831568018   0
0.176861013618293   0.19641827252374   0.0254911110091877   0.0349541526571264   0
0.180883219638086   0.170081027356735   0.00402220601979286   -0.0263372451670043   0
0.187897949666541   0.171570557654927   0.00701473002845526   0.00148953029819146   0
0.175556745485812   0.171848750941426   -0.0123412041807296   0.000278193286498946   0
0.182919915782836   0.17032367306814   0.00736317029702496   -0.00152507787328601   0
0.214984979675325   0.170955511497846   0.0320650638924888   0.000631838429705989   0
0.192391236803057   0.168090843065654   -0.0225937428722681   -0.00286466843219105   0
0.205583818365259   0.165562630772504   0.0131925815622023   -0.00252821229315045   0
0.192120354867567   0.176342300181671   -0.0134634634976921   0.0107796694091668   0
0.218664926910765   0.189942206315243   0.0265445720431972   0.0135999061335726   0
0.212740453731982   0.192884357408532   -0.00592447317878247   0.00294215109328907   0
0.226801591231357   0.195975969888919   0.014061137499375   0.00309161248038659   0
0.196404123846376   0.200163817553929   -0.0303974673849816   0.00418784766500976   0
0.172872684460588   0.207891721449298   -0.0235314393857876   0.0077279038953692   0
0.194671679745627   0.213610673481582   0.0217989952850395   0.0057189520322839   0
0.175877692908168   0.208183472320343   -0.0187939868374589   -0.00542720116123896   0
0.199116308645701   0.220845752419772   0.0232386157375324   0.0126622800994285   0
0.19003570443734   0.223573714662307   -0.00908060420836071   0.0027279622425351   0
0.191740476746483   0.233389943521828   0.0017047723091424   0.00981622885952144   0
0.20761811039235   0.228688479912965   0.0158776336458674   -0.00470146360886325   0
0.200093142800772   0.23249503910009   -0.00752496759157828   0.0038065591871255   0
0.189499375018638   0.22325092364627   -0.0105937677821337   -0.0092441154538207   0
0.205803592617452   0.238223435827612   0.0163042175988137   0.0149725121813427   0
0.222459015115706   0.234975945350886   0.0166554224982546   -0.00324749047672637   0
0.235465886994804   0.231347966615803   0.0130068718790982   -0.0036279787350828   0
0.222954195983338   0.229352418738848   -0.0125116910114659   -0.00199554787695483   0
0.210379220139823   0.243406184774345   -0.0125749758435155   0.0140537660354966   0
0.226882724561444   0.23288507943665   0.016503504421621   -0.0105211053376943   0
0.252852055956364   0.257108435526652   0.0259693313949195   0.0242233560900014   0
0.255926333134886   0.240064715552333   0.00307427717852293   -0.017043719974319   0
0.235355797796464   0.259531764486941   -0.0205705353384225   0.0194670489346082   0
0.232158262159007   0.24823800006246   -0.00319753563745737   -0.0112937644244807   0
0.264563644023453   0.259250234645993   0.032405381864446   0.0110122345835329   0
0.292638674012464   0.228521044490923   0.028075029989011   -0.03072919015507   0
0.274220736689423   0.237314451271562   -0.0184179373230403   0.00879340678063867   0
0.192578642540885   0.196581220906404   -0.0816420941485382   -0.0407332303651576   0
0.158339102425775   0.185464453207811   -0.0342395401151104   -0.0111167676985927   0
0.208265258831232   0.20259858589773   0.0499261564054571   0.0171341326899188   0
0.208268895676263   0.187795266633141   3.63684503085215e-06   -0.0148033192645894   0
0.206577316228694   0.190043505798778   -0.00169157944756829   0.00224823916563663   0
0.207961414777573   0.200325107956797   0.00138409854887822   0.0102816021580197   0
0.202811416713803   0.195277429263241   -0.00514999806376926   -0.00504767869355649   0
0.223583957490469   0.211776911823291   0.020772540776666   0.0164994825600503   0
0.235621443971087   0.216661303360504   0.0120374864806175   0.00488439153721329   0
0.224785970893159   0.219035836647134   -0.0108354730779281   0.00237453328662968   0
0.216193184234364   0.197350583418849   -0.00859278665879482   -0.0216852532282852   0
0.258850277106072   0.197788915012476   0.0426570928717076   0.000438331593627328   0
0.22420257748514   0.206270347293673   -0.0346476996209317   0.00848143228119697   0
0.226983362917541   0.210924672995385   0.00278078543240118   0.00465432570171168   0
0.22795838180467   0.211563380932766   0.000975018887128809   0.000638707937380856   0
0.235293211393744   0.192274583805271   0.0073348295890738   -0.0192887971274951   0
0.254015177383163   0.197615140726116   0.0187219659894199   0.00534055692084515   0
0.240761356931639   0.205008504842976   -0.0132538204515244   0.00739336411686031   0
0.248941421578106   0.203990026242859   0.00818006464646712   -0.0010184786001165   0
0.230675420731626   0.201643221105254   -0.0182660008464805   -0.0023468051376051   0
0.23743577102017   0.178160479895802   0.00676035028854391   -0.0234827412094523   0
0.2429131925539   0.198975416417054   0.00547742153373043   0.0208149365212518   0
0.244340149715819   0.207299018986952   0.00142695716191912   0.0083236025698977   0
0.221396299249053   0.198613469825066   -0.0229438504667664   -0.00868554916188535   0
0.202309408984404   0.181598439345882   -0.0190868902646486   -0.0170150304791842   0
0.226932308537348   0.220416766920537   0.0246228995529436   0.0388183275746553   0
0.262181638225182   0.243115372228809   0.0352493296878339   0.0226986053082719   0
0.271695542136065   0.323143671527855   0.00951390391088286   0.0800282992990461   0
0.263273162640327   0.406170900327525   -0.0084223794957376   0.0830272287996699   0
0.266456142647922   0.493847519462779   0.00318298000759554   0.0876766191352538   0
0.266313640565424   0.501465164899677   -0.000142502082498164   0.00761764543689775   0
0.25323839866831   0.471452663752418   -0.0130752418971141   -0.0300125011472592   0
0.265688040174111   0.465762820206766   0.0124496415058008   -0.00568984354565188   0
0.262637807506631   0.486127869519751   -0.00305023266748028   0.0203650493129857   0
0.311386864564339   0.506923797719036   0.0487490570577083   0.0207959281992846   0
0.317247874401469   0.4941314043716   0.00586100983712956   -0.0127923933474356   0
0.328173601487079   0.497997917410809   0.0109257270856102   0.00386651303920815   0
0.297824186501029   0.490919948766456   -0.0303494149860493   -0.00707796864435239   0
0.309794195581664   0.495384454318717   0.0119700090806341   0.00446450555226041   0
0.315864235496265   0.483738215197562   0.00607003991460153   -0.0116462391211549   0
0.296898077459993   0.468388523717533   -0.0189661580362721   -0.0153496914800285   0
0.287131523772312   0.47873395363137   -0.00976655368768059   0.0103454299138366   0
0.296549822719708   0.457326362716553   0.00941829894739526   -0.0214075909148165   0
0.292093660949634   0.429394739409791   -0.00445616177007319   -0.0279316233067622   0
0.321974981375883   0.461193995628112   0.0298813204262482   0.0317992562183204   0
0.280523972512582   0.431744761253802   -0.0414510088633004   -0.0294492343743096   0
0.322725015013107   0.474960530281678   0.0422010425005245   0.0432157690278758   0
0.293163748090107   0.445480781013842   -0.0295612669229993   -0.0294797492678358   0
0.306532287631189   0.44941275528041   0.0133685395410816   0.00393197426656838   0
0.282150007423073   0.418497568734799   -0.0243822802081163   -0.0309151865456111   0
0.297650369997351   0.416114687040687   0.0155003625742784   -0.00238288169411199   0
0.29179495965628   0.414413099104399   -0.00585541034107123   -0.00170158793628816   0
0.292596198293296   0.384508849672114   0.000801238637016477   -0.0299042494322849   0
0.242014841388891   0.321644385001157   -0.0505813569044055   -0.0628644646709572   0
0.271098119163523   0.347752795056794   0.0290832777746326   0.0261084100556369   0
0.303547112177929   0.335299869397533   0.0324489930144052   -0.0124529256592612   0
0.278392457393174   0.376142056968644   -0.025154654784755   0.0408421875711111   0
0.303087458377875   0.406380322937147   0.0246950009847012   0.0302382659685032   0
0.319559452457989   0.385807039136759   0.0164719940801146   -0.0205732838003883   0
0.287935523310411   0.380799739352396   -0.0316239291475788   -0.0050072997843631   0
0.2956328769985   0.393333435516068   0.00769735368808899   0.0125336961636727   0
0.274566278223328   0.404265262959931   -0.0210665987751715   0.0109318274438631   0
0.307703308954925   0.394347012353257   0.0331370307315969   -0.00991825060667417   0
0.298900723281761   0.378115297202325   -0.00880258567316378   -0.0162317151509323   0
0.259655608805279   0.392451256477734   -0.0392451144764824   0.0143359592754095   0
0.295062127321502   0.394448346302786   0.0354065185162227   0.00199708982505148   0
0.2806865583849   0.392872525034724   -0.0143755689366013   -0.00157582126806166   0
0.288828805656292   0.420180066125896   0.00814224727139162   0.0273075410911721   0
0.307378912287034   0.40645964321929   0.0185501066307419   -0.0137204229066064   0
0.281813748349881   0.411463175915853   -0.0255651639371529   0.0050035326965629   0
0.255072402428977   0.364243344860579   -0.0267413459209039   -0.0472198310552741   0
0.239251294466383   0.393431305632648   -0.0158211079625938   0.0291879607720691   0
0.315483637644427   0.414323820760875   0.0762323431780436   0.0208925151282276   0
0.304364155455681   0.416323170780972   -0.0111194821887457   0.00199935002009677   0
0.287365003360256   0.405251406975546   -0.016999152095425   -0.0110717638054258   0
0.321693181393778   0.419616566750411   0.0343281780335217   0.014365159774865   0
0.294030358085164   0.411562096696613   -0.0276628233086134   -0.008054470053798   0
0.325873388318592   0.433038334863658   0.0318430302334278   0.0214762381670449   0
0.2972054241699   0.426563037361127   -0.0286679641486926   -0.00647529750253095   0
0.290355694613848   0.434307590302682   -0.0068497295560519   0.00774455294155485   0
0.299822466939838   0.453055214270206   0.00946677232598986   0.0187476239675239   0
0.282069640064293   0.458666574416809   -0.0177528268755442   0.00561136014660257   0
0.336815420653746   0.451029003392601   0.0547457805894528   -0.00763757102420815   0
0.336007757819503   0.466980962943352   -0.000807662834242884   0.0159519595507511   0
0.324934824210041   0.467810438583517   -0.0110729336094627   0.000829475640165278   0
0.310379081186474   0.465520519352319   -0.0145557430235663   -0.00228991923119826   0
0.312665547087043   0.441002327747383   0.00228646590056886   -0.024518191604936   0
0.305906545186091   0.444965898216931   -0.00675900190095208   0.00396357046954798   0
0.325512471999538   0.482896569824492   0.0196059268134468   0.0379306716075609   0
0.355244504923989   0.483187690242477   0.029732032924451   0.000291120417985513   0
0.359393412196941   0.481027112609365   0.00414890727295159   -0.00216057763311228   0
0.345188350709131   0.501819148675967   -0.0142050614878096   0.0207920360666024   0
0.371390000330704   0.49940700511776   0.0262016496215726   -0.00241214355820751   0
0.328594248956445   0.485357592863563   -0.0427957513742588   -0.0140494122541964   0
0.289904633264734   0.475586329228942   -0.0386896156917106   -0.00977126363462094   0
0.326592117737094   0.470366306158732   0.03668748447236   -0.00522002307021036   0
0.3420967759484   0.498521180699165   0.0155046582113061   0.0281548745404334   0
0.318388162377953   0.490571852632069   -0.023708613570447   -0.00794932806709675   0
0.305846330064364   0.424192677263013   -0.0125418323135892   -0.0663791753690559   0
0.251195243785865   0.16741335394242   -0.0546510862784994   -0.256779323320593   0
0.25311894471738   0.146475420376808   0.00192370093151517   -0.0209379335656124   0
0.253418329126466   0.365734071186279   0.00029938440908639   0.219258650809472   0
0.335514183545569   0.395345321375405   0.0820958544191031   0.0296112501891261   0
0.301089100358083   0.411512044055213   -0.0344250831874859   0.0161667226798081   0
0.406085131248671   0.647031767509813   0.104996030890587   0.2355197234546   0
0.406052063001298   0.825466022449889   -3.30682473727029e-05   0.178434254940076   0
0.498081549535455   0.880116778984075   0.0920294865341572   0.0546507565341859   0
0.490528503872354   0.858599875711154   -0.00755304566310105   -0.0215169032729202   0
0.521520292585476   0.86073857523182   0.0309917887131216   0.00213869952066514   0
0.507696095026345   0.866417170537705   -0.0138241975591302   0.00567859530588555   0
0.54710130077323   0.835266117651668   0.0394052057468844   -0.0311510528860371   0
0.607552351099269   1.06270987131514   0.0604510503260396   0.227443753663471   0
0.571372988452762   1.12251030651463   -0.0361793626465076   0.0598004351994879   0
0.520432887003925   1.07325557613739   -0.0509401014488371   -0.0492547303772375   0
0.526134892536315   1.04805629538275   0.00570200553239053   -0.0251992807546357   0
0.481141133753923   1.01414276126389   -0.0449937587823927   -0.0339135341188614   0
0.515462294117659   0.98639751981757   0.0343211603637365   -0.0277452414463228   0
0.525652104010828   1.00554796070774   0.0101898098931685   0.019150440890173   0
0.483339800357109   0.959266399883917   -0.0423123036537186   -0.0462815608238261   0
0.513173497292095   0.960189640623794   0.0298336969349861   0.000923240739876929   0
0.472162522063918   0.922903060256195   -0.041010975228177   -0.0372865803675985   0
0.426833160071028   0.838776478780594   -0.0453293619928899   -0.0841265814756008   0
0.396255856741525   0.733501893593254   -0.0305773033295033   -0.10527458518734   0
0.417044390987926   0.751532059692559   0.0207885342464009   0.0180301660993045   0
0.470104906134833   0.802365368182054   0.053060515146907   0.0508333084894949   0
0.528160760888435   1.00850531463672   0.0580558547536017   0.206139946454662   0
0.37319947431007   0.748146995014516   -0.154961286578365   -0.2603583196222   0
0.480285378245261   0.799489138682478   0.107085903935191   0.051342143667962   0
0.405624567362728   0.835426253873733   -0.0746608108825334   0.0359371151912556   0
0.388666172389724   0.812737528171359   -0.0169583949730039   -0.0226887257023747   0
0.416821541548162   0.815823749671613   0.0281553691584383   0.00308622150025395   0
0.406776626795653   0.825652519134109   -0.010044914752509   0.009828769462496   0
0.484793372736861   0.828441496191296   0.0780167459412078   0.00278897705718706   0
0.367209169533403   0.807122640729092   -0.117584203203458   -0.021318855462204   0
0.432249300671788   0.828450275990697   0.0650401311383851   0.0213276352616056   0
0.433632976503762   0.833438711744692   0.00138367583197352   0.00498843575399488   0
0.392527819320376   0.8062480070518   -0.0411051571833855   -0.0271907046928918   0
0.404285349928117   0.814962251118033   0.0117575306077407   0.008714244066233   0
0.43367209183338   0.802863426039605   0.0293867419052635   -0.0120988250784283   0
0.397912600331656   0.773050183191759   -0.0357594915017247   -0.029813242847846   0
0.367237700011641   0.760998326446261   -0.0306749003200147   -0.0120518567454981   0
0.374736911086658   0.74559738198055   0.00749921107501733   -0.0154009444657111   0
0.365212968742486   0.763267868006582   -0.00952394234417236   0.0176704860260317   0
0.406462253890678   0.775663194496369   0.0412492851481921   0.0123953264897877   0
0.392513673753539   0.749270841785892   -0.0139485801371386   -0.0263923527104769   0
0.405451771439181   0.731070879812295   0.0129380976856418   -0.0181999619735979   0
