0.197745386501961   0.503626914848144   0   0   0
0.171921613288411   0.317882827044219   -0.0258237732135499   -0.185744087803925   0
0.313203083044548   0.259719404006959   0.141281469756137   -0.0581634230372603   0
0.115712355309156   0.271008282249916   -0.197490727735392   0.0112888782429568   0
0.124791337514469   0.30110853483947   0.00907898220531235   0.0301002525895546   0
0.237393709621548   0.248244561361578   0.11260237210708   -0.0528639734778919   0
0.148659222762565   0.286072883284964   -0.0887344868589831   0.0378283219233853   0
0.212110896845872   0.279895273957283   0.0634516740833064   -0.0061776093276808   0
0.215612942132843   0.292137797334704   0.00350204528697182   0.0122425233774209   0
0.229862128147157   0.282124877672233   0.0142491860143135   -0.0100129196624708   0
0.192852580261634   0.297608383246344   -0.0370095478855229   0.0154835055741105   0
0.185058602904728   0.167796137963602   -0.00779397735690557   -0.129812245282742   0
0.271250728610708   0.16829795308043   0.0861921257059796   0.000501815116828119   0
0.0737334528230572   0.245720751847987   -0.197517275787651   0.0774227987675574   0
0.0800637347150032   0.138940416317616   0.00633028189194595   -0.106780335530371   0
0.171887477239908   0.146327310014672   0.0918237425249052   0.00738689369705609   0
0.303049748599813   0.212080060584099   0.131162271359905   0.0657527505694265   0
0.183985906822289   0.114228515082192   -0.119063841777524   -0.097851545501907   0
0.135492533370367   0.0564699727723062   -0.0484933734519221   -0.0577585423098855   0
0.0597817741380264   0.0272335459409898   -0.0757107592323405   -0.0292364268313164   0
0.00405837725080616   0.010171656479167   -0.0557233968872202   -0.0170618894618227   0
0.0680585867371164   0.0182001142327212   0.0640002094863103   0.00802845775355413   0
0.177954718785247   0.0289507115712421   0.109896132048131   0.0107505973385209   0
0.0782424490777864   0.0408823891365867   -0.0997122697074607   0.0119316775653446   0
0.149073258926509   0.0192775227589257   0.0708308098487226   -0.0216048663776609   0
0.0506733148403575   0.0134198787879548   -0.0983999440861515   -0.00585764397097091   0
0.14097179115362   0.0470420469789623   0.0902984763132629   0.0336221681910075   0
0.213703476552559   0.013857611075149   0.0727316853989382   -0.0331844359038133   0
0.140343229092892   0.011299484905988   -0.0733602474596666   -0.00255812616916103   0
0.133318142568407   0.013370850346744   -0.00702508652448547   0.00207136544075606   0
0.140330786112278   0.0171123642546844   0.00701264354387168   0.00374151390794036   0
0.194638643507912   0.0212796692528931   0.0543078573956335   0.00416730499820873   0
0.108344007444179   0.0407209127470407   -0.0862946360637324   0.0194412434941476   0
0.0417708731724344   0.0153522063013928   -0.066573134271745   -0.0253687064456479   0
0.0439565622437652   0.0223211429286394   0.00218568907133075   0.00696893662724662   0
0.0961160441249014   0.0181317432759387   0.0521594818811363   -0.00418939965270068   0
0.209847014623916   0.0100067433712597   0.113730970499015   -0.00812499990467905   0
0.12679221548987   0.0159503852028728   -0.0830547991340461   0.00594364183161314   0
0.136894506501539   0.0349412730568829   0.0101022910116695   0.01899088785401   0
0.0751658444763977   0.038235814990301   -0.0617286620251417   0.0032945419334181   0
0.0277124634822365   0.0466585753133604   -0.0474533809941612   0.00842276032305942   0
0.0893398572790443   0.057966544944692   0.0616273937968078   0.0113079696313316   0
0.0779198038370888   0.0602513017616425   -0.0114200534419555   0.00228475681695044   0
0.113717435303519   0.06402008497872   0.0357976314664301   0.0037687832170775   0
0.0820159941795501   0.0583433544406947   -0.0317014411239687   -0.0056767305380253   0
0.109097813571629   0.0566237216345987   0.0270818193920792   -0.00171963280609592   0
0.146518892566658   0.0922597193726222   0.0374210789950291   0.0356359977380235   0
0.240327282965622   0.0961943713851415   0.0938083903989635   0.00393465201251927   0
0.106002918734713   0.0918059778453043   -0.134324364230909   -0.00438839353983718   0
0.0671847804752244   0.0869459774707835   -0.0388181382594882   -0.00486000037452075   0
0.0790564777397147   0.10854511705968   0.0118716972644902   0.0215991395888969   0
0.129715259323065   0.10941537574731   0.0506587815833503   0.000870258687629397   0
0.186186620416962   0.0987788523155387   0.0564713610938973   -0.0106365234317712   0
0.141609002932441   0.0850069583103348   -0.0445776174845216   -0.0137718940052038   0
0.0973501021138653   0.090404603898322   -0.0442589008185754   0.00539764558798719   0
0.140322305366645   0.0921049921698194   0.0429722032527798   0.00170038827149742   0
0.0547846195621545   0.104758461219763   -0.0855376858044906   0.0126534690499431   0
0.112442134247043   0.104532691733842   0.0576575146848883   -0.000225769485920277   0
0.0448342377865399   0.135726021870568   -0.067607896460503   0.0311933301367261   0
0.0300942824147528   0.192268811285944   -0.0147399553717871   0.0565427894153757   0
0.0857541624826813   0.168730403847796   0.0556598800679285   -0.0235384074381484   0
0.0563099953827072   0.161456166617708   -0.0294441670999741   -0.00727423723008797   0
0.0477646802462458   0.173796420271895   -0.00854531513646139   0.0123402536541868   0
0.0772080244563996   0.159719775380178   0.0294433442101538   -0.0140766448917163   0
0.166015827785278   0.215651038723495   0.0888078033288781   0.0559312633433171   0
0.0295889899007739   0.13966989446954   -0.136426837884504   -0.0759811442539552   0
0.0648429727072171   0.172681671116219   0.0352539828064432   0.0330117766466787   0
0.109988243648867   0.172771605014576   0.0451452709416498   8.99338983565701e-05   0
0.139191506685214   0.187271950725409   0.0292032630363472   0.0145003457108335   0
0.00657581128280002   0.187939350232834   -0.132615695402414   0.000667399507425448   0
0.0595581069767072   0.157166751304753   0.0529822956939072   -0.0307725989280817   0
0.0753524969118184   0.184335521620366   0.0157943899351112   0.0271687703156135   0
0.0784684877318303   0.263729172475141   0.00311599082001188   0.0793936508547745   0
0.0284858035020956   0.18543812155188   -0.0499826842297347   -0.0782910509232602   0
0.178950765460638   0.206906752311887   0.150464961958542   0.0214686307600064   0
0.0222582817547627   0.204517567276169   -0.156692483705875   -0.00238918503571744   0
0.0946015121336065   0.171859737637237   0.0723432303788439   -0.0326578296389323   0
0.10687864937123   0.158982903469052   0.0122771372376239   -0.0128768341681849   0
0.165091315445998   0.115687953383142   0.0582126660747676   -0.0432949500859105   0
0.129445460874277   0.178264648962297   -0.0356458545717205   0.062576695579155   0
0.199955645834795   0.193124447771022   0.0705101849605179   0.0148597988087252   0
0.180907805698885   0.176061967025363   -0.0190478401359101   -0.0170624807456591   0
0.0521140103960691   0.192032864810454   -0.128793795302816   0.0159708977850908   0
0.104931139254448   0.178241563129535   0.0528171288583791   -0.0137913016809188   0
0.133811775487062   0.209701694825912   0.0288806362326143   0.0314601316963772   0
0.229876516793017   0.216298638793012   0.096064741305954   0.00659694396710012   0
0.0594982568298433   0.200001524791069   -0.170378259963173   -0.0162971140019435   0
0.14538236016161   0.185218588306661   0.0858841033317663   -0.0147829364844075   0
0.0717252078656451   0.190928939306905   -0.0736571522959646   0.00571035100024414   0
0.277791628161829   0.177729865944889   0.206066420296184   -0.013199073362016   0
0.222541632795259   0.230062011183398   -0.05524999536657   0.0523321452385088   0
0.133802455316672   0.196882326510257   -0.0887391774785873   -0.0331796846731409   0
0.0940789768803849   0.225604661362175   -0.0397234784362871   0.0287223348519175   0
0.170360356491321   0.221417458697573   0.0762813796109362   -0.00418720266460154   0
0.174419835680177   0.242722193454454   0.00405947918885607   0.0213047347568811   0
0.137136816931959   0.234973640929307   -0.0372830187482183   -0.00774855252514722   0
0.0903191111528044   0.257901709101242   -0.0468177057791545   0.0229280681719347   0
0.0764459434725611   0.267535695884384   -0.0138731676802434   0.00963398678314215   0
0.162982421824449   0.269257500681392   0.0865364783518875   0.0017218047970084   0
0.133876021223257   0.27020243541538   -0.0291064006011914   0.000944934733987324   0
0.101664054326886   0.274728896889901   -0.0322119668963713   0.00452646147452079   0
0.189832416752092   0.207547293762004   0.0881683624252063   -0.0671816031278965   0
0.210239894679726   0.259358789712384   0.0204074779276334   0.0518114959503797   0
0.0558688336047031   0.242686437930005   -0.154371061075022   -0.0166723517823789   0
0.24589583137225   0.264658754763209   0.190026997767547   0.0219723168332043   0
0.074682239998744   0.268151590074703   -0.171213591373506   0.00349283531149391   0
0.120444173822481   0.23111709809378   0.0457619338237369   -0.0370344919809229   0
0.100940127135099   0.2863135288514   -0.0195040466873817   0.0551964307576201   0
0.071515637415008   0.284165814155351   -0.0294244897200912   -0.00214771469604907   0
0.0977310895987556   0.299032372608873   0.0262154521837476   0.0148665584535214   0
0.147855173222718   0.300730744500112   0.0501240836239625   0.00169837189123939   0
0.0620392088485983   0.301815923323044   -0.0858159643741199   0.00108517882293213   0
0.0591391589904692   0.299989780275248   -0.00290004985812907   -0.00182614304779605   0
0.143624579319488   0.32181627215461   0.0844854203290191   0.021826491879362   0
0.164134573011112   0.243951984360734   0.0205099936916235   -0.0778642877938756   0
0.157035865372787   0.319812788340026   -0.0070987076383251   0.075860803979292   0
0.110586694870676   0.287598777709538   -0.0464491705021107   -0.0322140106304887   0
0.145831029344101   0.265445218377959   0.0352443344734248   -0.0221535593315783   0
0.0860431764012115   0.326206306689877   -0.0597878529428894   0.0607610883119176   0
0.0810532645808298   0.302234775509454   -0.00498991182038169   -0.023971531180423   0
0.188123374905433   0.366054369274907   0.107070110324603   0.0638195937654531   0
0.249672436891179   0.279885727526878   0.0615490619857467   -0.0861686417480287   0
0.0911357904370725   0.320718609888793   -0.158536646454107   0.040832882361915   0
0.141412735186651   0.281373037105992   0.0502769447495789   -0.0393455727828012   0
0.179715735966693   0.31472641043699   0.0383030007800413   0.0333533733309975   0
0.10844959142634   0.369608937731182   -0.0712661445403531   0.0548825272941919   0
0.0829384251304545   0.317430174782032   -0.0255111662958852   -0.0521787629491499   0
0.110877130848927   0.302524899360695   0.0279387057184722   -0.0149052754213363   0
0.16309758943798   0.268684523898878   0.0522204585890537   -0.0338403754618171   0
0.118887449875965   0.29768792862953   -0.0442101395620157   0.0290034047306514   0
0.18919070888902   0.34427522905655   0.0703032590130556   0.0465873004270204   0
0.171682196032116   0.303800467431734   -0.017508512856904   -0.0404747616248162   0
0.0760333002849409   0.309625934426269   -0.0956488957471753   0.00582546699453479   0
0.10059740734343   0.267412729524186   0.0245641070584891   -0.0422132049020823   0
0.235990253222818   0.295853065805883   0.135392845879388   0.0284403362816964   0
0.165381013267092   0.299447413276288   -0.0706092399557267   0.00359434747040516   0
0.202658145844178   0.251305201024054   0.0372771325770859   -0.0481422122522343   0
0.116176301626666   0.312128807101315   -0.086481844217512   0.0608236060772616   0
0.109525342350389   0.341036243447804   -0.00665095927627628   0.028907436346489   0
0.287013495185854   0.293897971829666   0.177488152835464   -0.0471382716181384   0
0.0625385622172984   0.37105461113359   -0.224474932968555   0.0771566393039246   0
0.251452570614838   0.301775636740563   0.188914008397539   -0.0692789743930269   0
0.207245176239955   0.341305256464316   -0.0442073943748829   0.0395296197237525   0
0.179568177616637   0.35312554844619   -0.0276769986233182   0.0118202919818741   0
0.193245990218271   0.339154054066028   0.013677812601634   -0.0139714943801617   0
0.11187975672234   0.309740773160675   -0.0813662334959307   -0.0294132809053538   0
0.158944210189865   0.315649391422376   0.0470644534675249   0.00590861826170147   0
0.131720423028853   0.346224223742841   -0.027223787161012   0.0305748323204652   0
0.245170076104324   0.404496640701715   0.113449653075471   0.058272416958874   0
0.13642556489698   0.322296927135507   -0.108744511207344   -0.0821997135662088   0
0.34954361422811   0.21348327120209   0.213118049331131   -0.108813655933416   0
0.212058457470694   0.262165835772422   -0.137485156757417   0.0486825645703317   0
0.241926533327207   0.247967886406632   0.0298680758565129   -0.0141979493657896   0
0.431721054986226   0.189783099231728   0.189794521659019   -0.0581847871749041   0
0.827105654704168   0.0964161940257445   0.395384599717942   -0.0933669052059838   0
0.522665124762118   0.0750543019290866   -0.30444052994205   -0.0213618920966578   0
0.596344793847368   0.154226581579255   0.0736796690852505   0.079172279650168   0
0.685272842176202   0.0933175905950347   0.0889280483288339   -0.06090899098422   0
0.670164456329258   0.0715340381578925   -0.0151083858469441   -0.0217835524371422   0
0.623250751153571   0.0605982223424293   -0.0469137051756875   -0.0109358158154632   0
0.451958514650194   0.0656876840691046   -0.171292236503376   0.00508946172667529   0
0.466995590321108   0.0722008892359021   0.0150370756709133   0.00651320516679746   0
0.479587015110088   0.0785413362128663   0.01259142478898   0.0063404469769642   0
0.410346164081937   0.0854077871768143   -0.0692408510281508   0.00686645096394799   0
0.297317961641086   0.123378394945955   -0.113028202440851   0.0379706077691405   0
0.483975757941449   0.0704406211824009   0.186657796300363   -0.0529377737635539   0
0.489560222008815   0.0796444457479145   0.00558446406736585   0.00920382456551368   0
0.479464658610413   0.0908546069776459   -0.0100955633984017   0.0112101612297314   0
0.479610755057359   0.0828215398541497   0.000146096446945909   -0.00803306712349623   0
0.457037839883089   0.122941922411885   -0.0225729151742701   0.0401203825577355   0
0.418373664355275   0.11238707999381   -0.0386641755278143   -0.0105548424180754   0
0.461135342076402   0.109023469775835   0.0427616777211271   -0.00336361021797438   0
0.478777486371321   0.118124154422339   0.0176421442949188   0.00910068464650321   0
0.413798089793174   0.136789957939499   -0.0649793965781462   0.0186658035171607   0
0.489369347351711   0.144897367919167   0.0755712575585371   0.00810740997966783   0
0.447716656959823   0.184700706497025   -0.0416526903918882   0.0398033385778573   0
0.484039193291421   0.198933860066411   0.0363225363315982   0.0142331535693868   0
0.439907494829356   0.236900718149318   -0.0441316984620653   0.0379668580829065   0
0.438020214057479   0.21810138475478   -0.00188728077187683   -0.0187993333945379   0
0.38851288419973   0.194659218289329   -0.0495073298577497   -0.0234421664654511   0
0.390182122488904   0.201134281497461   0.00166923828917476   0.0064750632081326   0
0.500821903252933   0.22474130678153   0.110639780764028   0.0236070252840692   0
0.44906461291312   0.14044221986252   -0.0517572903398131   -0.0842990869190101   0
0.345810679397687   0.117653991526736   -0.103253933515433   -0.0227882283357845   0
0.262789773349687   0.229653960108361   -0.0830209060479999   0.111999968581625   0
0.300303484894215   0.257373992663331   0.0375137115445277   0.0277200325549701   0
0.297542553417893   0.261822747913578   -0.00276093147632145   0.00444875525024768   0
0.344891291268901   0.260704367462398   0.0473487378510071   -0.00111838045118001   0
0.309886326226532   0.237713180307256   -0.0350049650423689   -0.0229911871551424   0
0.425848553462923   0.26576009535604   0.115962227236392   0.0280469150487843   0
0.33484766656653   0.260114382399378   -0.0910008868963936   -0.00564571295666189   0
0.316098237824671   0.268317502886058   -0.0187494287418585   0.00820312048668015   0
0.325467546334919   0.285074921151072   0.00936930851024736   0.0167574182650136   0
0.312414764093213   0.266182324182492   -0.013052782241706   -0.0188925969685802   0
0.348388116006789   0.260001402427665   0.0359733519135764   -0.0061809217548271   0
0.317240912273313   0.259389202564579   -0.0311472037334759   -0.000612199863085749   0
0.424140577174314   0.247117233349624   0.106899664901   -0.0122719692149551   0
0.354881791531152   0.261487362228201   -0.0692587856431618   0.0143701288785773   0
0.334946707548007   0.266341960447204   -0.0199350839831451   0.0048545982190028   0
0.375709892086381   0.212125280798759   0.0407631845383741   -0.0542166796484447   0
0.27864977602617   0.235850497357548   -0.0970601160602106   0.0237252165587881   0
0.392285968784885   0.275341596008672   0.113636192758715   0.039491098651124   0
0.374681376058325   0.261098309249122   -0.0176045927265604   -0.0142432867595498   0
0.334565342000647   0.265756322736454   -0.0401160340576778   0.00465801348733275   0
0.296630007883575   0.123103749957546   -0.0379353341170718   -0.142652572778908   0
0.415523149377986   0.223397746932042   0.11889314149441   0.100293996974496   0
0.529829081580315   0.203787350779826   0.114305932202329   -0.0196103961522152   0
0.452009562180098   0.168013577779662   -0.0778195194002173   -0.0357737730001644   0
0.415296615764564   0.20563213769599   -0.0367129464155336   0.0376185599163278   0
0.394690279355155   0.213949974786754   -0.0206063364094095   0.00831783709076384   0
0.410922711905137   0.238411388753898   0.0162324325499826   0.0244614139671449   0
0.486273278585612   0.15821502199352   0.0753505666804746   -0.0801963667603785   0
0.674044638650078   2.16686550327807   0.187771360064466   2.00865048128454   1
0.953057540716157   0.639496733125549   0.279012902066079   -1.52736877015252   1
0.914598486206494   0.374863951019088   -0.0384590545096634   -0.264632782106461   0
0.799109244713143   0.314884466941275   -0.115489241493351   -0.0599794840778127   0
0.69324192948875   0.298576074307104   -0.105867315224393   -0.0163083926341716   0
0.718182231916679   0.322753863282287   0.0249403024279291   0.0241777889751832   0
0.614467952416959   0.257167578306714   -0.10371427949972   -0.0655862849755725   0
0.622077220286833   0.249618012668983   0.00760926786987415   -0.00754956563773132   0
0.647232044179551   0.257480553338154   0.0251548238927177   0.00786254066917139   0
0.620785254451819   0.280897506331562   -0.0264467897277314   0.0234169529934079   0
0.606168083028701   0.234578183216257   -0.0146171714231184   -0.0463193231153048   0
0.554670537059118   0.229808734627929   -0.0514975459695833   -0.00476944858832815   0
0.591642776044719   0.22034375693531   0.0369722389856019   -0.00946497769261911   0
0.699202257298708   0.193592392958763   0.107559481253989   -0.0267513639765474   0
0.611649592501814   0.167850496669127   -0.0875526647968937   -0.0257418962896361   0
0.595764379217942   0.19677525304339   -0.0158852132838723   0.0289247563742629   0
0.553518724847531   0.165370215007238   -0.0422456543704109   -0.031405038036152   0
0.607709272634234   0.166679714276963   0.0541905477867025   0.00130949926972534   0
0.527607181279254   0.152663510511198   -0.0801020913549793   -0.0140162037657654   0
0.485716101172125   0.158986175978181   -0.0418910801071294   0.00632266546698307   0
0.532811684892565   0.153042893925608   0.0470955837204404   -0.00594328205257225   0
0.52621837000074   0.148051211561321   -0.00659331489182502   -0.0049916823642874   0
0.545499557853993   0.119885366818734   0.0192811878532528   -0.0281658447425865   0
0.465102343145568   0.115006100007184   -0.0803972147084253   -0.00487926681154999   0
0.460808055161283   0.125321910987265   -0.00429428798428488   0.0103158109800807   0
0.457726875454845   0.132179397080256   -0.00308117970643756   0.00685748609299094   0
0.489955446428853   0.155492138441337   0.0322285709740079   0.0233127413610812   0
0.53900474876079   0.134105298450509   0.0490493023319363   -0.0213868399908286   0
0.547894930944961   0.132477501319328   0.0088901821841717   -0.00162779713118089   0
0.517536687922049   0.163556050693638   -0.0303582430229127   0.0310785493743106   0
0.492115273915756   0.141637595834589   -0.0254214140062923   -0.0219184548590489   0
0.486216472575436   0.161883814073713   -0.00589880134032017   0.0202462182391236   0
0.510344403398137   0.1574364351937   0.0241279308227004   -0.00444737888001337   0
0.528346427677002   0.181305887316332   0.0180020242788658   0.0238694521226324   0
0.569691080081752   0.186340146028707   0.0413446524047494   0.00503425871237537   0
0.633628759594417   0.156033955838954   0.0639376795126656   -0.0303061901897539   0
0.649359144100657   0.18970440269941   0.0157303845062394   0.0336704468604567   0
0.602971704251357   0.18774449435054   -0.0463874398492997   -0.00195990834887008   0
