0.0852393961848041   0.419860764838667   0   0   0
0.0849614722890911   0.394238852087719   -0.000277923895713031   -0.0256219127509481   0
0.0715382374737455   0.418335746801765   -0.0134232348153456   0.024096894714046   0
0.0953791307994211   0.3353717624551   0.0238408933256756   -0.0829639843466645   0
0.0325397413803146   0.188095844208485   -0.0628393894191065   -0.147275918246615   0
0.0213825951918845   0.0873233268900842   -0.0111571461884302   -0.1007725173184   0
0.0492361160607739   0.15375102741751   0.0278535208688895   0.0664277005274261   0
0.0227672399297763   0.11318120212395   -0.0264688761309976   -0.0405698252935599   0
0.0164073287099668   0.0888775185468744   -0.00635991121980952   -0.024303683577076   0
0.0622446676149122   0.0473721466105611   0.0458373389049454   -0.0415053719363132   0
0.0771056257868361   0.0427243181878307   0.0148609581719239   -0.00464782842273045   0
0.0235650889745169   0.0943815333012767   -0.0535405368123192   0.051657215113446   0
0.0188208767564744   0.095850143292016   -0.0047442122180425   0.00146860999073932   0
0.0415582539364926   0.064535442338687   0.0227373771800181   -0.031314700953329   0
0.0339504708036295   0.0319216301291538   -0.00760778313286305   -0.0326138122095332   0
0.0594410973981807   0.0857869234333677   0.0254906265945512   0.0538652933042139   0
0.0756822195948956   0.0855971441020669   0.0162411221967149   -0.000189779331300877   0
0.0246485950733505   0.0380508225455126   -0.0510336245215451   -0.0475463215565543   0
0.0629523268058965   0.0207944587446392   0.038303731732546   -0.0172563638008734   0
0.0325776572935563   0.0114235407121829   -0.0303746695123403   -0.00937091803245627   0
0.00751329013593246   0.0278394400691488   -0.0250643671576238   0.0164158993569659   0
0.0253306504728678   0.0298063377267081   0.0178173603369354   0.00196689765755931   0
0.0102060283492331   0.0126881717840869   -0.0151246221236348   -0.0171181659426211   0
0.0158471437675627   0.0334027138107819   0.00564111541832959   0.020714542026695   0
0.0388112486762485   0.0259413876179552   0.0229641049086858   -0.00746132619282669   0
0.0448129539208531   0.10806290729949   0.00600170524460458   0.0821215196815345   0
0.0315534155973739   0.0179579284962026   -0.0132595383234791   -0.0901049788032871   0
0.0298268476573053   0.0841175102169578   -0.00172656794006859   0.0661595817207552   0
0.0839029797391463   0.124425834354794   0.054076132081841   0.0403083241378358   0
0.0663441401301042   0.1002507002392   -0.0175588396090422   -0.0241751341155932   0
0.0156464918924339   0.0970833009865962   -0.0506976482376703   -0.00316739925260417   0
0.0530678792312826   0.160710299892454   0.0374213873388487   0.0636269989058578   0
0.0647757299417066   0.14366762168308   0.0117078507104239   -0.0170426782093743   0
0.0576029424273873   0.0925523095418317   -0.00717278751431923   -0.051115312141248   0
0.0197231220134085   0.11417118771483   -0.0378798204139788   0.0216188781729986   0
0.0701123941602168   0.180982808145974   0.0503892721468082   0.066811620431144   0
0.0518340446267856   0.212384427217487   -0.0182783495334312   0.0314016190715127   0
0.0189776892322538   0.186689958956795   -0.0328563553945318   -0.0256944682606914   0
0.0452425593668628   0.169491476023848   0.026264870134609   -0.0171984829329479   0
0.0271659179383377   0.192311052571024   -0.018076641428525   0.022819576547176   0
0.0452210852773349   0.258854289406956   0.0180551673389972   0.0665432368359325   0
0.0732407316799197   0.213475113692961   0.0280196464025848   -0.0453791757139954   0
0.0341451264225219   0.149074735815111   -0.0390956052573979   -0.0644003778778502   0
0.0431294034450413   0.124675719977107   0.00898427702251939   -0.0243990158380035   0
0.0370195545308436   0.174477889458987   -0.00610984891419769   0.04980216948188   0
0.0208932442526286   0.228358287784509   -0.0161263102782149   0.0538803983255217   0
0.018433562312806   0.189428044189977   -0.00245968193982269   -0.0389302435945314   0
0.0761253104044246   0.192489594214421   0.0576917480916187   0.00306155002444378   0
0.0302941231175289   0.214080408093484   -0.0458311872868957   0.0215908138790626   0
0.0238840658931347   0.254548249638079   -0.00641005722439423   0.0404678415445958   0
0.0155888689478358   0.269892625579433   -0.00829519694529887   0.0153443759413536   0
0.0186010621344159   0.255258789834087   0.00301219318658005   -0.0146338357453462   0
0.0217356976937134   0.240375208645276   0.00313463555929757   -0.0148835811888108   0
0.0326467904295124   0.233347328193425   0.0109110927357989   -0.00702788045185104   0
0.0337856249690545   0.170465458363307   0.00113883453954215   -0.0628818698301176   0
0.0401207223512601   0.141256287861284   0.00633509738220556   -0.0292091705020232   0
0.0876058435222879   0.166317195979738   0.0474851211710279   0.0250609081184535   0
0.081089610235606   0.096814027792903   -0.00651623328668194   -0.0695031681868347   0
0.0837059452955069   0.113396244558363   0.00261633505990093   0.0165822167654597   0
0.0571132593786495   0.185410051035273   -0.0265926859168574   0.0720138064769102   0
0.0180285471222198   0.174951856427883   -0.0390847122564297   -0.0104581946073901   0
0.0492823209751651   0.275922643934623   0.0312537738529453   0.10097078750674   0
0.0697873397864606   0.274427609846955   0.0205050188112954   -0.00149503408766766   0
0.0279024265412186   0.255520400614628   -0.041884913245242   -0.0189072092323269   0
0.0199177974358211   0.207071501228591   -0.00798462910539754   -0.0484488993860367   0
0.0159176071996956   0.220687146060464   -0.0040001902361255   0.0136156448318725   0
0.0477083085248566   0.322715408634744   0.031790701325161   0.102028262574281   0
0.014970926056674   0.340827047322117   -0.0327373824681826   0.0181116386873725   0
0.0485148147399328   0.188907363497297   0.0335438886832588   -0.15191968382482   0
0.0617660436519128   0.185107027484946   0.01325122891198   -0.00380033601235144   0
0.0341550571830878   0.250719797541499   -0.027610986468825   0.0656127700565527   0
0.0351260750996977   0.224998135372968   0.00097101791660982   -0.0257216621685304   0
0.0325781079251466   0.2625771167285   -0.00254796717455106   0.0375789813555322   0
0.0197263096439653   0.249382107593072   -0.0128517982811813   -0.0131950091354284   0
0.0285220485310926   0.268961390351738   0.00879573888712723   0.0195792827586661   0
0.0579814020811846   0.260715840207826   0.0294593535500921   -0.00824555014391232   0
0.019421538482543   0.286241542966884   -0.0385598635986416   0.0255257027590582   0
0.0257463219325868   0.34733256256095   0.00632478345004376   0.061091019594066   0
0.0359488152252616   0.242774223343218   0.0102024932926748   -0.104558339217732   0
0.0245750032339774   0.297126132585847   -0.0113738119912842   0.0543519092426297   0
0.0196163617223709   0.293277675385142   -0.00495864151160646   -0.0038484572007057   0
0.0531265036700139   0.32772324518458   0.033510141947643   0.0344455697994386   0
0.0491982892303594   0.328040971445493   -0.00392821443965447   0.000317726260912421   0
0.0435110254226627   0.308082141393395   -0.00568726380769672   -0.0199588300520973   0
0.0792566337463533   0.287681096238878   0.0357456083236906   -0.0204010451545175   0
0.0502573529666058   0.34389425389189   -0.0289992807797476   0.0562131576530126   0
0.0469508689269964   0.346201219323156   -0.00330648403960936   0.00230696543126552   0
0.0863048000279243   0.362095940111267   0.0393539311009278   0.0158947207881114   0
0.127405457849536   0.358866255561163   0.0411006578216121   -0.00322968455010425   0
0.129499879444307   0.403528944304572   0.00209442159477041   0.0446626887434091   0
0.108262660763719   0.455097303429786   -0.0212372186805883   0.0515683591252136   0
0.110711083899601   0.456390738137575   0.00244842313588207   0.00129343470778903   0
0.17257641814292   0.329558836867304   0.0618653342433195   -0.126831901270271   0
0.251049184753164   0.247465555884945   0.0784727666102436   -0.0820932809823582   0
0.254533578497987   0.227746133967034   0.00348439374482329   -0.0197194219179118   0
0.234452068725976   0.283442695967474   -0.0200815097720105   0.0556965620004406   0
0.275113102246349   0.245808102666236   0.0406610335203724   -0.0376345933012378   0
0.269753164181201   0.231528510071913   -0.00535993806514784   -0.0142795925943232   0
0.245800732210385   0.227726586470838   -0.0239524319708161   -0.00380192360107534   0
0.231328165611108   0.232801825915391   -0.0144725665992774   0.0050752394445531   0
0.229225046049183   0.272563799292478   -0.00210311956192472   0.0397619733770866   0
0.202616284469462   0.28519960141671   -0.0266087615797208   0.012635802124232   0
0.22552875862967   0.323862547356626   0.022912474160208   0.038662945939916   0
0.187813420104315   0.327682416291277   -0.0377153385253549   0.0038198689346518   0
0.188683553217576   0.313786929270708   0.000870133113261201   -0.0138954870205698   0
0.212142288582828   0.307129217181482   0.0234587353652519   -0.00665771208922544   0
0.245187715946012   0.260068618382865   0.0330454273631842   -0.0470605987986167   0
0.228714618824005   0.244655590033362   -0.0164730971220073   -0.0154130283495034   0
0.234469327907191   0.241400174612373   0.00575470908318609   -0.00325541542098856   0
0.238043251516631   0.279020816819301   0.00357392360943962   0.0376206422069277   0
0.254842328346862   0.262835732450275   0.0167990768302314   -0.0161850843690262   0
0.242556996107178   0.262047094945493   -0.0122853322396842   -0.00078863750478142   0
0.27484681244788   0.28629519682964   0.0322898163407016   0.0242481018841468   0
0.215187118058586   0.297730082692405   -0.0596596943892933   0.0114348858627645   0
0.222534541145774   0.337709742550985   0.00734742308718719   0.03997965985858   0
0.280840654508994   0.269717237596566   0.0583061133632202   -0.0679925049544187   0
0.218716579116039   0.317126498906572   -0.0621240753929549   0.0474092613100058   0
0.205625611881618   0.396867401975235   -0.0130909672344204   0.0797409030686627   0
0.214981958971538   0.317257686394376   0.00935634708991939   -0.0796097155808583   0
0.246804918042773   0.283684978710316   0.0318229590712353   -0.0335727076840603   0
0.265797795002536   0.276116225028651   0.0189928769597625   -0.00756875368166532   0
0.257440110179047   0.261493389527962   -0.00835768482348842   -0.0146228355006887   0
0.23428505722092   0.259918354182467   -0.0231550529581268   -0.00157503534549475   0
0.251258710081084   0.291166721360563   0.016973652860163   0.0312483671780962   0
0.251053856485038   0.303750462382286   -0.000204853596045662   0.0125837410217224   0
0.228512282427904   0.296676934895186   -0.0225415740571342   -0.00707352748709977   0
0.241860712421509   0.32531882591552   0.0133484299936056   0.028641891020334   0
0.214517329384784   0.393897689815833   -0.027343383036725   0.0685788639003126   0
0.190909459565759   0.364135468218014   -0.0236078698190257   -0.0297622215978184   0
0.225507997673342   0.373458796509789   0.0345985381075834   0.00932332829177474   0
0.227341231490836   0.460882992074453   0.00183323381749431   0.0874241955646635   0
0.124300240121289   0.495463444069139   -0.103040991369548   0.0345804519946861   0
0.17229274265392   0.383962833842678   0.0479925025326317   -0.111500610226461   0
0.214543783678787   0.362224873461583   0.0422510410248663   -0.0217379603810948   0
0.214517771335809   0.343009127341566   -2.60123429774994e-05   -0.0192157461200175   0
0.150557762878305   0.387879443741867   -0.0639600084575038   0.0448703164003009   0
0.161141116443352   0.407545427658427   0.0105833535650469   0.01966598391656   0
0.211294124354086   0.431239286697652   0.0501530079107338   0.0236938590392256   0
0.225750942483636   0.451788318066382   0.0144568181295501   0.0205490313687293   0
0.247048628439848   0.389729009779683   0.0212976859562117   -0.0620593082866983   0
0.273822818798379   0.368827343995344   0.0267741903585313   -0.020901665784339   0
0.217774380160408   0.392656918868635   -0.0560484386379709   0.023829574873291   0
0.246932848253204   0.36610509526386   0.029158468092796   -0.0265518236047752   0
0.223130898021856   0.424615454865234   -0.023801950231348   0.0585103596013745   0
0.23844159454466   0.467920855732035   0.0153106965228037   0.0433054008668006   0
0.236685257202915   0.524168935678336   -0.00175633734174502   0.0562480799463014   0
0.24377642847997   0.503324166478682   0.00709117127705516   -0.0208447691996544   0
0.267869751616636   0.44600061595277   0.0240933231366661   -0.0573235505259123   0
0.281077221886215   0.420994658309702   0.0132074702695792   -0.0250059576430681   0
0.245227554960714   0.462608031741236   -0.0358496669255015   0.0416133734315339   0
0.266842505580277   0.473894180725624   0.0216149506195627   0.011286148984388   0
0.241321755824957   0.473491980937959   -0.02552074975532   -0.000402199787664592   0
0.242779900383042   0.49388855233024   0.00145814455808571   0.0203965713922808   0
0.286305661053724   0.429811902365151   0.0435257606706818   -0.0640766499650889   0
0.321100474479889   0.411081158820555   0.034794813426165   -0.0187307435445963   0
0.237604504450168   0.474453691570368   -0.083495970029721   0.0633725327498135   0
0.277098050516582   0.433482388437524   0.0394935460664134   -0.0409713031328446   0
0.285337369068073   0.474012048719568   0.0082393185514919   0.0405296602820449   0
0.169450818903451   0.542155278166228   -0.115886550164623   0.0681432294466594   0
0.23042803266582   0.471424053842451   0.060977213762369   -0.070731224323777   0
0.281871989204248   0.43789505249843   0.0514439565384289   -0.0335290013440212   0
0.297773064542866   0.429004362982479   0.0159010753386178   -0.00889068951595084   0
0.249740915637858   0.473642514176979   -0.0480321489050084   0.0446381511945004   0
0.219287138154544   0.496329964035519   -0.0304537774833139   0.0226874498585402   0
0.303946668782222   0.471908463392531   0.0846595306276785   -0.0244215006429881   0
0.301845136538607   0.445326925351196   -0.00210153224361587   -0.0265815380413351   0
0.321498946882066   0.393494248371193   0.0196538103434591   -0.0518326769800034   0
0.341887187602885   0.403060445328923   0.020388240720819   0.00956619695773064   0
0.360865018222661   0.363253592522153   0.0189778306197763   -0.0398068528067709   0
0.386012884498795   0.351641933699964   0.0251478662761342   -0.0116116588221883   0
0.357362069450435   0.402899248880846   -0.0286508150483599   0.0512573151808819   0
0.391104426805374   0.350156940913789   0.0337423573549386   -0.0527423079670575   0
0.396062940077824   0.344216862795756   0.00495851327245023   -0.00594007811803243   0
0.393629581832677   0.449661733612415   -0.00243335824514701   0.105444870816659   0
0.385287999860157   0.379111566592306   -0.00834158197252038   -0.0705501670201089   0
0.404102688697131   0.356523122696705   0.018814688836974   -0.0225884438956008   0
0.461646369082396   0.343962220140981   0.0575436803852656   -0.0125609025557246   0
0.429461405705379   0.385196372842917   -0.0321849633770174   0.0412341527019368   0
0.42354187855924   0.362000332817927   -0.0059195271461388   -0.0231960400249904   0
0.43039418242826   0.377345220330124   0.00685230386901958   0.0153448875121966   0
0.434292965159706   0.431914784090114   0.00389878273144684   0.0545695637599906   0
0.340338346644174   0.463766845642897   -0.0939546185155323   0.0318520615527825   0
0.376935854324897   0.477351028883892   0.036597507680723   0.0135841832409949   0
0.463783784083704   0.449846316695213   0.0868479297588072   -0.0275047121886786   0
0.440199978442026   0.358388468519039   -0.0235838056416784   -0.0914578481761737   0
0.414320335656711   0.382055904603858   -0.0258796427853145   0.0236674360848189   0
0.418641922308381   0.377209769028293   0.00432158665166915   -0.00484613557556524   0
0.453159993504899   0.375738192223791   0.0345180711965183   -0.00147157680450205   0
0.407700536110759   0.442129105638398   -0.0454594573941403   0.0663909134146073   0
0.324627193627167   0.47167474033358   -0.0830733424835918   0.0295456346951815   0
0.381195634522865   0.439934293496483   0.0565684408956987   -0.0317404468370965   0
0.464569221409049   0.390441861216878   0.0833735868861836   -0.0494924322796051   0
0.400761011708973   0.427421229717828   -0.0638082097000756   0.0369793685009495   0
0.41476522913124   0.387324689416593   0.0140042174222665   -0.040096540301235   0
0.445297454468988   0.363754171681233   0.0305322253377476   -0.0235705177353596   0
0.462785518997628   0.357349148090733   0.0174880645286407   -0.00640502359050032   0
0.449710072834143   0.425637052452263   -0.0130754461634855   0.0682879043615298   0
0.371291032393472   0.452201270446579   -0.0784190404406711   0.0265642179943163   0
0.425917118830941   0.472225758801508   0.0546260864374695   0.0200244883549292   0
0.421749714169435   0.405303556333475   -0.00416740466150634   -0.0669222024680328   0
0.469618685311858   0.400487894770632   0.0478689711424237   -0.00481566156284358   0
0.410599318635881   0.487736779028914   -0.0590193666759771   0.0872488842582827   0
0.383086490711967   0.481912006268261   -0.0275128279239143   -0.00582477276065368   0
0.417504500106095   0.42654806267143   0.0344180093941276   -0.0553639435968308   0
0.413671140288092   0.425856208536182   -0.00383335981800303   -0.000691854135247527   0
0.411864061287653   0.43457053087215   -0.00180707900043819   0.00871432233596781   0
0.425446182263938   0.466213480642184   0.0135821209762846   0.0316429497700338   0
0.448753225677822   0.467942857205076   0.0233070434138837   0.0017293765628919   0
0.441948364279007   0.428334496050995   -0.00680486139881453   -0.0396083611540806   0
0.420009730273669   0.480835105941736   -0.0219386340053385   0.0525006098907405   0
0.399706468258096   0.465489695634071   -0.0203032620155731   -0.0153454103076648   0
0.402048779738541   0.485275210141884   0.0023423114804455   0.0197855145078133   0
0.431029516542151   0.469853423355891   0.0289807368036094   -0.0154217867859933   0
0.364194680381469   0.479582419720568   -0.066834836160682   0.00972899636467711   0
0.419902916687286   0.442570622328527   0.0557082363058177   -0.0370117973920407   0
0.443064484612387   0.490466105461682   0.0231615679251006   0.0478954831331549   0
0.453499875257546   0.42717282184457   0.0104353906451594   -0.0632932836171127   0
0.407505819905299   0.446349139484185   -0.0459940553522472   0.0191763176396154   0
0.458156596886436   0.454821363683108   0.0506507769811367   0.00847222419892357   0
0.596193068893492   0.298540172693827   0.138036472007056   -0.156281190989282   0
0.531313112062972   0.351070478488294   -0.0648799568305203   0.0525303057944675   0
0.533996907837939   0.347047085618436   0.00268379577496713   -0.00402339286985848   0
0.509268196206832   0.412984119352977   -0.0247287116311071   0.0659370337345415   0
0.449687242752622   0.39051966231011   -0.0595809534542098   -0.0224644570428673   0
0.499628220155437   0.371336541901955   0.0499409774028152   -0.019183120408155   0
0.510880823980202   0.417480673455326   0.0112526038247647   0.0461441315533708   0
0.490541224607637   0.386091468408899   -0.020339599372565   -0.0313892050464267   0
0.453092224945706   0.453767610070589   -0.0374489996619311   0.0676761416616897   0
0.477264024630613   0.438084537870261   0.0241717996849068   -0.0156830722003281   0
0.458785040016139   0.471487111703491   -0.0184789846144738   0.0334025738332299   0
0.472814224115561   0.465621627683262   0.0140291840994223   -0.00586548402022902   0
0.532117544237963   0.382435020389023   0.0593033201224015   -0.0831866072942386   0
0.499615679654912   0.431421910901176   -0.0325018645830502   0.0489868905121531   0
0.451411508428186   0.461824830793408   -0.0482041712267267   0.0304029198922318   0
0.433879047296882   0.507963153717573   -0.0175324611313036   0.0461383229241648   0
0.440290789850583   0.451231401310694   0.00641174255370064   -0.0567317524068789   0
0.461420299920756   0.457204636264519   0.0211295100701728   0.00597323495382512   0
0.515992574325339   0.491027770832323   0.054572274404583   0.0338231345678036   0
0.528429109012032   0.480444378733376   0.0124365346866936   -0.0105833920989463   0
0.477980546961903   0.512932494927949   -0.0504485620501291   0.0324881161945722   0
0.484133661414903   0.477827515167673   0.0061531144530001   -0.0351049797602759   0
0.499325475314546   0.46789137515479   0.0151918138996426   -0.00993614001288307   0
0.463413755662302   0.492113288755354   -0.0359117196522433   0.024221913600564   0
0.485805865717408   0.462231233789705   0.0223921100551054   -0.0298820549656491   0
0.597232178797233   0.410538267957264   0.111426313079825   -0.0516929658324401   0
0.566540207867906   0.345168527981622   -0.0306919709293271   -0.0653697399756421   0
0.57771463540479   0.35545733297718   0.0111744275368846   0.010288804995558   0
0.559360523307866   0.360335696358163   -0.0183541120969241   0.00487836338098308   0
0.522776668849338   0.394228558910703   -0.0365838544585287   0.0338928625525401   0
0.637474695340458   0.322279487048509   0.114698026491121   -0.0719490718621946   0
