0.931969686951781   2.09207316375109   0   0   0
0.899547615520713   2.24909461467165   -0.032422071431068   0.157021450920555   0
0.855395374063363   2.25761041411544   -0.0441522414573501   0.00851579944379655   0
0.885574424536978   2.27145624064173   0.0301790504736156   0.0138458265262846   0
0.936144446984545   2.34407608498812   0.050570022447567   0.0726198443463963   0
0.920018168636359   2.43806925004182   -0.0161262783481863   0.0939931650537003   0
1.043952334773   2.3763571678241   0.123934166136642   -0.0617120822177188   0
0.990192782674667   2.47408209015778   -0.0537595520983343   0.0977249223336769   0
1.04678617655135   2.53485918457993   0.056593393876686   0.0607770944221526   0
1.03427944754259   2.43481015277069   -0.0125067290087653   -0.10004903180924   0
0.983751825512919   2.32813322696812   -0.0505276220296689   -0.106676925802572   0
1.01819700445739   2.20039510240212   0.0344451789444702   -0.127738124565999   0
0.161389481613549   0.365059158944821   -0.85680752284384   -1.8353359434573   1
0.0497535370421038   0.30200488108082   -0.111635944571445   -0.0630542778640012   0
0.0441728608957763   0.133473912941078   -0.00558067614632759   -0.168530968139742   0
0.0824034832124037   0.0621770376318797   0.0382306223166274   -0.0712968753091984   0
0.0569019006143635   0.0536626624502549   -0.0255015825980402   -0.00851437518162482   0
0.195094898731393   0.0480561644298107   0.13819299811703   -0.00560649802044424   0
0.0532641821595901   0.0324620561089805   -0.141830716571803   -0.0155941083208301   0
0.051707965209337   0.0368429509323697   -0.00155621695025319   0.00438089482338914   0
0.0659983306092662   0.0355294377125152   0.0142903653999292   -0.00131351321985444   0
0.0549852894308105   0.0500881930333137   -0.0110130411784557   0.0145587553207985   0
0.144599316392748   0.0484472611072548   0.0896140269619374   -0.00164093192605893   0
0.171069734662869   0.0537682372267596   0.0264704182701211   0.00532097611950482   0
0.294439071814527   0.200860543348103   0.123369337151658   0.147092306121343   1
0.915295973176437   1.73080163816026   0.62085690136191   1.52994109481216   1
0.650570330435534   1.35178866402491   -0.264725642740902   -0.379012974135353   1
0.685736614669218   1.35177777679922   0.0351662842336843   -1.088722568654e-05   0
0.744042891227381   1.3432243258731   0.0583062765581626   -0.0085534509261207   0
0.622378242288401   1.30477706420877   -0.121664648938979   -0.0384472616643348   0
0.499073885060118   1.29399066964459   -0.123304357228283   -0.0107863945641793   0
0.531727936176011   1.28742032521026   0.0326540511158929   -0.00657034443432503   0
0.748689917588717   1.3121813507954   0.216961981412706   0.0247610255851403   0
0.656266905923192   1.26964821439887   -0.0924230116655249   -0.0425331363965291   0
0.620762362561552   1.21174655068841   -0.0355045433616399   -0.0579016637104683   0
0.668031739653888   1.20769056416834   0.0472693770923357   -0.00405598652006312   0
0.57979365191937   1.18292518356541   -0.0882380877345177   -0.0247653806029364   0
0.658931981796301   1.17952543541089   0.0791383298769303   -0.00339974815451627   0
0.577919905922957   1.16984610172717   -0.081012075873343   -0.00967933368372265   0
0.514107616174863   1.15412829434437   -0.0638122897480948   -0.015717807382795   0
0.593406368878023   1.10432538882614   0.0792987527031601   -0.0498029055182347   0
0.621494216820237   1.14429065811554   0.0280878479422144   0.0399652692894044   0
0.584480797673457   1.18110704247805   -0.0370134191467807   0.0368163843625093   0
0.626840514349543   1.17474607213357   0.0423597166760868   -0.00636097034448202   0
0.631605759573169   1.14296752901274   0.00476524522362587   -0.0317785431208246   0
0.496682350833005   0.982214982184003   -0.134923408740164   -0.160752546828741   0
0.55253812950239   0.969524519011909   0.0558557786693852   -0.012690463172095   0
0.565874393353331   0.972292003952034   0.0133362638509407   0.00276748494012569   0
0.499883153356862   0.966995942608118   -0.0659912399964687   -0.00529606134391636   0
0.500260433755259   0.972690954033963   0.000377280398397239   0.00569501142584472   0
0.483327866833685   0.961982900702919   -0.0169325669215746   -0.0107080533310434   0
0.449296178739593   0.946785048787423   -0.034031688094092   -0.0151978519154964   0
0.521200373267326   0.931600999024315   0.0719041945277334   -0.0151840497631074   0
0.571731557601118   0.929839450500714   0.0505311843337916   -0.00176154852360155   0
0.515506105765005   0.938209140707985   -0.056225451836113   0.00836969020727141   0
0.49109113902513   0.905577563763371   -0.0244149667398741   -0.032631576944614   0
0.501590960231542   0.802610347650992   0.0104998212064112   -0.102967216112379   0
0.583021909338749   0.800250593286762   0.0814309491072068   -0.00235975436423086   0
0.442692760691882   0.793409729410034   -0.140329148646866   -0.00684086387672789   0
0.407075299669484   0.722452977061554   -0.0356174610223984   -0.0709567523484798   0
0.445284143226547   0.727047198417689   0.0382088435570632   0.00459422135613474   0
0.461023302110642   0.701664067907516   0.0157391588840947   -0.0253831305101732   0
0.455849005341955   0.596200196442017   -0.00517429676868636   -0.105463871465498   0
0.481003676071192   0.651302607593321   0.0251546707292365   0.0551024111513041   0
0.365840769092238   0.616890248856513   -0.115162906978954   -0.0344123587368087   0
0.367147843291282   0.649223945257453   0.00130707419904458   0.0323336964009403   0
0.508072699559817   0.649704529738681   0.140924856268535   0.000480584481227564   0
0.449794465762186   0.625105077249385   -0.0582782337976313   -0.0245994524892953   0
0.355118564788382   0.619023164835501   -0.0946759009738041   -0.00608191241388423   0
0.434398863877013   0.636446002571475   0.0792802990886318   0.0174228377359741   0
0.351782641607584   0.649664398654575   -0.0826162222694292   0.0132183960830995   0
0.403348830345261   0.637750958195447   0.0515661887376766   -0.011913440459128   0
0.33677874176113   0.62286704379446   -0.0665700885841306   -0.0148839144009866   0
0.433124304765226   0.626524554775158   0.0963455630040954   0.003657510980698   0
0.443765224857796   0.548174943749256   0.0106409200925702   -0.078349611025902   0
0.308403672578716   0.497531842295044   -0.13536155227908   -0.0506431014542125   0
0.382547913462928   0.535092219017666   0.074144240884212   0.0375603767226225   0
0.306105309130845   0.547845553543606   -0.0764426043320834   0.01275333452594   0
0.395850116286973   0.52892566257202   0.0897448071561282   -0.0189198909715863   0
0.454009495241289   0.465928310940911   0.0581593789543161   -0.062997351631109   0
0.40755102492591   0.458535017653232   -0.0464584703153786   -0.00739329328767852   0
0.393452761771995   0.365876940812755   -0.0140982631539156   -0.0926580768404774   0
0.341367095072167   0.395241260133921   -0.0520856666998276   0.0293643193211666   0
0.272083630106793   0.411802317084909   -0.0692834649653745   0.0165610569509878   0
0.274293400061704   0.461791391642103   0.00220976995491129   0.0499890745571938   0
0.388380178027098   0.460848272736537   0.114086777965394   -0.000943118905565365   0
0.321536047120443   0.309641703627758   -0.0668441309066541   -0.15120656910878   0
0.30175933306057   0.305125705394105   -0.0197767140598735   -0.00451599823365278   0
0.313542400569508   0.391327238269009   0.0117830675089384   0.0862015328749046   0
0.341970631180515   0.377856815046718   0.028428230611007   -0.0134704232222909   0
0.336096529590548   0.313356271698446   -0.00587410158996743   -0.0645005433482729   0
0.340895952005139   0.300598846201212   0.00479942241459103   -0.0127574254972334   0
0.286883178617987   0.168055039850788   -0.0540127733871516   -0.132543806350424   0
0.317573343122498   0.198860797323781   0.030690164504511   0.0308057574729931   0
0.270004876329966   0.163406438298036   -0.0475684667925327   -0.0354543590257448   0
0.254306954654882   0.180304776379468   -0.015697921675084   0.0168983380814317   0
0.241042622214931   0.160167384697299   -0.0132643324399504   -0.0201373916821694   0
0.239098003651745   0.190196516814846   -0.00194461856318584   0.0300291321175472   0
0.236185196841991   0.184042435795389   -0.00291280680975439   -0.00615408101945669   0
0.258493120187056   0.185311261092951   0.0223079233450655   0.00126882529756206   0
0.268345169496471   0.194320804161115   0.00985204930941502   0.00900954306816387   0
0.331064951895183   0.18446691419445   0.0627197823987118   -0.00985388996666545   0
0.315014065919936   0.187923681358391   -0.0160508859752469   0.003456767163941   0
0.259573763944972   0.174352795555886   -0.0554403019749645   -0.013570885802505   0
0.296870737366097   0.147515217366718   0.0372969734211249   -0.026837578189168   0
0.294924472102605   0.188939457077525   -0.00194626526349223   0.0414242397108074   0
0.291710905395753   0.241192369251185   -0.00321356670685152   0.0522529121736598   0
0.312875737673921   0.252165061894432   0.0211648322781676   0.0109726926432465   0
0.370842619381861   0.214261980169227   0.0579668817079406   -0.0379030817252049   0
0.34748375014737   0.190039820602815   -0.023358869234491   -0.0242221595664119   0
0.311247178506183   0.170396538506762   -0.0362365716411868   -0.0196432820960523   0
0.288555884470184   0.178198587461749   -0.0226912940359997   0.00780204895498621   0
0.256486845139414   0.183844645177804   -0.0320690393307692   0.00564605771605489   0
0.248528803825633   0.177112032737961   -0.00795804131378144   -0.00673261243984277   0
0.315654596024151   0.180361182259475   0.067125792198518   0.00324914952151431   0
0.274762809465473   0.19152591052046   -0.0408917865586777   0.0111647282609848   0
0.314178517408972   0.359200693713073   0.0394157079434991   0.167674783192613   0
0.26190179839415   0.350764568852457   -0.0522767190148224   -0.00843612486061557   0
0.24246040694101   0.238336539784083   -0.0194413914531403   -0.112428029068373   0
0.297633367976862   0.230313114130177   0.0551729610358521   -0.00802342565390626   0
0.259551373677043   0.346702851280084   -0.0380819942998188   0.116389737149907   0
0.121185255531901   0.579961280677331   -0.138366118145142   0.233258429397247   0
0.13940983489166   1.04219063563055   0.0182245793597595   0.462229354953214   0
0.109336382508075   0.824196817091949   -0.0300734523835853   -0.217993818538596   0
0.106257103820168   0.776994918570368   -0.00307927868790689   -0.0472018985215814   0
0.0877125027727518   0.725064154550377   -0.0185446010474163   -0.0519307640199911   0
0.14007610901009   0.707454795974981   0.0523636062373382   -0.0176093585753953   0
0.0929929081842917   0.737365078382405   -0.0470832008257984   0.0299102824074234   0
0.112535122777674   0.766307311408949   0.0195422145933821   0.0289422330265446   0
0.119124998431102   0.907080981959439   0.00658987565342806   0.140773670550489   0
0.0769414953494537   0.92184732156049   -0.0421835030816481   0.0147663396010514   0
0.0849590122066518   0.894472168950544   0.00801751685719808   -0.0273751526099465   0
0.139391102603215   0.925699175080247   0.0544320903965632   0.0312270061297031   0
0.0992398200261367   0.817463006365579   -0.0401512825770783   -0.108236168714668   0
0.061337239055171   0.750102415701683   -0.0379025809709656   -0.0673605906638959   0
0.0761163860840095   0.863873669568792   0.0147791470288385   0.113771253867109   0
0.143773635545082   0.8991027092777   0.0676572494610722   0.035229039708908   0
0.122647553775605   0.919647365275408   -0.0211260817694764   0.0205446559977083   0
0.137198202061907   0.958798085846495   0.0145506482863022   0.0391507205710868   0
0.119886232135226   0.947286141581967   -0.0173119699266814   -0.0115119442645281   0
0.101050291039116   0.965007697899996   -0.0188359410961103   0.0177215563180292   0
0.0908852624176769   1.07511279725548   -0.0101650286214388   0.110105099355483   0
0.176661422556992   1.49035747792811   0.0857761601393149   0.415244680672636   0
0.0849807285121162   1.23358368293582   -0.0916806940448756   -0.256773794992295   0
0.127992676715545   1.3424863128752   0.0430119482034287   0.108902629939381   0
0.153607993598315   1.29778200011645   0.0256153168827701   -0.0447043127587519   0
0.110955708344952   1.24924681847153   -0.0426522852533633   -0.0485351816449144   0
0.161520588381946   1.44710418334099   0.0505648800369941   0.197857364869458   0
0.207609430642493   1.654301000661   0.0460888422605468   0.207196817320012   0
0.165951279487836   1.50334595785543   -0.0416581511546563   -0.150955042805577   0
0.283563911100412   1.86131774927671   0.117612631612576   0.357971791421279   0
0.316345933865776   1.94636174570229   0.0327820227653638   0.0850439964255809   0
0.252383759129307   1.82604241387029   -0.0639621747364692   -0.120319331831992   0
0.367876049676567   1.97520028251871   0.11549229054726   0.149157868648418   0
0.258636599637426   1.91299549239204   -0.109239450039141   -0.062204790126676   0
0.293503084292755   1.86565156223858   0.0348664846553292   -0.0473439301534571   0
0.272396614632774   1.89198037345291   -0.0211064696599808   0.0263288112143276   0
0.471148278169209   2.46077006121265   0.198751663536434   0.568789687759742   0
0.659019730558964   2.99898120893846   0.187871452389756   0.538211147725814   1
0.655640533786319   2.79265470265266   -0.00337919677264498   -0.206326506285806   0
0.613128253396212   2.72978577939392   -0.0425122803901071   -0.0628689232587405   0
0.617406463668376   2.72822275699736   0.00427821027216391   -0.00156302239656148   0
0.598914187949459   2.91896875596181   -0.0184922757189172   0.190745998964457   0
0.752975774083071   3.19041416160543   0.154061586133612   0.271445405643621   0
0.702650550617446   2.85875459627602   -0.050325223465625   -0.331659565329417   0
0.682637642083265   2.89242235042814   -0.0200129085341808   0.0336677541521238   0
0.713472730206979   2.87402703704471   0.0308350881237134   -0.0183953133834298   0
0.667966712689337   2.86245652607987   -0.0455060175176411   -0.0115705109648387   0
0.670622975505433   2.9182723677707   0.0026562628160951   0.0558158416908263   0
0.565898338216547   2.809696988917   -0.104724637288885   -0.108575378853699   0
0.607514030425315   2.90084750851109   0.0416156922087672   0.0911505195940916   0
0.712091204615673   3.17391362446987   0.104577174190358   0.273066115958784   0
0.671041576284689   2.82682176947902   -0.0410496283309839   -0.347091854990854   0
0.609893088469127   2.7692572733544   -0.0611484878155623   -0.0575644961246193   0
0.681344663570502   2.80066520027069   0.0714515751013749   0.0314079269162866   0
0.657001349369999   2.81430192435287   -0.0243433142005022   0.0136367240821795   0
0.667541002924165   2.81998791025888   0.0105396535541655   0.00568598590601344   0
0.702157814234094   2.87337710630927   0.0346168113099287   0.0533891960503921   0
0.624554390463505   2.85587074880574   -0.0776034237705887   -0.0175063575035344   0
0.708104262174717   3.13707107222936   0.0835498717112118   0.281200323423619   0
0.845650886668961   3.39391953701281   0.137546624494244   0.256848464783454   0
0.709546642672777   3.04074706314965   -0.136104243996184   -0.353172473863156   0
0.656680692720595   2.96385428540094   -0.0528659499521827   -0.0768927777487174   0
0.726315328823508   3.03244946575166   0.069634636102913   0.0685951803507177   0
0.692775861278379   3.08781339097301   -0.0335394675451285   0.0553639252213567   0
0.791523248538538   3.50983578254756   0.0987473872601589   0.422022391574549   0
0.8156290925623   3.44784144289075   0.0241058440237616   -0.0619943396568061   0
0.855736462141237   3.38598550352612   0.040107369578937   -0.0618559393646394   0
0.835512215045956   3.61367846132943   -0.0202242470952805   0.227692957803316   0
1.16540512368318   4.38831068335157   0.329892908637221   0.774632222022136   1
1.24966211641187   4.50726326456734   0.0842569927286958   0.118952581215773   0
1.19322659136897   4.37115640076914   -0.0564355250429069   -0.136106863798204   0
1.21653299857834   4.24107797077456   0.0233064072093716   -0.130078429994578   0
1.17038139617007   4.23864547488576   -0.0461516024082682   -0.00243249588880268   0
1.14730836161731   4.21979752508023   -0.0230730345527572   -0.0188479498055241   0
1.21890703964905   4.18896551986012   0.0715986780317337   -0.0308320052201081   0
1.24886299951516   4.20285047777699   0.0299559598661139   0.0138849579168632   0
1.31317393598906   4.21087253098526   0.064310936473901   0.00802205320827731   0
1.21445721998307   4.21908061292164   -0.098716716005993   0.00820808193637657   0
1.26542173387136   4.21600636025745   0.050964513888293   -0.00307425266419337   0
1.20254462937764   4.20430450917857   -0.0628771044937224   -0.011701851078878   0
1.19983780778028   4.20597751601114   -0.00270682159735292   0.00167300683257121   0
1.27167583694155   4.20671494750253   0.0718380291612684   0.000737431491393714   0
1.25087168071749   4.17181351612947   -0.0208041562240626   -0.0349014313730684   0
1.2772220497071   4.14659071509321   0.0263503689896072   -0.0252228010362527   0
1.20617381676274   4.12864798167454   -0.071048232944356   -0.0179427334186739   0
1.19810205246882   4.29295262701119   -0.00807176429392165   0.164304645336648   0
1.15058129739363   4.30191796432501   -0.0475207550751939   0.00896533731382299   0
1.19156828957891   4.09481862909302   0.0409869921852799   -0.20709933523199   0
1.14587969314453   4.03292632659428   -0.0456885964343772   -0.0618923024987392   0
1.16510446365122   4.00967397547637   0.0192247705066924   -0.0232523511179092   0
1.15365202462571   4.04907250159604   -0.0114524390255111   0.0393985261196717   0
1.03354376652128   3.85600415766937   -0.120108258104427   -0.19306834392667   0
0.983239524624595   3.73218930854013   -0.0503042418966876   -0.123814849129244   0
1.0354920200948   3.94593577887746   0.0522524954702001   0.213746470337328   0
1.14204744350881   4.26140930921852   0.106555423414011   0.315473530341061   0
1.16845688340306   4.37680696326571   0.0264094398942571   0.115397654047197   0
1.16482312640718   4.4656986213454   -0.00363375699588242   0.0888916580796897   0
1.18402051242789   4.5416064859324   0.0191973860207075   0.0759078645869975   0
1.30277431754237   4.36742889172248   0.118753805114486   -0.174177594209922   0
1.27505155510709   4.41421524930961   -0.0277227624352878   0.0467863575871297   0
0.996265778639415   3.80122588436431   -0.278785776467672   -0.612989364945296   0
1.10098081054939   3.97843184495741   0.104715031909979   0.1772059605931   0
1.11060980140011   3.97863281830621   0.00962899085071967   0.000200973348801092   0
1.09355765909302   3.99541014807332   -0.0170521423070962   0.0167773297671032   0
1.12641972409755   4.20087032852744   0.0328620650045321   0.205460180454124   0
1.14375145308804   4.34638335404385   0.0173317289904893   0.145513025516411   0
1.06051099343571   3.88140007311421   -0.0832404596523271   -0.464983280929643   0
0.918231344959972   3.71868284881536   -0.142279648475739   -0.162717224298852   0
0.947581679689936   3.74665659697953   0.0293503347299634   0.0279737481641744   0
1.05901560183125   3.80991674299702   0.111433922141312   0.0632601460174844   0
0.989129255942316   3.86961127802035   -0.0698863458889316   0.0596945350233291   0
1.0977127694593   4.43297760616315   0.108583513516981   0.563366328142808   0
0.780459682962547   4.04520737464843   -0.31725308649675   -0.387770231514728   1
0.895617475110329   3.93618957604305   0.115157792147781   -0.109017798605371   0
0.996918591551487   4.06402157947174   0.101301116441158   0.127832003428689   0
1.02845510828475   3.97947418395226   0.0315365167332647   -0.0845473955194831   0
0.938835095861355   3.83773280364501   -0.0896200124233965   -0.141741380307249   0
0.989732399990017   3.90763145923781   0.0508973041286623   0.0698986555927972   0
0.977470252411295   3.93979350160656   -0.0122621475787228   0.0321620423687476   0
1.03037108893447   3.97250642118109   0.0529008365231729   0.0327129195745357   0
1.05194976985215   4.02143669806678   0.0215786809176866   0.0489302768856894   0
0.978357519767186   4.09628707808224   -0.0735922500849679   0.0748503800154552   0
0.882144408684315   3.86453683921427   -0.096213111082871   -0.231750238867963   0
0.991922781219385   4.16348509362604   0.10977837253507   0.298948254411769   0
1.04751119109487   4.50520299141165   0.0555884098754884   0.34171789778561   0
1.02224198647727   4.30475868043428   -0.0252692046176011   -0.200444310977376   0
0.838521050818642   4.26417341394279   -0.18372093565863   -0.0405852664914867   0
0.985829988938255   4.31083111020442   0.147308938119613   0.0466576962616276   0
1.06966947710917   4.57109926937848   0.0838394881709127   0.260268159174067   0
