0.182063166329848   0.126741613400059   0   0   0
0.160900476451812   0.0803600485129893   -0.0211626898780366   -0.0463815648870696   0
0.145388030136499   0.0583609104508746   -0.0155124463153125   -0.0219991380621148   0
0.132263449048934   0.0696240613420569   -0.013124581087565   0.0112631508911823   0
0.0894568490747355   0.0881556783253495   -0.0428065999741987   0.0185316169832926   0
0.0727450929526521   0.0636826223914413   -0.0167117561220833   -0.0244730559339082   0
0.0699313551997414   0.0701591139280742   -0.00281373775291072   0.00647649153663295   0
0.0751219521112171   0.0835036449993202   0.00519059691147572   0.013344531071246   0
0.0808513860030859   0.0657719882431913   0.00572943389186879   -0.0177316567561289   0
0.0797367816759618   0.0871531488232783   -0.00111460432712412   0.021381160580087   0
0.0548117972941957   0.0815525087631429   -0.0249249843817661   -0.00560064006013544   0
0.0640778267006614   0.0771299935206791   0.00926602940646574   -0.00442251524246379   0
0.0537945173780749   0.084301094343149   -0.0102833093225866   0.00717110082246986   0
0.0522943003226747   0.0790665169753449   -0.00150021705540013   -0.00523457736780408   0
0.0239752070727241   0.0457407351355714   -0.0283190932499506   -0.0333257818397734   0
0.0350724127290952   0.0211382132644886   0.0110972056563711   -0.0246025218710829   0
0.0591162166043295   0.025874490841147   0.0240438038752343   0.00473627757665844   0
0.0536504773209717   0.0126530966896023   -0.00546573928335777   -0.0132213941515447   0
0.0266350561501759   0.0208910727256285   -0.0270154211707958   0.00823797603602622   0
0.0423815216651502   0.00918304465289325   0.0157464655149743   -0.0117080280727353   0
0.0112494465954464   0.0126250555416105   -0.0311320750697039   0.00344201088871725   0
0.0277058552275507   0.0148680125471145   0.0164564086321044   0.00224295700550396   0
0.0675350611527346   0.0281908538694733   0.0398292059251839   0.0133228413223589   0
0.04990109880183   0.0167578620405647   -0.0176339623509046   -0.0114329918289086   0
0.032899898174347   0.0067975216270123   -0.017001200627483   -0.00996034041355242   0
0.108187357284447   0.0516572688644302   0.0752874591100996   0.0448597472374178   0
0.0761728984295622   0.0281332364739093   -0.0320144588548844   -0.0235240323905209   0
0.0680759532316926   0.0254179033110404   -0.00809694519786959   -0.00271533316286887   0
0.0775822821091259   0.0304483120548069   0.00950632887743333   0.00503040874376649   0
0.115922164373773   0.0314732986327796   0.0383398822646469   0.00102498657797266   0
0.111048315121347   0.0475123230037482   -0.00487384925242572   0.0160390243709686   0
0.0819942170479723   0.0465038368175412   -0.0290540980733747   -0.001008486186207   0
0.051401447218342   0.0454328763465401   -0.0305927698296303   -0.00107096047100112   0
0.070606215364159   0.0792539041421935   0.019204768145817   0.0338210277956535   0
0.109584176939237   0.0993214884977189   0.038977961575078   0.0200675843555253   0
0.163927435825734   0.147744704492251   0.0543432588864966   0.0484232159945319   0
0.180723440779026   0.141972460157992   0.0167960049532921   -0.00577224433425921   0
0.162563886899674   0.173543413575681   -0.0181595538793517   0.0315709534176898   0
0.112352461672853   0.107754311393675   -0.0502114252268206   -0.0657891021820067   0
0.132660524343755   0.120393510933449   0.0203080626709015   0.0126391995397743   0
0.134510764742083   0.133728029476144   0.00185024039832807   0.0133345185426952   0
0.149757159059258   0.129495107559664   0.0152463943171753   -0.00423292191648039   0
0.190398101534338   0.139530791954769   0.0406409424750795   0.0100356843951051   0
0.15415519391438   0.146586844626667   -0.0362429076199582   0.00705605267189768   0
0.152975512802079   0.195104354622654   -0.00117968111230107   0.0485175099959879   0
0.116064473327199   0.169151628440432   -0.0369110394748799   -0.0259527261822224   0
0.157658677240741   0.0898543299027654   0.0415942039135419   -0.0792972985376667   0
0.0929617660714877   0.155130045153453   -0.0646969111692528   0.065275715250688   0
0.0879401931220872   0.141202812464704   -0.00502157294940045   -0.013927232688749   0
0.119685965171569   0.13329168276995   0.0317457720494816   -0.00791112969475444   0
0.148405062042641   0.153801989843028   0.0287190968710717   0.0205103070730783   0
0.103874306504496   0.133505472090033   -0.0445307555381445   -0.0202965177529956   0
0.157343839210565   0.171760527865055   0.0534695327060685   0.0382550557750228   0
0.197081299287604   0.171806787729152   0.039737460077039   4.62598640968148e-05   0
0.168480474612101   0.14129609668517   -0.0286008246755024   -0.030510691043982   0
0.174842106777515   0.108587759121885   0.00636163216541388   -0.0327083375632854   0
0.235100663343705   0.198357784071221   0.0602585565661896   0.0897700249493357   0
0.104897256070404   0.128830913844834   -0.1302034072733   -0.0695268702263868   0
0.135809775176458   0.121999744488769   0.0309125191060533   -0.00683116935606452   0
0.0990726913669958   0.123722334033401   -0.036737083809462   0.00172258954463189   0
0.0684095453945573   0.0709540962320006   -0.0306631459724384   -0.0527682378014006   0
0.0859668146964281   0.10658626089234   0.0175572693018707   0.0356321646603396   0
0.118398503862591   0.114741773812167   0.032431689166163   0.0081555129198269   0
0.0901224631478612   0.081462044306858   -0.0282760407147299   -0.033279729505309   0
0.0948653427745349   0.0984824384733442   0.00474287962667369   0.0170203941664862   0
0.170730822782326   0.113169495467374   0.0758654800077911   0.0146870569940299   0
0.225806086354908   0.120982058689502   0.0550752635725816   0.00781256322212748   0
0.214763489143872   0.129700070590083   -0.0110425972110357   0.0087180119005814   0
0.109916590709228   0.116944706768669   -0.104846898434644   -0.0127553638214139   0
0.186410927618957   0.143926058490671   0.0764943369097287   0.0269813517220017   0
0.183321764007943   0.160352245224256   -0.00308916361101347   0.0164261867335854   0
0.104729909415124   0.126749482996983   -0.0785918545928198   -0.0336027622272731   0
0.166097815866442   0.165377777022254   0.0613679064513185   0.0386282940252713   0
0.134315516514251   0.147068533984296   -0.0317822993521912   -0.0183092430379586   0
0.194495173415949   0.208753327638172   0.0601796569016979   0.0616847936538761   0
0.181249882737171   0.18317504354459   -0.0132452906787773   -0.0255782840935819   0
0.235848687492002   0.181466368327577   0.0545988047548305   -0.00170867521701268   0
0.218811964737969   0.143742316380398   -0.0170367227540334   -0.0377240519471792   0
0.176281971316021   0.0988405403944277   -0.0425299934219474   -0.0449017759859705   0
0.156215194088699   0.120756094254338   -0.0200667772273218   0.02191555385991   0
0.141343580661203   0.161693625115958   -0.0148716134274963   0.0409375308616204   0
0.210244326787312   0.0942100370078608   0.0689007461261089   -0.0674835881080973   0
0.171910641756146   0.204292801529178   -0.0383336850311658   0.110082764521317   0
0.187926382262443   0.164441592762636   0.0160157405062973   -0.0398512087665421   0
0.203539065180348   0.193586359362882   0.0156126829179047   0.0291447666002466   0
0.179257257085146   0.172690289001501   -0.0242818080952024   -0.0208960703613808   0
0.183277093139459   0.201591765572803   0.00401983605431352   0.0289014765713016   0
0.246515662834773   0.229467819999202   0.0632385696953141   0.027876054426399   0
0.194188469685406   0.2398789850819   -0.0523271931493669   0.010411165082698   0
0.199846742320009   0.203011967461896   0.00565827263460245   -0.0368670176200039   0
0.232602320261966   0.225445125118792   0.0327555779419567   0.0224331576568962   0
0.274874188999058   0.253998448491506   0.0422718687370927   0.0285533233727133   0
0.288739807463329   0.279695285051569   0.0138656184642703   0.0256968365600632   0
0.322471351981703   0.270843810536645   0.0337315445183748   -0.00885147451492402   0
0.365493253911327   0.321241830038793   0.043021901929624   0.0503980195021477   0
0.32254268141691   0.302554299353455   -0.0429505724944178   -0.0186875306853377   0
0.331867729238864   0.298767301907923   0.00932504782195459   -0.00378699744553196   0
0.332302028145438   0.277661415273625   0.000434298906574149   -0.0211058866342979   0
0.343335951129215   0.284880919414586   0.0110339229837764   0.00721950414096117   0
0.322128664875015   0.27918179252989   -0.0212072862541992   -0.00569912688469637   0
0.343938616551326   0.310453793543942   0.0218099516763104   0.0312720010140519   0
0.318478181305156   0.289278859071268   -0.0254604352461696   -0.0211749344726739   0
0.331893053945469   0.278929409937842   0.0134148726403127   -0.0103494491334262   0
0.368818315542165   0.295593338567402   0.036925261596696   0.0166639286295599   0
0.350372653477751   0.285825638470922   -0.0184456620644143   -0.00976770009647993   0
0.283803969581893   0.279989647677507   -0.0665686838958578   -0.00583599079341485   0
0.296651032363971   0.234207938333871   0.0128470627820784   -0.0457817093436354   0
0.346626856680913   0.263848966648673   0.0499758243169413   0.0296410283148015   0
0.332373968065817   0.290133329291594   -0.0142528886150959   0.0262843626429209   0
0.302610750644801   0.297939022037773   -0.0297632174210157   0.00780569274617887   0
0.332928356828928   0.268483752769293   0.0303176061841269   -0.0294552692684793   0
0.353685249284388   0.302095285125091   0.0207568924554605   0.0336115323557976   0
0.327906553747878   0.291770195794266   -0.0257786955365105   -0.0103250893308249   0
0.343114138954386   0.2740996009443   0.0152075852065085   -0.0176705948499663   0
0.344057062087686   0.314802231233475   0.0009429231332998   0.0407026302891755   0
0.324196083560258   0.294661290741289   -0.0198609785274279   -0.0201409404921862   0
0.270402632686906   0.309612738760863   -0.053793450873352   0.014951448019574   0
0.332312919177934   0.341069617003992   0.0619102864910274   0.0314568782431291   0
0.408187635787379   0.377377882091797   0.0758747166094452   0.0363082650878044   0
0.472556439796391   0.434440406585483   0.0643688040090118   0.0570625244936865   0
0.510503200707482   0.459581140492667   0.0379467609110916   0.0251407339071833   0
0.504563239050687   0.470210099193119   -0.00593996165679533   0.0106289587004522   0
0.464020316780246   0.460408999499817   -0.040542922270441   -0.00980109969330184   0
0.443681999068026   0.386681563644609   -0.0203383177122199   -0.0737274358552077   0
0.315379717388484   0.163467442313477   -0.128302281679542   -0.223214121331132   0
0.410816266680325   0.256187403648607   0.0954365492918411   0.09271996133513   0
0.41138243286447   0.280047943362244   0.000566166184144679   0.0238605397136366   0
0.363756431764498   0.290535478882963   -0.0476260010999716   0.010487535520719   0
0.409327124900415   0.285515223102902   0.0455706931359169   -0.0050202557800606   0
0.438691824703857   0.325788184450419   0.0293646998034423   0.0402729613475165   0
0.439922187118824   0.333340979931376   0.00123036241496699   0.00755279548095733   0
0.46014490201919   0.333609554737406   0.0202227149003656   0.000268574806029709   0
0.451974151743493   0.356928681399156   -0.00817075027569714   0.0233191266617501   0
0.39517850250235   0.32179819433546   -0.0567956492411428   -0.0351304870636957   0
0.362089227001702   0.26592556961336   -0.0330892755006483   -0.0558726247221   0
0.402875584259409   0.328992300610611   0.040786357257707   0.0630667309972508   0
0.406432462551664   0.31215540736036   0.00355687829225543   -0.0168368932502505   0
0.438577399323369   0.310312659960885   0.0321449367717049   -0.00184274739947504   0
0.37270667717657   0.260197829432842   -0.0658707221467992   -0.0501148305280429   0
0.365219486771996   0.29003697956349   -0.00748719040457418   0.0298391501306479   0
0.442555291272503   0.314945077152053   0.0773358045005072   0.0249080975885625   0
0.543161390022165   0.429404157448641   0.100606098749662   0.114459080296588   0
0.606414820796656   0.517750239976103   0.063253430774491   0.0883460825274626   0
0.602914908226692   0.568635482193945   -0.00349991256996396   0.0508852422178413   0
0.686263010680043   0.668115302470549   0.0833481024533513   0.0994798202766038   0
0.549027326504255   0.595038509978222   -0.137235684175788   -0.0730767924923265   0
0.704895969369949   0.705784229859879   0.155868642865694   0.110745719881657   0
0.726223753128486   0.701627989964768   0.0213277837585372   -0.00415623989511138   0
0.69414331484929   0.733146016350156   -0.0320804382791965   0.031518026385388   0
0.712388967588108   0.776181517589734   0.0182456527388182   0.0430355012395782   0
0.738236224869141   0.787121231276885   0.0258472572810328   0.0109397136871514   0
0.839680751139765   0.869708461221345   0.101444526270625   0.0825872299444599   0
0.897669296542129   0.87966496239378   0.0579885454023635   0.00995650117243452   0
0.898428228648789   0.900786896828129   0.000758932106660004   0.0211219344343491   0
0.710429276240985   0.817161305570234   -0.187998952407803   -0.0836255912578943   0
0.64679326653975   0.600277888050193   -0.0636360097012353   -0.216883417520041   0
0.758622623145553   0.692718511895885   0.111829356605803   0.0924406238456923   0
0.722748265261426   0.717390768062463   -0.035874357884127   0.0246722561665772   0
0.818411847785508   0.87654782460799   0.0956635825240821   0.159157056545528   0
0.930030083860108   0.998583792280347   0.1116182360746   0.122035967672357   0
1.05678237435735   1.07648262537721   0.126752290497243   0.0778988330968576   0
0.953780598497768   1.01755494327051   -0.103001775859583   -0.0589276821066955   0
0.977346396662493   1.08677305453692   0.0235657981647256   0.069218111266407   0
1.02558178432359   1.09143763840324   0.0482353876610973   0.00466458386632729   0
1.05363192073193   1.11216565763975   0.0280501364083365   0.0207280192365027   0
1.06817866495949   1.10012363165351   0.0145467442275637   -0.0120420259862399   0
1.01309790287864   1.06476731704267   -0.0550807620808549   -0.0353563146108347   0
1.00926459992786   1.07098019872498   -0.00383330295078022   0.00621288168230905   0
1.07026759344007   1.151600931835   0.0610029935122147   0.0806207331100235   0
0.986097965016661   1.07715633663654   -0.0841696284234095   -0.0744445951984651   0
1.04552871713255   1.15352498112091   0.0594307521158908   0.0763686444843727   0
1.15793161380351   1.18550628098695   0.112402896670962   0.031981299866034   0
1.24128107636828   1.239174692891   0.0833494625647679   0.053668411904052   0
1.13899971907124   1.15984540024964   -0.102281357297043   -0.0793292926413574   0
1.14596186043003   1.18436916447924   0.00696214135878925   0.0245237642295979   0
1.21862428842452   1.25426374531177   0.0726624279944892   0.069894580832528   0
1.2285735403125   1.24679797667164   0.00994925188798712   -0.00746576864012494   0
1.21428909330357   1.18780905341599   -0.0142844470089365   -0.0589889232556478   0
1.36752762772092   1.28654854488987   0.15323853441735   0.0987394914738795   0
1.42108729193284   1.34833516525454   0.053559664211918   0.0617866203646711   0
1.77043944178217   1.92524107942811   0.349352149849334   0.576905914173562   1
1.64173687359584   1.71415522280517   -0.12870256818633   -0.211085856622934   0
1.77150424053052   1.76532552449754   0.12976736693468   0.0511703016923637   0
1.66709721646496   1.82309014301035   -0.104407024065561   0.0577646185128147   0
1.6774698262416   1.75677211635915   0.0103726097766386   -0.0663180266512025   0
1.71738387245258   1.73557339585443   0.039914046210981   -0.0211987205047197   0
1.74073349724474   1.76800683624535   0.023349624792159   0.0324334403909208   0
1.83932650645486   1.79273005232056   0.0985930092101239   0.0247232160752142   0
1.79927717750858   1.82115540300862   -0.0400493289462804   0.0284253506880596   0
1.88660300794841   1.90064385455594   0.0873258304398334   0.0794884515473138   0
2.06233806713667   3.08620462913309   0.175735059188253   1.18556077457715   1
2.01048328986192   2.80323462382819   -0.0518547772747486   -0.282970005304898   1
2.12657966790477   2.70175941493689   0.116096378042852   -0.101475208891297   0
2.14536664809321   2.72823394229184   0.0187869801884388   0.0264745273549432   0
2.17356251144728   2.70069738693317   0.0281958633540698   -0.0275365553586679   0
2.23017083376812   2.71332305371099   0.056608322320844   0.012625666777824   0
2.21366311513518   2.70429461628869   -0.0165077186329401   -0.00902843742229997   0
2.40722746115962   3.07423154611371   0.193564346024441   0.36993692982502   1
3.2232713807863   4.8096768792494   0.816043919626674   1.73544533313569   1
2.7283916486707   4.02934283542121   -0.494879732115601   -0.780334043828189   1
2.65527290412568   3.77176194575629   -0.0731187445450208   -0.257580889664925   0
2.57303969245793   3.47665931259967   -0.0822332116677451   -0.295102633156618   0
2.7139473740257   3.56191120357892   0.140907681567771   0.0852518909792468   0
2.76369608582945   3.66404416881705   0.049748711803745   0.102132965238138   0
2.73454908524678   3.59268075713808   -0.0291470005826664   -0.0713634116789721   0
2.5982181481933   3.47296847833842   -0.136330937053483   -0.119712278799665   0
2.64787328096059   3.29215478135222   0.0496551327672936   -0.1808136969862   0
2.78413780571742   3.22025612158509   0.136264524756828   -0.0718986597671245   0
2.67717827184538   3.11555367857882   -0.106959533872041   -0.104702443006274   0
2.45412952232029   3.06962209912529   -0.22304874952509   -0.0459315794535322   0
2.50653060897428   3.01988856862517   0.0524010866539979   -0.0497335305001187   0
2.45152320785996   2.86337931916284   -0.055007401114322   -0.156509249462331   0
2.48927326636531   2.8240912722495   0.0377500585053427   -0.0392880469133314   0
2.47692106739173   2.77066198269964   -0.0123521989735731   -0.0534292895498689   0
2.54780453647528   2.76474546346119   0.0708834690835447   -0.0059165192384496   0
2.22464824812643   2.47600349064609   -0.323156288348846   -0.288741972815093   0
2.33262078665564   2.45175821238256   0.107972538529214   -0.024245278263535   0
2.37738883412748   2.64422397635166   0.0447680474718308   0.192465763969106   0
2.27885103318492   2.57950416525231   -0.0985378009425508   -0.0647198110993563   0
2.06068976842925   2.34795759432854   -0.218161264755674   -0.231546570923767   0
2.24364454325033   2.44789445694438   0.182954774821083   0.0999368626158379   0
2.27017972714431   2.44788885925107   0.0265351838939729   -5.59769331109905e-06   0
2.234086413337   2.43549323475194   -0.0360933138073025   -0.0123956244991223   0
2.25167348448326   2.44295576523957   0.0175870711462589   0.00746253048762435   0
2.30332529060053   2.43596898485516   0.0516518061172633   -0.00698678038440415   0
2.11234251097804   2.15056348086624   -0.190982779622489   -0.285405503988929   0
2.23426279093329   2.27937583555491   0.121920279955249   0.128812354688675   0
2.32740396716384   2.40306345357873   0.0931411762305578   0.123687618023824   0
2.40150840925386   2.43898774206006   0.0741044420900145   0.03592428848133   0
2.32039283464072   2.41565321564919   -0.081115574613138   -0.0233345264108786   0
2.24850259215105   2.40758803360178   -0.071890242489669   -0.0080651820474027   0
2.29557042507282   2.41972160095335   0.0470678329217664   0.0121335673515688   0
2.28735848436073   2.39474583483937   -0.00821194071209153   -0.0249757661139838   0
2.36359913905319   2.39407692886006   0.0762406546924668   -0.000668905979311685   0
2.04673903796503   2.00809530261969   -0.316860101088168   -0.385981626240369   1
1.63109094650942   1.78557865923946   -0.415648091455605   -0.22251664338023   1
1.87930658059296   1.82145161565309   0.248215634083538   0.0358729564136331   0
2.00002498631392   1.84670149948665   0.120718405720962   0.0252498838335626   0
2.03445088020625   1.93395472698031   0.0344258938923323   0.0872532274936622   0
1.85619349781347   1.84598611516582   -0.178257382392785   -0.0879686118144929   0
1.78967786683191   1.81473644532099   -0.0665156309815629   -0.0312496698448348   0
1.74443804311446   1.77456700605535   -0.0452398237174476   -0.0401694392656358   0
1.86456853722597   1.75488912921648   0.120130494111513   -0.0196778768388715   0
1.92592877684249   1.75712714077735   0.0613602396165158   0.00223801156087555   0
1.77407820160922   1.8061932001216   -0.151850575233268   0.0490660593442405   0
1.73772507757758   1.7878773609842   -0.0363531240316408   -0.0183158391374001   0
1.73611474731597   1.7851350749916   -0.00161033026160662   -0.0027422859925994   0
1.70513128146926   1.80414641442851   -0.0309834658467119   0.0190113394369145   0
1.68548507181108   1.75037139208691   -0.01964620965818   -0.0537750223416049   0
1.71128756037961   1.79139816715837   0.0258024885685311   0.0410267750714663   0
