0.235700077766746   0.436736563697488   0   0   0
0.267978295036464   0.331575099490085   0.0322782172697179   -0.105161464207403   0
0.393837795977037   0.164902507666227   0.125859500940573   -0.166672591823858   0
0.229371591986562   0.103449675439365   -0.164466203990474   -0.0614528322268617   0
0.116444965217823   0.117840178364613   -0.112926626768739   0.0143905029252475   0
0.285473520443093   0.689931592777893   0.16902855522527   0.57209141441328   1
0.404825637842319   0.746606919862453   0.119352117399226   0.0566753270845607   0
0.27896627039368   0.357440269922822   -0.125859367448638   -0.389166649939631   0
0.518993069143471   0.21705739012863   0.240026798749791   -0.140382879794192   0
0.262405480232864   0.240009006285702   -0.256587588910607   0.0229516161570712   1
0.186280517283075   0.118314045329961   -0.076124962949789   -0.121694960955741   0
0.16508387761529   0.20680942193683   -0.0211966396677848   0.0884953766068692   0
0.133800923881452   0.283414717909233   -0.0312829537338386   0.0766052959724029   0
0.142529414194463   0.223450348788182   0.00872849031301182   -0.0599643691210512   0
0.145718138131806   0.223350201882291   0.00318872393734226   -0.000100146905890858   0
0.149756098541195   0.247168491247514   0.00403796040938897   0.0238182893652234   0
0.145998192914467   0.1798811817357   -0.00375790562672737   -0.0672873095118139   0
0.188376569016298   0.174801557540635   0.0423783761018308   -0.005079624195065   0
0.141297579136127   0.208834262995467   -0.0470789898801713   0.034032705454832   0
0.16267572015974   0.32534738815188   0.0213781410236132   0.116513125156413   0
0.00668480257053146   0.0552039681340481   -0.155990917589208   -0.270143420017832   0
0.117086561689803   0.238781936630433   0.110401759119271   0.183577968496385   0
0.17821801136664   0.223588810770044   0.0611314496768377   -0.0151931258603888   0
0.12648825207208   0.228890255215594   -0.0517297592945607   0.00530144444555053   0
0.0723601011589951   0.424899614687211   -0.0541281509130847   0.196009359471616   1
0.201565062393585   0.550460525435571   0.12920496123459   0.125560910748361   1
0.0966266765127002   0.578990121609307   -0.104938385880885   0.0285295961737358   0
0.0582312682683453   0.513681287470891   -0.0383954082443548   -0.0653088341384156   0
0.0803765410590055   0.566636598086668   0.0221452727906602   0.0529553106157771   0
0.190353964057516   0.613000524617926   0.10997742299851   0.0463639265312575   0
0.140326220132417   0.416336856201454   -0.0500277439250986   -0.196663668416472   0
0.0581147126640062   0.429891598146629   -0.082211507468411   0.0135547419451751   0
0.219774537573173   0.484150831836735   0.161659824909167   0.0542592336901063   0
0.187349724719243   0.585705821859549   -0.0324248128539302   0.101554990022814   0
0.168667625995388   0.520524944527803   -0.0186820987238552   -0.0651808773317459   0
0.414691316840912   0.53353376812204   0.246023690845525   0.0130088235942365   0
0.378052422280945   0.556940764673408   -0.0366388945599673   0.023406996551368   0
0.437458266391423   0.571937608750509   0.0594058441104777   0.014996844077101   0
0.322506379091407   0.671246239311625   -0.114951887300016   0.0993086305611167   0
0.276435648631449   0.677731237623182   -0.0460707304599574   0.00648499831155658   0
0.22703403952064   0.539593088904037   -0.049401609110809   -0.138138148719145   0
0.141684370783231   0.497694005887443   -0.0853496687374095   -0.0418990830165942   0
0.285016978051133   0.452342776801092   0.143332607267902   -0.0453512290863508   0
0.251643010933525   0.568676945163484   -0.0333739671176083   0.116334168362392   0
0.281664683251309   0.55288357374575   0.030021672317784   -0.0157933714177338   0
0.0924336399057183   0.433509409080126   -0.18923104334559   -0.119374164665624   0
0.140883254947811   0.455715401668873   0.048449615042093   0.0222059925887473   0
0.0915915466548087   0.61454533813806   -0.0492917082930026   0.158829936469187   0
0.0581563025893153   0.527884049991068   -0.0334352440654934   -0.0866612881469919   0
0.15521211733953   0.184502926590535   0.0970558147502147   -0.343381123400533   0
0.130367078200633   0.319168896450704   -0.0248450391388968   0.134665969860169   1
0.165525694542147   0.27524757707608   0.0351586163415134   -0.0439213193746244   0
0.141987039424378   0.408947475376279   -0.0235386551177681   0.133699898300199   0
0.0549441961436329   0.400878273704637   -0.0870428432807456   -0.0080692016716421   0
0.143430064037495   0.520957868959103   0.0884858678938625   0.120079595254466   0
0.126989617871352   0.551123321384672   -0.0164404461661429   0.030165452425569   0
0.243081410685389   0.486682560176035   0.116091792814037   -0.064440761208637   0
0.0759702048409171   0.35999054191501   -0.167111205844472   -0.126692018261025   0
0.152013533659342   0.430047025598634   0.0760433288184253   0.0700564836836244   0
0.0626971782979904   0.475060743776556   -0.0893163553613519   0.0450137181779222   0
0.132683704976044   0.412724914070401   0.0699865266780541   -0.0623358297061558   0
0.0427340989947559   0.50813056365297   -0.0899496059812885   0.0954056495825694   0
0.0684817654367205   0.472747842674322   0.0257476664419645   -0.0353827209786485   0
0.235814593003571   0.0556930590435648   0.167332827566851   -0.417054783630757   0
0.250974978897977   0.109397614478333   0.0151603858944057   0.0537045554347683   1
0.110275872861288   0.286176553689785   -0.140699106036689   0.176778939211452   0
0.0942724454298816   0.370004494785594   -0.0160034274314061   0.0838279410958092   0
0.0423122472186245   0.30807195884124   -0.051960198211257   -0.0619325359443541   0
0.0861864278953479   0.38569056141237   0.0438741806767233   0.0776186025711295   0
0.0492378285350806   0.391041719388471   -0.0369485993602673   0.00535115797610092   0
0.21464863221019   0.150651007527647   0.16541080367511   -0.240390711860823   0
0.140048798985104   0.268291095497228   -0.0745998332250867   0.11764008796958   0
0.10440654613375   0.453028594871783   -0.0356422528513536   0.184737499374556   0
0.107973169219276   0.380985211769289   0.00356662308552581   -0.0720433831024945   0
0.195093064468886   0.434846618363421   0.08711989524961   0.0538614065941316   0
0.0608980908267246   0.493439472299025   -0.134194973642161   0.0585928539356041   0
0.564445018703895   0.134773816518269   0.50354692787717   -0.358665655780756   1
0.187330825840864   0.425301843474928   -0.377114192863031   0.290528026956659   1
0.236799347500811   0.300977279192075   0.0494685216599476   -0.124324564282853   1
0.179236125847135   0.272260609942937   -0.0575632216536764   -0.0287166692491384   0
0.317993678868684   0.235851787864439   0.138757553021549   -0.0364088220784975   0
0.316387199797906   0.181613604712285   -0.0016064790707786   -0.0542381831521546   1
0.597652266852557   0.244350204963082   0.281265067054651   0.0627366002507969   0
0.33587149668586   0.178663013221819   -0.261780770166697   -0.0656871917412623   0
0.375149603375773   0.197752925411541   0.0392781066899128   0.0190899121897217   0
0.241872128937999   0.200987392935732   -0.133277474437774   0.00323446752419138   0
0.280970581878246   0.20087604895059   0.0390984529402468   -0.000111343985141982   0
0.280314082416492   0.213758085164632   -0.000656499461753501   0.0128820362140414   0
0.401139406093443   0.226125439473868   0.120825323676951   0.0123673543092363   0
0.403584554984454   0.319518165579831   0.00244514889101149   0.0933927261059624   0
0.335861953358817   0.31167326650815   -0.0677226016256375   -0.00784489907168101   0
0.342753277838448   0.378339755408746   0.00689132447963081   0.0666664889005968   0
0.437843938363888   0.280927318684282   0.0950906605254404   -0.0974124367244645   0
0.52430160749992   0.253839806525198   0.0864576691360319   -0.0270875121590837   0
0.690169319805655   0.237671294067479   0.165867712305735   -0.0161685124577193   0
0.930870516399032   0.472561854908963   0.240701196593377   0.234890560841484   0
0.587500692110231   0.292525232349707   -0.343369824288801   -0.180036622559256   0
0.514213033440421   0.434798678448429   -0.0732876586698091   0.142273446098722   0
0.460502690808642   0.337416809372255   -0.0537103426317792   -0.0973818690761739   0
0.970844549139047   0.79305206284802   0.510341858330405   0.455635253475765   1
0.647461514257921   0.594445707079503   -0.323383034881126   -0.198606355768517   0
0.82630871185169   0.385578573124208   0.178847197593769   -0.208867133955295   0
0.632122111553614   0.369821634795073   -0.194186600298076   -0.0157569383291352   0
0.647277909768285   0.371508938625334   0.0151557982146705   0.00168730383026183   0
0.941402351534136   0.43958301007432   0.294124441765851   0.0680740714489859   0
0.710771482529371   0.498482959373738   -0.230630869004764   0.0588999492994179   0
0.745589828818768   0.426781496087283   0.034818346289397   -0.0717014632864548   0
0.817075645585523   0.366889533202093   0.0714858167667553   -0.0598919628851901   0
0.650174668598562   0.373076154425943   -0.166900976986961   0.0061866212238495   0
0.718810983150647   0.367720403713542   0.0686363145520851   -0.00535575071240135   0
0.627431929516254   0.389555060547607   -0.0913790536343929   0.0218346568340657   0
0.885641595506331   0.477377576874689   0.258209665990077   0.0878225163270822   0
0.803006804509775   0.820370952948878   -0.0826347909965561   0.342993376074189   0
0.700908915625989   0.410969145322675   -0.102097888883786   -0.409401807626203   0
0.729979441174887   0.307476039403886   0.0290705255488976   -0.103493105918789   0
0.724225107014387   0.327399331416926   -0.00575433416050009   0.0199232920130399   0
0.667055573763536   0.221134219683996   -0.0571695332508508   -0.106265111732929   0
0.635923111432506   0.228059641643913   -0.0311324623310294   0.00692542195991652   0
0.721661780823954   0.26367724992972   0.0857386693914471   0.035617608285807   0
0.540384687866894   0.278581944580046   -0.18127709295706   0.0149046946503263   0
0.813075557623029   0.544101397905758   0.272690869756136   0.265519453325712   0
0.799636391085973   0.468903834065419   -0.0134391665370559   -0.0751975638403391   0
0.803556008295004   0.336648993269696   0.00391961720903022   -0.132254840795723   0
0.737957664534355   0.322235530968033   -0.0655983437606484   -0.0144134623016635   0
0.765650081772346   0.443067810911885   0.0276924172379908   0.120832279943852   0
0.83076470365441   0.402160124934397   0.0651146218820643   -0.0409076859774879   0
0.445031698507882   0.609087274116978   -0.385733005146529   0.20692714918258   1
0.717456775274302   0.4442663728522   0.27242507676642   -0.164820901264778   0
0.86615272276083   0.538423914392972   0.148695947486529   0.0941575415407715   0
0.951088447047381   0.382220918556599   0.0849357242865511   -0.156202995836373   0
0.760673365914043   0.316278911768553   -0.190415081133338   -0.0659420067880459   0
0.796550002918837   0.289812214984979   0.035876637004794   -0.0264666967835733   0
0.577773624188574   0.175289430287318   -0.218776378730263   -0.114522784697662   0
1.01926525847298   0.917018446875525   0.44149163428441   0.741729016588207   1
0.512565007220509   0.881632208354198   -0.506700251252476   -0.0353862385213268   1
0.785939799837748   0.62438189307106   0.27337479261724   -0.257250315283138   0
0.556854910278252   0.388613725132682   -0.229084889559497   -0.235768167938377   0
0.679588146651338   0.37419445739114   0.122733236373086   -0.014419267741542   0
0.541001383232058   0.399703420514824   -0.13858676341928   0.0255089631236833   0
0.893924855587985   0.543012213619777   0.352923472355927   0.143308793104953   0
0.751331499694036   0.435360884769751   -0.142593355893949   -0.107651328850026   0
0.688389514575142   0.458950333984517   -0.0629419851188942   0.0235894492147669   0
0.722446233528143   0.265801784426384   0.0340567189530007   -0.193148549558133   0
0.651978787749264   0.247237737853164   -0.0704674457788789   -0.0185640465732198   0
0.666624543078036   0.235411607182526   0.0146457553287718   -0.0118261306706381   0
0.57860200172744   0.233802376195175   -0.0880225413505963   -0.00160923098735147   0
0.652415097806603   0.284584506130323   0.0738130960791639   0.0507821299351486   0
0.634334409530967   0.26395479330965   -0.0180806882756368   -0.0206297128206734   0
0.789265901020689   0.240047555020875   0.154931491489722   -0.0239072382887749   0
0.841440557963544   0.579351847976901   0.0521746569428549   0.339304292956026   0
0.831771375095945   0.295074912656515   -0.00966918286759844   -0.284276935320386   0
0.852021668122355   0.605057745092979   0.0202502930264092   0.309982832436464   0
0.914726515467328   0.67155666125298   0.0627048473449734   0.0664989161600015   0
1.0078055802728   0.461734331333777   0.0930790648054745   -0.209822329919203   0
0.933387729318315   0.492188734008358   -0.0744178509544876   0.030454402674581   0
0.933873500615581   0.460635631190749   0.000485771297266235   -0.0315531028176085   0
0.779329080886245   0.331665565021454   -0.154544419729336   -0.128970066169296   0
0.8752668197904   0.651734358163086   0.0959377389041544   0.320068793141633   0
0.907076152892358   0.428364800475308   0.0318093331019579   -0.223369557687779   0
0.794062599583937   0.434995723140757   -0.113013553308421   0.00663092266544935   0
0.779628039035283   0.3599420721321   -0.0144345605486546   -0.0750536510086567   0
0.811781484131044   0.287289601036132   0.0321534450957611   -0.072652471095968   0
1.02157377393706   0.682530549647413   0.209792289806013   0.395240948611281   0
0.950808836627532   0.518790671268528   -0.0707649373095247   -0.163739878378885   0
0.753336466788911   0.430614273037077   -0.197472369838621   -0.0881763982314515   0
0.555070078251035   0.645298758543669   -0.198266388537876   0.214684485506592   0
0.516767626158992   0.297233222465962   -0.0383024520920426   -0.348065536077707   0
0.999983097657155   0.693897022043257   0.483215471498163   0.396663799577295   1
0.919353764082684   0.592267659737766   -0.080629333574471   -0.101629362305491   0
0.886547992772529   0.520697056910014   -0.0328057713101555   -0.071570602827752   0
0.93437784943512   0.486463234686343   0.0478298566625912   -0.0342338222236708   0
0.93085709770136   0.462713581060141   -0.00352075173375976   -0.0237496536262018   0
0.568066972852673   0.26456863384243   -0.362790124848687   -0.198144947217711   0
0.989642324919463   0.490735107664766   0.42157535206679   0.226166473822336   0
0.89281187832432   0.934016026942793   -0.0968304465951433   0.443280919278026   0
0.841005184932293   0.713724864111164   -0.0518066933920273   -0.220291162831628   0
0.870604346771253   0.505102903213543   0.0295991618389604   -0.208621960897621   0
1.02514905001858   0.607909437882198   0.154544703247328   0.102806534668655   0
0.977791031033216   0.545050579822185   -0.0473580189853651   -0.0628588580600131   0
0.717130197878321   0.389763315370046   -0.260660833154895   -0.155287264452139   0
0.92645616609314   0.604505573673229   0.209325968214819   0.214742258303183   0
0.866119575942029   0.467892381792544   -0.0603365901511111   -0.136613191880685   0
0.785204823667048   0.451158023323868   -0.0809147522749809   -0.016734358468676   0
0.70370741650561   0.39917426536226   -0.0814974071614381   -0.0519837579616082   0
0.767310992317326   0.429807215635976   0.0636035758117164   0.0306329502737155   0
0.710826807078208   0.436228802942046   -0.0564841852391184   0.00642158730607001   0
0.895733202294634   0.542427800927229   0.184906395216426   0.106198997985184   0
0.842683228072091   0.510766237116354   -0.053049974222543   -0.031661563810875   0
0.869926819655539   0.443909379539056   0.0272435915834475   -0.066856857577298   0
0.82134078656487   0.64470921454579   -0.0485860330906682   0.200799835006734   0
0.705501300413401   0.576315586803142   -0.115839486151469   -0.0683936277426483   0
0.810215506633266   0.635771115217772   0.104714206219865   0.0594555284146302   0
0.813911012905588   0.493567275209014   0.00369550627232185   -0.142203840008759   0
0.733062769193062   0.538210159824267   -0.0808482437125261   0.0446428846152531   0
0.850928124184998   0.632396187903596   0.117865354991937   0.0941860280793292   0
0.776386677917492   0.615512551195189   -0.074541446267506   -0.016883636708407   0
0.844223753734755   0.577657229663113   0.0678370758172625   -0.0378553215320758   0
0.874567146971003   0.593198263993422   0.0303433932362481   0.0155410343303093   0
0.854884751317977   0.528866639222519   -0.0196823956530255   -0.0643316247709028   0
1.0245728759232   0.372821877990013   0.16968812460522   -0.156044761232507   1
1.05469913367235   0.337649796612555   0.030126257749155   -0.0351720813774574   1
0.767227337052697   0.326795170996299   -0.287471796619655   -0.0108546256162568   0
0.895465606923336   0.297337490013453   0.128238269870639   -0.029457680982846   0
0.822948689286428   0.271956287361591   -0.0725169176369076   -0.025381202651862   0
0.909717246551367   0.472319055619451   0.0867685572649385   0.20036276825786   0
1.03257377719291   0.952514691225023   0.122856530641547   0.480195635605572   0
0.862548100010299   0.543198155883514   -0.170025677182615   -0.409316535341509   0
0.800508341764257   0.442375616074168   -0.062039758246042   -0.100822539809345   0
0.870702985294848   0.419593128467626   0.0701946435305913   -0.0227824876065421   0
1.24823108778383   0.529257001872673   0.377528102488981   0.109663873405046   0
1.1854466765043   0.50853717623518   -0.062784411279533   -0.020719825637493   0
0.828508039969993   0.437519000586892   -0.356938636534302   -0.0710181756482879   0
0.730185462220606   0.267638806723376   -0.0983225777493872   -0.169880193863516   0
0.706338586151861   0.307186759280657   -0.0238468760687449   0.0395479525572814   0
0.698077223201015   0.266664892414618   -0.0082613629508459   -0.0405218668660389   0
0.560228671169282   0.310570237938216   -0.137848552031733   0.0439053455235975   0
0.326822111070503   0.170592263920074   -0.23340656009878   -0.139977974018142   0
0.59221485908012   0.185116231892992   0.265392748009617   0.0145239679729179   0
0.576248916115952   0.200635187687136   -0.015965942964168   0.0155189557941435   0
0.524958120206565   0.707854979128847   -0.0512907959093875   0.507219791441711   1
0.723794453521855   0.625670536724601   0.19883633331529   -0.0821844424042458   0
0.492660213123741   0.37656980033355   -0.231134240398113   -0.24910073639105   0
0.514312115575008   0.243601713244181   0.0216519024512665   -0.13296808708937   0
0.433745440022613   0.245554989813382   -0.0805666755523948   0.00195327656920111   0
0.313338054004052   0.274722984934825   -0.12040738601856   0.0291679951214431   0
0.428823863743962   0.200929918933449   0.11548580973991   -0.0737930660013755   0
0.866416025416774   0.804149156255387   0.437592161672812   0.603219237321937   1
0.735682771091324   0.873927246977401   -0.13073325432545   0.0697780907220149   0
0.904226230591659   0.611797012406893   0.168543459500334   -0.262130234570508   0
0.807491408858323   0.570918961564161   -0.0967348217333354   -0.040878050842732   0
0.894259847070056   0.63155175197089   0.0867684382117326   0.0606327904067284   0
0.975070808914594   0.729384062066241   0.0808109618445376   0.0978323100953514   0
0.779608583797254   0.484993711193764   -0.19546222511734   -0.244390350872477   0
0.815166625058711   0.486225892976968   0.0355580412614575   0.00123218178320422   0
0.756357526528295   0.410177608480156   -0.0588090985304167   -0.0760482844968122   0
0.707980410919179   0.469580012337088   -0.0483771156091153   0.0594024038569326   0
0.710379429813364   0.950194378701537   0.00239901889418448   0.480614366364449   0
0.92040374526726   0.599754381821425   0.210024315453896   -0.350439996880112   1
0.766663465659477   0.453987234332365   -0.153740279607783   -0.14576714748906   0
0.773620551193542   0.229741570106549   0.00695708553406538   -0.224245664225816   0
0.809487658009682   0.35193985772501   0.0358671068161398   0.12219828761846   0
0.95268129872534   0.409928401092801   0.143193640715658   0.057988543367791   0
1.41290279440486   0.404023636997577   0.460221495679521   -0.00590476409522345   0
1.38063379593329   1.12370698704823   -0.0322689984715725   0.719683350050648   1
1.09979732954588   1.10636462460632   -0.280836466387407   -0.0173423624419082   1
1.04905491673857   0.715195398589129   -0.0507424128073146   -0.391169226017188   0
0.935766264413288   0.498959896084846   -0.113288652325278   -0.216235502504283   0
0.87237298552677   0.428315158571933   -0.0633932788865181   -0.0706447375129129   0
0.838763221826851   0.373275820002113   -0.0336097636999185   -0.0550393385698197   0
1.10434819004243   1.0052694128746   0.265584968215583   0.63199359287249   1
