0.403004909783988   0.315754920548754   0   0   0
0.311550968436948   0.243076751441803   -0.0914539413470399   -0.0726781691069512   0
0.394417668887805   0.329795498278858   0.082866700450857   0.0867187468370549   0
0.384776344277153   0.297777494669258   -0.00964132461065204   -0.0320180036095996   0
0.337048358112007   0.272838777169778   -0.0477279861651453   -0.0249387174994796   0
0.325029248733541   0.247090785347208   -0.0120191093784665   -0.0257479918225705   0
0.1464845165996   0.124472727993826   -0.178544732133941   -0.122618057353382   0
0.0981575605672329   0.18693056356372   -0.0483269560323668   0.0624578355698941   0
0.106057415639368   0.22000648693959   0.00789985507213477   0.0330759233758699   0
0.1986485114207   0.114849457832852   0.0925910957813326   -0.105157029106738   0
0.118870633421548   0.0584711274217669   -0.0797778779991525   -0.0563783304110849   0
0.0965666900776639   0.100572374187497   -0.0223039433438839   0.0421012467657305   0
0.156665942051805   0.0835780191804191   0.0600992519741413   -0.0169943550070784   0
0.119621690120155   0.0752969585645728   -0.0370442519316498   -0.00828106061584623   0
0.0663046641741771   0.0640776138617848   -0.0533170259459784   -0.011219344702788   0
0.137546309942749   0.0459378377133165   0.0712416457685724   -0.0181397761484684   0
0.0828031862303746   0.0392304923535889   -0.0547431237123748   -0.00670734535972752   0
0.166462562541438   0.0394961786360719   0.0836593763110632   0.000265686282482934   0
0.0439384130638204   0.0307200982388566   -0.122524149477617   -0.00877608039721528   0
0.133444604886119   0.0178028431887297   0.089506191822299   -0.0129172550501269   0
0.0170832074509022   0.00942814528041438   -0.116361397435217   -0.00837469790831533   0
0.145068649242084   0.015680295311964   0.127985441791182   0.00625215003154961   0
0.0820803492956725   0.0454510429443563   -0.0629882999464119   0.0297707476323924   0
0.129647334168235   0.013250419720357   0.0475669848725626   -0.0322006232239994   0
0.0623585455454792   0.0276133623110714   -0.0672887886227559   0.0143629425907144   0
0.0837686162512549   0.0200779620262491   0.0214100707057757   -0.00753540028482235   0
0.0439685266781183   0.115186727880961   -0.0398000895731366   0.0951087658547117   0
0.0878312611030241   0.0914784176264817   0.0438627344249058   -0.023708310254479   0
0.235821534132318   0.181198687628829   0.147990273029294   0.0897202700023474   0
0.0908040363269167   0.0855148351980667   -0.145017497805401   -0.0956838524307625   0
0.0348308997501403   0.0829974230307936   -0.0559731365767764   -0.00251741216727309   0
0.0940123805192699   0.100102169366403   0.0591814807691297   0.0171047463356093   0
0.125429243035625   0.0767318109511955   0.0314168625163556   -0.0233703584152074   0
0.0687477320577923   0.0969775229468664   -0.0566815109778332   0.0202457119956709   0
0.070186614923716   0.0735903183580214   0.00143888286592377   -0.023387204588845   0
0.154290733641136   0.069613767784745   0.0841041187174201   -0.00397655057327639   0
0.0493589711978481   0.11588140886239   -0.104931762443288   0.0462676410776454   0
0.0819148507843358   0.102399036718663   0.0325558795864877   -0.0134823721437279   0
0.104725844663491   0.0976122233342987   0.022810993879155   -0.00478681338436386   0
0.172606245350219   0.240884226126453   0.0678804006867282   0.143272002792154   0
0.167278765394446   0.160341565299434   -0.00532747995577332   -0.0805426608270192   0
0.0965044243467107   0.158521249937655   -0.070774341047735   -0.0018203153617784   0
0.0220949435093236   0.121004175641484   -0.0744094808373871   -0.0375170742961716   0
0.170866591123704   0.129295372716042   0.14877164761438   0.00829119707455847   0
0.130421477628426   0.0687669128109042   -0.0404451134952773   -0.0605284599051378   0
0.271417775082178   0.266080149759283   0.140996297453752   0.197313236948379   0
0.0616650830477832   0.138920615439628   -0.209752692034395   -0.127159534319655   0
0.139933677284812   0.0387720327234258   0.0782685942370293   -0.100148582716202   0
0.0839751426805576   0.0839352441378068   -0.0559585346042549   0.045163211414381   0
0.106160744491596   0.0371379884741016   0.0221856018110388   -0.0467972556637052   0
0.127223581872387   0.105772323183147   0.0210628373807908   0.068634334709045   0
0.0707923909194343   0.203454608706647   -0.0564311909529529   0.0976822855235009   0
0.0994557099298979   0.0466277962417805   0.0286633190104637   -0.156826812464867   0
0.073823660612622   0.148656964909267   -0.0256320493172759   0.102029168667486   0
0.154571174184581   0.178517271693469   0.0807475135719587   0.0298603067842026   0
0.0977638014742164   0.118808967588951   -0.0568073727103643   -0.0597083041045181   0
0.221605155648532   0.251744055480983   0.123841354174315   0.132935087892032   0
0.175119561585592   0.169337416130089   -0.0464855940629397   -0.0824066393508942   0
0.208714018306294   0.108440934342434   0.0335944567207018   -0.0608964817876557   0
0.101600867958003   0.05830065219796   -0.107113150348291   -0.0501402821444736   0
0.130278005273837   0.0959901321302482   0.0286771373158342   0.0376894799322881   0
0.136969761824831   0.0492010831016198   0.00669175655099352   -0.0467890490286283   0
0.112669639011954   0.0626278196499966   -0.0243001228128766   0.0134267365483768   0
0.155116048034786   0.0727553687331389   0.0424464090228315   0.0101275490831423   0
0.171148468406819   0.0516111765549624   0.0160324203720334   -0.0211441921781765   0
0.224360392120846   0.109912269839734   0.0532119237140273   0.0583010932847716   0
0.215313192227044   0.075979659110383   -0.00904719989380248   -0.033932610729351   0
0.267606072203622   0.042037838745201   0.0522928799765777   -0.0339418203651819   0
0.193044992692481   0.0618859283730357   -0.0745610795111408   0.0198480896278346   0
0.212147468591756   0.0550262424998566   0.0191024758992749   -0.00685968587317905   0
0.286419340373516   0.106595246779301   0.0742718717817603   0.051569004279444   0
0.239384468545894   0.0630081158392512   -0.0470348718276223   -0.0435871309400494   0
0.192970942992177   0.057821093474649   -0.0464135255537168   -0.00518702236460222   0
0.297231277721575   0.096579081452986   0.104260334729398   0.038757987978337   0
0.136781927720308   0.11682171036585   -0.160449350001267   0.0202426289128638   0
0.19041428041481   0.130349193630993   0.0536323526945021   0.0135274832651428   0
0.443922442093211   0.139207602059837   0.2535081616784   0.00885840842884464   0
0.20145312738461   0.106211562970046   -0.2424693147086   -0.0329960390897915   0
0.308708695233873   0.114907341190631   0.107255567849262   0.00869577822058487   0
0.430298569414308   0.172859460248781   0.121589874180436   0.0579521190581506   0
0.381163378547835   0.197121049923011   -0.0491351908664733   0.0242615896742293   0
0.338543511879581   0.119470450555158   -0.0426198666682538   -0.0776505993678523   0
0.318329666746598   0.14783734187444   -0.0202138451329832   0.0283668913192816   0
0.310786242541397   0.144035345456627   -0.00754342420520077   -0.00380199641781243   0
0.16092126354292   0.13034956543656   -0.149864978998477   -0.0136857800200675   0
0.113211271509863   0.158301739327937   -0.0477099920330569   0.0279521738913767   0
0.186357666679131   0.22103496335761   0.0731463951692674   0.0627332240296734   0
0.129266954157296   0.241506088686704   -0.057090712521835   0.0204711253290937   0
0.2510110957966   0.202302148833743   0.121744141639304   -0.0392039398529605   0
0.147220568999342   0.249117181793529   -0.103790526797258   0.0468150329597854   0
0.21455371982751   0.214883348866891   0.067333150828168   -0.0342338329266376   0
0.171793439478055   0.174162306165111   -0.0427602803494553   -0.0407210427017796   0
0.236700206333011   0.19764621819997   0.0649067668549565   0.0234839120348582   0
0.2478053292707   0.141846841562475   0.0111051229376889   -0.0557993766374942   0
0.256968727850375   0.109257052034594   0.00916339857967491   -0.0325897895278813   0
0.379287048928658   0.146407285963037   0.122318321078283   0.0371502339284429   0
0.293753053805403   0.166323648771755   -0.0855339951232547   0.0199163628087176   0
0.300154506281348   0.164382341771318   0.00640145247594531   -0.00194130700043632   0
0.182541942174504   0.147531231741791   -0.117612564106844   -0.0168511100295275   0
0.291851891357586   0.167746939770149   0.109309949183082   0.0202157080283582   0
0.148155719732078   0.172954300662054   -0.143696171625508   0.00520736089190446   0
0.254954848687057   0.196835103144739   0.106799128954979   0.0238808024826854   0
0.195555363088922   0.226988011816153   -0.0593994855981351   0.0301529086714141   0
0.236598332586601   0.214328873104512   0.0410429694976796   -0.012659138711641   0
0.167078603400196   0.178146774746977   -0.0695197291864053   -0.0361820983575354   0
0.238387549326386   0.152435856097975   0.0713089459261897   -0.0257109186490017   0
0.470591362201858   0.105577151675966   0.232203812875472   -0.0468587044220085   0
0.372369093172352   0.0863455629061505   -0.0982222690295054   -0.0192315887698158   0
0.310409983322057   0.107207946047774   -0.0619591098502948   0.0208623831416238   0
0.272240730262758   0.163000532000666   -0.038169253059299   0.0557925859528912   0
0.209513556303055   0.123737048171071   -0.062727173959703   -0.0392634838295943   0
0.221863498580912   0.173124036400936   0.0123499422778569   0.0493869882298645   0
0.204883253461673   0.205226748743366   -0.0169802451192397   0.0321027123424299   0
0.244859329767113   0.124283253239887   0.0399760763054408   -0.0809434955034781   0
0.441794621948563   0.191255208011893   0.196935292181449   0.0669719547720056   0
0.441094718821037   0.223721554798979   -0.000699903127525547   0.0324663467870858   0
0.416977329702707   0.214676637690271   -0.0241173891183303   -0.00904491710870761   0
0.370759403907709   0.236313891137344   -0.0462179257949976   0.0216372534470728   0
0.24197750491432   0.170339393302232   -0.128781898993389   -0.065974497835112   0
0.20018551080338   0.115697569908577   -0.0417919941109409   -0.0546418233936554   0
0.225959461386683   0.0738952685942747   0.0257739505833037   -0.041802301314302   0
0.215422001833355   0.262447328771056   -0.0105374595533282   0.188552060176781   0
0.315163995237797   0.295802245329967   0.0997419934044418   0.0333549165589115   0
0.207679342988512   0.235900420233835   -0.107484652249285   -0.0599018250961319   0
0.298954144786454   0.201968735116973   0.0912748017979418   -0.0339316851168621   0
0.249531122100811   0.177178263625374   -0.0494230226856425   -0.0247904714915991   0
0.229300103777517   0.206176534354816   -0.0202310183232944   0.0289982707294418   0
0.26120907650769   0.191273902706302   0.0319089727301727   -0.0149026316485134   0
0.25643417593402   0.180087954671329   -0.00477490057366942   -0.0111859480349737   0
0.229233140945109   0.214417856316236   -0.0272010349889116   0.0343299016449073   0
0.254957314235148   0.222959018135621   0.0257241732900395   0.00854116181938466   0
0.231404666494196   0.253913443203801   -0.0235526477409522   0.0309544250681807   0
0.306172490936074   0.26398378234634   0.0747678244418777   0.010070339142539   0
0.455729176129903   0.351666906998569   0.149556685193829   0.0876831246522284   0
0.453029536875908   0.356935877748105   -0.00269963925399452   0.00526897074953603   0
0.324140724656745   0.289806133091615   -0.128888812219163   -0.0671297446564895   0
0.334289725738019   0.295232220649271   0.0101490010812737   0.00542608755765611   0
0.344120453675744   0.288068200264056   0.00983072793772505   -0.00716402038521496   0
0.338418441082929   0.34566915547312   -0.00570201259281494   0.0576009552090636   0
0.283823896578495   0.34411793453771   -0.0545945445044346   -0.00155122093540949   0
0.282652812796901   0.359752243259681   -0.00117108378159353   0.0156343087219703   0
0.286193099422121   0.379039149535045   0.00354028662521982   0.0192869062753639   0
0.372214282788826   0.386267697837264   0.0860211833667049   0.00722854830221942   0
0.284567897397089   0.381453142643838   -0.0876463853917371   -0.00481455519342638   0
0.181067110231676   0.371002496376035   -0.103500787165412   -0.0104506462678026   0
0.194093336304985   0.365859165909083   0.0130262260733087   -0.00514333046695203   0
0.19120088729951   0.309958991056898   -0.00289244900547478   -0.0559001748521855   0
0.33080207948107   0.275539835997447   0.13960119218156   -0.0344191550594506   0
0.350993160461853   0.41000648940718   0.0201910809807831   0.134466653409733   0
0.385480767304933   0.36479408445519   0.0344876068430803   -0.0452124049519905   0
0.364309389649787   0.398662789948159   -0.0211713776551466   0.0338687054929694   0
0.40104945521469   0.351072789461815   0.0367400655649039   -0.0475900004863439   0
0.339645817059477   0.372298107253448   -0.061403638155213   0.0212253177916331   0
0.330295854716101   0.353756873667142   -0.00934996234337593   -0.0185412335863065   0
0.323305100834552   0.348000635356101   -0.00699075388154924   -0.00575623831104066   0
0.267176214288641   0.394022914288624   -0.0561288865459109   0.0460222789325226   0
0.365306790149047   0.363195551106425   0.0981305758604058   -0.0308273631821983   0
0.352445080080571   0.387048870403015   -0.0128617100684763   0.0238533192965898   0
0.339070625598857   0.38215093483956   -0.0133744544817143   -0.00489793556345475   0
0.351074058706991   0.331122813437099   0.0120034331081347   -0.0510281214024612   0
0.336301123212516   0.299424516231554   -0.0147729354944751   -0.0316982972055454   0
0.535825432977943   0.417764634715829   0.199524309765427   0.118340118484275   0
0.324619972708088   0.335852695228876   -0.211205460269855   -0.0819119394869533   0
0.238120388646164   0.198253432066131   -0.0864995840619247   -0.137599263162745   0
0.339459137056288   0.372130989102094   0.101338748410125   0.173877557035963   0
0.330788374951418   0.277879225903089   -0.00867076210487028   -0.0942517631990045   0
0.300190965473646   0.458836968358831   -0.0305974094777716   0.180957742455742   0
0.441646190426228   0.424648248477784   0.141455224952581   -0.0341887198810464   0
0.385140909944659   0.490633146663829   -0.0565052804815688   0.0659848981860445   0
0.639787265459387   0.387833259332216   0.254646355514728   -0.102799887331613   0
0.546781878840182   0.389045713612488   -0.0930053866192044   0.00121245428027184   0
0.486124696867995   0.397228370787825   -0.0606571819721875   0.00818265717533734   0
0.402650760070113   0.38365163403438   -0.0834739367978816   -0.0135767367534451   0
0.393124361181039   0.461791371343435   -0.00952639888907436   0.0781397373090543   0
0.437564670350567   0.426509034695046   0.0444403091695276   -0.0352823366483884   0
0.416825100140335   0.423517841441774   -0.0207395702102319   -0.00299119325327168   0
0.457729056514878   0.450141171304347   0.0409039563745429   0.026623329862573   0
0.482136812855024   0.420217568112639   0.024407756340146   -0.0299236031917089   0
0.509606732712589   0.461147548908698   0.0274699198575654   0.0409299807960594   0
0.432423968181275   0.507084280963481   -0.0771827645313143   0.0459367320547828   0
0.232756347915068   0.566552623180319   -0.199667620266207   0.0594683422168378   0
0.376161327334762   0.451578325366154   0.143404979419694   -0.114974297814164   0
0.404771393942309   0.475728237862753   0.0286100666075471   0.0241499124965988   0
0.430019137540412   0.435450532609905   0.0252477435981032   -0.0402777052528478   0
0.404538576683362   0.457998324414511   -0.0254805608570507   0.0225477918046063   0
0.416550677139049   0.458274670186178   0.0120121004556872   0.000276345771666298   0
0.36765811100668   0.434478359398371   -0.0488925661323691   -0.0237963107878068   0
0.231221280977768   0.481393829017884   -0.136436830028912   0.0469154696195133   0
0.267468245483459   0.393452667086868   0.0362469645056911   -0.087941161931016   0
0.31000471641896   0.440433601471658   0.0425364709355011   0.0469809343847895   0
0.21212085871505   0.451398427419663   -0.0978838577039108   0.0109648259480055   0
0.277223864610913   0.546609195017997   0.0651030058958638   0.0952107675983335   0
0.270929175782325   0.552341857778054   -0.00629468882858825   0.00573266276005757   0
0.219588890623911   0.444011382870417   -0.0513402851584139   -0.108330474907637   0
0.29961812317984   0.436085776559498   0.0800292325559293   -0.00792560631091938   0
0.243004116568012   0.339091327385735   -0.0566140066118283   -0.0969944491737622   0
0.151917237374467   0.442106085025597   -0.0910868791935456   0.103014757639861   0
0.225970431844523   0.513455300099483   0.074053194470056   0.0713492150738863   0
0.357508879833774   0.460771943280513   0.131538447989252   -0.0526833568189701   1
0.434932563731436   0.371993987833137   0.0774236838976622   -0.0887779554473758   1
0.29391210536521   0.464796288186825   -0.141020458366227   0.0928023003536881   0
0.236109863120984   0.435672199614859   -0.0578022422442251   -0.0291240885719656   0
0.356391608966878   0.440949700897393   0.120281745845893   0.00527750128253318   0
0.209523469368971   0.408348872303451   -0.146868139597907   -0.0326008285939418   0
0.249774333346403   0.550028276725842   0.0402508639774322   0.141679404422392   0
0.364378108472285   0.478781145185094   0.114603775125882   -0.0712471315407484   0
0.261240033197441   0.519690949035097   -0.103138075274844   0.0409098038500033   0
0.197296866901124   0.478268762790337   -0.0639431662963165   -0.0414221862447599   0
0.16757320941681   0.493373622896482   -0.0297236574843146   0.0151048601061446   0
0.144006556998805   0.449516594585784   -0.0235666524180051   -0.0438570283106981   0
0.18881271473725   0.47227092855161   0.0448061577384449   0.0227543339658263   0
0.133010545303658   0.482957248880789   -0.0558021694335918   0.0106863203291785   0
0.420439973349645   0.632949022366928   0.287429428045987   0.149991773486139   0
0.520773621547684   0.834002210816556   0.100333648198039   0.201053188449627   0
0.608106309009371   0.936903275107427   0.087332687461687   0.102901064290871   0
0.56996493975335   0.982773974097915   -0.0381413692560205   0.0458706989904888   0
0.532779934372345   0.926108156556005   -0.0371850053810053   -0.0566658175419101   0
0.45532458360362   0.830987532691834   -0.0774553507687246   -0.0951206238641712   0
0.359264548913597   0.813905126226971   -0.0960600346900235   -0.0170824064648629   0
0.406900160258017   0.86909781456033   0.0476356113444205   0.0551926883333592   0
0.316019714046276   0.809600477115708   -0.0908804462117412   -0.0594973374446222   0
0.236263682368852   0.64893104832502   -0.0797560316774234   -0.160669428790688   0
0.428844543110076   0.779529989802395   0.192580860741224   0.130598941477375   0
0.463593147309341   0.752412391860368   0.0347486041992645   -0.0271175979420274   0
0.327333258166658   0.708142093621785   -0.136259889142683   -0.0442702982385829   0
0.550313804228833   0.846807372672431   0.222980546062175   0.138665279050646   0
0.588840069328039   0.959777065723842   0.0385262650992064   0.112969693051412   0
0.269003106263497   0.657250020041044   -0.319836963064543   -0.302527045682799   0
0.244488306366276   0.547210092227154   -0.0245147998972206   -0.11003992781389   0
0.236220109396639   0.675488271199441   -0.00826819696963718   0.128278178972288   0
0.198562575728283   0.54600672376099   -0.0376575336683561   -0.129481547438451   0
0.344168317576676   0.56168273234849   0.145605741848394   0.0156760085874995   0
0.388787222346221   0.607809526663463   0.0446189047695447   0.0461267943149731   0
0.535219172166543   0.681173213846047   0.146431949820322   0.0733636871825842   0
0.382436850011097   0.633485281211995   -0.152782322155447   -0.0476879326340521   0
0.308512655863386   0.52931719029   -0.0739241941477106   -0.104168090921995   0
0.231814698520176   0.460243504424082   -0.0766979573432102   -0.0690736858659181   0
0.165474910653851   0.4164641418592   -0.0663397878663247   -0.0437793625648819   0
0.202431085873193   0.165596090622635   0.0369561752193418   -0.250868051236565   0
0.114672223830446   0.18173352334945   -0.0877588620427465   0.0161374327268146   0
0.141997997476795   0.289882472929242   0.027325773646349   0.108148949579792   0
0.23792182294611   0.285243428211997   0.0959238254693144   -0.00463904471724497   0
0.177769955127294   0.267295260583446   -0.0601518678188161   -0.0179481676285503   0
0.223324335258968   0.164546476971052   0.0455543801316745   -0.102748783612394   0
0.234096727868119   0.252830114148315   0.0107723926091505   0.0882836371772628   0
0.171544451604387   0.178916160875457   -0.0625522762637313   -0.0739139532728577   0
0.23842517918324   0.312460803287152   0.0668807275788525   0.133544642411695   0
0.205050226648814   0.355142824402116   -0.0333749525344258   0.0426820211149641   0
0.167098220868466   0.326769511203677   -0.0379520057803482   -0.0283733131984394   0
0.140146961696314   0.282802718844997   -0.0269512591721523   -0.0439667923586799   0
