0.0821808023908109   0.0217800987429465   0   0   0
0.0844942106538316   0.0340206489209862   0.00231340826302068   0.0122405501780397   0
0.0796219398422577   0.0343214573474292   -0.0048722708115739   0.000300808426442964   0
0.222206852821825   0.0574031333317485   0.142584912979567   0.0230816759843194   0
0.28157320958218   0.0491566119784765   0.059366356760355   -0.00824652135327202   0
0.215829181818261   0.0220586896561287   -0.0657440277639184   -0.0270979223223478   0
0.369844090707017   0.0348227564211594   0.154014908888756   0.0127640667650307   0
0.205503292109032   0.0551041323302754   -0.164340798597985   0.0202813759091159   0
0.146883093515413   0.047345235393147   -0.0586201985936185   -0.00775889693712836   0
0.177175126436579   0.0377542790001345   0.0302920329211654   -0.00959095639301247   0
0.340569835741033   0.0372785958645507   0.163394709304454   -0.000475683135583792   0
0.0866918061220465   0.0384403560146105   -0.253878029618986   0.00116176015005974   0
0.0537736184709091   0.0225873270498326   -0.0329181876511374   -0.0158530289647779   0
0.0756414814952589   0.0323115774830787   0.0218678630243498   0.00972425043324611   0
0.0919272230626489   0.0249258351419767   0.0162857415673899   -0.00738574234110204   0
0.0541374596062615   0.0102126724875287   -0.0377897634563873   -0.014713162654448   0
0.0440472679215056   0.0109488032172471   -0.0100901916847559   0.000736130729718412   0
0.230128389629964   0.00643925875178968   0.186081121708458   -0.0045095444654574   0
0.049566676550026   0.0273828934240887   -0.180561713079938   0.020943634672299   0
0.0185367675914114   0.0375789730876191   -0.0310299089586146   0.0101960796635304   0
0.00819776750454049   0.00605692592601695   -0.0103390000868709   -0.0315220471616021   0
0.0216627831691429   0.0114763160720571   0.0134650156646024   0.00541939014604016   0
0.00647388323831786   0.0140897990249152   -0.015188899930825   0.00261348295285805   0
0.0908747075257467   0.00745130545354973   0.0844008242874288   -0.00663849357136542   0
0.044258032828742   0.0219618823636796   -0.0466166746970047   0.0145105769101298   0
0.0411526011497864   0.00882383138008088   -0.00310543167895557   -0.0131380509835987   0
0.13452340933537   0.0144395711949836   0.0933708081855839   0.00561573981490272   0
0.127675686972187   0.0229196645033086   -0.00684772236318287   0.00848009330832502   0
0.061450687538729   0.0203520381219112   -0.0662249994334585   -0.00256762638139746   0
0.104318998970025   0.0302100762512278   0.0428683114312961   0.00985803812931667   0
0.164046011353206   0.0376757634009253   0.0597270123831809   0.00746568714969744   0
0.146760118435629   0.050484759961423   -0.0172858929175765   0.0128089965604977   0
0.163759885385877   0.0116085154292323   0.0169997669502476   -0.0388762445321907   0
0.22321134836894   0.0211630714130511   0.0594514629830631   0.00955455598381876   0
0.119207783192651   0.026820912108491   -0.104003565176289   0.00565784069543993   0
0.134506935576251   0.0342906713963871   0.0152991523835996   0.00746975928789608   0
0.0363891086933934   0.00985498804949174   -0.0981178268828573   -0.0244356833468954   0
0.0770133039243769   0.0208050698358243   0.0406241952309835   0.0109500817863325   0
0.0666801225580765   0.0389895845720687   -0.0103331813663004   0.0181845147362445   0
0.0681575927253479   0.0258158026001517   0.00147747016727144   -0.013173781971917   0
0.0363251472450202   0.025574568570799   -0.0318324454803277   -0.000241234029352718   0
0.0296708414168001   0.0163695629300999   -0.00665430582822012   -0.00920500564069912   0
0.033187971914989   0.0227043296136255   0.00351713049818892   0.00633476668352558   0
0.067085556260122   0.0343455921784732   0.033897584345133   0.0116412625648477   0
0.113176900138572   0.054346478252298   0.0460913438784504   0.0200008860738248   0
0.0400131750014917   0.0278959780406585   -0.0731637251370807   -0.0264505002116395   0
0.0367410605817374   0.0183189940528103   -0.00327211441975427   -0.00957698398784815   0
0.0475536724779485   0.0385764578126673   0.0108126118962111   0.020257463759857   0
0.0496349698373032   0.0290683026405482   0.00208129735935468   -0.00950815517211912   0
0.126676467331071   0.0294880714200251   0.0770414974937682   0.000419768779476908   0
0.117682074650858   0.0240814348533243   -0.0089943926802139   -0.00540663656670083   0
0.150297229785682   0.0258070694183764   0.0326151551348242   0.00172563456505218   0
0.19214554133755   0.0446191041265118   0.041848311551868   0.0188120347081353   0
0.068043763264167   0.0233654570485771   -0.124101778073383   -0.0212536470779347   0
0.0894334380867693   0.0185774147945543   0.0213896748226023   -0.00478804225402277   0
0.215766018888981   0.0383009226217516   0.126332580802211   0.0197235078271973   0
0.059235095829162   0.0525893671816594   -0.156530923059819   0.0142884445599079   0
0.0807529238957327   0.0478934082566954   0.0215178280665708   -0.00469595892496404   0
0.0589537676713711   0.0473394494147587   -0.0217991562243616   -0.000553958841936694   0
0.0669062211354071   0.0355146286441221   0.00795245346403602   -0.0118248207706366   0
0.0596381668301433   0.0442981248192855   -0.00726805430526386   0.0087834961751634   0
0.0515607211297515   0.0554448085967244   -0.00807744570039177   0.0111466837774388   0
0.104897109841883   0.0469170213771345   0.0533363887121312   -0.00852778721958981   0
0.07284836121907   0.0579337975867705   -0.0320487486228127   0.011016776209636   0
0.149963029103776   0.040981241228944   0.0771146678847061   -0.0169525563578265   0
0.109299758873568   0.0543234631083568   -0.0406632702302086   0.0133422218794128   0
0.145515085036844   0.0568880932797233   0.0362153261632767   0.00256463017136654   0
0.138404289827339   0.0551297588640418   -0.00711079520950536   -0.00175833441568146   0
0.0833642697812564   0.0448309358686321   -0.0550400200460824   -0.0102988229954098   0
0.153435424262131   0.0469885996172465   0.0700711544808742   0.00215766374861447   0
0.132229417181087   0.068652730935284   -0.0212060070810434   0.0216641313180375   0
0.0979731858982344   0.0532963931536413   -0.0342562312828528   -0.0153563377816427   0
0.101367985071274   0.0486988508547689   0.00339479917303943   -0.00459754229887237   0
0.107440182233743   0.0379365705227476   0.00607219716246958   -0.0107622803320213   0
0.13371496371076   0.0505875101272775   0.0262747814770171   0.0126509396045299   0
0.193660921365799   0.0224384031027283   0.059945957655038   -0.0281491070245492   0
0.0999320728811827   0.0641752203318181   -0.0937288484846159   0.0417368172290898   0
0.146644526534883   0.0402023808873293   0.0467124536537003   -0.0239728394444888   0
0.10921631931899   0.0250655398882091   -0.0374282072158929   -0.0151368409991202   0
0.148950782811001   0.0425147973107305   0.039734463492011   0.0174492574225215   0
0.103188026417603   0.043967319223372   -0.0457627563933977   0.0014525219126415   0
0.13305837670455   0.0372727704336893   0.0298703502869469   -0.00669454878968278   0
0.17928158516783   0.0556531417292187   0.0462232084632801   0.0183803712955294   0
0.113942316105212   0.062401883337163   -0.0653392690626186   0.00674874160794434   0
0.162647977897821   0.0865598104483253   0.0487056617926091   0.0241579271111623   0
0.221027024645042   0.109065420468921   0.0583790467472212   0.0225056100205956   0
0.0813598892441688   0.0616793701694497   -0.139667135400873   -0.0473860502994712   0
0.156720250928079   0.0691212864948273   0.07536036168391   0.00744191632537765   0
0.148203160484687   0.0783459808849184   -0.00851709044339147   0.00922469439009108   0
0.258404401949773   0.0775644889740144   0.110201241465086   -0.000781491910904014   0
0.118163806580103   0.0790065943769411   -0.14024059536967   0.0014421054029267   0
0.0686630517702935   0.0716513491784523   -0.0495007548098096   -0.00735524519848878   0
0.116482471752492   0.0904974508474686   0.0478194199821981   0.0188461016690163   0
0.0753886017423722   0.119095154409783   -0.0410938700101194   0.0285977035623141   0
0.102498196337545   0.128643312736457   0.0271095945951732   0.00954815832667473   0
0.127030795367305   0.116061443259312   0.0245325990297592   -0.0125818694771459   0
0.126593215691719   0.135037452088673   -0.000437579675585886   0.0189760088293613   0
0.0525973800705891   0.139889949509686   -0.0739958356211296   0.00485249742101312   0
0.126859068882165   0.135633695749148   0.0742616888115764   -0.00425625376053779   0
0.210687077328274   0.136725059735121   0.0838280084461083   0.00109136398597312   0
0.222405321870723   0.164692205118131   0.0117182445424495   0.0279671453830096   0
0.249487174870954   0.135153524777279   0.0270818530002308   -0.0295386803408522   0
0.153630328212271   0.143634250556265   -0.0958568466586834   0.00848072577898656   0
0.105188723191272   0.134272656440777   -0.0484416050209988   -0.00936159411548798   0
0.108294653976039   0.148161106528333   0.00310593078476713   0.0138884500875556   0
0.131047137694533   0.13719750906886   0.0227524837184945   -0.0109635974594726   0
0.107998222672459   0.149756959331445   -0.0230489150220746   0.0125594502625845   0
0.114121849608784   0.14543158296584   0.00612362693632558   -0.00432537636560479   0
0.0978789763525345   0.174024719168571   -0.0162428732562499   0.028593136202731   0
0.122627275056408   0.153086721647434   0.0247482987038738   -0.0209379975211371   0
0.122060054417856   0.163119897825189   -0.000567220638552093   0.0100331761777548   0
0.118434895803982   0.186398776376617   -0.00362515861387444   0.0232788785514282   0
0.0979204913207649   0.177588972605142   -0.0205144044832168   -0.00880980377147444   0
0.122360321647542   0.142406914214865   0.0244398303267773   -0.0351820583902771   0
0.11457508378391   0.156276540717729   -0.00778523786363225   0.0138696265028637   0
0.105759477944485   0.158819066043564   -0.00881560583942505   0.00254252532583521   0
0.109069915256041   0.154505407247683   0.0033104373115562   -0.00431365879588083   0
0.114433089846731   0.131268369192096   0.0053631745906898   -0.0232370380555871   0
0.141713295408017   0.142217131469243   0.0272802055612864   0.0109487622771469   0
0.165026126345012   0.153959978266906   0.023312830936995   0.0117428467976624   0
0.0921348442656197   0.215888718207344   -0.0728912820793927   0.0619287399404385   0
0.143348598679059   0.179807799452839   0.0512137544134396   -0.0360809187545047   0
0.185016496224553   0.165628792485855   0.0416678975454936   -0.0141790069669841   0
0.229586589157228   0.178230078253707   0.0445700929326756   0.0126012857678517   0
0.197777639225697   0.19496641714462   -0.0318089499315314   0.0167363388909131   0
0.244291638518493   0.181463451401267   0.0465139992927958   -0.0135029657433531   0
0.198450867816294   0.170766627827893   -0.0458407707021994   -0.0106968235733744   0
0.106849219202856   0.19561798464791   -0.0916016486134374   0.0248513568200175   0
0.154757030062256   0.192485386184146   0.0479078108593998   -0.00313259846376365   0
0.130078264046881   0.184403949408601   -0.0246787660153753   -0.0080814367755451   0
0.157814761728743   0.172632423044861   0.0277364976818626   -0.0117715263637399   0
0.118067897018792   0.188683991779138   -0.0397468647099515   0.016051568734277   0
0.129132171656873   0.213774695152987   0.0110642746380809   0.0250907033738485   0
0.126266611243551   0.185001005600166   -0.0028655604133217   -0.0287736895528213   0
0.100148010896323   0.175187789195116   -0.026118600347228   -0.00981321640504931   0
0.0878570256929404   0.222216589565389   -0.0122909852033824   0.0470288003702726   0
0.127213538532501   0.18278296844365   0.0393565128395601   -0.0394336211217385   0
0.133263605065299   0.177160742408194   0.00605006653279849   -0.00562222603545631   0
0.102669671564537   0.232086699485995   -0.0305939335007616   0.0549259570778008   0
0.126422112936503   0.222841817161614   0.0237524413719658   -0.00924488232438131   0
0.174746308919645   0.193513619886017   0.0483241959831417   -0.0293281972755962   0
0.142725759981301   0.207533164282537   -0.0320205489383438   0.0140195443965197   0
0.251026923937175   0.170036008670583   0.108301163955873   -0.0374971556119542   0
0.157705206080839   0.18567412710596   -0.0933217178563352   0.0156381184353767   0
0.105401101504151   0.232468621230097   -0.052304104576688   0.0467944941241379   0
0.14456967234856   0.204926139717149   0.0391685708444088   -0.0275424815129483   0
0.129737857197697   0.208460706732492   -0.0148318151508631   0.00353456701534283   0
0.149508707557988   0.198377574650721   0.0197708503602911   -0.0100831320817706   0
0.153258802311645   0.188059595630275   0.00375009475365731   -0.0103179790204465   0
0.128961682888213   0.212186039494526   -0.0242971194234324   0.0241264438642511   0
0.138069202549301   0.219834139409374   0.00910751966108839   0.00764809991484791   0
0.202995735110987   0.198797993270613   0.0649265325616857   -0.0210361461387613   0
0.160912114246908   0.207329817945158   -0.0420836208640789   0.00853182467454583   0
0.132378498603852   0.213405399231773   -0.0285336156430563   0.00607558128661484   0
0.158555810248663   0.185678094507867   0.026177311644811   -0.0277273047239059   0
0.160790710939438   0.187127356951629   0.00223490069077539   0.00144926244376201   0
0.119354944418905   0.215216047425581   -0.0414357665205329   0.0280886904739518   0
0.167423055753919   0.18696765742807   0.048068111335014   -0.0282483899975116   0
0.156992657577353   0.220312184394492   -0.0104303981765664   0.0333445269664221   0
0.155548209382076   0.217343723669353   -0.00144444819527748   -0.00296846072513884   0
0.149260211143218   0.20949817963443   -0.00628799823885726   -0.00784554403492257   0
0.125546841396867   0.225448231045755   -0.0237133697463516   0.0159500514113245   0
0.186890897332214   0.187665505877645   0.0613440559353469   -0.0377827251681095   0
0.156148317647998   0.190309212060268   -0.0307425796842158   0.00264370618262261   0
0.160101510899991   0.190677936816901   0.00395319325199345   0.00036872475663291   0
0.20044984011827   0.237931652371269   0.0403483292182788   0.0472537155543684   0
0.166844737550964   0.20032739016792   -0.0336051025673062   -0.0376042622033493   0
0.152197212164875   0.219662994436364   -0.0146475253860888   0.019335604268444   0
0.194041397202994   0.182002457004871   0.0418441850381187   -0.0376605374314926   0
0.165894132253344   0.191762855774919   -0.0281472649496497   0.00976039877004806   0
0.15507880855062   0.226813743413864   -0.0108153237027236   0.0350508876389444   0
0.161383897381115   0.209125467377696   0.00630508883049405   -0.0176882760361672   0
0.172574108084411   0.209878924432636   0.0111902107032966   0.000753457054939205   0
0.148431142396365   0.221122555153975   -0.0241429656880461   0.0112436307213388   0
0.166977143921616   0.224275268935348   0.0185460015252508   0.00315271378137311   0
0.194885436505784   0.186993832839856   0.0279082925841682   -0.0372814360954916   0
0.184989025774936   0.189981220141814   -0.00989641073084793   0.00298738730195827   0
0.159694614021591   0.22885859347329   -0.0252944117533452   0.0388773733314755   0
0.176371618051205   0.202434818637728   0.0166770040296137   -0.0264237748355613   0
0.190317859492613   0.198613879556043   0.0139462414414084   -0.00382093908168507   0
0.18469814165619   0.208420627540372   -0.00561971783642312   0.00980674798432871   0
0.160719052611475   0.206899877137645   -0.0239790890447151   -0.00152075040272731   0
0.2039857718663   0.225814858376442   0.0432667192548247   0.0189149812387971   0
0.206919089576312   0.215270030260421   0.0029333177100129   -0.0105448281160211   0
0.36097704031089   0.193604735076935   0.154057950734578   -0.0216652951834863   0
0.392504721114282   0.217240679153474   0.0315276808033915   0.0236359440765392   0
0.398764075872138   0.206384517415364   0.00625935475785611   -0.0108561617381102   0
0.190127601341441   0.186877830246187   -0.208636474530697   -0.019506687169177   0
0.15784191430748   0.191070222030468   -0.0322856870339608   0.00419239178428193   0
0.214262624709234   0.204067136849059   0.0564207104017534   0.0129969148185904   0
0.224602411415394   0.251691523544244   0.0103397867061604   0.0476243866951847   0
0.328363039711247   0.188290164450835   0.103760628295853   -0.0634013590934085   0
0.396621913476664   0.208113947869965   0.0682588737654165   0.01982378341913   0
0.235022658342893   0.210075197366419   -0.161599255133771   0.00196124949645421   0
0.263229832600258   0.188805438786969   0.0282071742573657   -0.02126975857945   0
0.351777791566281   0.18509455454386   0.088547958966023   -0.00371088424310914   0
0.442044486267943   0.203460444392817   0.0902666947016621   0.0183658898489567   0
0.424147939538565   0.202532709086144   -0.0178965467293786   -0.000927735306673144   0
0.264619962040452   0.227935927261917   -0.159527977498113   0.0254032181757735   0
0.28593451820485   0.200804881289082   0.021314556164399   -0.0271310459728346   0
0.213942335729631   0.18611027906801   -0.0719921824752199   -0.0146946022210727   0
0.226688326618289   0.216307847706689   0.0127459908886582   0.0301975686386788   0
0.193999775538762   0.212209338237034   -0.0326885510795269   -0.00409850946965443   0
0.195944966502663   0.224852222957101   0.00194519096390078   0.0126428847200671   0
0.196650365077577   0.222679489417526   0.000705398574914529   -0.00217273353957548   0
0.202186907261103   0.194302636465   0.00553654218352612   -0.0283768529525257   0
0.209744375551789   0.221761762500324   0.00755746829068588   0.0274591260353236   0
0.203578125801104   0.211327889507041   -0.00616624975068553   -0.010433872993283   0
0.283044149691899   0.206296146687838   0.0794660238907951   -0.00503174281920266   0
0.271351419996211   0.232644301803203   -0.011692729695688   0.0263481551153653   0
0.394506658241433   0.214289621683482   0.123155238245222   -0.018354680119721   0
0.283855619025007   0.206834132583334   -0.110651039216426   -0.00745548910014884   0
0.19528412743886   0.201086791389937   -0.0885714915861466   -0.00574734119339665   0
0.11961533105104   0.198482696359154   -0.0756687963878195   -0.00260409503078321   0
0.20402729146798   0.206235285093264   0.0844119604169394   0.00775258873411058   0
0.213790845330781   0.198734771646157   0.00976355386280131   -0.0075005134471077   0
0.200007497383073   0.206649784494202   -0.0137833479477081   0.00791501284804511   0
0.213349750146186   0.216614616682485   0.0133422527631129   0.00996483218828353   0
0.257297132182697   0.220004385788102   0.0439473820365105   0.00338976910561675   0
0.199553205775202   0.221234900043483   -0.0577439264074948   0.00123051425538123   0
0.315436905368066   0.21655774358413   0.115883699592865   -0.00467715645935274   0
0.190974072347531   0.184146980184987   -0.124462833020535   -0.0324107633991434   0
0.163054862513695   0.209149375382166   -0.0279192098338359   0.0250023951971785   0
0.161025290306958   0.207674822995591   -0.00202957220673741   -0.00147455238657465   0
0.163754153164775   0.208283353579925   0.00272886285781707   0.000608530584333966   0
0.19436891969887   0.25559428470674   0.0306147665340948   0.047310931126815   0
0.269096814387441   0.19089247813167   0.0747278946885712   -0.0647018065750701   0
0.193232571583894   0.221387632607379   -0.0758642428035463   0.0304951544757096   0
0.262068351748852   0.229310529222384   0.0688357801649575   0.007922896615005   0
0.251350038220799   0.229036968868019   -0.0107183135280534   -0.000273560354365182   0
0.330037329514819   0.19971164308948   0.0786872912940207   -0.0293253257785388   0
0.22052202251005   0.224483923335837   -0.109515307004769   0.0247722802463567   0
0.163610939904027   0.216402480824504   -0.0569110826060231   -0.00808144251133272   0
0.166211285968621   0.20985508383525   0.0026003460645945   -0.00654739698925394   0
0.200836691361494   0.254943303209263   0.0346254053928728   0.0450882193740121   0
0.256235604668195   0.204861853580041   0.0553989133067009   -0.0500814496292219   0
0.21475705108455   0.203171718325288   -0.041478553583645   -0.00169013525475306   0
0.241325248986195   0.226776104352399   0.0265681979016446   0.023604386027111   0
0.301480685034191   0.210013765200046   0.0601554360479961   -0.0167623391523528   0
0.275068786344064   0.215819599411175   -0.0264118986901267   0.00580583421112901   0
0.267329388274948   0.234236225907736   -0.00773939806911611   0.0184166264965613   0
0.338134660172661   0.221298525876812   0.0708052718977129   -0.0129377000309242   0
0.387307055897837   0.221584932320544   0.0491723957251757   0.000286406443731846   0
0.307880678360773   0.229560899225565   -0.0794263775370633   0.00797596690502117   0
0.276812978893621   0.227909919038751   -0.0310676994671528   -0.00165098018681403   0
0.245060523238566   0.194695734629704   -0.0317524556550541   -0.0332141844090472   0
0.201728882682742   0.213362632611711   -0.0433316405558242   0.0186668979820074   0
0.26046594402908   0.213810172232286   0.0587370613463381   0.000447539620575338   0
0.371759922817001   0.214611589271176   0.111293978787921   0.000801417038889696   0
0.319701906975783   0.241287724429259   -0.0520580158412182   0.0266761351580828   0
