0.0689592852003267   0.090485079280288   0   0   0
0.0548106778441938   0.085426989264342   -0.0141486073561329   -0.005058090015946   0
0.0404748037971773   0.0707913470081443   -0.0143358740470165   -0.0146356422561977   0
0.0416964020622883   0.0780317777210029   0.00122159826511098   0.00724043071285858   0
0.0481802027721968   0.0784129093342576   0.0064838007099085   0.00038113161325469   0
0.0707174509510913   0.123342491575045   0.0225372481788945   0.0449295822407872   0
0.036772348975555   0.0796372201008423   -0.0339451019755363   -0.0437052714742025   0
0.0324587131474493   0.0779494322757389   -0.00431363582810566   -0.00168778782510343   0
0.0381970906267742   0.0566456136111394   0.00573837747932485   -0.0213038186645995   0
0.028795384290523   0.0597880440089404   -0.00940170633625116   0.00314243039780106   0
0.0722754033198017   0.0361131942145111   0.0434800190292787   -0.0236748497944293   0
0.0456399023633925   0.0386124195418391   -0.0266355009564092   0.00249922532732799   0
0.0235308048638375   0.0338226267881059   -0.022109097499555   -0.00478979275373321   0
0.0561706987908287   0.0293821147538345   0.0326398939269911   -0.0044405120342714   0
0.0235440812794851   0.0154192583632012   -0.0326266175113436   -0.0139628563906333   0
0.0444294161186032   0.0275180861019262   0.0208853348391181   0.012098827738725   0
0.0269360507835132   0.0310077156809886   -0.0174933653350901   0.00348962957906236   0
0.0449446619648263   0.0176447683186299   0.0180086111813131   -0.0133629473623587   0
0.02674566307967   0.0209321740383673   -0.0181989988851563   0.00328740571973746   0
0.0289960314733327   0.0204950067184058   0.00225036839366273   -0.000437167319961521   0
0.012048423407598   0.00743185218894693   -0.0169476080657347   -0.0130631545294589   0
0.00829864991748784   0.0134780810349246   -0.00374977349011012   0.00604622884597771   0
0.0375947559515699   0.014941993989536   0.029296106034082   0.00146391295461137   0
0.0958263194455991   0.0266698265642092   0.0582315634940292   0.0117278325746732   0
0.0199752843184396   0.0193731546892214   -0.0758510351271594   -0.00729667187498785   0
0.0382455627648816   0.0200207453313432   0.018270278446442   0.000647590642121817   0
0.0763166192350002   0.0352735001833529   0.0380710564701186   0.0152527548520098   0
0.0382350553124538   0.023850151303975   -0.0380815639225464   -0.011423348879378   0
0.019810016929069   0.0235465917413752   -0.0184250383833848   -0.000303559562599767   0
0.0233050723040736   0.026583767260727   0.00349505537500465   0.00303717551935176   0
0.0371064700683048   0.022744659546837   0.0138013977642312   -0.00383910771388995   0
0.0186685102531643   0.0236963649401126   -0.0184379598151405   0.000951705393275618   0
0.0449302658222717   0.0236566866676639   0.0262617555691075   -3.96782724487871e-05   0
0.0591211294596949   0.0117227014958626   0.0141908636374231   -0.0119339851718012   0
0.0683088720426278   0.0141132474444226   0.00918774258293294   0.00239054594855993   0
0.0419656650444146   0.0121929431984324   -0.0263432069982132   -0.00192030424599012   0
0.0472799472631897   0.027801196195173   0.00531428221877513   0.0156082529967405   0
0.0529302855186896   0.0399598468036666   0.00565033825549987   0.0121586506084936   0
0.0416392756101736   0.0287475010981933   -0.0112910099085159   -0.0112123457054733   0
0.0398998637766599   0.0218266105840537   -0.00173941183351374   -0.00692089051413963   0
0.0661839587872318   0.0296630754224002   0.0262840950105719   0.00783646483834647   0
0.034770759420237   0.032454417214957   -0.0314131993669948   0.00279134179255689   0
0.0399616385866946   0.0306435801096886   0.00519087916645761   -0.00181083710526848   0
0.0202093033463823   0.0372131207164892   -0.0197523352403123   0.00656954060680067   0
0.0304417642830191   0.0247012416690948   0.0102324609366368   -0.0125118790473944   0
0.0310071722664096   0.0249957358690717   0.000565407983390446   0.000294494199976951   0
0.0433460767047031   0.0245127538039385   0.0123389044382935   -0.000482982065133274   0
0.0329943841764398   0.0281251730296011   -0.0103516925282633   0.00361241922566261   0
0.0316141575809004   0.0216334445317661   -0.00138022659553941   -0.00649172849783499   0
0.0290390249563394   0.0223290221074256   -0.00257513262456101   0.000695577575659485   0
0.0338655674316849   0.0423590058198375   0.00482654247534559   0.0200299837124119   0
0.0553054016930318   0.0234364000270063   0.0214398342613468   -0.0189226057928311   0
0.0420693496969575   0.0256742523265961   -0.0132360519960742   0.00223785229958976   0
0.033399418549641   0.0342304918318653   -0.00866993114731657   0.00855623950526925   0
0.0490133982230369   0.0359512707426747   0.015613979673396   0.00172077891080939   0
0.0867368149249787   0.0303977018971007   0.0377234167019417   -0.00555356884557402   0
0.0451329147324876   0.0124460359719481   -0.041603900192491   -0.0179516659251527   0
0.0349114346030423   0.0288605488803596   -0.0102214801294453   0.0164145129084115   0
0.034488010515785   0.00982655506579239   -0.000423424087257269   -0.0190339938145672   0
0.0347595521620763   0.0114168679813478   0.000271541646291208   0.00159031291555543   0
0.0411582686964466   0.0275670702539865   0.00639871653437039   0.0161502022726386   0
0.0436729979984899   0.0287732789993164   0.00251472930204322   0.00120620874532991   0
0.0580958390679574   0.0257808675118294   0.0144228410694675   -0.00299241148748697   0
0.0413802162684344   0.00985877306365376   -0.016715622799523   -0.0159220944481756   0
0.0319602457317743   0.0299292919907906   -0.00941997053666002   0.0200705189271368   0
0.0506286734432979   0.0260791950482204   0.0186684277115236   -0.00385009694257013   0
0.0398402762705029   0.0237763129754074   -0.010788397172795   -0.00230288207281306   0
0.0424258278305574   0.0408147661695188   0.00258555156005447   0.0170384531941115   0
0.0588522159730626   0.0236866512815763   0.0164263881425052   -0.0171281148879425   0
0.0590839226989035   0.00955238534638993   0.000231706725840899   -0.0141342659351864   0
0.0504908245174309   0.0150240405599027   -0.00859309818147258   0.00547165521351273   0
0.0535966357013717   0.00771187229734291   0.00310581118394086   -0.00731216826255974   0
0.0671064840358963   0.0135669777041941   0.0135098483345245   0.0058551054068512   0
0.047992966052979   0.0242430314726438   -0.0191135179829172   0.0106760537684497   0
0.0521935954754029   0.0121644042109766   0.00420062942242387   -0.0120786272616673   0
0.0422421133906544   0.0217794334645721   -0.00995148208474857   0.00961502925359555   0
0.0441388671989166   0.010402841275374   0.00189675380826229   -0.0113765921891981   0
0.0558543883402191   0.0354489246801327   0.0117155211413024   0.0250460834047587   0
0.053525837912171   0.0209183245015584   -0.00232855042804809   -0.0145306001785743   0
0.0975073414707324   0.0316398190390748   0.0439815035585614   0.0107214945375164   0
0.0696463809631082   0.043564270859071   -0.0278609605076242   0.0119244518199962   0
0.058936039333586   0.0340603196856331   -0.0107103416295222   -0.00950395117343786   0
0.058772518720641   0.0225138004772073   -0.000163520612945008   -0.0115465192084258   0
0.0554058961688194   0.0299950441948749   -0.0033666225518216   0.00748124371766762   0
0.0793257025658141   0.02401882192391   0.0239198063969946   -0.00597622227096492   0
0.0593226893451401   0.0190330946235104   -0.020003013220674   -0.00498572730039961   0
0.0678395048723824   0.0356817424230166   0.00851681552724233   0.0166486477995062   0
0.1019633228288   0.0426637313332147   0.0341238179564171   0.00698198891019812   0
0.108377105702404   0.0589541319231528   0.0064137828736042   0.0162904005899381   0
0.118994042851313   0.0395785958834128   0.0106169371489087   -0.01937553603974   0
0.122116490115217   0.0496472942075648   0.00312244726390491   0.010068698324152   0
0.115420177040379   0.015996475460342   -0.00669631307483813   -0.0336508187472228   0
0.103681957536208   0.0229564003014954   -0.0117382195041715   0.00695992484115341   0
0.0924320362710895   0.0321782139063839   -0.0112499212651183   0.00922181360488848   0
0.132798809960632   0.0483054304604306   0.0403667736895424   0.0161272165540467   0
0.133879286165896   0.0513843460957226   0.00108047620526466   0.00307891563529195   0
0.156274037660998   0.0391063933222242   0.0223947514951017   -0.0122779527734984   0
0.0986852358152551   0.042095593847872   -0.0575888018457431   0.00298920052564783   0
0.148016907136178   0.0535258571423466   0.0493316713209231   0.0114302632944746   0
0.080439579571502   0.0726695441587508   -0.0675773275646762   0.0191436870164041   0
0.115543904370633   0.0735378030894655   0.0351043247991311   0.000868258930714724   0
0.155446254641435   0.0703198515668584   0.0399023502708024   -0.00321795152260707   0
0.198187445565911   0.138995073470474   0.0427411909244755   0.0686752219036157   0
0.286931677887699   0.177864937287229   0.0887442323217876   0.0388698638167551   0
0.204930651582358   0.203033733471959   -0.08200102630534   0.0251687961847298   0
0.170111466076952   0.131825093594173   -0.0348191855054065   -0.0712086398777859   0
0.177250743753024   0.111833098480168   0.0071392776760715   -0.0199919951140049   0
0.162147927296312   0.0957978888288385   -0.0151028164567118   -0.0160352096513297   0
0.174766146756888   0.0971702723836102   0.0126182194605759   0.00137238355477169   0
0.154762049966715   0.108462540469337   -0.0200040967901727   0.0112922680857265   0
0.16824525850686   0.11622955904059   0.0134832085401446   0.00776701857125331   0
0.150686162503728   0.1205391806826   -0.0175590960031313   0.00430962164201001   0
0.160760962685784   0.120979616451492   0.0100748001820556   0.000440435768891509   0
0.160091855514764   0.132381300211293   -0.000669107171020117   0.0114016837598015   0
0.134147073024535   0.131236970088443   -0.0259447824902285   -0.00114433012284959   0
0.158120648032602   0.117424777551982   0.0239735750080667   -0.0138121925364613   0
0.136948957871354   0.125626298954449   -0.0211716901612476   0.0082015214024664   0
0.129966363338019   0.135152807784457   -0.00698259453333527   0.00952650883000886   0
0.128997852416736   0.136789263136908   -0.000968510921283111   0.00163645535245041   0
0.163117296853645   0.132735884323767   0.0341194444369086   -0.00405337881314069   0
0.170441269432641   0.160149899498876   0.00732397257899609   0.0274140151751086   0
0.223784824324193   0.161940108921022   0.0533435548915525   0.00179020942214633   0
0.198030322689279   0.150381972134761   -0.0257545016349141   -0.0115581367862612   0
0.156979917479944   0.157091802880839   -0.0410504052093352   0.00670983074607848   0
0.235658077829745   0.157034647535512   0.0786781603498008   -5.71553453272977e-05   0
0.217781010193359   0.163319188860043   -0.0178770676363856   0.00628454132453127   0
0.214558270362645   0.15807378149426   -0.00322273983071386   -0.00524540736578347   0
0.211044499952593   0.161788522473444   -0.0035137704100523   0.00371474097918387   0
0.224310798526865   0.165096224937012   0.0132662985742724   0.00330770246356796   0
0.217910773313873   0.166744966937806   -0.00640002521299271   0.00164874200079429   0
0.218277862566065   0.155218416159971   0.000367089252192421   -0.0115265507778348   0
0.239837555192447   0.16626425255775   0.0215596926263818   0.0110458363977786   0
0.251873470347236   0.179062851372283   0.0120359151547892   0.0127985988145329   0
0.271649420613113   0.184439314436273   0.019775950265877   0.00537646306399056   0
0.24891024935878   0.165674322071461   -0.0227391712543332   -0.0187649923648126   0
0.268800257386856   0.142827623139083   0.0198900080280761   -0.0228466989323775   0
0.250443880779707   0.148276618781831   -0.0183563766071492   0.00544899564274795   0
0.219360900413907   0.145263187873907   -0.0310829803657999   -0.00301343090792422   0
0.213844028100483   0.158944295638763   -0.00551687231342426   0.013681107764856   0
0.269833538213173   0.164776688292132   0.0559895101126906   0.00583239265336921   0
0.242142004998389   0.161995671665943   -0.0276915332147839   -0.00278101662618926   0
0.262327573494362   0.151806150263461   0.0201855684959729   -0.0101895214024819   0
0.228820701222879   0.141344065661819   -0.0335068722714833   -0.0104620846016423   0
0.213593890193353   0.0908982887644206   -0.0152268110295262   -0.050445776897398   0
0.259384907339272   0.0936785063459196   0.0457910171459188   0.00278021758149898   0
0.237646589970406   0.0857718724388129   -0.0217383173688651   -0.00790663390710666   0
0.230524200943437   0.13473246112541   -0.00712238902696971   0.0489605886865966   0
0.238867817359832   0.116171037013319   0.00834361641639514   -0.0185614241120903   0
0.232643625490255   0.110115982585   -0.0062241918695769   -0.0060550544283194   0
0.246045469931718   0.0963274814150277   0.0134018444414631   -0.0137885011699722   0
0.249841984032356   0.131878568436081   0.00379651410063805   0.035551087021053   0
0.253292807612093   0.124706279077238   0.00345082357973711   -0.0071722893588425   0
0.232793669456718   0.131836018060544   -0.0204991381553755   0.00712973898330559   0
0.257459512418867   0.126071850123946   0.0246658429621495   -0.00576416793659781   0
0.249522209259128   0.123413807253291   -0.00793730315973923   -0.00265804287065474   0
0.252671458640346   0.122183413016047   0.00314924938121774   -0.00123039423724385   0
0.258833706672049   0.130971887676325   0.00616224803170279   0.00878847466027809   0
0.282496739623239   0.137098566269856   0.0236630329511904   0.00612667859353025   0
0.24956645423434   0.142657360946605   -0.032930285388899   0.00555879467674958   0
0.209579092760347   0.121497911539705   -0.0399873614739933   -0.0211594494069001   0
0.254458201899841   0.141918906436916   0.044879109139494   0.0204209948972105   0
0.289285483970437   0.182707704031603   0.0348272820705963   0.0407887975946878   0
0.288335479467651   0.164978393812864   -0.000950004502786317   -0.0177293102187392   0
0.258833446546017   0.154133816776203   -0.0295020329216334   -0.0108445770366616   0
0.286124330151744   0.14867931112617   0.0272908836057265   -0.00545450565003247   0
0.277149438231958   0.172896196430835   -0.00897489191978562   0.0242168853046652   0
0.28697161226198   0.182270017847835   0.00982217403002145   0.00937382141699941   0
0.268487770896851   0.164698421479989   -0.0184838413651286   -0.0175715963678461   0
0.2587248183174   0.164589132482221   -0.00976295257945115   -0.000109288997767992   0
0.299371035665376   0.18689366068302   0.0406462173479764   0.0223045282007998   0
0.322749308123131   0.205022941643734   0.0233782724577551   0.0181292809607136   0
0.32204956283535   0.201838638591574   -0.000699745287781439   -0.00318430305216019   0
0.299739564525606   0.205068065178979   -0.0223099983097438   0.00322942658740513   0
0.299807634307467   0.200092996940173   6.80697818610798e-05   -0.00497506823880625   0
0.304973357833451   0.195426285147367   0.00516572352598355   -0.00466671179280581   0
0.325776005064231   0.192335543886849   0.0208026472307805   -0.00309074126051803   0
0.314374223765817   0.186165270572951   -0.0114017812984142   -0.00617027331389811   0
0.337297210478074   0.203687892316897   0.0229229867122567   0.0175226217439466   0
0.296501415350753   0.193523295166887   -0.0407957951273203   -0.0101645971500106   0
0.32970394684967   0.231856145349331   0.0332025314989166   0.0383328501824439   0
0.409951556402754   0.236510513553309   0.0802476095530836   0.0046543682039783   0
0.379887105394234   0.247282262635232   -0.0300644510085194   0.0107717490819232   0
0.347286997940162   0.231214006000394   -0.0326001074540723   -0.0160682566348388   0
0.385976720056132   0.23670905431035   0.0386897221159705   0.00549504830995601   0
0.384813780327433   0.257301725705931   -0.00116293972869919   0.0205926713955812   0
0.398824275964252   0.267165789983486   0.0140104956368191   0.00986406427755504   0
0.391311293489276   0.24502028661215   -0.00751298247497667   -0.0221455033713361   0
0.369368900478911   0.248456602331272   -0.0219423930103642   0.00343631571912259   0
0.429527929922013   0.246840460743878   0.060159029443102   -0.00161614158739429   0
0.406649756699989   0.269174264747765   -0.0228781732220247   0.0223338040038872   0
0.432491647915841   0.259775964133039   0.0258418912158526   -0.00939830061472613   0
0.388577979202695   0.248586422391691   -0.0439136687131463   -0.0111895417413485   0
0.425215537358361   0.275831527968613   0.0366375581556664   0.0272451055769229   0
0.453043554676689   0.288908622017845   0.0278280173183276   0.0130770940492315   0
0.432409433233319   0.286145487273083   -0.0206341214433701   -0.00276313474476214   0
0.390403470877296   0.28823602539759   -0.0420059623560224   0.00209053812450694   0
0.37551783675028   0.340854466626521   -0.0148856341270163   0.0526184412289311   0
0.411929850713881   0.311960873837473   0.0364120139636005   -0.0288935927890474   0
0.39439604068805   0.315473394423302   -0.0175338100258305   0.00351252058582813   0
0.379012777479863   0.342706371284822   -0.0153832632081872   0.02723297686152   0
0.375743652881855   0.334886903620401   -0.00326912459800777   -0.00781946766442021   0
0.387873340300671   0.318811816813947   0.0121296874188158   -0.016075086806454   0
0.469912125481988   0.353726781605874   0.0820387851813176   0.034914964791927   0
0.400513795738674   0.33978690537609   -0.0693983297433148   -0.0139398762297844   0
0.42394805400248   0.349325724639057   0.0234342582638066   0.00953881926296724   0
0.444517218121424   0.358788622523917   0.020569164118944   0.00946289788485999   0
0.451265763434409   0.355200658961861   0.00674854531298458   -0.00358796356205671   0
0.429406780824616   0.351382988045252   -0.0218589826097927   -0.00381767091660817   0
0.446970550960754   0.370098179291458   0.0175637701361379   0.018715191246206   0
0.436198673863974   0.369108824648301   -0.0107718770967796   -0.000989354643157692   0
0.529875056697331   0.43086029424477   0.0936763828333568   0.0617514695964695   0
0.52405956286094   0.410047235168706   -0.00581549383639079   -0.0208130590760643   0
0.575901164142772   0.415316912942996   0.0518416012818315   0.00526967777428999   0
0.547759572409283   0.424519579564877   -0.0281415917334894   0.00920266662188124   0
0.59015934899737   0.419679993397127   0.0423997765880878   -0.00483958616775026   0
0.53770274958289   0.426805429698604   -0.0524565994144804   0.00712543630147716   0
0.529360149034662   0.431469692997909   -0.00834260054822755   0.00466426329930519   0
0.550063854119683   0.445440085751226   0.0207037050850208   0.0139703927533172   0
0.532015904429557   0.451809200184337   -0.0180479496901257   0.00636911443311017   0
0.546671220029919   0.445632370644585   0.0146553156003615   -0.00617682953975202   0
0.593953839355383   0.434523993264469   0.047282619325464   -0.011108377380116   0
0.463112724866204   0.390311631383501   -0.130841114489179   -0.0442123618809676   0
0.456711132924303   0.402819265179944   -0.00640159194190099   0.0125076337964429   0
0.487938080604496   0.407006308555826   0.0312269476801936   0.00418704337588177   0
0.462810529859682   0.395004314140669   -0.0251275507448139   -0.0120019944151571   0
0.466275966923023   0.438402102896542   0.00346543706334046   0.0433977887558731   0
0.54353121565371   0.436378874315268   0.0772552487306872   -0.00202322858127418   0
0.532937182651952   0.442953848335253   -0.0105940330017581   0.00657497401998514   0
0.51331397424286   0.412926881393365   -0.0196232084090916   -0.0300269669418878   0
0.504813197849462   0.430007508713511   -0.00850077639339841   0.0170806273201458   0
0.508642381453807   0.441037527378907   0.00382918360434481   0.0110300186653963   0
0.543176545282471   0.402654658905743   0.0345341638286639   -0.0383828684731641   0
0.516855038687832   0.433159096908399   -0.0263215065946391   0.0305044380026565   0
0.510317136335828   0.42883588353763   -0.0065379023520038   -0.00432321337076902   0
0.546520470375081   0.418306481487557   0.0362033340392534   -0.0105294020500731   0
0.489293247804422   0.382753550795091   -0.0572272225706588   -0.0355529306924665   0
0.459636602304473   0.344027285110862   -0.0296566454999498   -0.0387262656842292   0
0.421450507796586   0.329919894941545   -0.0381860945078869   -0.0141073901693167   0
0.480637518558425   0.356512733434389   0.0591870107618389   0.0265928384928446   0
0.454634647664474   0.36724229237453   -0.026002870893951   0.010729558940141   0
0.433345464807237   0.374155052463548   -0.021289182857237   0.00691276008901714   0
0.447477498632054   0.398750247991459   0.0141320338248175   0.0245951955279114   0
0.438537770839639   0.383680094959329   -0.00893972779241492   -0.0150701530321296   0
0.47210783528766   0.386365395925282   0.0335700644480204   0.00268530096595276   0
0.454837529434412   0.370931820453908   -0.0172703058532472   -0.0154335754713744   0
0.496771629908553   0.407892323941319   0.0419341004741402   0.0369605034874114   0
0.464706343250229   0.407996300873243   -0.0320652866583232   0.000103976931924155   0
0.496959096314777   0.389706147406286   0.0322527530645478   -0.0182901534669571   0
0.438762595736008   0.407754369369321   -0.0581965005787688   0.0180482219630347   0
0.471151876340316   0.417113575849852   0.0323892806043071   0.00935920648053085   0
