0.0936494299400162   0.0512545436187125   0   0   0
0.0535383843434783   0.0347641426526313   -0.0401110455965379   -0.0164904009660812   0
0.0460788384036179   0.0301609154074027   -0.00745954593986041   -0.00460322724522864   0
0.0310083543101162   0.0362710808019971   -0.0150704840935017   0.00611016539459439   0
0.0551905501955724   0.0486853254396281   0.0241821958854563   0.012414244637631   0
0.0761128353438499   0.0488902803201181   0.0209222851482774   0.000204954880489966   0
0.0657889916872116   0.0349271553272307   -0.0103238436566382   -0.0139631249928874   0
0.0586525628440054   0.0341632561423088   -0.00713642884320626   -0.000763899184921903   0
0.0722001620317434   0.0406587665123329   0.013547599187738   0.00649551037002406   0
0.0803064194889798   0.0459448647468466   0.00810625745723645   0.00528609823451372   0
0.0803030223771185   0.020434780103111   -3.39711186130021e-06   -0.0255100846437356   0
0.0361350197516205   0.0208221200611399   -0.0441680026254981   0.000387339958028938   0
0.0419862268792994   0.0266748769364546   0.00585120712767891   0.00585275687531473   0
0.0417937116884825   0.0279105615730856   -0.000192515190816853   0.00123568463663092   0
0.0395909888753741   0.0161874619961979   -0.00220272281310836   -0.0117230995768877   0
0.0307751805655531   0.0187651081898027   -0.008815808309821   0.00257764619360483   0
0.0452577104860553   0.0112099774546584   0.0144825299205022   -0.00755513073514427   0
0.0452585667992315   0.0154581731079387   8.56313176207657e-07   0.00424819565328031   0
0.0614327165068044   0.0019528628197296   0.0161741497075729   -0.0135053102882091   0
0.0123978251949364   0.00904745302458791   -0.049034891311868   0.00709459020485831   0
0.00571635525694336   0.0105809168956062   -0.00668146993799305   0.0015334638710183   0
0.0247594606775854   0.0110517548646686   0.0190431054206421   0.000470837969062339   0
0.0192620583556628   0.0165907816034568   -0.00549740232192259   0.00553902673878823   0
0.0203869286780378   0.0165907816034568   0.00112487032237495   0   0
0.0200902122616089   0.0128718054001856   -0.000296716416428908   -0.00371897620327117   0
0.0261800192979302   0.000859750007177813   0.00608980703632135   -0.0120120553930078   0
0.0262313349300571   0.0188095690655714   5.13156321269061e-05   0.0179498190583936   0
0.00408636321193565   0.0204888189826671   -0.0221449717181215   0.00167924991709572   0
0.0119567288070109   0.0128840345936483   0.00787036559507524   -0.00760478438901885   0
0.0258424455459142   0.0269245237209964   0.0138857167389033   0.0140404891273482   0
0.0473115157423053   0.0288152748471922   0.0214690701963911   0.00189075112619572   0
0.0152115358876479   0.0253128318213416   -0.0320999798546574   -0.00350244302585053   0
0.0144146318861079   0.0265698801629599   -0.000796904001539955   0.00125704834161827   0
0.052791179280036   0.0345887533764665   0.038376547393928   0.00801887321350664   0
0.0364241078152918   0.0347827845081159   -0.0163670714647442   0.000194031131649328   0
0.0118290107120756   0.0422826871475256   -0.0245950971032162   0.00749990263940972   0
0.0095998711651418   0.024357963383871   -0.00222913954693383   -0.0179247237636546   0
0.051889621215904   0.0358742030597967   0.0422897500507622   0.0115162396759257   0
0.0468286603012738   0.0384521492501069   -0.00506096091463021   0.00257794619031027   0
0.0409143569270299   0.0370231720679766   -0.00591430337424394   -0.00142897718213038   0
0.0166463978175039   0.0358742030597967   -0.024267959109526   -0.00114896900817989   0
0.0693647679110404   0.0331877529578763   0.0527183700935364   -0.0026864501019204   0
0.0513814350494417   0.0362838180651513   -0.0179833328615987   0.00309606510727504   0
0.0114719425058052   0.0450811034288539   -0.0399094925436365   0.00879728536370261   0
0.023313523379009   0.0555013920240117   0.0118415808732038   0.0104202885951577   0
0.0163034678237147   0.0476358337427091   -0.00701005555529433   -0.00786555828130255   0
0.0480416861428957   0.0573535903224462   0.031738218319181   0.00971775657973712   0
0.0417192798319722   0.0523627867345028   -0.00632240631092356   -0.00499080358794341   0
0.0472235842648999   0.0484907081269755   0.00550430443292772   -0.00387207860752736   0
0.0863515818882897   0.0276654624683015   0.0391279976233898   -0.020825245658674   0
0.0858679076725408   0.0342582419952196   -0.000483674215748839   0.00659277952691804   0
0.0633420946757084   0.0232413613404104   -0.0225258129968325   -0.0110168806548091   0
0.0753975023439769   0.0450882744892173   0.0120554076682685   0.0218469131488068   0
0.0790496142703309   0.0453827053711268   0.00365211192635401   0.000294430881909523   0
0.0904851359717075   0.0555013920240117   0.0114355217013766   0.0101186866528849   0
0.0690404103070195   0.0490799258146597   -0.0214447256646881   -0.00642146620935196   0
0.0561638226667986   0.041634282540457   -0.0128765876402209   -0.00744564327420275   0
0.0504112050707618   0.0517898634015866   -0.00575261759603679   0.0101555808611297   0
0.0792683934818311   0.0469609880779166   0.0288571884110693   -0.00482887532367002   0
0.026353997340231   0.0458000081317736   -0.0529143961416001   -0.00116097994614304   0
0.0175995695109909   0.0556921665753562   -0.00875442782924007   0.00989215844358268   0
0.0557654345311681   0.0314466097164388   0.0381658650201773   -0.0242455568589174   0
0.0715454711064991   0.041770000863036   0.015780036575331   0.0103233911465971   0
0.0708035901692139   0.0418744385475259   -0.00074188093728525   0.000104437684489971   0
0.0696298787598399   0.0420974315251896   -0.00117371140937401   0.000222992977663657   0
0.0825233532846309   0.0479759720761396   0.012893474524791   0.00587854055095   0
0.087443092976461   0.0440914009916959   0.00491973969183009   -0.00388457108444365   0
0.0723324182273066   0.0324772821915647   -0.0151106747491544   -0.0116141188001312   0
0.0827506728568415   0.0486818534521848   0.0104182546295348   0.0162045712606201   0
0.070128535851107   0.0471791417336093   -0.0126221370057345   -0.00150271171857548   0
0.058339099976688   0.040482957991172   -0.011789435874419   -0.00669618374243731   0
0.0364842897255805   0.0589699620063124   -0.0218548102511075   0.0184870040151404   0
0.0873004276212895   0.0559150512525921   0.0508161378957089   -0.00305491075372032   0
0.0812313281495779   0.0570875489444283   -0.00606909947171161   0.00117249769183624   0
0.062809902004063   0.0562400038557965   -0.0184214261455148   -0.000847545088631878   0
0.0600609732256313   0.0562400038557965   -0.00274892877843171   0   0
0.128355979832262   0.0531883444158586   0.0682950066066305   -0.00305165943993783   0
0.0833146984819605   0.0566946496327475   -0.0450412813503013   0.00350630521688892   0
0.0430788127869142   0.056235528855542   -0.0402358856950464   -0.000459120777205523   0
0.0669275198459498   0.0713565656105309   0.0238487070590356   0.0151210367549889   0
0.0675611786923526   0.0554785118549705   0.000633658846402846   -0.0158780537555604   0
0.0872431134307459   0.0566946496327475   0.0196819347383933   0.00121613777777706   0
0.0790875852949753   0.0505579453880396   -0.00815552813577058   -0.0061367042447079   0
0.0567905323470383   0.0595726626977509   -0.0222970529479371   0.00901471730971124   0
0.0721852622372462   0.0582590819955353   0.0153947298902079   -0.00131358070221563   0
0.0545136350594051   0.0536339735373252   -0.0176716271778411   -0.00462510845821006   0
0.0467502033251194   0.0584057097915307   -0.00776343173428574   0.00477173625420545   0
0.0429636520037578   0.06527048076198   -0.00378655132136157   0.00686477097044932   0
0.0664834799884904   0.0702399721732576   0.0235198279847326   0.0049694914112776   0
0.0806479708067723   0.0658171737615837   0.0141644908182819   -0.00442279841167389   0
0.0660984709832989   0.0620590054877614   -0.0145494998234735   -0.00375816827382229   0
0.0911881038724899   0.0609426761673624   0.025089632889191   -0.00111632932039902   0
0.0522896719074618   0.0804533786840553   -0.0388984319650281   0.0195107025166929   0
0.0426413695133025   0.0687588882348357   -0.00964830239415935   -0.0116944904492196   0
0.0461586410538699   0.0681197877428901   0.00351727154056741   -0.000639100491945571   0
0.0613023293294798   0.0753723198141234   0.0151436882756099   0.00725253207123326   0
0.0629856894313303   0.0672652768089153   0.00168336010185054   -0.00810704300520808   0
0.0496368322442116   0.0719570154552702   -0.0133488571871188   0.00469173864635493   0
0.0519965082906535   0.078703443296974   0.00235967604644196   0.00674642784170375   0
0.0607354535838829   0.0675908008640229   0.00873894529322942   -0.0111126424329511   0
0.0727032717111135   0.0527037244904475   0.0119678181272306   -0.0148870763735754   0
0.0584136914034073   0.0670122589574661   -0.0142895803077062   0.0143085344670186   0
0.0704488224817136   0.0548826539259446   0.0120351310783063   -0.0121296050315216   0
0.0298235516574804   0.0713142791906537   -0.0406252708242333   0.0164316252647091   0
0.04951032569293   0.0721136678047234   0.0196867740354496   0.000799388614069724   0
0.0955006335772177   0.0786747636943544   0.0459903078842877   0.00656109588963097   0
0.105422440531464   0.0781098151542103   0.00992180695424602   -0.000564948540144078   0
0.0631729226324855   0.107279227297798   -0.0422495178989782   0.0291694121435872   0
0.0967132334965593   0.0988501870628604   0.0335403108640738   -0.00842904023493708   0
0.0826827242336027   0.0886911781090008   -0.0140305092629566   -0.0101590089538597   0
0.0821231604555621   0.0920107423598598   -0.000559563778040631   0.00331956425085904   0
0.100294498454302   0.0881451690539107   0.0181713379987399   -0.0038655733059491   0
0.0561560353583655   0.0867588342684046   -0.0441384630959365   -0.00138633478550614   0
0.0656875590705729   0.0872835830715605   0.00953152371220734   0.000524748803155908   0
0.0616572713642925   0.0585005975690847   -0.0040302877062804   -0.0287829855024758   0
0.0982911157180017   0.0611195809880516   0.0366338443537092   0.0026189834189669   0
0.0620362816551323   0.0809646649660362   -0.0362548340628694   0.0198450839779846   0
0.0879531441658569   0.0590481906142136   0.0259168625107246   -0.0219164743518227   0
0.0742495155387562   0.0841224607471908   -0.0137036286271007   0.0250742701329772   0
0.0618341111705578   0.0747344375432103   -0.0124154043681984   -0.00938802320398051   0
0.0337117496128724   0.073794229556924   -0.0281223615576854   -0.000940207986286246   0
0.0566756829423343   0.0745137643089013   0.0229639333294619   0.000719534751977308   0
0.0601512572053985   0.0743065932886512   0.00347557426306419   -0.000207171020250127   0
0.0815758630150488   0.0720835485731661   0.0214246058096503   -0.0022230447154851   0
0.0523575433397376   0.0694039184510759   -0.0292183196753112   -0.00267963012209019   0
0.033125943565316   0.0797427191003198   -0.0192315997744216   0.0103388006492438   0
0.0420995039508781   0.0836971411377653   0.0089735603855621   0.0039544220374455   0
0.0602322750520018   0.0751151535477363   0.0181327711011237   -0.00858198759002897   0
0.0689481925121319   0.0845787118999515   0.00871591746013009   0.00946355835221523   0
0.0876035282479536   0.0686208162133947   0.0186553357358217   -0.0159578956865568   0
0.0754230989005358   0.0883174718814743   -0.0121804293474178   0.0196966556680795   0
0.0715237710253731   0.0946825162776766   -0.00389932787516267   0.00636504439620236   0
0.0481947171255315   0.076972067858672   -0.0233290538998416   -0.0177104484190047   0
0.0882498134922109   0.0648064062164382   0.0400550963666794   -0.0121656616422337   0
0.0704537470328584   0.0620676474235169   -0.0177960664593525   -0.00273875879292134   0
0.0530800847606341   0.0743541600534227   -0.0173736622722243   0.0122865126299058   0
0.0455990874391846   0.0936444141935465   -0.00748099732144953   0.0192902541401238   0
0.0377386492366235   0.0902579164785561   -0.00786043820256111   -0.00338649771499047   0
0.0400938051071783   0.0850867558067206   0.00235515587055488   -0.00517116067183546   0
0.0336758346816363   0.0860862443568803   -0.00641797042554201   0.000999488550159675   0
0.0265238829883258   0.0951922427624883   -0.0071519516933105   0.009105998405608   0
0.0777631144138402   0.0865240683911852   0.0512392314255144   -0.00866817437130304   0
0.094287266517489   0.082787763471376   0.0165241521036488   -0.00373630491980922   0
0.0623651003395329   0.104452368016778   -0.0319221661779561   0.0216646045454024   0
0.0390652762251862   0.100331217881986   -0.0232998241143466   -0.0041211501347926   0
0.0334993772088378   0.10221778335022   -0.00556589901634844   0.00188656546823418   0
0.0254288822394222   0.104452368016778   -0.00807049496941561   0.00223458466655842   0
0.029427179683585   0.107635496273592   0.00399829744416287   0.00318312825681394   0
0.0683903536827241   0.104452368016778   0.0389631739991391   -0.00318312825681394   0
0.0839930485276609   0.105046062871842   0.0156026948449368   0.00059369485506372   0
0.0750575330248071   0.107363301309025   -0.00893551550285385   0.002317238437183   0
0.089255578532717   0.110642109025915   0.0141980455079099   0.00327880771689008   0
0.0396895456922853   0.108545171069249   -0.0495660328404317   -0.00209693795666629   0
0.0427784723677693   0.105961527648966   0.00308892667548401   -0.00258364342028328   0
0.0547202242522817   0.104503501492797   0.0119417518845124   -0.00145802615616869   0
0.0317834775244938   0.0960475544936596   -0.022936746727788   -0.00845594699913733   0
0.0555992563106201   0.111409798337545   0.0238157787861263   0.0153622438438857   0
0.0677113130803118   0.101432629356694   0.0121120567696917   -0.00997716898085108   0
0.0638008851534051   0.0850936938559785   -0.00391042792690668   -0.0163389355007156   0
0.0796996736869104   0.106493966578875   0.0158987885335053   0.0214002727228962   0
0.0851246585453357   0.0995616269375531   0.00542498485842531   -0.00693233964132167   0
0.0947954124063501   0.118058875385165   0.00967075386101439   0.0184972484476122   0
0.0420470505034539   0.104333495880961   -0.0527483619028963   -0.0137253795042044   0
0.0543372720750683   0.113948999649854   0.0122902215716145   0.00961550376889336   0
0.07271961257182   0.114395590956339   0.0183823404967517   0.000446591306484542   0
0.0597173867202476   0.114464195974593   -0.0130022258515724   6.86050182539671e-05   0
0.0290558801518729   0.102928443542164   -0.0306615065683747   -0.0115357524324286   0
0.0631041921727867   0.115595872708544   0.0340483120209139   0.0126674291663801   0
0.0946120051907262   0.0816702719232188   0.0315078130179394   -0.0339256007853256   0
0.0849400893557924   0.109452432077604   -0.00967191583493378   0.0277821601543851   0
0.0746836233538518   0.120792013541676   -0.0102564660019406   0.0113395814640723   0
0.0849392552744018   0.109835491271037   0.01025563192055   -0.0109565222706395   0
0.0650252401012099   0.127533517811985   -0.0199140151731919   0.0176980265409486   0
0.0418166018220037   0.128795409500698   -0.0232086382792063   0.00126189168871257   0
0.0437708705960939   0.129784615055878   0.00195426877409027   0.000989205555180256   0
0.0609453146793911   0.126370163799649   0.0171744440832971   -0.00341445125622972   0
0.043523708795553   0.127931427423053   -0.017421605883838   0.00156126362340495   0
0.0319969793502449   0.115475684676266   -0.0115267294453081   -0.0124557427467871   0
0.0242559799872712   0.125538363261993   -0.00774099936297374   0.0100626785857262   0
0.049751696223345   0.103032429798195   0.0254957162360738   -0.0225059334637975   0
0.0418202702546265   0.110135829855014   -0.00793142596871847   0.0071034000568185   0
0.0835227603549499   0.120115359862311   0.0417024901003234   0.00997953000729754   0
0.0643509121189436   0.0989387701654538   -0.0191718482360064   -0.0211765896968573   0
0.0419219518318267   0.122250703063418   -0.0224289602871169   0.0233119328979642   0
0.0529880449649626   0.130058060983355   0.0110660931331359   0.00780735791993668   0
0.0583948413014848   0.118469656091929   0.00540679633652222   -0.0115884048914254   0
0.0665519753054708   0.129518591770796   0.00815713400398601   0.0110489356788663   0
0.067908170991126   0.134378740790722   0.00135619568565512   0.00486014901992624   0
0.0551084237958227   0.12854258160455   -0.0127997471953032   -0.00583615918617142   0
0.0510166479719121   0.133952745502808   -0.00409177582391065   0.00541016389825741   0
0.0632778926166951   0.13986351688893   0.0122612446447831   0.00591077138612214   0
0.0381849622018616   0.128840573041463   -0.0250929304148335   -0.0110229438474672   0
0.0464673299650034   0.135750450964039   0.00828236776314175   0.00690987792257639   0
0.0484677095997944   0.120668310979934   0.00200037963479101   -0.0150821399841054   0
0.0378325062106649   0.12209826504398   -0.0106352033891295   0.00142995406404632   0
0.0247858958177831   0.128943113490989   -0.0130466103928818   0.00684484844700869   0
0.0829264674870002   0.141297750723286   0.058140571669217   0.0123546372322977   0
0.0599739971037691   0.14580208774126   -0.0229524703832311   0.00450433701797326   0
0.0953275011147932   0.137770510347498   0.0353535040110241   -0.0080315773937619   0
0.0761360707486169   0.140788313649651   -0.0191914303661763   0.00301780330215315   0
0.103491662642746   0.145786095750975   0.0273555918941293   0.00499778210132421   0
0.079747123395957   0.136282031887773   -0.0237445392467892   -0.00950406386320207   0
0.073033737310506   0.154664235057947   -0.00671338608545102   0.0183822031701743   0
0.0593975142541336   0.155931946219208   -0.0136362230563725   0.00126771116126068   0
0.0718241368033929   0.153436182500934   0.0124266225492593   -0.00249576371827384   0
0.0697807657206741   0.166722049184294   -0.00204337108271885   0.0132858666833593   0
0.0804598430432225   0.154830321010486   0.0106790773225485   -0.011891728173808   0
0.0361968284338559   0.155865158908943   -0.0442630146093666   0.00103483789845726   0
0.0313163806264389   0.152411013072251   -0.00488044780741698   -0.00345414583669137   0
0.0699170676344689   0.136148597053771   0.03860068700803   -0.0162624160184808   0
0.0452400472217415   0.141155093686732   -0.0246770204127274   0.00500649663296104   0
0.0584843578628064   0.161882446140587   0.0132443106410649   0.0207273524538552   0
0.10027501396484   0.15551744733091   0.0417906561020339   -0.00636499880967642   0
0.0525614072530645   0.168050858584723   -0.0477136067117757   0.0125334112538124   0
0.0403336085138994   0.166138329642169   -0.0122277987391651   -0.00191252894255381   0
0.0268937376163746   0.174375462364269   -0.0134398708975249   0.00823713272209978   0
0.0183056612474721   0.175128652277718   -0.00858807636890251   0.000753189913449637   0
0.0503174204908535   0.183003274086019   0.0320117592433815   0.00787462180830034   0
0.0706357692076798   0.175469246667016   0.0203183487168262   -0.00753402741900303   0
0.0703310364295465   0.162711273968647   -0.00030473277813324   -0.012757972698369   0
0.0536770819733012   0.171468278069742   -0.0166539544562453   0.00875700410109573   0
0.0719474670614915   0.168138834459056   0.0182703850881902   -0.00332944361068593   0
0.0670852346779744   0.174367260849629   -0.00486223238351707   0.00622842639057233   0
0.0598685730650639   0.164749371825669   -0.00721666161291046   -0.00961788902395994   0
0.0744050103772085   0.179953499475621   0.0145364373121445   0.0152041276499526   0
0.0554431570684796   0.161453340438468   -0.0189618533087289   -0.018500159037153   0
0.0489869338833336   0.187314931478706   -0.00645622318514598   0.025861591040238   0
0.0641218128764432   0.185745550314678   0.0151348789931096   -0.00156938116402866   0
0.0783437867384543   0.183497936647044   0.014221973862011   -0.00224761366763401   0
0.0616884010491794   0.1782599298432   -0.0166553856892748   -0.00523800680384401   0
0.0911502059844458   0.191036998085214   0.0294618049352664   0.0127770682420141   0
0.0992597845294362   0.176376138097257   0.00810957854499036   -0.0146608599879573   0
0.0725119271493842   0.194856438585334   -0.026747857380052   0.0184803004880774   0
0.0729146834401172   0.220020704955375   0.00040275629073297   0.0251642663700407   0
0.0657178716922573   0.193469720561539   -0.00719681174785984   -0.0265509843938355   0
0.0730649290805438   0.213737988766995   0.00734705738828648   0.0202682682054557   0
0.0941007172602106   0.218106815270431   0.0210357881796668   0.00436882650343642   0
0.0741815200752856   0.219255668086939   -0.019919197184925   0.00114885281650787   0
0.0786015509820951   0.224609078511221   0.00442003090680952   0.00535341042428228   0
0.0730911906200056   0.225373708895714   -0.00551036036208949   0.000764630384492593   0
0.065705003302068   0.209388803236014   -0.00738618731793769   -0.0159849056597004   0
0.0668316179038971   0.194092794987372   0.00112661460182915   -0.0152960082486416   0
0.0886869898861158   0.188657957389617   0.0218553719822187   -0.00543483759775509   0
0.049858327358326   0.206813089589737   -0.0388286625277898   0.0181551322001199   0
0.0788450258318177   0.198426791416009   0.0289866984734917   -0.00838629817372738   0
0.0453857518430223   0.224112599135396   -0.0334592739887954   0.0256858077193862   0
0.0758584981031236   0.23600615793295   0.0304727462601013   0.0118935587975544   0
0.0627276543920311   0.220045876016008   -0.0131308437110925   -0.0159602819169416   0
0.0860356751335956   0.252546106896548   0.0233080207415645   0.0325002308805394   0
0.0482077874360955   0.245344146852926   -0.0378278876975001   -0.00720196004362197   0
