1.32595854606884   0.508176649428867   0   0   0
0.948151154443742   0.425278353322268   -0.377807391625101   -0.0828982961065992   0
0.808714647498115   0.35113437416801   -0.139436506945627   -0.0741439791542582   0
0.782332609944134   0.338424010484259   -0.0263820375539811   -0.0127103636837507   0
0.656417269797954   0.340120076265387   -0.12591534014618   0.00169606578112752   0
0.693471702896376   0.245078570820059   0.0370544330984223   -0.0950415054453281   0
0.4078829690904   0.212599713184778   -0.285588733805976   -0.0324788576352804   1
0.452365490834801   0.0969909430634247   0.0444825217444008   -0.115608770121354   0
0.32451194811287   0.0884236472103051   -0.127853542721931   -0.00856729585311963   0
0.166647675716675   0.0740446293428659   -0.157864272396195   -0.0143790178674392   0
0.154352145991852   0.049314245427792   -0.0122955297248228   -0.0247303839150739   0
0.137053491200261   0.0348952190212714   -0.0172986547915911   -0.0144190264065206   0
0.102193639604136   0.0438565075470562   -0.0348598515961251   0.00896128852578486   0
0.196302346389161   0.0474695914794408   0.0941087067850248   0.00361308393238458   0
0.103347096155093   0.0361161775798949   -0.0929552502340678   -0.011353413899546   0
0.128211071200111   0.0151016202556216   0.0248639750450185   -0.0210145573242733   0
0.126557433780881   0.0280979414956416   -0.00165363741923016   0.0129963212400201   0
0.09927214745002   0.0232959252841677   -0.0272852863308611   -0.00480201621147392   0
0.112396407132828   0.0144643371891387   0.0131242596828079   -0.00883158809502905   0
0.22353647194118   0.0600275436412319   0.111140064808352   0.0455632064520932   0
0.00599559793964705   0.0126126060330572   -0.217540874001533   -0.0474149376081747   0
0.0608975241641407   0.0338104368489336   0.0549019262244936   0.0211978308158764   0
0.0683493449396474   0.0272384206118646   0.00745182077550668   -0.00657201623706898   0
0.219670001009327   0.0139770105917718   0.151320656069679   -0.0132614100200928   0
0.00729548586273046   0.0332046902717824   -0.212374515146596   0.0192276796800106   0
0.0357351703477121   0.0246837558340841   0.0284396844849816   -0.00852093443769826   0
0.119248159085371   0.0537704142461493   0.0835129887376591   0.0290866584120652   0
0.173879247193821   0.0288511799932862   0.05463108810845   -0.0249192342528631   0
0.124798107684051   0.0230943370977979   -0.0490811395097702   -0.00575684289548832   0
0.0126009585912501   0.0259918110682278   -0.112197149092801   0.0028974739704299   0
0.0198423625120599   0.0365689269851126   0.00724140392080979   0.0105771159168848   0
0.207600105839034   0.0696604842433104   0.187757743326974   0.0330915572581978   0
0.0909857224040673   0.0236889248773827   -0.116614383434967   -0.0459715593659277   0
0.100941470862822   0.0496734670148461   0.00995574845875494   0.0259845421374633   0
0.248287116240694   0.0661882899657485   0.147345645377872   0.0165148229509024   0
0.129204608370482   0.0230861524492144   -0.119082507870212   -0.0431021375165341   0
0.0935395508959178   0.0533841392917644   -0.0356650574745641   0.0302979868425499   0
0.120299539832245   0.113250113279383   0.0267599889363276   0.0598659739876188   0
0.197961940992568   0.12047325855554   0.0776624011603224   0.00722314527615685   0
0.0622192550927765   0.0722988291384822   -0.135742685899791   -0.0481744294170578   0
0.0727763487735125   0.104970133357541   0.010557093680736   0.032671304219059   0
0.227767161513288   0.0962443243489714   0.154990812739775   -0.00872580900856992   0
0.205334784766245   0.0299551474606619   -0.0224323767470432   -0.0662891768883094   0
0.160902640606828   0.0720575980517322   -0.0444321441594168   0.0421024505910703   0
0.324774805712143   0.0528340001003852   0.163872165105315   -0.019223597951347   0
0.0941506838968788   0.0600807634973541   -0.230624121815264   0.00724676339696895   0
0.200720707400668   0.104840616667635   0.106570023503789   0.0447598531702809   0
0.146004143804893   0.0819689244618058   -0.0547165635957741   -0.0228716922058293   0
0.0884512259425498   0.0289869099645448   -0.0575529178623436   -0.052982014497261   0
0.252522576332593   0.103421476812278   0.164071350390043   0.0744345668477329   0
0.0396688819921623   0.0938542880811527   -0.21285369434043   -0.00956718873112503   0
0.290196176001563   0.086196925041988   0.2505272940094   -0.00765736303916469   0
0.256057108947242   0.0812148904602629   -0.0341390670543202   -0.00498203458172511   0
0.21068743305354   0.0817270659274119   -0.0453696758937022   0.000512175467148962   0
0.185897833979205   0.0902713025548125   -0.0247895990743354   0.00854423662740066   0
0.0597165268352774   0.0761618561539174   -0.126181307143927   -0.0141094464008951   0
0.168522272070193   0.0778797409414348   0.108805745234915   0.00171788478751746   0
0.0695658103634745   0.126101675230084   -0.098956461706718   0.048221934288649   0
0.049396685821318   0.0812803616052705   -0.0201691245421565   -0.0448213136248133   0
0.170454891164202   0.0917486526600255   0.121058205342884   0.010468291054755   0
0.103496108559984   0.0976542981678406   -0.0669587826042181   0.00590564550781517   0
0.205632278437239   0.115517317576937   0.102136169877255   0.0178630194090968   0
0.0755184616938799   0.113055133110061   -0.130113816743359   -0.00246218446687684   0
0.113933556968218   0.0991101018110415   0.0384150952743378   -0.0139450312990192   0
0.272530546315434   0.160904075224223   0.158596989347216   0.0617939734131818   0
0.278099343738763   0.119183692000049   0.0055687974233295   -0.0417203832241744   0
0.116880783227074   0.159982316663046   -0.16121856051169   0.0407986246629968   0
0.1940174238152   0.190505919806321   0.0771366405881263   0.0305236031432756   0
0.0925445207945884   0.161527152726322   -0.101472903020612   -0.0289787670799994   0
0.192383367693471   0.143308411797119   0.0998388468988827   -0.0182187409292033   0
0.245519373592733   0.174625168939789   0.0531360058992621   0.0313167571426709   0
0.0570810808641532   0.223080632343442   -0.18843829272858   0.0484554634036527   0
0.0336253939008899   0.168875934566592   -0.0234556869632634   -0.0542046977768497   0
0.0645576125542139   0.212124549917855   0.0309322186533241   0.0432486153512625   0
0.227797161969201   0.211507903799192   0.163239549414987   -0.000616646118662523   0
0.237010268318506   0.286908159330647   0.00921310634930453   0.0754002555314548   0
0.067973435162937   0.254819017542844   -0.169036833155569   -0.0320891417878036   0
0.14872085090279   0.186889712456331   0.0807474157398533   -0.0679293050865127   0
0.179880977382629   0.181592871306752   0.0311601264798389   -0.00529684114957871   0
0.231789292412398   0.22744926502561   0.0519083150297684   0.0458563937188575   0
0.178763820278154   0.213047001991233   -0.0530254721342441   -0.0144022630343764   0
0.169984098665169   0.218354895952782   -0.00877972161298438   0.00530789396154924   0
0.167455934290189   0.222576380865648   -0.00252816437498055   0.00422148491286561   0
0.233920399292088   0.238692710250905   0.0664644650018996   0.016116329385257   0
0.295367120121452   0.215401514902844   0.0614467208293633   -0.0232911953480613   0
0.116813188575006   0.243495578947447   -0.178553931546445   0.0280940640446035   0
0.160967408530081   0.253227000435286   0.0441542199550747   0.00973142148783906   0
0.158459441516623   0.250248924440851   -0.00250796701345823   -0.00297807599443578   0
0.168868322708671   0.222939536667507   0.0104088811920487   -0.0273093877733439   0
0.157864728748508   0.25127565686314   -0.0110035939601635   0.0283361201956334   0
0.135441519700017   0.209890015056481   -0.0224232090484913   -0.0413856418066586   0
0.132024459719928   0.232610155035501   -0.00341705998008862   0.02272013997902   0
0.158564357276312   0.275841696428568   0.0265398975563842   0.0432315413930661   0
0.129675407553824   0.230425482364153   -0.028888949722488   -0.0454162140644147   0
0.188814811285794   0.179204550881395   0.0591394037319698   -0.0512209314827578   0
0.213665942653479   0.211099371422258   0.0248511313676855   0.0318948205408631   0
0.252469136184227   0.219068483348815   0.038803193530748   0.00796911192655678   0
0.266362274710966   0.205865985674109   0.0138931385267383   -0.0132024976747058   0
0.0955535290390156   0.187579552135281   -0.17080874567195   -0.0182864335388284   0
0.116581077716154   0.224440265278782   0.0210275486771386   0.0368607131435012   0
0.152063218807179   0.241596189066286   0.0354821410910248   0.0171559237875039   0
0.127818119591189   0.265335126608601   -0.0242450992159896   0.0237389375423155   0
0.112579502015287   0.228834287510684   -0.0152386175759024   -0.0365008390979171   0
0.156627466245539   0.260485027353421   0.0440479642302525   0.0316507398427368   0
0.140343526143709   0.24684350827263   -0.0162839401018302   -0.013641519080791   0
0.107824508196957   0.23476296354386   -0.0325190179467525   -0.0120805447287703   0
0.128489680900528   0.25756870867781   0.0206651727035716   0.02280574513395   0
0.0953683480149593   0.238101943742332   -0.0331213328855691   -0.019466764935478   0
0.196104371967421   0.239984180268846   0.100736023952462   0.00188223652651445   0
0.092754823277331   0.266826736189588   -0.10334954869009   0.0268425559207421   0
0.136113488478585   0.246024876929428   0.0433586652012544   -0.0208018592601606   0
0.12938543948084   0.226472748382096   -0.00672804899774582   -0.019552128547332   0
0.0597088387732503   0.253634288825959   -0.0696766007075893   0.0271615404438634   0
0.0312070135893904   0.256869355360488   -0.0285018251838599   0.00323506653452871   0
0.0660497900617716   0.233721534339651   0.0348427764723811   -0.0231478210208368   0
0.289792713649671   0.259237108196094   0.223742923587899   0.0255155738564433   0
0.0565452545857643   0.246138554986699   -0.233247459063906   -0.0130985532093957   0
0.0226786663213007   0.284133425526635   -0.0338665882644636   0.0379948705399368   0
0.0683684255151455   0.212085654372826   0.0456897591938448   -0.0720477711538088   0
0.148784405760915   0.255557862305682   0.0804159802457693   0.0434722079328557   0
0.0221006667332006   0.288359802263596   -0.126683739027714   0.0328019399579135   0
0.174912293091995   0.301118418955483   0.152811626358795   0.0127586166918876   0
0.275384823020671   0.298039843642591   0.100472529928676   -0.00307857531289246   0
0.0688275374778148   0.247975323742606   -0.206557285542857   -0.0500645198999853   0
0.0954665631595168   0.283371234050406   0.026639025681702   0.0353959103078005   0
0.25618721719372   0.325428087812807   0.160720654034204   0.0420568537624009   0
0.148913083879263   0.283398715597389   -0.107274133314457   -0.0420293722154176   0
0.0624528626585683   0.289755463257382   -0.0864602212206949   0.00635674765999256   0
0.0518151457654767   0.276434850919706   -0.0106377168930916   -0.0133206123376761   0
0.123146377510749   0.356273700159723   0.0713312317452726   0.0798388492400169   0
0.0845011802850706   0.296497481738884   -0.0386451972256788   -0.0597762184208384   0
0.105477134521232   0.292080142952666   0.0209759542361611   -0.00441733878621797   0
0.138157466489727   0.285034113033423   0.0326803319684952   -0.00704602991924358   0
0.0606489801313394   0.311871408418598   -0.0775084863583875   0.0268372953851754   0
0.0785563189104282   0.298592087290504   0.0179073387790888   -0.013279321128094   0
0.158715780086794   0.299481930692822   0.0801594611763663   0.000889843402317569   0
0.300090386418546   0.361891503189492   0.141374606331751   0.0624095724966702   0
0.0860224716569432   0.320052507210145   -0.214067914761602   -0.0418389959793466   0
0.172546634335764   0.290225638004726   0.0865241626788212   -0.0298268692054196   0
0.326868796451436   0.319118018965555   0.154322162115671   0.028892380960829   0
0.331782666656488   0.311526871975356   0.00491387020505213   -0.00759114699019825   0
0.213938354105219   0.353909874769693   -0.117844312551269   0.042383002794337   0
0.163945100435298   0.376141286673306   -0.0499932536699207   0.0222314119036125   0
0.180458820662998   0.354346905216484   0.0165137202276996   -0.0217943814568216   0
0.215914472560317   0.341201411451872   0.0354556518973194   -0.0131454937646117   0
0.168355582301419   0.333354275345315   -0.0475588902588979   -0.00784713610655763   0
0.0953571317415016   0.355256097088072   -0.0729984505599177   0.0219018217427576   0
0.171305441828011   0.380074861869672   0.0759483100865092   0.0248187647815991   0
0.123839394605432   0.332772819611593   -0.0474660472225784   -0.0473020422580783   0
0.193904055195475   0.3776721326829   0.0700646605900431   0.0448993130713067   0
0.262315299456227   0.41854265515118   0.0684112442607514   0.0408705224682804   0
0.120268249214579   0.374255394946085   -0.142047050241648   -0.0442872602050954   0
0.0579185997756334   0.346818993936679   -0.0623496494389453   -0.0274364010094061   0
0.128785765916075   0.384282049576219   0.0708671661404414   0.0374630556395407   0
0.134525260531963   0.374698119996284   0.00573949461588777   -0.00958392957993498   0
0.141819334346978   0.325189030330437   0.00729407381501571   -0.0495090896658473   0
0.0533242615016289   0.360721054640909   -0.0884950728453494   0.0355320243104723   0
0.0549254597996676   0.401532458411832   0.00160119829803871   0.040811403770923   0
0.0675263403413809   0.415440013931314   0.0126008805417133   0.013907555519481   0
0.214450936843839   0.388108374809795   0.146924596502458   -0.0273316391215189   0
0.202766238180817   0.342718793214276   -0.011684698663021   -0.0453895815955181   0
0.190179778691137   0.329040827751284   -0.0125864594896801   -0.0136779654629927   0
0.199053948321805   0.383527174488979   0.00887416963066809   0.0544863467376956   0
0.205006505854326   0.416520687743418   0.00595255753252102   0.0329935132544388   0
0.181699569568395   0.391053811597905   -0.0233069362859315   -0.0254668761455129   0
0.243601633427939   0.401212943660221   0.0619020638595441   0.0101591320623161   0
0.175266849352523   0.40794785264357   -0.068334784075416   0.00673490898334872   0
0.224614522924409   0.413017858268562   0.0493476735718863   0.00507000562499194   0
0.242924653915345   0.529655799456119   0.0183101309909354   0.116637941187556   0
0.541838038979509   0.376257326800755   0.298913385064164   -0.153398472655364   0
0.176272661106368   0.364717551690003   -0.365565377873141   -0.0115397751107518   0
0.210224572297175   0.398349646020616   0.0339519111908068   0.0336320943306129   0
0.188935255298687   0.42541769271094   -0.0212893169984877   0.0270680466903244   0
0.266013379359009   0.394243659744199   0.0770781240603221   -0.031174032966741   0
0.192092660675258   0.394068577797698   -0.0739207186837504   -0.000175081946501732   0
0.186944291681051   0.384383403191072   -0.00514836899420718   -0.00968517460662582   0
0.196892613470897   0.394461081744131   0.00994832178984556   0.0100776785530592   0
0.208993700058638   0.408925157560647   0.0121010865877413   0.0144640758165161   0
0.176165718465767   0.405547981318487   -0.0328279815928708   -0.00337717624215994   0
0.27847325509228   0.465998316068041   0.102307536626513   0.060450334749554   0
0.189287781940726   0.506181794971925   -0.0891854731515535   0.0401834789038839   0
0.261149947183606   0.450987632134741   0.0718621652428792   -0.0551941628371845   0
0.193025776962094   0.460821200429733   -0.0681241702215118   0.00983356829499232   0
0.190000133956926   0.47214441670796   -0.00302564300516739   0.0113232162782274   0
0.244105765009268   0.47283858299794   0.0541056310523416   0.000694166289980036   0
0.214275251696154   0.455065051170984   -0.0298305133131144   -0.0177735318269565   0
0.224904928845946   0.456661193471429   0.0106296771497922   0.00159614230044536   0
0.21132971571497   0.454469255596844   -0.013575213130976   -0.0021919378745846   0
0.207932033922938   0.4385529757478   -0.00339768179203151   -0.015916279849045   0
0.258980301534615   0.459661899879411   0.0510482676116764   0.0211089241316119   0
0.204227064013906   0.455014593724476   -0.0547532375207089   -0.0046473061549353   0
0.200711972759524   0.474279669250907   -0.00351509125438162   0.0192650755264312   0
0.219899341595763   0.478744588761586   0.0191873688362386   0.00446491951067862   0
0.242470396025185   0.500987377880172   0.0225710544294221   0.0222427891185859   0
0.19529955046405   0.522187131210881   -0.0471708455611349   0.0211997533307093   0
0.247323978727114   0.470334299745405   0.0520244282630641   -0.0518528314654766   0
0.387649397784906   0.51165716265777   0.140325419057792   0.0413228629123658   0
0.228796839750399   0.572808856997472   -0.158852558034506   0.0611516943397015   0
0.255673512257637   0.573279900950879   0.0268766725072375   0.000471043953407468   0
0.233691958799271   0.52779231844306   -0.0219815534583663   -0.0454875825078197   0
0.258875517283887   0.480869969528146   0.0251835584846162   -0.0469223489149135   0
0.267092556910521   0.474268836534987   0.00821703962663434   -0.00660113299315923   0
0.264433385382425   0.474482345606241   -0.00265917152809636   0.000213509071253892   0
0.287536968498035   0.492846474047953   0.0231035831156102   0.0183641284417128   0
0.217203502375247   0.4994933869327   -0.0703334661227877   0.00664691288474667   0
0.226519870559406   0.477119551535042   0.00931636818415851   -0.0223738353976576   0
0.227964982092557   0.491532836789415   0.00144511153315144   0.0144132852543729   0
0.312860965487867   0.46460885057702   0.0848959833953092   -0.0269239862123951   0
0.242430030706099   0.431886247457881   -0.0704309347817677   -0.0327226031191393   0
0.241405513673093   0.489146689086975   -0.00102451703300555   0.0572604416290942   0
0.241409065241055   0.479967174137461   3.55156796186251e-06   -0.00917951494951397   0
0.235120285504803   0.478838555799342   -0.00628877973625225   -0.00112861833811873   0
0.250921769237386   0.484207346446747   0.0158014837325832   0.00536879064740442   0
0.286044644108503   0.474757631243564   0.0351228748711168   -0.00944971520318277   0
0.258882948605581   0.472781099670344   -0.0271616955029216   -0.00197653157321986   0
0.281096052249494   0.470836553494681   0.0222131036439123   -0.00194454617566286   0
0.238931019745072   0.473065797188932   -0.0421650325044215   0.00222924369425093   0
0.256444356213933   0.436848744013589   0.0175133364688607   -0.0362170531753436   0
0.269806798891818   0.457956158830188   0.0133624426778854   0.0211074148165988   0
0.242904996011414   0.450676684577203   -0.0269018028804044   -0.0072794742529842   0
0.246087302436534   0.449710886150758   0.00318230642511999   -0.000965798426445397   0
0.274210568949557   0.475759440227149   0.0281232665130238   0.0260485540763908   0
0.261509392650532   0.439938827847122   -0.0127011762990257   -0.0358206123800264   0
0.295069750740397   0.510571166272881   0.0335603580898652   0.0706323384257587   0
0.302654993649535   0.496433484271559   0.00758524290913792   -0.0141376820013224   0
0.280334958702193   0.490986339300036   -0.0223200349473424   -0.00544714497152288   0
0.272026577391346   0.479780908182579   -0.00830838131084649   -0.0112054311174573   0
0.243416167071972   0.494919775335862   -0.0286104103193744   0.0151388671532832   0
0.264106343246977   0.519761830441117   0.0206901761750053   0.0248420551052548   0
0.241338765089531   0.487544314972752   -0.0227675781574455   -0.0322175154683645   0
0.242400896895907   0.495654773549847   0.00106213180637532   0.00811045857709486   0
0.312997289898427   0.474044128107025   0.0705963930025203   -0.0216106454428215   0
0.325320310073011   0.474126732870812   0.012323020174584   8.26047637862981e-05   0
0.26088978890246   0.460669919815154   -0.0644305211705513   -0.0134568130556582   0
0.259045229256012   0.447922866252941   -0.00184455964644736   -0.0127470535622126   0
0.254924456844297   0.438663630348186   -0.00412077241171505   -0.00925923590475486   0
0.298889432664472   0.446355267304532   0.0439649758201748   0.00769163695634567   0
0.270401299895341   0.436878977349849   -0.0284881327691314   -0.00947628995468258   0
0.228862133905393   0.453659341800651   -0.0415391659899478   0.016780364450802   0
0.252076117088252   0.471091065229696   0.0232139831828588   0.0174317234290452   0
0.271977519683153   0.462475429676269   0.0199014025949015   -0.00861563555342693   0
0.247637368680133   0.453138837791741   -0.0243401510030205   -0.00933659188452812   0
0.291401465454877   0.445161851338926   0.0437640967747444   -0.00797698645281536   0
0.301820866353355   0.607632063830778   0.0104194008984781   0.162470212491852   0
0.388863156184795   0.599525158586985   0.0870422898314392   -0.00810690524379221   0
0.46248564192939   0.668000126842241   0.0736224857445955   0.0684749682552557   0
0.554796136848482   0.633082427147129   0.0923104949190923   -0.0349176996951118   0
0.505613189768621   0.624543337835534   -0.0491829470798609   -0.00853908931159508   0
0.494128303202478   0.607488692523161   -0.0114848865661435   -0.0170546453123727   0
0.481287842915536   0.593914991374608   -0.0128404602869416   -0.0135737011485538   0
