0.0671531367828786   0.171769727193305   0   0   0
0.0702003953331461   0.136527841671726   0.00304725855026751   -0.0352418855215788   0
0.0871536581387723   0.131465356133555   0.0169532628056263   -0.00506248553817124   0
0.0449968237780838   0.148249689707938   -0.0421568343606886   0.0167843335743832   0
0.0379808230591703   0.151976640932085   -0.00701600071891343   0.00372695122414698   0
0.0632284908617943   0.135718343872522   0.0252476678026239   -0.0162582970595638   0
0.054969836698303   0.141113352590214   -0.00825865416349126   0.00539500871769227   0
0.0294717513803371   0.126176916003493   -0.0254980853179659   -0.0149364365867209   0
0.0703188354041078   0.121531115239432   0.0408470840237707   -0.00464580076406128   0
0.0778368464656682   0.103051798215752   0.0075180110615604   -0.0184793170236799   0
0.0483206041320884   0.0746768021555054   -0.0295162423335798   -0.0283749960602462   0
0.0678491153817793   0.0659673155820744   0.0195285112496909   -0.008709486573431   0
0.0366018081379868   0.0701810794621492   -0.0312473072437925   0.00421376388007477   0
0.0356168939900716   0.061210244706932   -0.000984914147915225   -0.00897083475521717   0
0.0525558367245732   0.0849831627039292   0.0169389427345016   0.0237729179969972   0
0.0316043521512465   0.0871832522550776   -0.0209514845733267   0.00220008955114843   0
0.0574113718048959   0.0621658649099729   0.0258070196536494   -0.0250173873451047   0
0.0332805049858021   0.0446682101491374   -0.0241308668190938   -0.0174976547608355   0
0.0336491683812542   0.0557931403396959   0.000368663395452114   0.0111249301905585   0
0.0245242477326314   0.0211945245973884   -0.00912492064862284   -0.0345986157423075   0
0.00956433527711283   0.0219888582250379   -0.0149599124555186   0.000794333627649545   0
0.0381791877931268   0.0163125993387014   0.0286148525160139   -0.00567625888633655   0
0.0470948410680361   0.0236126010434048   0.00891565327490936   0.00730000170470341   0
0.0420766576370141   0.0144093934182706   -0.00501818343102201   -0.00920320762513417   0
0.0107203222494709   0.0448578836099748   -0.0313563353875433   0.0304484901917042   0
0.0161109861733228   0.0275873615458352   0.00539066392385199   -0.0172705220641397   0
0.0227032136864916   0.0668662857226271   0.00659222751316876   0.0392789241767919   0
0.020152521697996   0.0871222652179013   -0.0025506919884956   0.0202559794952743   0
0.0498075346859288   0.0801668791751737   0.0296550129879328   -0.00695538604272763   0
0.0237190746699782   0.101519256882832   -0.0260884600159506   0.0213523777076586   0
0.0277245905883207   0.113642788903171   0.00400551591834251   0.0121235320203384   0
0.0450983107631539   0.11882850231751   0.0173737201748332   0.00518571341433936   0
0.0233618345563956   0.129345841669379   -0.0217364762067583   0.0105173393518687   0
0.0387818345816698   0.146072719432317   0.0154200000252742   0.0167268777629386   0
0.0222471253902701   0.156662749532563   -0.0165347091913997   0.0105900301002455   0
0.0413703793546784   0.192462737075674   0.0191232539644083   0.0357999875431111   0
0.0719505325571674   0.212655014578777   0.030580153202489   0.0201922775031034   0
0.0340305251497828   0.198669660890258   -0.0379200074073845   -0.0139853536885197   0
0.0661686869826658   0.179876923797885   0.032138161832883   -0.018792737092373   0
0.0277175615342061   0.184209816629706   -0.0384511254484597   0.00433289283182156   0
0.054170883107533   0.177421113863317   0.0264533215733269   -0.00678870276638951   0
0.0304867342106366   0.163924606888075   -0.0236841488968964   -0.0134965069752415   0
0.025851133403586   0.158980398200564   -0.0046356008070506   -0.00494420868751091   0
0.0493001329972851   0.170973857892435   0.0234489995936991   0.0119934596918705   0
0.292127028413018   0.165103453887888   0.242826895415732   -0.00587040400454669   0
0.403603635022729   0.190377519913066   0.111476606609711   0.0252740660251783   0
0.303456157410325   0.17610905301141   -0.100147477612404   -0.0142684669016564   0
0.135392890718124   0.177053491026328   -0.168063266692201   0.000944438014917948   0
0.110655458771314   0.199608628143325   -0.0247374319468104   0.0225551371169965   0
0.155986595565132   0.207831492529531   0.0453311367938177   0.00822286438620648   0
0.122971770353565   0.237453059646533   -0.0330148252115665   0.0296215671170021   0
0.149452028449466   0.241626022289762   0.0264802580959007   0.00417296264322872   0
0.201473998682336   0.240673656418339   0.0520219702328702   -0.000952365871423222   0
0.151104663984405   0.283310834583519   -0.050369334697931   0.0426371781651803   0
0.162138562860814   0.315844503349991   0.0110338988764084   0.0325336687664721   0
0.186163218014945   0.327384922596952   0.0240246551541316   0.0115404192469614   0
0.156900698759884   0.342383730617067   -0.0292625192550607   0.0149988080201141   0
0.170055168280591   0.352031329478887   0.0131544695207062   0.00964759886182021   0
0.238712054197374   0.382252300328674   0.0686568859167833   0.0302209708497869   0
0.207067673013269   0.35056888327383   -0.0316443811841052   -0.031683417054844   0
0.201024606414066   0.348031072129634   -0.00604306659920315   -0.00253781114419571   0
0.230673047809665   0.370388380957966   0.0296484413955994   0.0223573088283324   0
0.20331762493842   0.350316977625621   -0.0273554228712451   -0.0200714033323451   0
0.200971147352474   0.341386508968797   -0.00234647758594547   -0.00893046865682429   0
0.211422458979598   0.367664282121955   0.010451311627124   0.026277773153158   0
0.197580147163752   0.401235708003101   -0.0138423118158462   0.0335714258811464   0
0.23312795359137   0.369408431262065   0.0355478064276178   -0.0318272767410361   0
0.194225952990171   0.379932369279718   -0.0389020006011993   0.0105239380176528   0
0.191706535909551   0.389559848417737   -0.00251941708061962   0.00962747913801859   0
0.222655664211827   0.398298554076323   0.0309491283022762   0.00873870565858681   0
0.189435838201673   0.389636139374189   -0.0332198260101544   -0.00866241470213436   0
0.229541737425584   0.440672599309578   0.0401058992239107   0.051036459935389   0
0.270456019777708   0.411200683613491   0.0409142823521244   -0.0294719156960869   0
0.250960095401659   0.409685558259319   -0.0194959243760485   -0.00151512535417203   0
0.138963580862217   0.430702303318951   -0.111996514539442   0.0210167450596321   0
0.16474802961541   0.42534722138331   0.0257844487531927   -0.00535508193564138   0
0.141292958591502   0.445588025655919   -0.0234550710239076   0.0202408042726091   0
0.163671353007422   0.426488349200057   0.0223783944159192   -0.0190996764558617   0
0.144582009396564   0.4512924858452   -0.0190893436108576   0.0248041366451426   0
0.165944923661919   0.463923953339219   0.0213629142653547   0.0126314674940193   0
0.148301434039223   0.506377899026152   -0.0176434896226956   0.042453945686933   0
0.126330937471429   0.496654978440539   -0.0219704965677944   -0.00972292058561319   0
0.227229192837584   0.485799961654486   0.100898255366156   -0.0108550167860532   0
0.272782540592777   0.460099641512586   0.0455533477551928   -0.0257003201419   0
0.11447091401771   0.491342203472285   -0.158311626575067   0.0312425619596988   0
0.105310858687744   0.491764272932937   -0.00916005532996612   0.000422069460652152   0
0.0862461602796322   0.529398219500699   -0.0190646984081119   0.0376339465677619   0
0.0945001101142215   0.541114944330733   0.00825394983458939   0.0117167248300345   0
0.0380186937669892   0.545989992658061   -0.0564814163472324   0.00487504832732821   0
0.0430120492519247   0.572810487657314   0.00499335548493559   0.0268204949992527   0
0.062575526794906   0.603033581684638   0.0195634775429813   0.0302230940273235   0
0.0651392486510245   0.632171665102963   0.00256372185611851   0.0291380834183251   0
0.128507255983038   0.660310490888803   0.0633680073320133   0.0281388257858407   0
0.0944981630761149   0.653825910734379   -0.0340090929069229   -0.00648458015442455   0
0.129978268788633   0.68946221613298   0.0354801057125177   0.0356363053986011   0
0.0771146510373353   0.65184665201617   -0.0528636177512972   -0.0376155641168098   0
0.102784146104883   0.66371686103799   0.025669495067548   0.0118702090218199   0
0.11386603107165   0.652883854312542   0.0110818849667668   -0.0108330067254484   0
0.023502591092269   0.626335615696098   -0.0903634399793812   -0.0265482386164438   0
0.0527647418103946   0.691894434634569   0.0292621507181256   0.0655588189384713   0
0.0939124601448072   0.76287728055218   0.0411477183344126   0.0709828459176112   0
0.134189054499734   0.662192636539068   0.0402765943549265   -0.100684644013112   0
0.0448668809927367   0.705967982483094   -0.0893221735069969   0.0437753459440257   0
0.110811055449176   0.70487097617259   0.0659441744564395   -0.00109700631050391   0
0.12500210610217   0.75321729336394   0.0141910506529935   0.0483463171913503   0
0.124502676791619   0.809887064039487   -0.000499429310550498   0.0566697706755467   0
0.132233720077802   0.748441319263468   0.0077310432861824   -0.0614457447760192   0
0.543153076114285   0.766532495590533   0.410919356036483   0.0180911763270649   1
0.3543696680503   0.681234657736554   -0.188783408063984   -0.0852978378539786   0
0.312625646534254   0.747216664002733   -0.0417440215160468   0.0659820062661785   1
0.256116940938361   0.764255600967715   -0.0565087055958921   0.0170389369649822   0
0.25949275800776   0.790199417635038   0.00337581706939816   0.0259438166673229   0
0.202916473359022   0.745579275704406   -0.056576284648738   -0.0446201419306315   0
0.127881237643266   0.775004824953047   -0.075035235715755   0.0294255492486406   0
0.0831511525940763   0.783382402805617   -0.0447300850491902   0.00837757785257054   0
0.0758607847373259   0.817056195852221   -0.00729036785675037   0.0336737930466035   0
0.114029645225977   0.825023128745584   0.0381688604886507   0.00796693289336325   0
0.190185296115394   0.922874604267671   0.0761556508894171   0.0978514755220867   0
0.216920836790189   0.926812947242491   0.0267355406747948   0.00393834297482021   0
0.228912812285136   0.979905331615597   0.0119919754949477   0.0530923843731058   0
0.242632956774199   1.02732060416491   0.0137201444890629   0.0474152725493118   0
0.172176092416683   0.704520250483797   -0.0704568643575163   -0.322800353681111   0
0.190055491142271   0.695457870887058   0.0178793987255886   -0.00906237959673917   0
0.165255512387605   0.785044422391544   -0.024799978754666   0.0895865515044856   0
0.191682572872679   0.921224080627645   0.0264270604850739   0.136179658236101   0
0.20271963813136   0.831260428736038   0.0110370652586809   -0.0899636518916067   0
0.228604589123472   0.902314866162882   0.0258849509921118   0.0710544374268436   0
0.211978517918057   0.886022520150319   -0.0166260712054146   -0.016292346012563   0
0.26932700013879   0.732745289434919   0.057348482220733   -0.1532772307154   0
0.180359056904664   0.70019507461714   -0.0889679432341259   -0.0325502148177783   0
0.119113204431625   0.702993831232032   -0.0612458524730398   0.00279875661489137   0
0.100081489673008   0.649142723237733   -0.0190317147586167   -0.0538511079942986   0
0.0870560168439338   0.65336752701543   -0.0130254728290741   0.00422480377769685   0
0.0619413834132529   0.619965831829061   -0.0251146334306809   -0.0334016951863685   0
0.107090144317066   0.644221419538207   0.045148760903813   0.0242555877091457   0
0.12815835536284   0.745644490672031   0.0210682110457746   0.101423071133824   0
0.185698254589266   0.913383667433309   0.0575398992264259   0.167739176761278   0
0.15144932757879   0.867496967205103   -0.0342489270104765   -0.045886700228206   0
0.201905885944442   0.968703879650278   0.0504565583656521   0.101206912445174   0
0.107175654592356   0.991355186053541   -0.094730231352086   0.022651306403263   0
0.142495948264619   0.990813787723127   0.0353202936722628   -0.000541398330413445   0
0.135357425037785   0.949153473886204   -0.0071385232268337   -0.0416603138369227   0
0.119757989541109   0.879324192658913   -0.0155994354966759   -0.0698292812272909   0
0.0661436112854635   0.906732979896094   -0.0536143782556456   0.0274087872371802   0
0.138106011217506   0.947028667992289   0.0719623999320428   0.0402956880961958   0
0.136050898413682   0.883627688099603   -0.00205511280382445   -0.0634009798926861   0
0.110658426492563   0.822521642486233   -0.0253924719211188   -0.0611060456133706   0
0.140094110776771   0.837232520998498   0.0294356842842075   0.014710878512265   0
0.0761428977639412   0.783925755702031   -0.0639512130128295   -0.0533067652964671   0
0.162199717370654   0.928512358701407   0.0860568196067127   0.144586602999376   0
0.202356191079417   1.15900610482624   0.0401564737087633   0.230493746124836   0
0.194570109889195   0.954466534340147   -0.00778608119022173   -0.204539570486096   0
0.179981770424146   0.851289498072483   -0.0145883394650494   -0.103177036267664   0
0.155985296430273   0.784945500808394   -0.0239964739938735   -0.0663439972640893   0
0.190612070630699   0.875561033808072   0.0346267742004263   0.0906155329996784   0
0.0366014160739718   0.794748127982742   -0.154010654556727   -0.0808129058253303   0
0.0604335036108978   0.714453119126189   0.023832087536926   -0.0802950088565529   0
0.0434095101592957   0.647438287416502   -0.0170239934516021   -0.0670148317096871   0
0.069542697683869   0.686025058487144   0.0261331875245733   0.0385867710706428   0
0.164579022358045   0.744852110412866   0.0950363246741764   0.0588270519257215   0
0.119251767299986   0.742584379106004   -0.0453272550580594   -0.00226773130686164   0
0.0815543045510781   0.716169891495684   -0.0376974627489078   -0.0264144876103199   0
0.0802334106729235   0.709799854668887   -0.00132089387815458   -0.00637003682679782   0
0.0184868801873112   0.699456098437386   -0.0617465304856123   -0.0103437562315007   0
0.155872966753732   0.759178035708522   0.137386086566421   0.0597219372711364   0
0.204514938887603   0.82130671356534   0.0486419721338712   0.0621286778568181   0
0.329912421417804   0.85441702668808   0.125397482530201   0.0331103131227402   0
0.448599437363952   0.920542103926947   0.118687015946148   0.0661250772388665   0
0.492818847824523   1.09307756063741   0.0442194104605705   0.172535456710459   0
0.423532043427295   1.08670999410131   -0.0692868043972277   -0.00636756653610049   0
0.344843663211043   1.01964922881481   -0.0786883802162515   -0.0670607652864943   0
0.245410324425726   0.98510843892797   -0.0994333387853177   -0.0345407898868414   0
0.247795141797502   1.01839864820622   0.00238481737177595   0.0332902092782469   0
0.272819463163848   1.08574119323249   0.0250243213663459   0.0673425450262688   0
0.297562483916648   1.17433548910243   0.0247430207528002   0.0885942958699479   0
0.335520544907593   1.26826438431563   0.0379580609909452   0.0939288952131954   0
0.369211085260031   1.20713007314415   0.0336905403524381   -0.0611343111714755   0
0.331388268919652   1.15225950240321   -0.0378228163403791   -0.0548705707409407   0
0.319907513464579   1.15122312337757   -0.0114807554550727   -0.00103637902564513   0
0.334821456145016   1.19112440100297   0.0149139426804368   0.0399012776254044   0
0.27729177848056   1.27141045270292   -0.0575296776644558   0.0802860516999502   0
0.292724767719598   1.17940200990757   0.0154329892390376   -0.0920084427953549   0
0.448334276148191   1.28219690265322   0.155609508428593   0.102794892745649   0
0.467895564742048   1.24245759386632   0.0195612885938569   -0.0397393087868942   0
0.495450315950217   1.28944789344564   0.0275547512081686   0.0469902995793228   0
0.482577225894199   1.27721156108632   -0.0128730900560175   -0.0122363323593253   0
0.348976555996938   1.17731881491402   -0.133600669897261   -0.0998927461722949   0
0.302859338872438   1.2336489520641   -0.0461172171245006   0.0563301371500717   0
0.438853742494232   1.20622890946124   0.135994403621794   -0.0274200426028519   0
0.439127760069959   1.22125531264046   0.000274017575727203   0.0150264031792207   0
0.496133265696033   1.3320923273619   0.0570055056260734   0.110837014721434   0
0.462988806718043   1.24394412949708   -0.03314445897799   -0.0881481978648182   0
0.297438049498661   1.18814361451352   -0.165550757219381   -0.0558005149835614   0
0.216463057032207   1.16336795814434   -0.0809749924664546   -0.0247756563691752   0
0.338355644479861   1.20281449833816   0.121892587447655   0.0394465401938204   0
0.528755450153979   1.3001008495512   0.190399805674118   0.0972863512130389   0
0.494611461151855   1.3302554790594   -0.034143989002124   0.0301546295082002   0
0.411632325308594   1.25710193880345   -0.0829791358432607   -0.0731535402559496   0
0.540534711788744   1.35483523619842   0.128902386480149   0.0977332973949703   0
0.456618729208906   1.36187949436241   -0.0839159825798378   0.00704425816398468   0
0.453811413504889   1.29240833936932   -0.00280731570401654   -0.06947115499309   0
0.381834399918515   1.24751888999856   -0.0719770135863748   -0.0448894493707546   0
0.364545892012395   1.23238476748335   -0.01728850790612   -0.0151341225152104   0
0.378228515094762   1.2043845722636   0.0136826230823678   -0.0280001952197588   0
0.540199990610689   1.34260077704443   0.161971475515926   0.138216204780837   0
0.473942793219588   1.23975039331333   -0.0662571973911009   -0.1028503837311   0
0.437764056073726   1.24221407118572   -0.0361787371458619   0.0024636778723921   0
0.362494036603485   1.11930488717217   -0.0752700194702411   -0.122909184013556   0
0.23255313123262   1.04550399548017   -0.129940905370864   -0.0738008916919977   0
0.330793534945289   1.11793010348501   0.0982404037126689   0.0724261080048418   0
0.481171948498856   0.916200884136847   0.150378413553567   -0.201729219348165   0
0.364686932259162   0.766032122618732   -0.116485016239695   -0.150168761518115   0
0.390008185556778   0.836888093873667   0.025321253297616   0.0708559712549353   0
0.296058217443816   0.902179637089809   -0.0939499681129615   0.0652915432161422   0
0.34362345259947   1.01275013838372   0.0475652351556542   0.110570501293914   0
0.452196767808994   1.10713597649822   0.108573315209523   0.0943858381144993   0
0.387510705469475   0.975157107745726   -0.0646860623395188   -0.131978868752496   0
0.357896607876758   0.921451581862315   -0.0296140975927166   -0.0537055258834114   0
0.313841082646249   0.899750167821114   -0.0440555252305087   -0.0217014140412011   0
0.374307960236621   1.01149758117294   0.0604668775903717   0.111747413351823   0
0.43223479964923   1.02948910914589   0.0579268394126088   0.0179915279729537   0
0.324299654664833   0.94986400571227   -0.107935144984397   -0.0796251034336206   0
0.310292631745357   0.923178373175657   -0.0140070229194756   -0.0266856325366135   0
0.253782810729844   0.890799696308218   -0.0565098210155131   -0.0323786768674392   0
0.238391357618895   0.892040590930599   -0.0153914531109491   0.00124089462238153   0
0.340778762028871   1.03353958773994   0.102387404409976   0.141498996809339   0
0.454831138738378   1.01157868226945   0.114052376709507   -0.0219609054704861   0
0.425953912058243   1.05633577660896   -0.0288772266801351   0.0447570943395112   0
0.373861937015966   0.996816927263759   -0.0520919750422774   -0.0595188493452036   0
0.527640387464966   1.10951920246184   0.153778450449001   0.112702275198083   0
0.502931324555679   1.07782877722635   -0.0247090629092872   -0.0316904252354915   0
0.391239476766405   0.827103587213538   -0.111691847789275   -0.250725190012813   0
0.420604414113606   0.813816267108586   0.0293649373472018   -0.0132873201049524   0
0.309574361526435   0.735245376669968   -0.111030052587171   -0.078570890438618   0
0.42035103316563   1.14599549140935   0.110776671639195   0.410750114739378   0
0.404257746093813   0.980478087083237   -0.0160932870718166   -0.165517404326108   0
0.409052586280938   0.97500296696642   0.00479484018712462   -0.00547512011681639   0
0.49066195546756   1.01434013804684   0.0816093691866223   0.0393371710804234   0
0.413982841645375   0.970472371728974   -0.0766791138221848   -0.0438677663178697   0
0.442861915463737   1.05165463755658   0.0288790738183615   0.0811822658276016   0
0.466431813539182   1.10809043583205   0.0235698980754448   0.0564357982754788   0
0.42301604344599   1.04768987555203   -0.0434157700931913   -0.0604005602800268   0
0.393583388942871   1.23777564823579   -0.0294326545031189   0.190085772683759   0
0.434505060232444   1.16953254049504   0.0409216712895728   -0.0682431077407515   0
0.469508986334803   1.16598243420324   0.0350039261023586   -0.00355010629179153   0
0.433693818157753   1.02183926371374   -0.0358151681770499   -0.144143170489501   0
0.361213569273944   1.09742730124091   -0.0724802488838087   0.0755880375271645   0
0.269757754905563   0.575384403274237   -0.0914558143683808   -0.522042897966671   0
0.239259914619938   0.530779436104068   -0.0304978402856254   -0.044604967170169   0
0.283189322276176   0.661173805835508   0.0439294076562382   0.13039436973144   0
