0.0660654941320354   0.0236087089942462   0   0   0
0.150728920124739   0.134485709643014   0.0846634259927038   0.110877000648768   0
0.136981308091068   0.0164732083372335   -0.0137476120336715   -0.11801250130578   0
0.0414026444919416   0.00725725659458705   -0.0955786635991261   -0.00921595174264647   0
0.0693088629955794   0.0150822066934849   0.0279062185036379   0.00782495009889782   0
0.0690524109113505   0.0324561027859742   -0.000256452084228906   0.0173738960924894   0
0.0556143143937781   0.023523242123239   -0.0134380965175724   -0.00893286066273526   0
0.0901153551129778   0.0184884857212868   0.0345010407191997   -0.00503475640195221   0
0.0781495759206664   0.0246997756601654   -0.0119657791923114   0.00621128993887865   0
0.101307123411387   0.0844752750862198   0.0231575474907206   0.0597754994260543   0
0.0555463490792149   0.0377390338313824   -0.0457607743321721   -0.0467362412548374   0
0.0317157548401579   0.0218493449154088   -0.023830594239057   -0.0158896889159736   0
0.0236988406119202   0.0130894102242003   -0.00801691422823768   -0.00875993469120847   0
0.061819423668132   0.0288637269099158   0.0381205830562118   0.0157743166857155   0
0.0250507704902218   0.0280362786539601   -0.0367686531779102   -0.000827448255955727   0
0.0706216876674179   0.0262424559526548   0.0455709171771961   -0.00179382270130536   0
0.0209714502266772   0.0140583293146803   -0.0496502374407407   -0.0121841266379744   0
0.12592212128674   0.00887352254302371   0.104950671060063   -0.00518480677165661   0
0.0314156474032193   0.00737891307140489   -0.0945064738835204   -0.00149460947161882   0
0.0175823866593153   0.0184989845583481   -0.013833260743904   0.0111200714869432   0
0.00696268904080377   0.0139256766235873   -0.0106196976185115   -0.00457330793476079   0
0.0647358062126178   0.0401907017357921   0.057773117171814   0.0262650251122048   0
0.0294933475353748   0.0100482186218918   -0.0352424586772429   -0.0301424831139002   0
0.0732426474216279   0.0200236913606039   0.0437492998862531   0.0099754727387121   0
0.0372095243917414   0.00439134697036684   -0.0360331230298865   -0.0156323443902371   0
0.0756699184196336   0.0313268594396646   0.0384603940278921   0.0269355124692977   0
0.0953239545463788   0.013440951330915   0.0196540361267453   -0.0178859081087496   0
0.101318456894057   0.046031851178556   0.00599450234767823   0.032590899847641   0
0.0110851872894282   0.0231208155241657   -0.0902332696046289   -0.0229110356543903   0
0.0266002209022621   0.0287426641918094   0.0155150336128339   0.00562184866764378   0
0.0399837808263863   0.0158718462846167   0.0133835599241243   -0.0128708179071928   0
0.128660063053109   0.0175695258128955   0.0886762822267231   0.00169767952827879   0
0.0244589611038593   0.0197874201184111   -0.10420110194925   0.00221789430551562   0
0.0191995140793246   0.0366378707109529   -0.00525944702453465   0.0168504505925418   0
0.0673835211913119   0.0269824776712592   0.0481840071119873   -0.00965539303969371   0
0.0280760397355111   0.0209216465122251   -0.0393074814558008   -0.00606083115903409   0
0.0509235788991385   0.0524595730382215   0.0228475391636274   0.0315379265259965   0
0.029390345915113   0.0259934797043893   -0.0215332329840255   -0.0264660933338322   0
0.0393523072097431   0.0236154475820383   0.00996196129463011   -0.002378032122351   0
0.0373776757277656   0.0239707923000576   -0.00197463148197749   0.000355344718019252   0
0.0464361757902995   0.0225842431167446   0.00905850006253391   -0.001386549183313   0
0.0245056179151333   0.0278389750512209   -0.0219305578751663   0.00525473193447632   0
0.0560055087709236   0.0309184375178469   0.0314998908557903   0.00307946246662595   0
0.0687124433020687   0.0231301405640454   0.0127069345311451   -0.00778829695380142   0
0.0248935352816268   0.0233799098862677   -0.0438189080204418   0.000249769322222305   0
0.0954818874345622   0.0312602635103257   0.0705883521529353   0.00788035362405795   0
0.0536702084000761   0.0396148678514456   -0.041811679034486   0.00835460434111993   0
0.0903772785795462   0.0225729184980725   0.0367070701794701   -0.0170419493533731   0
0.0374629543794987   0.034294410241102   -0.0529143242000475   0.0117214917430294   0
0.0321306725937709   0.023165159593234   -0.0053322817857278   -0.011129250647868   0
0.0802232103358654   0.0373444830861936   0.0480925377420945   0.0141793234929596   0
0.16015321522808   0.0485478551061991   0.0799300048922143   0.0112033720200055   0
0.0319209584177167   0.0526647682022336   -0.128232256810363   0.00411691309603456   0
0.0358035952379436   0.0580512097459209   0.00388263682022691   0.00538644154368725   0
0.0596460960255556   0.0608956288979349   0.023842500787612   0.00284441915201396   0
0.0379361953313548   0.0586581454153215   -0.0217099006942008   -0.00223748348261338   0
0.0322200456919741   0.0488095265929204   -0.00571614963938065   -0.00984861882240112   0
0.0444182547425448   0.0493630482594268   0.0121982090505706   0.000553521666506449   0
0.116146278704098   0.0471990870939788   0.0717280239615532   -0.00216396116544798   0
0.0548279159489945   0.0532478491731591   -0.0613183627551035   0.00604876207918026   0
0.0458629823509113   0.0519860073990348   -0.00896493359808317   -0.00126184177412429   0
0.0401123265326259   0.0465273413993686   -0.00575065581828543   -0.0054586659996662   0
0.0479817070237617   0.0523181348135138   0.00786938049113581   0.00579079341414516   0
0.0857706642563762   0.0591584128195432   0.0377889572326145   0.00684027800602949   0
0.0462168565528856   0.0546405950333175   -0.0395538077034906   -0.00451781778622575   0
0.12583611869372   0.0448585776988139   0.0796192621408345   -0.00978201733450358   0
0.106444282352271   0.0761773486983664   -0.019391836341449   0.0313187709995524   0
0.055076002167641   0.0622777024049137   -0.05136828018463   -0.0138996462934526   0
0.0705234537722735   0.0514040123668133   0.0154474516046325   -0.0108736900381004   0
0.0472704696665899   0.0443081612960299   -0.0232529841056836   -0.00709585107078346   0
0.0391310855734364   0.059419334044968   -0.00813938409315357   0.0151111727489382   0
0.0387191236579549   0.041123540725295   -0.000411961915481512   -0.018295793319673   0
0.0285324508947269   0.0385351231925175   -0.010186672763228   -0.00258841753277754   0
0.0638049240164111   0.0423594981913148   0.0352724731216843   0.00382437499879729   0
0.106910961083371   0.0610649326048283   0.0431060370669595   0.0187054344135135   0
0.132432351438687   0.0463783679863253   0.0255213903553167   -0.014686564618503   0
0.0673705221854811   0.0683165206549016   -0.0650618292532063   0.0219381526685764   0
0.0586792358447194   0.0885994256067442   -0.00869128634076172   0.0202829049518426   0
0.108337409399016   0.0855337448242651   0.0496581735542966   -0.0030656807824791   0
0.0805956313995988   0.0537085033750199   -0.0277417779994172   -0.0318252414492452   0
0.074907476583516   0.0641834969571229   -0.00568815481608281   0.010474993582103   0
0.0819896447009621   0.0529073998151015   0.00708216811744607   -0.0112760971420214   0
0.0677572775197617   0.0636507457760119   -0.0142323671812004   0.0107433459609104   0
0.0843469895104739   0.0641765652750285   0.0165897119907123   0.000525819499016603   0
0.0754469779210042   0.0763680616348222   -0.00890001158946971   0.0121914963597936   0
0.0739851999295359   0.063170205890851   -0.00146177799146834   -0.0131978557439712   0
0.111826671642494   0.0656363937610281   0.0378414717129578   0.00246618787017712   0
0.0806754205682059   0.0602070559895342   -0.0311512510742877   -0.00542933777149392   0
0.0818422709708131   0.0645190765219344   0.00116685040260721   0.00431202053240024   0
0.0747353622999849   0.0661762255197061   -0.00710690867082824   0.00165714899777171   0
0.0749713442119888   0.0673042616479261   0.000235981912003871   0.00112803612822003   0
0.0782012249697286   0.0577763604738964   0.00322988075773982   -0.00952790117402968   0
0.067379961121093   0.0588461305843785   -0.0108212638486356   0.00106977011048204   0
0.0737662983318263   0.0717860103190289   0.00638633721073334   0.0129398797346504   0
0.109905109732851   0.0624731200821801   0.0361388114010246   -0.00931289023684877   0
0.102792630890254   0.0642160083642311   -0.00711247884259693   0.00174288828205096   0
0.100147174684583   0.0634871643020264   -0.00264545620567089   -0.000728844062204664   0
0.0587072983383667   0.0661048044474265   -0.0414398763462164   0.00261764014540009   0
0.0809650056178594   0.0593804594618465   0.0222577072794926   -0.00672434498558   0
0.0927576749923153   0.0671771064472116   0.011792669374456   0.00779664698536509   0
0.0860612942998187   0.0580503146972521   -0.00669638069249666   -0.00912679174995955   0
0.096487894108743   0.0590739984207096   0.0104265998089243   0.00102368372345752   0
0.0915208217245125   0.0595023090470656   -0.00496707238423048   0.000428310626355968   0
0.095184139167563   0.0770864900069721   0.00366331744305053   0.0175841809599065   0
0.106923657235712   0.0481153804762573   0.0117395180681489   -0.0289711095307148   0
0.0950287808644308   0.0571673898255159   -0.0118948763712811   0.00905200934925864   0
0.12431862888579   0.0682939321980364   0.0292898480213597   0.0111265423725205   0
0.105632284193281   0.0709725284682742   -0.0186863446925099   0.0026785962702378   0
0.0873199314006167   0.059000967788355   -0.018312352792664   -0.0119715606799193   0
0.156339830411191   0.0535232748095163   0.0690198990105744   -0.0054776929788387   0
0.119631410270888   0.0606134273280442   -0.0367084201403028   0.00709015251852797   0
0.10125789317352   0.0533367522293024   -0.0183735170973682   -0.0072766750987418   0
0.133530812405415   0.0513874126646059   0.0322729192318944   -0.00194933956469653   0
0.099626041780952   0.0496653234132226   -0.0339047706244625   -0.00172208925138329   0
0.133476924228753   0.0494974966412949   0.0338508824478014   -0.000167826771927733   0
0.133768864269979   0.0493538948953497   0.000291940041225291   -0.000143601745945195   0
0.0941523993543447   0.0584596653270655   -0.0396164649156341   0.00910577043171576   0
0.111512430960947   0.0680955979081981   0.0173600316066025   0.00963593258113269   0
0.103988576614982   0.059362944761469   -0.00752385434596503   -0.00873265314672911   0
0.119061694760574   0.0560570174382521   0.0150731181455915   -0.00330592732321695   0
0.192000808345517   0.0681081722509861   0.0729391135849438   0.012051154812734   0
0.140549549863003   0.0616395782337298   -0.0514512584825139   -0.00646859401725632   0
0.16431748301641   0.068629437169163   0.0237679331534063   0.00698985893543322   0
0.139980821943329   0.0682482017523693   -0.0243366610730807   -0.000381235416793788   0
0.155552188930251   0.0626968779386831   0.0155713669869219   -0.00555132381368618   0
0.172650778597289   0.0705459827139009   0.0170985896670377   0.0078491047752178   0
0.138752485829423   0.0663570540068358   -0.0338982927678662   -0.00418892870706505   0
0.130611628756285   0.0776673307345342   -0.00814085707313761   0.0113102767276984   0
0.118676072081949   0.0632079523562109   -0.0119355566743358   -0.0144593783783233   0
0.136613555980554   0.0804210147530328   0.017937483898605   0.017213062396822   0
0.136507514408068   0.0555912017138956   -0.000106041572486115   -0.0248298130391373   0
0.183576308514939   0.0687898719240524   0.047068794106871   0.0131986702101568   0
0.130082965556319   0.0844636584718096   -0.0534933429586204   0.0156737865477573   0
0.137040958700456   0.0630007063473895   0.00695799314413698   -0.0214629521244202   0
0.1497315559837   0.0796190264412973   0.0126905972832447   0.0166183200939078   0
0.149233250191715   0.056022830793124   -0.000498305791985731   -0.0235961956481733   0
0.15070543165902   0.0611336438334286   0.00147218146730557   0.0051108130403046   0
0.137032772606957   0.0472083670918686   -0.0136726590520628   -0.0139252767415599   0
0.131417539568155   0.0880245402911951   -0.00561523303880232   0.0408161731993264   0
0.143090205224379   0.0547008626748701   0.0116726656562239   -0.0333236776163249   0
0.154936482540563   0.0645669327368507   0.0118462773161838   0.00986607006198054   0
0.172773513454188   0.0709506559067814   0.017837030913625   0.00638372316993076   0
0.186039046564216   0.0747322887171937   0.0132655331100282   0.0037816328104123   0
0.161497349135234   0.0680617345711833   -0.0245416974289822   -0.00667055414601042   0
0.148867312655224   0.0654168322396843   -0.0126300364800098   -0.002644902331499   0
0.159081097184961   0.0664050808585081   0.0102137845297368   0.000988248618823809   0
0.148984737179389   0.0758781264886331   -0.0100963600055717   0.00947304563012497   0
0.131392070333677   0.0788253972344732   -0.0175926668457117   0.00294727074584016   0
0.148724261086903   0.0594650948785136   0.0173321907532258   -0.0193603023559596   0
0.15858963548592   0.0711944545613631   0.00986537439901672   0.0117293596828495   0
0.182645813966102   0.0799070431547808   0.0240561784801824   0.00871258859341764   0
0.173480949768731   0.0612069596477598   -0.00916486419737134   -0.018700083507021   0
0.205691251757926   0.0703560518085694   0.0322103019891949   0.00914909216080956   0
0.150868591697336   0.068421436802584   -0.0548226600605894   -0.00193461500598537   0
0.17955794076684   0.0691733983112367   0.0286893490695034   0.000751961508652643   0
0.165044829105648   0.0884088432166291   -0.0145131116611923   0.0192354449053924   0
0.153907975851247   0.0639553694015014   -0.0111368532544003   -0.0244534738151277   0
0.180951180062192   0.0696691469381127   0.0270432042109452   0.00571377753661127   0
0.167078052399704   0.076633774437336   -0.0138731276624879   0.00696462749922339   0
0.184296155999886   0.0896014189011179   0.0172181036001818   0.0129676444637818   0
0.176367136052799   0.072677254999457   -0.00792901994708756   -0.0169241639016608   0
0.205142810807252   0.0640094639692139   0.0287756747544533   -0.00866779103024308   0
0.20292601990935   0.0748034854252367   -0.0022167908979018   0.0107940214560227   0
0.189963097440661   0.0654367988262422   -0.0129629224686894   -0.00936668659899445   0
0.177229758804165   0.0690245018080073   -0.0127333386364959   0.00358770298176503   0
0.178321150167504   0.0757513243531333   0.00109139136333927   0.00672682254512599   0
0.186539912853182   0.0775003339073774   0.0082187626856782   0.00174900955424417   0
0.197670339766795   0.0701357493929173   0.0111304269136121   -0.00736458451446015   0
0.146497179095348   0.0936696512066875   -0.0511731606714468   0.0235339018137703   0
0.172706524005123   0.0727004883010156   0.0262093449097751   -0.020969162905672   0
0.187131186343922   0.0918012390058195   0.0144246623387989   0.019100750704804   0
0.205140308448302   0.0754063130679627   0.0180091221043797   -0.0163949259378568   0
0.207909915872297   0.0752471480312709   0.00276960742399526   -0.000159165036691764   0
0.192625307197874   0.0691188386051878   -0.0152846086744232   -0.00612830942608313   0
0.198128851144533   0.0799015006883632   0.00550354394665931   0.0107826620831754   0
0.197248712921656   0.0844447144900439   -0.000880138222876664   0.00454321380168068   0
0.181463822700223   0.0831782436096256   -0.0157848902214332   -0.00126647088041824   0
0.202944524185823   0.107101559264543   0.0214807014855996   0.0239233156549173   0
0.196111893308011   0.0770299751429435   -0.00683263087781144   -0.0300715841215994   0
0.211847033772223   0.079830707240322   0.0157351404642122   0.00280073209737847   0
0.236398179681119   0.0779196888748441   0.024551145908895   -0.00191101836547793   0
0.199507147276118   0.0795695222639454   -0.0368910324050008   0.00164983338910131   0
0.168913999957682   0.0550818716713131   -0.030593147318436   -0.0244876505926323   0
0.228405257726672   0.0756671046881668   0.0594912577689907   0.0205852330168538   0
0.224210815957854   0.0757051362537246   -0.00419444176881811   3.80315655577196e-05   0
0.224332056419452   0.0620525969364506   0.000121240461597977   -0.0136525393172739   0
0.204785682421601   0.0734084177368481   -0.0195463739978517   0.0113558208003975   0
0.219511331478289   0.0944927025583267   0.0147256490566883   0.0210842848214786   0
0.225246537065937   0.0856303834717421   0.0057352055876482   -0.00886231908658461   0
0.234334645155582   0.0757474994324633   0.00908810808964458   -0.0098828840392788   0
0.207400841154691   0.0586979466235617   -0.026933804000891   -0.0170495528089016   0
0.253474395045578   0.0917084930666866   0.0460735538908874   0.0330105464431249   0
0.265936531499529   0.100815195542698   0.0124621364539509   0.00910670247601174   0
0.213514692327864   0.0842438110455154   -0.0524218391716648   -0.0165713844971829   0
0.215225678267691   0.068021134801053   0.00171098593982669   -0.0162226762444624   0
0.220086795823599   0.0725603920082969   0.00486111755590779   0.00453925720724394   0
0.209352265385258   0.0786616492101386   -0.010734530438341   0.00610125720184165   0
0.245266970306513   0.0872784182082696   0.0359147049212557   0.00861676899813096   0
0.226140790283798   0.0761279081192495   -0.0191261800227152   -0.01115051008902   0
0.233928550476369   0.103201709269094   0.00778776019257049   0.027073801149844   0
0.203705222527763   0.0671607633348276   -0.0302233279486058   -0.0360409459342659   0
0.212484853694416   0.071011301657009   0.00877963116665312   0.00385053832218137   0
0.228659519347544   0.0922279061545053   0.0161746656531284   0.0212166044974963   0
0.212921878946261   0.0624789613736096   -0.0157376404012829   -0.0297489447808957   0
0.220072867529535   0.064259720467218   0.00715098858327393   0.00178075909360844   0
0.246776500844175   0.0847377828532822   0.0267036333146393   0.0204780623860641   0
0.25762286347281   0.101556127878184   0.0108463626286352   0.0168183450249016   0
0.231616544938871   0.073904642070052   -0.0260063185339389   -0.0276514858081317   0
0.213939589817502   0.0819761236789605   -0.0176769551213694   0.00807148160890848   0
0.258369821822981   0.0843747569202573   0.0444302320054794   0.00239863324129677   0
0.251111832512711   0.0911025203750698   -0.00725798931027033   0.0067277634548125   0
0.266679939272398   0.0852266292049147   0.0155681067596877   -0.00587589117015502   0
0.255168256016234   0.0896531551371869   -0.0115116832561641   0.00442652593227215   0
0.250041661898889   0.0725572190700857   -0.00512659411734556   -0.0170959360671012   0
0.256247911001883   0.0988721753393744   0.00620624910299433   0.0263149562692888   0
0.253638587801632   0.0766460784749781   -0.00260932320025048   -0.0222260968643963   0
0.256753370853627   0.0779998222307852   0.00311478305199436   0.00135374375580714   0
0.262045136682352   0.0854096534391166   0.00529176582872515   0.00740983120833136   0
0.28489229232368   0.0943659334629823   0.0228471556413277   0.00895628002386568   0
0.274384409239238   0.0754686348299742   -0.0105078830844417   -0.018897298633008   0
0.25460055533205   0.0704413796715397   -0.0197838539071875   -0.00502725515843458   0
0.247108531454635   0.0754686348299742   -0.00749202387741593   0.00502725515843458   0
0.254605720210577   0.0988375787913686   0.00749718875594274   0.0233689439613944   0
0.255565010454709   0.0845611761350326   0.000959290244131938   -0.0142764026563361   0
0.275822717937003   0.0802692203176442   0.020257707482294   -0.00429195581738838   0
0.289944618180769   0.101462945037736   0.0141219002437661   0.0211937247200918   0
0.253208569739932   0.076421539133578   -0.0367360484408369   -0.0250414059041579   0
0.272690397793032   0.0866855460594354   0.0194818280530997   0.0102640069258574   0
0.253097008481973   0.0736985981045942   -0.0195933893110588   -0.0129869479548412   0
0.256000529352922   0.110590023839902   0.00290352087094892   0.0368914257353074   0
0.301061634043799   0.074651008406116   0.045061104690877   -0.0359390154337856   0
0.283991705759059   0.0962531508042204   -0.0170699282847401   0.0216021423981044   0
0.26280440783208   0.0784898115640853   -0.0211872979269795   -0.0177633392401351   0
0.253488095025988   0.0759939135954958   -0.00931631280609141   -0.0024958979685895   0
0.317758069732649   0.133328330299528   0.0642699747066606   0.057334416704032   0
0.271390931205245   0.108085581430874   -0.0463671385274038   -0.0252427488686543   0
0.26147304623781   0.0879497105101688   -0.0099178849674349   -0.0201358709207047   0
0.286517117851996   0.10564628689253   0.025044071614186   0.0176965763823611   0
0.28208710903497   0.0805384515877509   -0.00443000881702638   -0.0251078353047789   0
0.277170269432402   0.0744650484852122   -0.00491683960256761   -0.00607340310253877   0
0.269956046678428   0.0870358423161777   -0.0072142227539746   0.0125707938309655   0
0.284560125167568   0.0939294767306527   0.0146040784891407   0.00689363441447498   0
0.288328601224042   0.0869804732678791   0.00376847605647351   -0.00694900346277362   0
0.27253636818583   0.0750353309175366   -0.0157922330382119   -0.0119451423503425   0
0.258029242615487   0.0771734316957379   -0.0145071255703423   0.0021381007782013   0
0.273360494844047   0.0856646469992143   0.01533125222856   0.00849121530347641   0
0.261469861657822   0.0848986531594055   -0.0118906331862258   -0.000765993839808868   0
0.272885044990784   0.0839672863376954   0.0114151833329627   -0.00093136682171005   0
0.269857617236234   0.0852036979224077   -0.00302742775455073   0.00123641158471229   0
0.2754442638183   0.0874401791457451   0.00558664658206681   0.00223648122333744   0
