0.0773319995688719   0.0460744215522561   0   0   0
0.0501872220315757   0.046688531884768   -0.0271447775372962   0.000614110332511936   0
0.15462713536414   0.0868633810104264   0.104439913332564   0.0401748491256583   0
0.00675096877559806   0.182781261268578   -0.147876166588542   0.095917880258152   0
0.111950392420581   0.0351175304724364   0.105199423644983   -0.147663730796142   0
0.234157321641503   0.0296854662031881   0.122206929220922   -0.00543206426924827   0
0.107301986064678   0.0181635666451588   -0.126855335576825   -0.0115218995580293   0
0.097394497369548   0.0409450986982645   -0.00990748869513018   0.0227815320531057   0
0.16682185399827   0.028232201581094   0.0694273566287216   -0.0127128971171706   0
0.177797352154258   0.0521451977310905   0.0109754981559879   0.0239129961499965   0
0.199351359676442   0.0288088824217896   0.0215540075221843   -0.0233363153093009   0
0.0680614790607257   0.0191975606997347   -0.131289880615716   -0.00961132172205489   0
0.0806318452482417   0.035192223122055   0.012570366187516   0.0159946624223202   0
0.131268437862763   0.0386094470346637   0.050636592614521   0.00341722391260871   0
0.0356602991126617   0.0240948251778779   -0.095608138750101   -0.0145146218567858   0
0.0975342193872849   0.00950607163557192   0.0618739202746232   -0.014588753542306   0
0.113866674758256   0.0189977298814549   0.0163324553709708   0.00949165824588299   0
0.118064651941621   0.0264303909433109   0.0041979771833652   0.00743266106185597   0
0.0782332994766934   0.0154228324278333   -0.0398313524649275   -0.0110075585154776   0
0.0714300613981256   0.0207228824856124   -0.00680323807856778   0.00530005005777912   0
0.0115514567535225   0.00938693299593776   -0.0598786046446032   -0.0113359494896746   0
0.193228895259508   0.0333859775502006   0.181677438505986   0.0239990445542629   0
0.0208798055738588   0.0261466271887026   -0.172349089685649   -0.00723935036149806   0
0.0716826026207894   0.0179872736941212   0.0508027970469306   -0.00815935349458135   0
0.0706262881439595   0.0224133063249001   -0.00105631447682983   0.00442603263077887   0
0.0867203414715544   0.019566954020731   0.0160940533275949   -0.00284635230416911   0
0.279266475215483   0.0198843484664447   0.192546133743929   0.000317394445713683   0
0.0659290509167241   0.0221672593816088   -0.213337424298759   0.00228291091516418   0
0.0310617988976427   0.029640231625318   -0.0348672520190814   0.00747297224370914   0
0.0358692443830366   0.074235303470064   0.00480744548539382   0.0445950718447461   0
0.269905499392991   0.112381145938543   0.234036255009955   0.0381458424684785   0
0.0429685716292734   0.11972021887267   -0.226936927763718   0.00733907293412742   0
0.247450298950395   0.0109911325724377   0.204481727321122   -0.108729086300232   0
0.0664639710174776   0.021197626075946   -0.180986327932918   0.0102064935035083   0
0.0454284924637766   0.021196886524596   -0.021035478553701   -7.39551349968753e-07   0
0.0846356345784239   0.0348695537812219   0.0392071421146473   0.0136726672566259   0
0.152752329555698   0.0021011052157401   0.0681166949772739   -0.0327684485654818   0
0.08703318628529   0.0203609510737834   -0.0657191432704077   0.0182598458580433   0
0.0815379982857686   0.0231501743180348   -0.00549518799952145   0.00278922324425148   0
0.106237792971522   0.02254267607528   0.0246997946857536   -0.00060749824275487   0
0.161857595864915   0.0240646135318023   0.0556198028933924   0.00152193745652228   0
0.30979662429678   0.0425360831032974   0.147939028431866   0.0184714695714952   0
0.152517530081168   0.0220312625574432   -0.157279094215612   -0.0205048205458542   0
0.0549142902081061   0.055731552722134   -0.0976032398730619   0.0337002901646908   0
0.333387055280975   0.171914993937813   0.278472765072869   0.116183441215679   0
0.21171152933114   0.137329770443378   -0.121675525949836   -0.0345852234944353   0
0.224552745580944   0.0895598987669929   0.012841216249804   -0.0477698716763851   0
0.244674403868773   0.0551450628127306   0.0201216582878296   -0.0344148359542624   0
0.355076392799493   0.0703442448778328   0.110401988930719   0.0151991820651022   0
0.198094093733258   0.0651229835355   -0.156982299066234   -0.00522126134233278   0
0.22224438114998   0.0454955171133134   0.0241502874167218   -0.0196274664221866   0
0.348912095244992   0.0373920916596909   0.126667714095011   -0.00810342545362246   0
0.104092093686072   0.0513888524558099   -0.244820001558919   0.013996760796119   0
0.28550149809283   0.0791488689683561   0.181409404406758   0.0277600165125462   0
0.107791000140225   0.0526108162722505   -0.177710497952605   -0.0265380526961056   0
0.0312322215836466   0.0507031121451879   -0.0765587785565785   -0.00190770412706264   0
0.148059419297017   0.0789500830217581   0.116827197713371   0.0282469708765702   0
0.125916898357131   0.0639344340086193   -0.0221425209398862   -0.0150156490131388   0
0.0396340403907783   0.069416017691164   -0.0862828579663529   0.00548158368254471   0
0.129595453282937   0.0543170274794654   0.0899614128921591   -0.0150989902116986   0
0.0977141565110194   0.0357235800159114   -0.0318812967719179   -0.018593447463554   0
0.126977418333291   0.0412169664050194   0.0292632618222716   0.00549338638910802   0
0.0933563232557715   0.054188150414086   -0.0336210950775196   0.0129711840090665   0
0.127495113860909   0.0396172371855322   0.0341387906051373   -0.0145709132285538   0
0.104076973835378   0.0543081819433776   -0.0234181400255306   0.0146909447578454   0
0.252547393078864   0.0421850193300003   0.148470419243485   -0.0121231626133773   0
0.172019613789126   0.0434149683564609   -0.0805277792897377   0.00122994902646057   0
0.0185185587898519   0.0449675728335709   -0.153501054999274   0.00155260447710997   0
0.124524914552149   0.0595978664618122   0.106006355762297   0.0146302936282414   0
0.150140942768653   0.0672102137214464   0.0256160282165043   0.00761234725963419   0
0.150332499709477   0.0814657813159151   0.000191556940824095   0.0142555675944687   0
0.437853583231895   0.0419092676451462   0.287521083522418   -0.0395565136707689   0
0.106168415048733   0.0503171815002798   -0.331685168183162   0.00840791385513358   0
0.213445357939029   0.050023891372923   0.107276942890296   -0.0002932901273568   0
0.132783663015184   0.0700165353352335   -0.0806616949238443   0.0199926439623105   0
0.139577024698193   0.0690856943867723   0.00679336168300884   -0.000930840948461201   0
0.268002234134009   0.0954489229296748   0.128425209435816   0.0263632285429025   0
0.181256513658875   0.0893173801311928   -0.0867457204751335   -0.00613154279848195   0
0.0555115976459874   0.0668773722085056   -0.125744916012888   -0.0224400079226872   0
0.173007556316942   0.0685746857076283   0.117495958670955   0.00169731349912265   0
0.157428194004124   0.0924158513300613   -0.0155793623128188   0.023841165622433   0
0.10191768180674   0.108773360171793   -0.0555105121973832   0.0163575088417312   0
0.13953709364101   0.0692243786349506   0.0376194118342695   -0.0395489815368419   0
0.104767189531265   0.0705872734317774   -0.034769904109745   0.00136289479682679   0
0.0696973136330232   0.069639545857957   -0.0350698758982418   -0.00094772757382032   0
0.118327038921668   0.0868079266479882   0.0486297252886451   0.0171683807900312   0
0.127620985798026   0.0815478494293534   0.00929394687635787   -0.00526007721863478   0
0.169025579729046   0.0740147445697815   0.0414045939310196   -0.00753310485957193   0
0.232004884763231   0.119066758344059   0.0629793050341851   0.0450520137742773   0
0.0882099866716349   0.145444064613068   -0.143794898091596   0.0263773062690089   0
0.18483829172098   0.0608885816288448   0.0966283050493448   -0.0845554829842229   0
0.0935817996886339   0.0473451692818285   -0.0912564920323458   -0.0135434123470163   0
0.202855475071811   0.0373261604677939   0.109273675383177   -0.0100190088140346   0
0.124276321783194   0.0567781168272381   -0.0785791532886165   0.0194519563594442   0
0.119118971166141   0.0545213292038538   -0.00515735061705282   -0.00225678762338433   0
0.116725881265296   0.0433493583401473   -0.00239308990084519   -0.0111719708637065   0
0.171902749421526   0.0429883647901092   0.05517686815623   -0.000360993550038116   0
0.296513294096993   0.0506684760803253   0.124610544675467   0.00768011129021613   0
0.113556945959109   0.0646788936181851   -0.182956348137884   0.0140104175378597   0
0.219285123895763   0.0538364675404426   0.105728177936654   -0.0108424260777425   0
0.167419101896438   0.0646812305788936   -0.0518660219993244   0.010844763038451   0
0.104097364382438   0.107069390839819   -0.0633217375140007   0.0423881602609258   0
0.0938056983257414   0.0835605326429439   -0.0102916660566963   -0.0235088581968755   0
0.185328263510993   0.0769543552754488   0.0915225651852514   -0.00660617736749511   0
0.0704294049845659   0.0795634657016806   -0.114898858526427   0.00260911042623173   0
0.119398257419194   0.104233964502232   0.0489688524346276   0.0246704988005512   0
0.121221165125567   0.0647809929984289   0.00182290770637357   -0.0394529715038028   0
0.113460549400794   0.169925623592053   -0.00776061572477317   0.105144630593624   0
0.170666508231287   0.150449946250813   0.0572059588304932   -0.0194756773412401   0
0.364584386993519   0.107987137891799   0.193917878762232   -0.0424628083590135   0
0.144107907269796   0.0964311292218571   -0.220476479723723   -0.0115560086699423   0
0.216425217534556   0.0465869118055157   0.0723173102647607   -0.0498442174163414   0
0.140402219631543   0.0643723752663883   -0.0760229979030131   0.0177854634608726   0
0.155990801059269   0.0449700180830242   0.0155885814277257   -0.0194023571833641   0
0.213153338122256   0.0410843373798933   0.0571625370629874   -0.00388568070313088   0
0.241930343043166   0.0456898738672477   0.02877700492091   0.00460553648735434   0
0.101949364383526   0.0381598388715024   -0.139980978659641   -0.00753003499574527   0
0.206263373676352   0.0367566877776684   0.104314009292826   -0.00140315109383397   0
0.156451987581015   0.0495397864322455   -0.0498113860953372   0.0127830986545771   0
0.218116303187217   0.0317462878367298   0.0616643156062025   -0.0177934985955157   0
0.176327279540724   0.032954846743461   -0.0417890236464936   0.00120855890673114   0
0.432761370416636   0.0399225861478813   0.256434090875913   0.00696773940442028   0
0.122473801292171   0.0477968921002454   -0.310287569124465   0.00787430595236414   0
0.0405487391139355   0.0789685883368349   -0.0819250621782352   0.0311716962365895   0
0.163112345316748   0.108361145067086   0.122563606202812   0.0293925567302508   0
0.11370572186891   0.11034026788785   -0.0494066234478375   0.00197912282076425   0
0.0793268188684634   0.073549936645384   -0.034378903000447   -0.036790331242466   0
0.242719238169722   0.0352587719949235   0.163392419301258   -0.0382911646504605   0
0.103987517398302   0.0513091418144467   -0.13873172077142   0.0160503698195232   0
0.0985564894970392   0.0571187638522797   -0.0054310279012625   0.00580962203783307   0
0.168922781462419   0.0415447253698207   0.0703662919653793   -0.0155740384824591   0
0.0631543400438165   0.0849798368230517   -0.105768441418602   0.0434351114532311   0
0.166745895451162   0.0857732526829314   0.103591555407346   0.000793415859879687   0
0.137824212740498   0.0657483176636673   -0.0289216827106643   -0.0200249350192642   0
0.237942022474888   0.0524352868997586   0.10011780973439   -0.0133130307639086   0
0.211181665086366   0.067993279138548   -0.0267603573885219   0.0155579922387893   0
0.184585428720823   0.0650655585530663   -0.0265962363655429   -0.00292772058548164   0
0.132013636750337   0.0692896451878273   -0.0525717919704856   0.00422408663476098   0
0.113421223811595   0.064643680620073   -0.0185924129387419   -0.0046459645677543   0
0.121025542020889   0.0866265258573983   0.00760431820929379   0.0219828452373253   0
0.19726950740768   0.140985179184693   0.0762439653867913   0.0543586533272947   0
0.234569437820041   0.107058890226361   0.0372999304123603   -0.0339262889583321   0
0.177238051355684   0.092060493682904   -0.057331386464357   -0.0149983965434569   0
0.0571568575011398   0.0890805711828342   -0.120081193854544   -0.00297992250006973   0
0.112125528882365   0.114681746710189   0.0549686713812249   0.025601175527355   0
0.0822403781335543   0.176670225964939   -0.0298851507488104   0.0619884792547495   0
0.116364587694491   0.111701007053708   0.0341242095609367   -0.0649692189112308   0
0.109721153382472   0.0820371432344063   -0.00664343431201883   -0.0296638638193016   0
0.0820483865495233   0.0810117473621264   -0.0276727668329489   -0.0010253958722799   0
0.131151143250412   0.0937635404662841   0.0491027567008883   0.0127517931041577   0
0.19218921722797   0.0802942753981254   0.0610380739775588   -0.0134692650681588   0
0.0825203601934092   0.148716541203971   -0.109668857034561   0.068422265805846   0
0.109289705479244   0.159605837795019   0.0267693452858352   0.0108892965910479   0
0.153973309345549   0.0970335219047521   0.0446836038663041   -0.0625723158902672   0
0.189167546321693   0.0787581677969974   0.0351942369761448   -0.0182753541077546   0
0.14185511399939   0.0988478968115281   -0.0473124323223031   0.0200897290145307   0
0.136992349985027   0.101931206841919   -0.00486276401436367   0.00308331003039057   0
0.141028946869428   0.0958973555201733   0.00403659688440167   -0.00603385132174539   0
0.126991537758191   0.0961126629702871   -0.0140374091112374   0.000215307450113875   0
0.080651516530937   0.197526634069307   -0.0463400212272538   0.10141397109902   0
0.258986233187635   0.205930921739949   0.178334716656698   0.00840428767064177   0
0.127815029808118   0.0326186747121185   -0.131171203379517   -0.17331224702783   0
0.107032802333395   0.0403219848210489   -0.0207822274747226   0.00770331010893041   0
0.19508405688802   0.0499090759582613   0.0880512545546255   0.00958709113721241   0
0.158621754240769   0.0432448825092924   -0.0364623026472515   -0.00666419344896899   0
0.0760065502218039   0.056022301922828   -0.082615204018965   0.0127774194135357   0
0.0995643866258915   0.0524009418158204   0.0235578364040876   -0.00362136010700759   0
0.18249483199469   0.0524009418158204   0.0829304453687982   0   0
0.14819754926695   0.0644689165352187   -0.0342972827277399   0.0120679747193983   0
0.140889415182973   0.0723727591427534   -0.00730813408397724   0.00790384260753468   0
0.190378636757305   0.0573982682579579   0.0494892215743328   -0.0149744908847955   0
0.0941809782931776   0.0564351952645466   -0.0961976584641277   -0.000963072993411355   0
0.144198980651356   0.0711050222921173   0.0500180023581779   0.0146698270275708   0
0.118215523964664   0.096780448832835   -0.0259834566866917   0.0256754265407177   0
0.127611092583404   0.131146118461137   0.00939556861873979   0.0343656696283016   0
0.173996905127394   0.12790264192721   0.0463858125439902   -0.00324347653392706   0
0.13510327207851   0.0992484626712676   -0.0388936330488835   -0.028654179255942   0
0.133324568285144   0.117535256289772   -0.00177870379336645   0.0182867936185049   0
0.183764560872465   0.116163958687107   0.0504399925873214   -0.00137129760266505   0
0.232946793243114   0.0782540856042993   0.0491822323706485   -0.0379098730828081   0
0.0713341367846419   0.0681223087131338   -0.161612656458472   -0.0101317768911655   0
0.207058860717285   0.0540207600434083   0.135724723932643   -0.0141015486697255   0
0.179122044574   0.0546253907003648   -0.0279368161432851   0.000604630656956477   0
0.0802856928715198   0.0552034649084865   -0.0988363517024801   0.000578074208121705   0
0.0465141743860944   0.0735104350557287   -0.0337715184854254   0.0183069701472422   0
0.0882828705292822   0.0644791832417448   0.0417686961431878   -0.00903125181398388   0
0.126225954161813   0.062980026514503   0.0379430836325304   -0.00149915672724178   0
0.169612618007181   0.0839117225794466   0.0433866638453687   0.0209316960649436   0
0.139233830294792   0.138114798831443   -0.0303787877123894   0.0542030762519965   0
0.215758030140989   0.121769207208853   0.0765241998461973   -0.0163455916225904   0
0.0878297324293431   0.0946923221597717   -0.127928297711646   -0.027076885049081   0
0.0762535489779984   0.0738602009049867   -0.0115761834513447   -0.020832121254785   0
0.267083549784726   0.0703876912846806   0.190830000806727   -0.00347250962030611   0
0.162546192902202   0.0655329129996905   -0.104537356882523   -0.00485477828499013   0
0.240274933303435   0.113067779397537   0.0777287404012323   0.0475348663978461   0
0.0635160985568226   0.133808705082255   -0.176758834746612   0.0207409256847188   0
0.0983470056212186   0.140305534697219   0.034830907064396   0.00649682961496351   0
0.0907046276277016   0.155848271878942   -0.00764237799351702   0.0155427371817227   0
0.212982525139675   0.129391755023504   0.122277897511974   -0.0264565168554375   0
0.108952046887931   0.138133896402811   -0.104030478251744   0.00874214137930684   0
0.158300004911845   0.130192554213941   0.0493479580239132   -0.00794134218886983   0
0.0711016702583702   0.135071408024247   -0.0871983346534744   0.00487885381030548   0
0.117890619377667   0.152552887934162   0.046788949119297   0.0174814799099156   0
0.132845032202977   0.21390235804509   0.0149544128253098   0.0613494701109281   0
0.163961686268608   0.117591566377536   0.031116654065631   -0.0963107916675541   0
0.150897113004192   0.101175329549204   -0.0130645732644157   -0.0164162368283324   0
0.13343179897753   0.0991310002497201   -0.0174653140266623   -0.00204432929948375   0
0.2798968003012   0.0923476070850783   0.14646500132367   -0.00678339316464178   0
0.171166342875491   0.0971146373222003   -0.10873045742571   0.00476703023712201   0
0.176318204236006   0.106772289704832   0.00515186136051565   0.00965765238263135   0
0.213286308493912   0.112549852253357   0.0369681042579053   0.00577756254852542   0
0.123247724357734   0.123407174287893   -0.0900385841361774   0.0108573220345364   0
0.138508716171871   0.140110063616965   0.0152609918141372   0.0167028893290716   0
0.217226126886938   0.119456237427865   0.0787174107150665   -0.0206538261890999   0
0.135335310152414   0.115318293150957   -0.0818908167345241   -0.00413794427690843   0
0.0890202478515422   0.119023676967285   -0.0463150623008715   0.0037053838163278   0
0.12665014237407   0.122407287658619   0.0376298945225274   0.00338361069133486   0
0.22588159945726   0.112367890131033   0.0992314570831903   -0.010039397527586   0
0.142997551235432   0.121883585188901   -0.0828840482218279   0.00951569505786722   0
0.141683133027365   0.12296390933526   -0.00131441820806702   0.00108032414635917   0
0.167183385402767   0.142238246427429   0.0255002523754016   0.0192743370921691   0
0.0882454058328817   0.145575832680162   -0.0789379795698849   0.00333758625273298   0
0.0964366474587851   0.14712420458497   0.00819124162590336   0.00154837190480772   0
0.169253953353681   0.16603320492016   0.0728173058948958   0.0189090003351908   0
0.091234600677813   0.145562639457177   -0.0780193526758679   -0.0204705654629838   0
0.113943172729585   0.125915648100981   0.0227085720517722   -0.019646991356196   0
0.101947730222649   0.12570564776617   -0.0119954425069363   -0.000210000334810251   0
0.133422798772211   0.141190419866222   0.0314750685495624   0.0154847721000514   0
0.369153715416993   0.158083566002732   0.235730916644781   0.0168931461365098   0
0.124384150945988   0.173796978662785   -0.244769564471004   0.0157134126600533   0
0.090844257829155   0.143604809927279   -0.0335398931168332   -0.0301921687355056   0
0.116461799960888   0.137921849073633   0.0256175421317334   -0.00568296085364625   0
0.12311760832184   0.14104441420986   0.00665580836095153   0.0031225651362268   0
0.090551327518651   0.145886537798757   -0.032566280803189   0.00484212358889713   0
0.112527829726739   0.116754118792968   0.0219765022080882   -0.0291324190057888   0
0.174804071757439   0.117174963330483   0.0622762420307001   0.000420844537514758   0
0.0896355393244755   0.11207384638572   -0.0851685324329638   -0.00510111694476269   0
0.191204211283355   0.114152733939621   0.10156867195888   0.00207888755390127   0
0.148150169669326   0.120390540088871   -0.0430540416140296   0.00623780614924933   0
0.138360987392328   0.115437959153369   -0.00978918227699754   -0.0049525809355017   0
0.206620382037034   0.132650331209123   0.0682593946447061   0.0172123720557538   0
0.137485083556763   0.160042477365105   -0.0691352984802717   0.0273921461559817   0
0.226384624453694   0.212996499782984   0.0888995408969312   0.052954022417879   0
0.120491628578462   0.176901310979484   -0.105892995875232   -0.0360951888034998   0
0.274019955203357   0.127285166240022   0.153528326624896   -0.0496161447394619   0
0.102851398096185   0.130107139873775   -0.171168557107172   0.00282197363375306   0
0.0916427639986753   0.124597738708393   -0.01120863409751   -0.00550940116538212   0
0.269366396858424   0.108979603638995   0.177723632859749   -0.0156181350693976   0
0.114182636764703   0.101441549565501   -0.155183760093721   -0.00753805407349419   0
0.235041631669583   0.116313285928393   0.120858994904881   0.0148717363628915   0
