0.085236537199959   0.0625947541909264   0   0   0
0.0835246579949897   0.065279979153968   -0.0017118792049693   0.00268522496304163   0
0.0812587988054832   0.0527190715643779   -0.0022658591895065   -0.0125609075895901   0
0.0731650193259046   0.0632275307036025   -0.00809377947957857   0.0105084591392246   0
0.0823616453073274   0.0795990027736686   0.00919662598142272   0.0163714720700661   0
0.0819439429986744   0.061087082277209   -0.000417702308652956   -0.0185119204964596   0
0.0793772178679122   0.0578697643625106   -0.00256672513076221   -0.00321731791469842   0
0.0653541216820362   0.0660193863315352   -0.014023096185876   0.00814962196902464   0
0.0639429937041581   0.0542049921070237   -0.00141112797787817   -0.0118143942245115   0
0.0471719404754235   0.0673017897675277   -0.0167710532287346   0.013096797660504   0
0.0685703471196552   0.0523229118137074   0.0213984066442316   -0.0149788779538203   0
0.0956158678212984   0.0283997848542467   0.0270455207016432   -0.0239231269594607   0
0.108652034318139   0.022516296854599   0.0130361664968404   -0.00588348799964769   0
0.0924044432166549   0.0218282521956781   -0.0162475911014838   -0.000688044658920917   0
0.0687177785944802   0.0266591215313   -0.0236866646221747   0.00483086933562195   0
0.0568359933786681   0.0304749272192835   -0.0118817852158121   0.00381580568798344   0
0.0543586064759758   0.021908165718303   -0.00247738690269226   -0.00856676150098052   0
0.0612723544448065   0.0157509176971982   0.00691374796883069   -0.0061572480211048   0
0.0481111961844642   0.0229446598441364   -0.0131611582603423   0.00719374214693824   0
0.0306119492945745   0.00443548353187395   -0.0174992468898897   -0.0185091763122624   0
0.00558059730051327   0.00969811701001024   -0.0250313519940612   0.00526263347813629   0
0.0430777096618769   0.026126111539413   0.0374971123613636   0.0164279945294028   0
0.0307697796084551   0.014025538562877   -0.0123079300534218   -0.012100572976536   0
0.0227553188668254   0.0259275494850333   -0.00801446074162971   0.0119020109221563   0
0.0299624597431185   0.0109266151256061   0.00720714087629315   -0.0150009343594271   0
0.0527229068655741   0.0108263002237099   0.0227604471224555   -0.000100314901896294   0
0.0227200537109997   0.0183194424931888   -0.0300028531545744   0.00749314226947891   0
0.0032832653760243   0.0311756409264108   -0.0194367883349753   0.012856198433222   0
0.0274769857696084   0.0289657694316498   0.0241937203935841   -0.00220987149476097   0
0.036704214838115   0.0551018940657442   0.00922722906850655   0.0261361246340944   0
0.0320182306269553   0.0558314953849751   -0.00468598421115966   0.000729601319230895   0
0.0329134965997066   0.0645431320517915   0.000895265972751309   0.0087116366668164   0
0.0287214839634532   0.0676393185529874   -0.00419201263625342   0.00309618650119584   0
0.02083833966183   0.0680119431653184   -0.00788314430162324   0.000372624612331021   0
0.023054440412606   0.0775266638038972   0.00221610075077602   0.00951472063857879   0
0.0207928427470248   0.0726468565269   -0.00226159766558123   -0.00487980727699713   0
0.0431918545020806   0.0837493803721705   0.0223990117550558   0.0111025238452705   0
0.0207810841401116   0.0864997573035468   -0.022410770361969   0.00275037693137628   0
0.0661357055620306   0.0704159008933529   0.0453546214219189   -0.0160838564101939   0
0.0317935082932428   0.0769597179361547   -0.0343421972687877   0.00654381704280182   0
0.0801318000426803   0.0763651615015807   0.0483382917494375   -0.000594556434574053   0
0.0834821487966882   0.0828725027395999   0.00335034875400794   0.00650734123801924   0
0.102701208224062   0.0777296265110672   0.0192190594273736   -0.00514287622853275   0
0.0797091184362598   0.0922603736338765   -0.0229920897878021   0.0145307471228094   0
0.0807805529197244   0.0869720900875821   0.00107143448346468   -0.00528828354629443   0
0.0709605642864408   0.0897328687675257   -0.00981998863328362   0.00276077867994363   0
0.0821796958528725   0.0899288078152519   0.0112191315664317   0.000195939047726107   0
0.0970223715255404   0.0984284176409943   0.014842675672668   0.00849960982574245   0
0.0909352627441632   0.100779331216822   -0.00608710878137723   0.00235091357582813   0
0.0632781809892707   0.104638067388511   -0.0276570817548925   0.00385873617168823   0
0.0755035770004971   0.105136419655607   0.0122253960112264   0.000498352267096769   0
0.0734757894614954   0.107172246877398   -0.00202778753900174   0.00203582722179083   0
0.0701634264919409   0.131588505087831   -0.00331236296955446   0.0244162582104323   0
0.0753955540790702   0.131262643858601   0.00523212758712928   -0.00032586122922923   0
0.103271103930964   0.126097327262516   0.0278755498518939   -0.00516531659608555   0
0.0843107783915556   0.128138965000893   -0.0189603255394085   0.00204163773837693   0
0.1173380213626   0.129658771686493   0.0330272429710445   0.00151980668559989   0
0.116532405917024   0.135458598270837   -0.000805615445576321   0.00579982658434441   0
0.111719151703099   0.138033227722531   -0.00481325421392499   0.00257462945169365   0
0.0861631770443152   0.142771454303723   -0.0255559746587836   0.00473822658119213   0
0.125705545246739   0.138047469656274   0.039542368202424   -0.00472398464744836   0
0.119009740243436   0.145910662815471   -0.00669580500330366   0.00786319315919637   0
0.108066659974307   0.149920046721578   -0.0109430802691285   0.00400938390610678   0
0.140595989908298   0.15197259967096   0.0325293299339905   0.00205255294938286   0
0.134875740268932   0.149752198376184   -0.00572024963936524   -0.0022204012947763   0
0.139428147660973   0.151539674488234   0.00455240739204071   0.00178747611205016   0
0.146707020674574   0.171503509755632   0.00727887301360136   0.0199638352673973   0
0.13845537617502   0.174063385248018   -0.00825164449955401   0.00255987549238662   0
0.152105249373189   0.170386843565605   0.0136498731981686   -0.00367654168241302   0
0.152443178632565   0.154502889584176   0.000337929259375647   -0.0158839539814294   0
0.134331283812264   0.139327001562197   -0.018111894820301   -0.0151758880219785   0
0.155175166983316   0.150082689922722   0.0208438831710524   0.0107556883605251   0
0.186515802455985   0.150743026835746   0.031340635472669   0.000660336913023918   0
0.181631904670545   0.152660192671305   -0.00488389778543977   0.00191716583555893   0
0.197839201456233   0.159704071027041   0.0162072967856879   0.00704387835573539   0
0.187660569364425   0.168712862881554   -0.0101786320918086   0.00900879185451334   0
0.200154900917389   0.163279504499003   0.0124943315529649   -0.00543335838255066   0
0.217954380873636   0.163130547611231   0.0177994799562466   -0.000148956887772528   0
0.213898645332994   0.167962723625482   -0.00405573554064192   0.00483217601425118   0
0.230837030732181   0.173405045245777   0.0169383853991872   0.00544232162029526   0
0.224459156981599   0.16956536850905   -0.00637787375058255   -0.00383967673672689   0
0.251472528579187   0.159998673302125   0.0270133715975883   -0.0095666952069256   0
0.22905438545256   0.167525445520531   -0.0224181431266268   0.0075267722184067   0
0.241901554924974   0.170589605950773   0.0128471694724134   0.00306416043024166   0
0.248976250062551   0.17914688098231   0.00707469513757755   0.00855727503153722   0
0.262152647509443   0.182356720420197   0.0131763974468914   0.00320983943788708   0
0.280289803288953   0.182790276412102   0.0181371557795106   0.000433555991904283   0
0.274803386388541   0.174681143463061   -0.00548641690041168   -0.00810913294904056   0
0.274316054401506   0.173064917221292   -0.000487331987035378   -0.00161622624176944   0
0.266925878501898   0.169159547311111   -0.00739017589960805   -0.00390536991018056   0
0.260466280280673   0.16766046029598   -0.00645959822122522   -0.00149908701513066   0
0.269151307846795   0.173504620372196   0.00868502756612188   0.0058441600762161   0
0.273369598628395   0.157393223050295   0.00421829078160074   -0.0161113973219012   0
0.25174973825607   0.174587025644813   -0.0216198603723249   0.0171938025945175   0
0.276978525608051   0.174232825303529   0.025228787351981   -0.000354200341283889   0
0.2979523779816   0.162287468193067   0.0209738523735481   -0.0119453571104622   0
0.274893664116236   0.170092994887238   -0.0230587138653635   0.00780552669417142   0
0.318840385361955   0.170593995805949   0.043946721245719   0.00050100091871047   0
0.298009798706418   0.179405538112233   -0.0208305866555367   0.00881154230628475   0
0.294748349822777   0.169408012219324   -0.00326144888364155   -0.00999752589290973   0
0.298000443855525   0.171717832249478   0.00325209403274834   0.00230982003015481   0
0.301779547419967   0.171224202713496   0.00377910356444167   -0.000493629535982004   0
0.317679223397203   0.191885691084109   0.0158996759772362   0.0206614883706125   0
0.330263913729323   0.187317882639919   0.0125846903321205   -0.0045678084441898   0
0.366550785619251   0.173408812637284   0.0362868718899274   -0.0139090700026356   0
0.349644418226804   0.178158122397696   -0.0169063673924472   0.00474930976041268   0
0.343425408098702   0.176926691059525   -0.00621901012810167   -0.0012314313381715   0
0.354453496065196   0.172479325549187   0.0110280879664941   -0.00444736551033753   0
0.341712377464499   0.168201619134597   -0.0127411186006974   -0.00427770641459027   0
0.346846209712734   0.185318779705267   0.00513383224823555   0.0171171605706699   0
0.3547517774727   0.187752572857265   0.0079055677599657   0.00243379315199788   0
0.349014020999286   0.201802293904362   -0.00573775647341396   0.0140497210470972   0
0.332654430816741   0.189704534291077   -0.0163595901825448   -0.0120977596132855   0
0.326625837228227   0.18377183023456   -0.00602859358851449   -0.0059327040565163   0
0.326076236542637   0.179045232545501   -0.00054960068558918   -0.00472659768905928   0
0.353354819293313   0.193397789463414   0.0272785827506756   0.0143525569179128   0
0.375165918144439   0.192409439267055   0.0218110988511261   -0.000988350196358789   0
0.366134618238169   0.177838905570639   -0.00903129990626983   -0.0145705336964164   0
0.359190170629097   0.169421475774774   -0.00694444760907209   -0.00841742979586407   0
0.368812351148236   0.191576682193117   0.0096221805191391   0.0221552064183424   0
0.368543533874372   0.179108837435203   -0.000268817273864796   -0.0124678447579138   0
0.380657149595748   0.199522107856028   0.0121136157213769   0.020413270420825   0
0.402074259899698   0.216493955987806   0.0214171103039498   0.0169718481317777   0
0.411554375203192   0.19454687599995   0.00948011530349407   -0.0219470799878556   0
0.415276485163668   0.200206650237948   0.00372210996047556   0.00565977423799768   0
0.432035260231662   0.231060170694237   0.0167587750679943   0.0308535204562892   0
0.438506760379005   0.185030303947766   0.00647150014734282   -0.0460298667464716   0
0.406508178932097   0.180146604825764   -0.0319985814469077   -0.00488369912200146   0
0.409417590668024   0.184369553526504   0.00290941173592718   0.00422294870074014   0
0.37787987971841   0.185616702628023   -0.0315377109496144   0.00124714910151899   0
0.314953967634955   0.1938505418757   -0.0629259120834554   0.00823383924767673   0
0.352402027067453   0.195076052532083   0.0374480594324986   0.00122551065638304   0
0.363979966009463   0.201459336433559   0.01157793894201   0.00638328390147619   0
0.394097939527727   0.190429534197692   0.0301179735182638   -0.0110298022358671   0
0.359656369316602   0.193283702800443   -0.0344415702111251   0.00285416860275095   0
0.375073869164462   0.187763050341381   0.0154174998478601   -0.005520652459062   0
0.378215415553095   0.177085451125297   0.00314154638863251   -0.0106775992160839   0
0.404959365449177   0.192118063943113   0.0267439498960823   0.0150326128178157   0
0.380619138354865   0.181954781597654   -0.0243402270943117   -0.0101632823454588   0
0.385777883365545   0.180616709456102   0.0051587450106797   -0.00133807214155202   0
0.418626982765086   0.175032192024067   0.0328490993995416   -0.00558451743203467   0
0.417522078112296   0.165123437489958   -0.00110490465279067   -0.00990875453410961   0
0.428755330096315   0.171629947879151   0.0112332519840191   0.00650651038919298   0
0.416181013013568   0.170603292721008   -0.0125743170827465   -0.0010266551581426   0
0.414742100555273   0.169164902908375   -0.00143891245829558   -0.00143838981263303   0
0.406941694514091   0.174707673227308   -0.00780040604118148   0.00554277031893333   0
0.418380199471725   0.189344218844939   0.0114385049576332   0.0146365456176301   0
0.408228198406235   0.185467857712597   -0.01015200106549   -0.00387636113234194   0
0.414408981363821   0.185674655140383   0.00618078295758678   0.000206797427785926   0
0.443919770369602   0.185566227594086   0.0295107890057805   -0.000108427546296919   0
0.42669872018791   0.189585949588175   -0.0172210501816922   0.00401972199408926   0
0.453934365883439   0.180714493794078   0.0272356456955295   -0.00887145579409651   0
0.455364230933876   0.175593145037755   0.00142986505043652   -0.00512134875632361   0
0.444470611254558   0.185596867391398   -0.0108936196793181   0.0100037223536427   0
0.445361048200221   0.188857309344251   0.000890436945663986   0.00326044195285316   0
0.449861988614286   0.204498065169942   0.00450094041406457   0.0156407558256917   0
0.470793074419112   0.23614344230626   0.0209310858048264   0.0316453771363178   0
0.462777239592658   0.186306045869424   -0.00801583482645485   -0.0498373964368359   0
0.459736496333498   0.191025070891886   -0.00304074325916004   0.00471902502246158   0
0.482056197315209   0.228120791372137   0.0223197009817118   0.0370957204802511   0
0.478334613148578   0.216441919871128   -0.0037215841666311   -0.0116788715010084   0
0.470069528478501   0.20488583047944   -0.00826508467007747   -0.011556089391688   0
0.463337423950408   0.213707433497878   -0.00673210452809286   0.00882160301843765   0
0.469219602086273   0.218478095664646   0.00588217813586478   0.00477066216676741   0
0.491252400381922   0.201190162652775   0.022032798295649   -0.0172879330118706   0
0.466226993330599   0.202276178826129   -0.0250254070513231   0.00108601617335383   0
0.49446692537014   0.199236811811974   0.0282399320395418   -0.00303936701415453   0
0.516858085054302   0.210719898679503   0.0223911596841614   0.0114830868675288   0
0.493652096667278   0.21155033397102   -0.0232059883870235   0.000830435291516773   0
0.49043276869516   0.212767215059675   -0.00321932797211871   0.00121688108865523   0
0.507779945680213   0.208540175038888   0.0173471769850533   -0.00422704002078711   0
0.502991316181502   0.20501117621303   -0.00478862949871073   -0.00352899882585797   0
0.508954866593296   0.212186649919947   0.00596355041179397   0.00717547370691671   0
0.51726502962118   0.206782236643407   0.00831016302788357   -0.00540441327653957   0
0.52331090122818   0.210671986724624   0.00604587160700021   0.00388975008121659   0
0.53079558457376   0.21098601238767   0.00748468334558039   0.00031402566304628   0
0.541391409044325   0.22387753000748   0.0105958244705648   0.0128915176198098   0
0.543916907507939   0.227455628011267   0.00252549846361383   0.0035780980037875   0
0.540685848502622   0.217417224028479   -0.00323105900531739   -0.0100384039827879   0
0.570502724231007   0.260107640815298   0.0298168757283849   0.0426904167868185   0
0.552181118887635   0.219323209589181   -0.018321605343372   -0.0407844312261164   0
0.538655352403557   0.215285629223713   -0.0135257664840777   -0.00403758036546847   0
0.574741536060341   0.233075842807121   0.0360861836567838   0.0177902135834085   0
0.572197239963633   0.227968052725596   -0.00254429609670725   -0.0051077900815257   0
0.56192754757852   0.230245851434396   -0.0102696923851133   0.00227779870880035   0
0.562233994241721   0.228180389281156   0.000306446663201232   -0.00206546215323986   0
0.575217682013514   0.225147456668957   0.0129836877717925   -0.00303293261219895   0
0.555708104643076   0.231009354621734   -0.0195095773704378   0.00586189795277658   0
0.596173627718469   0.220994946461452   0.0404655230753932   -0.010014408160282   0
0.598485470658227   0.227761155773433   0.00231184293975817   0.00676620931198108   0
0.597100567320112   0.221383212760701   -0.00138490333811514   -0.00637794301273156   0
0.616121858795937   0.2293531279185   0.0190212914758243   0.00796991515779899   0
0.622468232578178   0.231109203681939   0.0063463737822409   0.00175607576343867   0
0.622998300213572   0.228151766657635   0.000530067635394538   -0.00295743702430393   0
0.630515401686779   0.229298629604496   0.00751710147320683   0.00114686294686117   0
0.675455181308131   0.243933411342624   0.044939779621352   0.0146347817381281   0
0.668808584320656   0.231940458024252   -0.00664659698747483   -0.011992953318372   0
0.675687832986506   0.255865826233204   0.00687924866584966   0.0239253682089514   0
0.66566386349343   0.26682044981785   -0.0100239694930755   0.0109546235846466   0
0.676116225939002   0.263615282339625   0.0104523624455721   -0.00320516747822575   0
0.685170535935398   0.263646464194004   0.00905430999639523   3.11818543789477e-05   0
0.702002461267765   0.277637825457916   0.0168319253323675   0.013991361263912   0
0.680558329382574   0.25999003010981   -0.0214441318851912   -0.0176477953481055   0
0.691860451957734   0.263063467347711   0.0113021225751602   0.00307343723790043   0
0.688044959522995   0.268113445503018   -0.00381549243473889   0.00504997815530778   0
0.676197540127883   0.259167754538928   -0.0118474193951121   -0.00894569096409042   0
0.674828303458739   0.264505096033139   -0.0013692366691439   0.00533734149421095   0
0.70727346738939   0.327769044188892   0.0324451639306506   0.0632639481557534   0
0.689491669028162   0.284777409169864   -0.0177817983612282   -0.0429916350190285   0
0.710981756798302   0.288276321905737   0.0214900877701406   0.00349891273587311   0
0.677582385468365   0.304950217895479   -0.0333993713299371   0.0166738959897419   0
0.699869470932373   0.337240659568949   0.0222870854640083   0.0322904416734706   0
0.688257725267214   0.285181037751022   -0.0116117456651591   -0.0520596218179271   0
0.697886393764981   0.29986176654502   0.00962866849776678   0.0146807287939976   0
0.696597079064189   0.30684509351259   -0.00128931470079185   0.00698332696756992   0
0.734713571988166   0.345313046816943   0.0381164929239768   0.0384679533043528   0
0.718843093419705   0.310408738506989   -0.0158704785684614   -0.034904308309954   0
0.717818455500721   0.30598739130273   -0.00102463791898399   -0.00442134720425857   0
0.746312150343601   0.321155620160227   0.0284936948428807   0.015168228857497   0
0.74008686932119   0.336493234170094   -0.00622528102241138   0.0153376140098674   0
0.759639308921675   0.315886456215679   0.0195524396004851   -0.0206067779544156   0
0.762607583976189   0.330218148579466   0.0029682750545138   0.0143316923637867   0
0.744934801848457   0.351268398882535   -0.0176727821277316   0.0210502503030699   0
0.761694310991621   0.337638860648845   0.0167595091431637   -0.0136295382336907   0
0.778211158198724   0.343781670917023   0.0165168472071036   0.00614281026817781   0
0.79119203498645   0.350795790084488   0.0129808767877255   0.00701411916746519   0
0.786564196051409   0.337258235722643   -0.0046278389350406   -0.0135375543618445   0
0.79360932830014   0.359580922207366   0.00704513224873105   0.022322686484723   0
0.763382016263155   0.362649391512312   -0.0302273120369854   0.00306846930494553   0
0.784131393378686   0.373800119283354   0.0207493771155312   0.0111507277710426   0
0.826216271663836   0.386341466512462   0.0420848782851501   0.0125413472291079   0
0.825796920403558   0.375697737875143   -0.000419351260278478   -0.0106437286373189   0
0.823401960208111   0.392522634655952   -0.0023949601954466   0.0168248967808086   0
0.829760468556294   0.397937997672376   0.00635850834818241   0.00541536301642409   0
0.840442025408749   0.408085809687742   0.0106815568524552   0.0101478120153659   0
0.81413916021157   0.395087087115613   -0.0263028651971793   -0.012998722572129   0
0.830170315568324   0.421447846427645   0.016031155356754   0.0263607593120322   0
0.835192495477444   0.402307553901552   0.00502217990912013   -0.0191402925260935   0
0.841400918565579   0.415741770187336   0.0062084230881353   0.0134342162857846   0
0.830756390572471   0.395761554136452   -0.0106445279931081   -0.0199802160508841   0
0.866028715697696   0.408089001374087   0.0352723251252247   0.0123274472376353   0
0.925781806536508   0.439242635828138   0.0597530908388124   0.0311536344540502   0
0.957609652093566   0.486993332038797   0.0318278455570579   0.0477506962106593   0
0.961217436891882   0.449500192290003   0.00360778479831658   -0.0374931397487936   0
0.958810992129632   0.439858801951547   -0.00240644476225005   -0.00964139033845662   0
0.966141386469165   0.454415955246402   0.00733039433953242   0.0145571532948552   0
0.994506060617531   0.475740410558636   0.0283646741483662   0.0213244553122345   0
1.0015353066812   0.473195377786491   0.00702924606366617   -0.00254503277214546   0
1.00273320879584   0.487564479067897   0.00119790211464199   0.0143691012814062   0
1.02511792714595   0.491350322260251   0.0223847183501062   0.00378584319235375   0
