0   0   0   0   0
0.0831522786978234   0.0343809530995085   0.0831522786978234   0.0343809530995085   0
0.0781342814909185   0.0314788050789182   -0.00501799720690492   -0.00290214802059028   0
0.163985457529807   0.0427793087442399   0.0858511760388881   0.0113005036653217   0
0.0524404737511018   0.0325059944198374   -0.111544983778705   -0.0102733143244025   0
0.126657932226299   0.0416574999082998   0.0742174584751974   0.00915150548846243   0
0.133599385860115   0.0278945208672514   0.00694145363381621   -0.0137629790410484   0
0.296206256926976   0.219305082133047   0.162606871066861   0.191410561265796   0
0.0571325434698124   0.181668898663097   -0.239073713457164   -0.0376361834699503   0
0.11786997049656   0.174704808622259   0.0607374270267479   -0.00696409004083814   0
0.080111044204607   0.135944917378015   -0.0377589262919533   -0.0387598912442439   0
0.126232526590059   0.0908560559303011   0.0461214823854522   -0.0450888614477135   0
0.118732635674696   0.0786384962508185   -0.00749989091536361   -0.0122175596794825   0
0.0709775956916864   0.107542423024564   -0.0477550399830092   0.0289039267737452   0
0.145787617190693   0.0836682467738508   0.0748100214990065   -0.0238741762507129   0
0.113180086950885   0.0789043483292271   -0.0326075302398074   -0.00476389844462376   0
0.147183570897026   0.0668892591715458   0.0340034839461409   -0.0120150891576813   0
0.157393117986937   0.0481710374236688   0.010209547089911   -0.018718221747877   0
0.13305619478119   0.073040424132659   -0.0243369232057473   0.0248693867089902   0
0.204546586097514   0.0681134629225383   0.0714903913163236   -0.00492696121012068   0
0.0617440433824422   0.0521061523818925   -0.142802542715072   -0.0160073105406458   0
0.0640724367409583   0.0548551803924853   0.00232839335851611   0.00274902801059278   0
0.0745929423680847   0.0535903595292838   0.0105205056271264   -0.00126482086320146   0
0.0986848538269217   0.0698890859654245   0.024091911458837   0.0162987264361407   0
0.117153749361331   0.0958564168114608   0.0184688955344095   0.0259673308460363   0
0.110650080797892   0.0705085695732973   -0.00650366856343931   -0.0253478472381635   0
0.173813353263012   0.0789000679888807   0.0631632724651198   0.00839149841558345   0
0.154119459049776   0.0738912703232256   -0.0196938942132356   -0.00500879766565512   0
0.319663718060787   0.111514727879953   0.165544259011011   0.0376234575567275   0
0.101823570829857   0.102197175599243   -0.21784014723093   -0.00931755228071017   0
0.294201859946942   0.119826016351135   0.192378289117085   0.0176288407518922   0
0.0870971706955513   0.0727718858808125   -0.207104689251391   -0.0470541304703226   0
0.0772084145468672   0.108786313592596   -0.00988875614868408   0.0360144277117833   0
0.122643714095016   0.0796708300744364   0.0454352995481486   -0.0291154835181594   0
0.10463104785832   0.116663699129903   -0.0180126662366961   0.0369928690554664   0
0.190979574902658   0.133161782546579   0.0863485270443384   0.0164980834166765   0
0.229556529678966   0.158506892019379   0.0385769547763079   0.0253451094728   0
0.262736474011851   0.119162682593587   0.0331799443328849   -0.0393442094257923   0
0.14074232486356   0.178737859966104   -0.12199414914829   0.0595751773725165   0
0.178884646465928   0.183175130483523   0.0381423216023674   0.00443727051741891   0
0.196716761073402   0.167299096887969   0.0178321146074743   -0.0158760335955537   0
0.2497622481125   0.159207868376511   0.0530454870390978   -0.00809122851145777   0
0.23241264877973   0.190937078994842   -0.0173495993327703   0.0317292106183311   0
0.165047084213839   0.198268932353602   -0.0673655645658909   0.00733185335875985   0
0.288948344298354   0.188778361273677   0.123901260084515   -0.00949057107992482   0
0.258710202441361   0.260007196832785   -0.0302381418569928   0.0712288355591076   0
0.32404817232714   0.163338108479344   0.0653379698857793   -0.0966690883534407   0
0.157807999614246   0.197883119992617   -0.166240172712894   0.034545011513273   0
0.14563717963199   0.197746371521509   -0.0121708199822568   -0.000136748471108533   0
0.17853835342738   0.207923868837421   0.0329011737953902   0.0101774973159128   0
0.141230359622462   0.171300923510122   -0.0373079938049176   -0.0366229453272995   0
0.146559433443433   0.123544083081921   0.00532907382097059   -0.0477568404282013   0
0.247026267498742   0.136068180908341   0.100466834055309   0.0125240978264204   0
0.145504972996286   0.152379865409681   -0.101521294502456   0.01631168450134   0
0.272683453385514   0.161263441992443   0.127178480389228   0.00888357658276193   0
0.34590972754833   0.211688769317448   0.0732262741628157   0.0504253273250056   0
0.209781173345489   0.220143988510957   -0.136128554202841   0.00845521919350881   0
0.375118107723208   0.171564465384954   0.165336934377719   -0.0485795231260035   0
0.143878059265928   0.197765537955485   -0.231240048457279   0.0262010725705315   0
0.163328262931925   0.208354136324954   0.0194502036659966   0.0105885983694689   0
0.158287835533657   0.188865255200533   -0.00504042739826807   -0.0194888811244211   0
0.141733039171818   0.213847773694543   -0.0165547963618392   0.02498251849401   0
0.147870699983803   0.169302471271494   0.00613766081198577   -0.0445453024230492   0
0.254874739180269   0.197820710285804   0.107004039196465   0.0285182390143105   0
0.168714784123651   0.171148069489353   -0.0861599550566181   -0.026672640796451   0
0.258035940341341   0.177059370647363   0.0893211562176903   0.00591130115800953   0
0.168944579131797   0.195709945595829   -0.0890913612095439   0.0186505749484665   0
0.220194971124706   0.164338016081376   0.0512503919929088   -0.0313719295144537   0
0.181811741354732   0.17665956402318   -0.0383832297699737   0.0123215479418043   0
0.267950172955141   0.148201083516527   0.086138431600409   -0.0284584805066533   0
0.250993717754628   0.223446619081844   -0.0169564552005128   0.0752455355653172   0
0.150367709910639   0.202057572594119   -0.10062600784399   -0.0213890464877247   0
0.20209900739875   0.210870077048766   0.0517312974881113   0.00881250445464685   0
0.22102641383665   0.17612636532507   0.0189274064378999   -0.034743711723696   0
0.165286492106584   0.220501495324862   -0.0557399217300654   0.0443751299997917   0
0.141878680196871   0.136385410906088   -0.0234078119097132   -0.0841160844187736   0
0.128393582869628   0.156339346142166   -0.0134850973272433   0.0199539352360779   0
0.323417043343421   0.177230588702233   0.195023460473793   0.0208912425600667   0
0.170805730340788   0.212478203851648   -0.152611313002633   0.0352476151494153   0
0.407192446648081   0.208703226685023   0.236386716307293   -0.00377497716662528   0
0.22286666859322   0.241548199947386   -0.184325778054861   0.0328449732623635   0
0.198723350475202   0.221823989911574   -0.0241433181180175   -0.0197242100358124   0
0.198318008423744   0.268408124195082   -0.000405342051458563   0.046584134283508   0
0.256534037988022   0.250010922601359   0.0582160295642786   -0.0183972015937233   0
0.200987062360267   0.264794222823101   -0.0555469756277548   0.0147833002217423   0
0.454791653448313   0.227003297498528   0.253804591088045   -0.0377909253245733   0
0.161585523404914   0.273331606252831   -0.293206130043398   0.0463283087543031   0
0.25381737284396   0.260391943095485   0.0922318494390461   -0.0129396631573453   0
0.234116125903877   0.227161504430416   -0.0197012469400834   -0.0332304386650692   0
0.349114516876569   0.224408383315608   0.114998390972692   -0.00275312111480794   0
0.242322441908483   0.289721773875731   -0.106792074968086   0.0653133905601223   0
0.213954955400079   0.259692319511287   -0.0283674865084033   -0.0300294543644434   0
0.183108872857243   0.250203784721575   -0.0308460825428364   -0.00948853478971273   0
0.30814436112634   0.336742852581067   0.125035488269097   0.0865390678594925   0
0.271474667619669   0.359051143130794   -0.0366696935066702   0.0223082905497271   0
0.26540792901918   0.251832599690008   -0.00606673860048962   -0.107218543440787   0
0.243867403771496   0.251533893567652   -0.0215405252476835   -0.000298706122355608   0
0.313651653970213   0.281358036414456   0.0697842501987163   0.0298241428468036   0
0.234193971515515   0.267016511517532   -0.0794576824546973   -0.0143415248969232   0
0.278559130824839   0.282645039621859   0.0443651593093241   0.015628528104327   0
0.186208239940154   0.252729187501187   -0.0923508908846853   -0.0299158521206726   0
0.213245400496705   0.274558226628219   0.0270371605565506   0.0218290391270322   0
0.377363797360054   0.336294215256939   0.164118396863349   0.0617359886287197   0
0.317117308600603   0.260641236589003   -0.0602464887594513   -0.0756529786679361   0
0.286161396953957   0.314091351969598   -0.0309559116466461   0.0534501153805955   0
0.513414354293138   0.411966657887447   0.227252957339181   0.0978753059178485   0
0.396367490138394   0.304092424410429   -0.117046864154744   -0.107874233477018   0
0.396292844786542   0.323264732659379   -7.46453518525314e-05   0.0191723082489503   0
0.409134975230864   0.368562730287006   0.0128421304443228   0.0452979976276268   0
0.454524283700277   0.356169638040126   0.0453893084694127   -0.0123930922468804   0
0.444074121320574   0.338911448986265   -0.010450162379703   -0.0172581890538608   0
0.449066506503703   0.369793418197299   0.0049923851831285   0.0308819692110341   0
0.49707667432202   0.363445340846385   0.0480101678183179   -0.00634807735091408   0
0.41828344720083   0.369347238698955   -0.07879322712119   0.00590189785256973   0
0.412708819944873   0.323927306330004   -0.00557462725595703   -0.0454199323689503   0
0.35227093179682   0.34092006784822   -0.0604378881480532   0.0169927615182158   0
0.4111401628305   0.314482365791557   0.0588692310336796   -0.0264377020566628   0
0.410532174531315   0.356769950625505   -0.000607988299185014   0.0422875848339473   0
0.469116950563119   0.33194082141427   0.0585847760318042   -0.024829129211235   0
0.399164431083094   0.367742523198637   -0.0699525194800252   0.0358017017843673   0
0.489650511607003   0.380359578661624   0.0904860805239093   0.012617055462987   0
0.399181242550599   0.43309882200075   -0.0904692690564043   0.0527392433391257   0
0.519803767744175   0.362997709267731   0.120622525193576   -0.0701011127330188   0
0.439370747857661   0.362548561837638   -0.0804330198865142   -0.000449147430092389   0
0.388886034792971   0.426974860485849   -0.0504847130646894   0.0644262986482101   0
0.503384135180331   0.35761973498058   0.11449810038736   -0.069355125505269   0
0.333360315252769   0.388210591622556   -0.170023819927562   0.0305908566419764   0
0.414180604339085   0.431256068588733   0.0808202890863163   0.0430454769661769   0
0.40572812319212   0.420859711516249   -0.00845248114696556   -0.0103963570724844   0
0.474035706291035   0.424921652016372   0.0683075830989148   0.0040619405001231   0
0.398891856378192   0.351490793051799   -0.0751438499128428   -0.0734308589645728   0
0.439042483765171   0.366438680248637   0.0401506273869787   0.0149478871968377   0
0.346777131572185   0.383027082039707   -0.0922653521929857   0.0165884017910705   0
0.325805948215437   0.118231651842062   -0.0209711833567479   -0.264795430197645   0
0.322254028853341   0.185588806573363   -0.00355191936209587   0.0673571547313009   0
0.473230965456573   0.237191285059285   0.150976936603232   0.0516024784859224   0
0.360285817248154   0.267274887470269   -0.112945148208419   0.030083602410984   0
0.493543143944367   0.250847641095153   0.133257326696213   -0.0164272463751164   0
0.417493301261421   0.292011898921196   -0.0760498426829453   0.0411642578260429   0
0.421232889305002   0.266051253345836   0.00373958804358043   -0.0259606455753599   0
0.371249804437672   0.286247605807973   -0.0499830848673295   0.0201963524621378   0
0.399513845464973   0.370823668526956   0.0282640410273001   0.0845760627189829   0
0.407638544018117   0.239688592474658   0.00812469855314413   -0.131135076052299   0
0.589875204992963   0.334971248976908   0.182236660974846   0.0952826565022508   0
0.511645848587438   0.357812796306253   -0.0782293564055244   0.0228415473293445   0
0.546076806441411   0.328323506101943   0.0344309578539724   -0.02948929020431   0
0.540010649708179   0.322983663536664   -0.00606615673323152   -0.00533984256527892   0
0.50194990731821   0.327422615061056   -0.0380607423899689   0.00443895152439217   0
0.534733264977372   0.317813444486668   0.0327833576591613   -0.00960917057438848   0
0.525002272491272   0.366444147807555   -0.00973099248609954   0.0486307033208871   0
0.464214455645761   0.364961236933887   -0.0607878168455114   -0.00148291087366814   0
0.480277045837348   0.345699386827992   0.0160625901915871   -0.0192618501058942   0
0.560654400399292   0.364154279757622   0.0803773545619445   0.0184548929296297   0
0.442918749705857   0.321284293611503   -0.117735650693435   -0.042869986146119   0
0.297368006935867   0.033758421624752   -0.14555074276999   -0.287525871986751   0
0.245873606687827   0.144225280022262   -0.0514944002480407   0.11046685839751   0
0.28646882772883   0.178837927051982   0.0405952210410034   0.0346126470297195   0
0.319974243943806   0.279957020157586   0.0335054162149757   0.101119093105604   0
0.350471816497547   0.278288945869707   0.030497572553741   -0.0016680742878793   0
0.309709880180807   0.19586181897078   -0.0407619363167394   -0.0824271268989269   0
0.403556371303552   0.186153716787767   0.0938464911227443   -0.00970810218301324   0
0.342834505370857   0.303904457877986   -0.0607218659326949   0.117750741090219   0
0.384368729239724   0.287501247382429   0.041534223868867   -0.0164032104955572   0
0.293585046479295   0.185222912854242   -0.0907836827604283   -0.102278334528187   0
0.374147028162673   0.188783574582775   0.0805619816833776   0.00356066172853289   0
0.394887186808093   0.271948174363241   0.0207401586454203   0.0831645997804669   0
0.322210355008355   0.266524932793257   -0.0726768317997386   -0.0054232415699848   0
0.285440278592633   0.129486884245442   -0.0367700764157217   -0.137038048547815   0
0.22961447869725   0.171500960585574   -0.0558257998953828   0.042014076340132   0
0.371249766028963   0.191073306094717   0.141635287331713   0.0195723455091434   0
0.358068618838401   0.163060852729105   -0.0131811471905625   -0.0280124533656124   0
0.444823697381603   0.275313234431824   0.0867550785432022   0.112252381702719   0
0.395897912958694   0.272430358245002   -0.0489257844229087   -0.00288287618682237   0
0.48344632856465   0.302477803215856   0.0875484156059561   0.0300474449708541   0
0.467823464477029   0.257458022916727   -0.0156228640876215   -0.0450197802991287   0
0.447661992381261   0.268341541396874   -0.0201614720957682   0.0108835184801464   0
0.401144511155581   0.261510333874094   -0.0465174812256798   -0.00683120752277977   0
0.396838450345981   0.308531488931843   -0.0043060608095995   0.0470211550577493   0
0.407905102840158   0.304606845246459   0.0110666524941767   -0.00392464368538442   0
0.464011691414171   0.30443428568453   0.0561065885740131   -0.000172559561928687   0
0.454950324266958   0.337558993904769   -0.00906136714721351   0.0331247082202392   0
0.494257443039445   0.287097915083426   0.039307118772487   -0.0504610788213433   0
0.502183219996447   0.298010917464445   0.00792577695700236   0.0109130023810187   0
0.473171578697506   0.355654321626351   -0.0290116412989413   0.0576434041619065   0
0.513419195634766   0.314636234497475   0.0402476169372601   -0.0410180871288762   0
0.536585425311208   0.28815249527377   0.0231662296764421   -0.0264837392237049   0
0.501857821459315   0.32347406346916   -0.0347276038518927   0.0353215681953898   0
0.448647684463656   0.282252020502068   -0.0532101369956596   -0.0412220429670914   0
0.530347466496108   0.301954759500906   0.0816997820324522   0.0197027389988377   0
0.785456012194833   0.383606639757773   0.255108545698725   0.0816518802568673   0
1.20137700197282   0.601858015950606   0.41592098977799   0.218251376192833   1
1.05560339975635   0.528519743271006   -0.145773602216476   -0.0733382726796   0
0.544889756728864   0.324667260341573   -0.510713643027485   -0.203852482929433   0
0.5614785518917   0.347834067534004   0.0165887951628361   0.0231668071924313   0
0.612544982919263   0.313150960010508   0.0510664310275631   -0.0346831075234963   0
0.597635164095052   0.349896822936777   -0.0149098188242106   0.0367458629262691   0
0.620073043637732   0.349520734956454   0.0224378795426794   -0.000376087980322348   0
0.606777736797942   0.373452088863485   -0.01329530683979   0.0239313539070303   0
0.583534680487458   0.382102014521646   -0.0232430563104833   0.00864992565816119   0
0.54661503431505   0.256247555228825   -0.0369196461724079   -0.12585445929282   0
0.147548105687501   0.0507094228037058   -0.399066928627549   -0.20553813242512   1
0.187249526387145   0.0183047733090306   0.0397014206996435   -0.0324046494946752   0
0.253438211919592   0.0519492875188681   0.0661886855324473   0.0336445142098375   0
0.188632940236455   0.0578638008645085   -0.064805271683137   0.00591451334564045   0
0.200406866700819   0.0333790826821604   0.0117739264643644   -0.0244847181823482   0
0.203580977451848   0.041913005466949   0.003174110751029   0.00853392278478864   0
0.271055648081718   0.0538855389991993   0.0674746706298693   0.0119725335322502   0
0.471368707700554   0.209656160393369   0.200313059618836   0.15577062139417   0
0.385520034248312   0.13853964008255   -0.0858486734522413   -0.0711165203108188   0
0.363074891727588   0.110882502343858   -0.022445142520724   -0.0276571377386924   0
0.34850441361934   0.104156008650924   -0.0145704781082484   -0.00672649369293347   0
0.337156474552218   0.0940855389648829   -0.0113479390671219   -0.0100704696860413   0
0.34193697092972   0.103845518863562   0.00478049637750189   0.00975997989867952   0
0.377108388880439   0.0932527549482722   0.0351714179507187   -0.0105927639152903   0
0.571598204994557   0.252245022097315   0.194489816114119   0.158992267149043   0
0.41003885771229   0.0644095532919062   -0.161559347282267   -0.187835468805409   0
0.223393753791842   0.321500927653794   -0.186645103920449   0.257091374361888   1
0.30101242602092   0.15050231183437   0.0776186722290785   -0.170998615819424   1
0.240744047846016   0.138430046960044   -0.0602683781749042   -0.0120722648743262   0
0.30196567612396   0.143798614600628   0.0612216282779434   0.00536856764058419   0
0.272483107599317   0.133343802864522   -0.0294825685246426   -0.0104548117361062   0
0.271283675880507   0.1284123595634   -0.00119943171880982   -0.00493144330112169   0
0.375234650160403   0.128272133041329   0.103950974279896   -0.000140226522070908   0
0.261880278253251   0.199103352656241   -0.113354371907152   0.0708312196149116   0
0.267140732787346   0.140335960551287   0.00526045453409496   -0.0587673921049535   0
0.324984959511975   0.108830485895692   0.0578442267246293   -0.0315054746555951   0
0.281367900983748   0.136664255116837   -0.0436170585282273   0.0278337692211449   0
0.295204267479808   0.108007027272333   0.0138363664960604   -0.0286572278445047   0
0.29885889149331   0.0964307642947778   0.00365462401350197   -0.0115762629775548   0
0.284120399897367   0.0747341027061943   -0.0147384915959425   -0.0216966615885835   0
0.338894161621294   0.0933545762750815   0.0547737617239269   0.0186204735688871   0
0.287381894566603   0.0913163456995652   -0.0515122670546916   -0.00203823057551625   0
0.350249736015604   0.0734681755388855   0.0628678414490008   -0.0178481701606797   0
0.324569559814225   0.0756629307596692   -0.0256801762013782   0.00219475522078368   0
0.289914509712708   0.0700508252586818   -0.0346550501015171   -0.00561210550098741   0
0.332303108653831   0.0868268408715588   0.0423885989411231   0.016776015612877   0
0.315919146684417   0.074227909863777   -0.0163839619694146   -0.0125989310077818   0
0.334555171547235   0.066629239361447   0.0186360248628186   -0.00759867050232997   0
0.299337608270327   0.0732781596430683   -0.0352175632769078   0.00664892028162126   0
0.2921535711881   0.0596979142186308   -0.00718403708222781   -0.0135802454244375   0
0.347700203993325   0.0475651143107267   0.0555466328052256   -0.0121327999079041   0
0.336146224475302   0.0554787688143852   -0.0115539795180234   0.00791365450365848   0
0.372123479910903   0.0875358048796891   0.0359772554356008   0.0320570360653039   0
0.255199033291664   0.0926570525959708   -0.116924446619238   0.00512124771628171   0
0.305034068751345   0.0504707703943827   0.0498350354596802   -0.0421862822015881   0
0.343029756524124   0.0326375023009574   0.0379956877727798   -0.0178332680934253   0
0.318855432813195   0.0363559328551751   -0.0241743237109291   0.00371843055421769   0
0.305041720705545   0.0362296482148254   -0.0138137121076498   -0.000126284640349715   0
0.280336230434116   0.078607071935609   -0.024705490271429   0.0423774237207836   0
0.286660330811572   0.0337010997260104   0.00632410037745579   -0.0449059722095985   0
