0.188173807086587   0.293150989449603   0   0   0
0.168585616417297   0.225874833757133   -0.0195881906692898   -0.0672761556924699   0
0.208942348797078   0.255260198231224   0.0403567323797815   0.0293853644740906   0
0.193691339055312   0.268170053807218   -0.015251009741766   0.0129098555759941   0
0.175526332224256   0.263427214749261   -0.0181650068310561   -0.00474283905795692   0
0.197414466009966   0.268831640457995   0.0218881337857096   0.00540442570873445   0
0.160647642634494   0.285732554228777   -0.0367668233754722   0.0169009137707821   0
0.149468685637695   0.251991786293403   -0.011178956996799   -0.0337407679353746   0
0.174301290366222   0.261556578208717   0.0248326047285272   0.00956479191531384   0
0.179251579045095   0.254720995027561   0.00495028867887323   -0.00683558318115535   0
0.140567131508401   0.233819181318605   -0.0386844475366945   -0.0209018137089567   0
0.112548047907771   0.241262584090965   -0.0280190836006293   0.0074434027723605   0
0.102800242179627   0.235548157898364   -0.00974780572814417   -0.00571442619260135   0
0.0441293788424446   0.0292121976453758   -0.0586708633371826   -0.206335960252988   0
0.0262476603653549   0.0190075181410541   -0.0178817184770897   -0.0102046795043217   0
0.0327813718080987   0.0092511018470667   0.00653371144274376   -0.00975641629398738   0
0.0457964920614014   0.0365033033292194   0.0130151202533027   0.0272522014821527   0
0.0174442973790882   0.0182630661463238   -0.0283521946823132   -0.0182402371828956   0
0.0506316241698565   0.0452221453591324   0.0331873267907683   0.0269590792128086   0
0.0119429824785813   0.0171948622903762   -0.0386886416912752   -0.0280272830687562   0
0.00484409950918641   0.0221271879531467   -0.0070988829693949   0.00493232566277055   0
0.0307683348632974   0.0113808106951054   0.025924235354111   -0.0107463772580413   0
0.0474913925052751   0.0176327383458427   0.0167230576419777   0.00625192765073727   0
0.0353868427794851   0.0116780746638712   -0.0121045497257899   -0.00595466368197147   0
0.0219712746518198   0.0334580303336471   -0.0134155681276653   0.0217799556697759   0
0.0214871637940934   0.0124985134393155   -0.000484110857726375   -0.0209595168943316   0
0.0437155664432168   0.013153533137357   0.0222284026491233   0.000655019698041555   0
0.018001130016985   0.041903940075078   -0.0257144364262317   0.0287504069377209   0
0.035229903803729   0.0243840064269231   0.017228773786744   -0.0175199336481549   0
0.0507938491970239   0.0161223058881639   0.0155639453932948   -0.00826170053875913   0
0.0356271970888814   0.00707658838977159   -0.0151666521081424   -0.00904571749839233   0
0.036291547715825   0.0564555600216287   0.000664350626943554   0.0493789716318572   0
0.0209182331445679   0.0306683433482838   -0.015373314571257   -0.0257872166733449   0
0.0374882115799087   0.0123162241471544   0.0165699784353408   -0.0183521192011294   0
0.0264935769564286   0.00924163687710272   -0.0109946346234801   -0.00307458727005171   0
0.0698278801644443   0.0565110696374834   0.0433343032080157   0.0472694327603807   0
0.0333687038662352   0.0164316120613811   -0.0364591762982091   -0.0400794575761023   0
0.0324448269169694   0.0197895883872233   -0.00092387694926583   0.00335797632584224   0
0.0583736210497516   0.0603418348563683   0.0259287941327822   0.040552246469145   0
0.0267604111707126   0.0202897092345479   -0.031613209879039   -0.0400521256218204   0
0.0557046585367867   0.0363302044160572   0.0289442473660741   0.0160404951815092   0
0.0336274773459146   0.0256284103110688   -0.0220771811908721   -0.0107017941049883   0
0.0246439207072238   0.0169587797492921   -0.0089835566386908   -0.00866963056177674   0
0.0376994455510953   0.0161617899865153   0.0130555248438715   -0.000796989762776847   0
0.0376928169052142   0.0266520288449116   -6.62864588112794e-06   0.0104902388583963   0
0.0537785955406052   0.0290449355351325   0.016085778635391   0.00239290669022086   0
0.0754263913176946   0.0452820474379828   0.0216477957770894   0.0162371119028504   0
0.0946323077526381   0.0552165361317794   0.0192059164349434   0.00993448869379658   0
0.0440891056721782   0.0536946541527646   -0.0505432020804598   -0.00152188197901479   0
0.0472792496841225   0.0488329224229157   0.00319014401194428   -0.00486173172984893   0
0.0335426852969302   0.0437425881853429   -0.0137365643871923   -0.00509033423757278   0
0.035250253137389   0.0338862125119126   0.00170756784045872   -0.00985637567343032   0
0.0437743623140315   0.0598749533102323   0.00852410917664253   0.0259887407983197   0
0.0178660352340523   0.0395840473146696   -0.0259083270799791   -0.0202909059955627   0
0.0221637460119223   0.0380439610399929   0.00429771077786992   -0.00154008627467665   0
0.0424309411717075   0.0575008545036506   0.0202671951597852   0.0194568934636577   0
0.0685213633850057   0.0187545890510163   0.0260904222132982   -0.0387462654526343   0
0.0227457355128231   0.0320692524491237   -0.0457756278721827   0.0133146633981074   0
0.0538934672795321   0.0281967399620949   0.0311477317667091   -0.00387251248702876   0
0.0527800913625583   0.0411541347893805   -0.00111337591697384   0.0129573948272856   0
0.042360696031699   0.0333275300711739   -0.0104193953308593   -0.00782660471820663   0
0.0437331017176921   0.0395840803710911   0.00137240568599306   0.00625655029991721   0
0.0360110779491534   0.0309230425660219   -0.00772202376853869   -0.00866103780506924   0
0.0323606245785538   0.0395840803710911   -0.00365045337059957   0.00866103780506924   0
0.0257723461398065   0.0171960458055042   -0.00658827843874728   -0.0223880345655869   0
0.0412613709715274   0.0250879124417517   0.0154890248317208   0.00789186663624747   0
0.0334519780419649   0.0302803723647019   -0.00780939292956248   0.00519245992295015   0
0.0416335369326268   0.0149404642768799   0.00818155889066193   -0.0153399080878219   0
0.0346870799163219   0.009884077548163   -0.00694645701630493   -0.00505638672871691   0
0.0470235330133753   0.0203377717644412   0.0123364530970535   0.0104536942162782   0
0.0286131098057674   0.025474976855436   -0.018410423207608   0.00513720509099484   0
0.0556412599452061   0.016063966226776   0.0270281501394388   -0.00941101062866   0
0.0467780645408721   0.0150619464483346   -0.00886319540433399   -0.00100201977844138   0
0.0450071106342142   0.0176234119600888   -0.00177095390665791   0.00256146551175415   0
0.036757204179181   0.0184005947630776   -0.00824990645503326   0.000777182802988861   0
0.0547373206495349   0.0123708453006333   0.0179801164703539   -0.00602974946244437   0
0.0256870730567206   0.0320903336493737   -0.0290502475928143   0.0197194883487404   0
0.0421798868023611   0.0249574330600124   0.0164928137456406   -0.00713290058936128   0
0.0575720061113906   0.0276121365843106   0.0153921193090295   0.00265470352429822   0
0.097284917845111   0.0779063526262942   0.0397129117337204   0.0502942160419836   0
0.0851467408730951   0.103966068351405   -0.0121381769720159   0.0260597157251108   0
0.0718506751824226   0.0450127543770652   -0.0132960656906725   -0.0589533139743399   0
0.0667188629043541   0.0582624982528461   -0.00513181227806848   0.013249743875781   0
0.0762629863990389   0.0765726552266559   0.00954412349468482   0.0183101569738098   0
0.0793994812283431   0.0522762152765062   0.00313649482930412   -0.0242964399501497   0
0.0913932557260655   0.0825960372310054   0.0119937744977224   0.0303198219544991   0
0.101308759346427   0.0659772858259284   0.00991550362036182   -0.016618751405077   0
0.0968963979828456   0.0674955368313202   -0.00441236136358172   0.00151825100539181   0
0.105343783121644   0.109107689824266   0.00844738513879857   0.0416121529929457   0
0.101161909314436   0.0773871025340633   -0.00418187380720851   -0.0317205872902026   0
0.102098817060434   0.0745982239897682   0.0009369077459985   -0.0027888785442951   0
0.0826745905089345   0.0793709983100252   -0.0194242265514997   0.00477277432025702   0
0.0890353225623404   0.0708224105384731   0.00636073205340591   -0.00854858777155212   0
0.108778011346458   0.0844658774511165   0.0197426887841174   0.0136434669126434   0
0.0624657744316037   0.0670897874430639   -0.046312236914854   -0.0173760900080526   0
0.0721372448096682   0.0789836666056017   0.00967147037806444   0.0118938791625379   0
0.0941484796216062   0.0844177809806779   0.022011234811938   0.00543411437507615   0
0.0929963441734674   0.0796005903738942   -0.00115213544813884   -0.00481719060678368   0
0.112359465477769   0.089322495002539   0.0193631213043018   0.00972190462864475   0
0.134112773499656   0.105345884147898   0.0217533080218867   0.0160233891453589   0
0.123226410893444   0.1515611191956   -0.0108863626062115   0.0462152350477026   0
0.0838288322889565   0.0928265027649593   -0.0393975786044879   -0.0587346164306411   0
0.128138586834333   0.120875278765257   0.0443097545453769   0.0280487760002977   0
0.0824043603257134   0.0906535694663818   -0.04573422650862   -0.0302217092988753   0
0.516771573910562   0.153782167494325   0.434367213584849   0.0631285980279428   1
0.835274756113819   0.136102538479348   0.318503182203257   -0.0176796290149762   1
0.724163418028997   0.174179640881971   -0.111111338084822   0.038077102402623   0
0.745486577879367   0.220744931891929   0.0213231598503703   0.0465652910099579   0
0.815027348079805   0.24223286517063   0.0695407702004378   0.0214879332787005   0
0.759251942269205   0.221534996276034   -0.0557754058106003   -0.0206978688945955   0
0.774800483560019   0.240274317455638   0.0155485412908145   0.0187393211796033   0
0.817572444121773   0.288922009282388   0.0427719605617537   0.0486476918267507   0
0.759271264335745   0.244572571053609   -0.0583011797860286   -0.0443494382287796   0
0.788224090592263   0.282015618459018   0.0289528262565185   0.0374430474054094   0
0.817060896225612   0.296444349490022   0.0288368056333488   0.0144287310310043   0
0.806345133330015   0.280679271351146   -0.0107157628955966   -0.0157650781388768   0
0.774722807779015   0.24640259522712   -0.0316223255510006   -0.0342766761240255   0
0.804729437506172   0.337691541472943   0.0300066297271573   0.091288946245823   0
0.793452001497891   0.371769758057931   -0.0112774360082805   0.0340782165849878   0
0.786871667088732   0.358392299878276   -0.00658033440915973   -0.0133774581796552   0
0.878286917357306   0.403197024065047   0.0914152502685748   0.0448047241867711   0
0.887987451175972   0.407825940521962   0.00970053381866598   0.00462891645691477   0
0.846253658273334   0.372782433053051   -0.0417337929026389   -0.0350435074689106   0
0.86550237032951   0.420388415284975   0.0192487120561763   0.0476059822319239   0
0.878797926033624   0.433691275484981   0.0132955557041147   0.0133028602000064   0
0.817398610576871   0.396485438834997   -0.061399315456753   -0.0372058366499846   0
0.877421148938752   0.419928062355212   0.0600225383618805   0.0234426235202149   0
0.876958130070644   0.427659155479936   -0.000463018868108289   0.00773109312472486   0
0.822508719070503   0.418014924623287   -0.0544494110001406   -0.00964423085664928   0
0.817343678922153   0.386848810422515   -0.00516504014834995   -0.031166114200772   0
0.89639141185143   0.412384861436271   0.0790477329292769   0.0255360510137559   0
0.894277999838417   0.404889118547489   -0.00211341201301318   -0.00749574288878219   0
0.847117217353655   0.39264314639619   -0.0471607824847619   -0.0122459721512988   0
0.892927904730276   0.425175162851021   0.0458106873766205   0.0325320164548313   0
0.907304022015223   0.441765437896911   0.0143761172849473   0.0165902750458901   0
0.888209143189823   0.437107635512364   -0.0190948788253995   -0.00465780238454722   0
0.883600378094079   0.42106301617168   -0.00460876509574393   -0.0160446193406842   0
0.922533012776237   0.466603986453449   0.0389326346821572   0.0455409702817685   0
0.889951218682238   0.468125667069602   -0.032581794093999   0.0015216806161536   0
0.879574943509648   0.452630505496895   -0.0103762751725899   -0.0154951615727069   0
0.893857792623636   0.483649546877357   0.0142828491139885   0.0310190413804615   0
0.949710974922897   0.498371008371564   0.0558531822992611   0.0147214614942077   0
0.96901618230915   0.491659931840383   0.0193052073862526   -0.00671107653118141   0
0.898403051759064   0.503202302279203   -0.0706131305500858   0.0115423704388196   0
0.982355974351966   0.528708323474178   0.0839529225929015   0.0255060211949754   0
0.968298110780972   0.503295812021658   -0.0140578635709935   -0.02541251145252   0
0.912604610438168   0.487024113047332   -0.0556935003428045   -0.0162716989743265   0
1.00986788326592   0.526964701210835   0.0972632728277572   0.0399405881635039   0
0.979724428461902   0.50195485737598   -0.0301434548040233   -0.0250098438348557   0
0.963100432638258   0.493652162113874   -0.0166239958236436   -0.00830269526210564   0
1.01194769616863   0.551690951353043   0.0488472635303731   0.058038789239169   0
0.972157094137054   0.521360998616901   -0.0397906020315776   -0.0303299527361418   0
0.951063132673641   0.507270991427022   -0.0210939614634124   -0.0140900071898795   0
0.964307411182762   0.529764009752043   0.0132442785091207   0.0224930183250212   0
0.961660577175752   0.547598553730342   -0.00264683400701016   0.0178345439782994   0
0.927746500579765   0.51559875574405   -0.0339140765959867   -0.0319997979862923   0
1.00612909167512   0.531714367273269   0.0783825910953538   0.0161156115292187   0
1.02004842265894   0.537413715458082   0.0139193309838253   0.00569934818481299   0
0.985324344281111   0.531362353544935   -0.0347240783778335   -0.0060513619131467   0
0.979928385059847   0.536510269713348   -0.00539595922126346   0.00514791616841259   0
1.34213128344361   0.671648254756528   0.362202898383766   0.13513798504318   0
1.43846630232793   0.636136147764368   0.0963350188843211   -0.0355121069921598   0
1.36454229292536   0.677074628777177   -0.0739240094025739   0.0409384810128092   0
1.39179708316442   0.706988590584608   0.0272547902390641   0.0299139618074303   0
1.49406537260255   0.760216694996862   0.102268289438127   0.0532281044122546   0
1.47671622293012   0.764578133813904   -0.0173491496724307   0.00436143881704187   0
1.50325239602803   0.794507305420012   0.0265361730979055   0.0299291716061079   0
1.56871955860217   0.843174539939064   0.0654671625741483   0.0486672345190522   0
1.56686930188098   0.826589656919897   -0.00185025672119088   -0.0165848830191676   0
1.51811400909978   0.823385913966879   -0.0487552927812054   -0.00320374295301773   0
1.61727503376389   0.861821184629737   0.0991610246641148   0.0384352706628578   0
1.60225203699574   0.858045452126618   -0.0150229967681521   -0.00377573250311836   0
1.54654429643932   0.858591183903911   -0.0557077405564177   0.000545731777293113   0
1.60939598378398   0.913564590510847   0.0628516873446556   0.0549734066069361   0
1.61663134207524   0.900161941762049   0.00723535829126409   -0.0134026487487986   0
1.64231202291556   0.916778589118701   0.0256806808403178   0.0166166473566525   0
1.63028667933741   0.874581549866135   -0.0120253435781499   -0.0421970392525668   0
1.62155924441693   0.928242540481425   -0.008727434920482   0.0536609906152904   0
1.60077338581137   0.889369523673626   -0.0207858586055576   -0.0388730168077989   0
1.61004976568179   0.895201274652451   0.00927637987042318   0.0058317509788246   0
1.65297325945491   0.896397112522822   0.0429234937731191   0.00119583787037125   0
1.62216166617418   0.902852123855769   -0.0308115932807305   0.00645501133294679   0
1.58075567560645   0.826427766307594   -0.0414059905677338   -0.0764243575481743   0
1.672510871727   0.925347377402807   0.0917551961205481   0.0989196110952124   0
1.6266176864869   0.881095708352651   -0.0458931852400954   -0.0442516690501557   0
1.64417249767353   0.903160670629414   0.0175548111866244   0.0220649622767627   0
1.67478361704341   0.919729621837989   0.0306111193698817   0.016568951208575   0
1.61111165532777   0.900134318424652   -0.0636719617156338   -0.019595303413337   0
1.68273667412344   0.930828013568861   0.0716250187956615   0.0306936951442095   0
1.65307746012158   0.908943714987622   -0.0296592140018597   -0.0218842985812391   0
1.52858530207575   0.873406123772219   -0.124492158045829   -0.0355375912154032   0
1.64142235950288   0.879774929986357   0.112837057427133   0.00636880621413805   0
1.780825078483   0.926950996401413   0.139402718980125   0.0471760664150559   0
1.7067704862242   0.928952546145388   -0.0740545922588023   0.00200154974397548   0
1.69610875785635   0.931908305407512   -0.0106617283678554   0.00295575926212321   0
1.8025321314978   0.918742337567639   0.106423373641453   -0.0131659678398723   0
1.81632141022177   0.918330167826176   0.0137892787239706   -0.000412169741463297   0
1.810868392007   0.933037103038513   -0.00545301821477517   0.0147069352123365   0
1.97610528069635   0.919114573846422   0.165236888689355   -0.0139225291920904   0
1.96130425259316   0.906120015530333   -0.0148010281031936   -0.0129945583160895   0
1.91815263995387   0.912165595563793   -0.0431516126392866   0.00604558003346078   0
1.98669222013124   0.939788799412001   0.0685395801773714   0.0276232038482074   0
1.95813816688711   0.913007015921291   -0.0285540532441342   -0.0267817834907099   0
2.01082374712579   0.974553363588931   0.0526855802386825   0.0615463476676406   0
1.99635434114237   0.881112964884329   -0.0144694059834161   -0.0934403987046029   0
1.99178402494974   0.899456251659536   -0.00457031619263004   0.0183432867752075   0
2.029138126999   0.902055325414524   0.0373541020492543   0.00259907375498802   0
2.01562434195909   0.921133110121556   -0.013513785039911   0.0190777847070316   0
1.94636418218791   0.896194853614994   -0.0692601597711799   -0.0249382565065619   0
1.97955799142258   0.954958909277285   0.0331938092346733   0.0587640556622916   0
2.01721203137449   0.919872107399481   0.0376540399519107   -0.0350868018778041   0
1.98502416262397   0.933292922018141   -0.0321878687505188   0.01342081461866   0
2.10621597900714   0.906689625265257   0.121191816383167   -0.026603296752884   0
2.03196627637493   0.930372521497303   -0.0742497026322089   0.023682896232046   0
2.02142518016992   1.02011207912342   -0.0105410962050083   0.0897395576261134   0
2.00321214305949   1.03716103950279   -0.0182130371104305   0.0170489603793695   0
1.92419822372021   1.0305687108381   -0.0790139193392845   -0.00659232866468806   0
1.86961231974894   1.02520629856459   -0.0545859039712702   -0.00536241227351142   0
1.97254728844963   1.03248603318084   0.102934968700696   0.00727973461625009   0
1.97124814795221   1.0500435290851   -0.00129914049742785   0.0175574959042675   0
2.00204308349746   1.02535065281322   0.0307949355452504   -0.0246928762718823   0
2.07812954647443   1.00579597191739   0.0760864629769697   -0.0195546808958305   0
2.04658917240979   1.03852081044387   -0.0315403740646327   0.0327248385264822   0
2.06291419596865   1.00342197874988   0.0163250235588617   -0.0350988316939946   0
2.05422970854892   1.01436234108799   -0.0086844874197296   0.010940362338107   0
2.04125591953483   1.04490298668453   -0.0129737890140911   0.0305406455965433   0
1.97492345609267   1.03384167566037   -0.0663324634421678   -0.0110613110241555   0
1.95479369622116   1.04722551835505   -0.020129759871502   0.0133838426946746   0
2.10111613972431   1.13695282803257   0.146322443503149   0.0897273096775175   0
2.07757027033913   1.07886329331211   -0.0235458693851847   -0.0580895347204569   0
1.91777561214053   1.07368304157279   -0.159794658198595   -0.00518025173931802   0
2.00911389652503   1.0781872545691   0.0913382843844985   0.00450421299630754   0
2.0247806473117   1.0464138961795   0.015666750786671   -0.0317733583895994   0
1.98594964571738   1.05486575525384   -0.0388310015943205   0.00845185907433899   0
2.05186870343231   1.10422072739795   0.0659190577149296   0.049354972144108   0
2.03564476602501   1.12772152710352   -0.016223937407307   0.0235007997055714   0
2.01925741588164   1.08159989947727   -0.0163873501433653   -0.0461216276262433   0
1.99953614078216   1.20332411891778   -0.019721275099484   0.121724219440505   0
1.9410180515683   1.11946854779489   -0.0585180892138564   -0.0838555711228894   0
1.87902346631249   1.12327528158773   -0.0619945852558115   0.00380673379284291   0
1.95048510077519   1.13343756338285   0.0714616344627006   0.0101622817951164   0
1.98063557631988   1.15769917437357   0.0301504755446951   0.0242616109907228   0
2.03031755493691   1.15127557355079   0.0496819786170275   -0.00642360082278648   0
2.0834197697922   1.15682765088938   0.0531022148552918   0.00555207733859864   0
2.09179152405349   1.15231432447108   0.00837175426128178   -0.00451332641830038   0
2.05081595440083   1.13984569162102   -0.0409755696526521   -0.0124686328500643   0
2.05124414431778   1.14313301015203   0.000428189916951371   0.0032873185310156   0
2.05106392608812   1.12516427244436   -0.000180218229667517   -0.0179687377076734   0
1.97822080079879   1.1249668966003   -0.0728431252893282   -0.000197375844065872   0
2.0309749929844   1.13466451809407   0.0527541921856149   0.00969762149377074   0
