0.299722390888385   1.22478153789421   0   0   0
0.294911355444174   1.21765880641705   -0.00481103544421108   -0.00712273147715536   0
0.286218419435665   1.24100618466328   -0.00869293600850957   0.0233473782462235   0
0.287088832660642   1.25321504033885   0.000870413224977218   0.0122088556755724   0
0.302017896165608   1.25694214038575   0.0149290635049663   0.00372710004689791   0
0.322892106542882   1.28013839355683   0.0208742103772741   0.0231962531710799   0
0.368152441666981   1.32409405305288   0.045260335124099   0.0439556594960528   0
0.314816014674921   1.29740080850329   -0.0533364269920603   -0.0266932445495849   0
0.349480104624401   1.32143505916144   0.0346640899494804   0.0240342506581468   0
0.33799285454277   1.34390415514184   -0.0114872500816315   0.0224690959803984   0
0.372935903926568   1.31262913241565   0.0349430493837982   -0.0312750227261933   0
0.331305276046418   1.23125613520299   -0.0416306278801505   -0.0813729972126569   0
0.24703071469212   1.02764095927773   -0.0842745613542975   -0.20361517592526   0
0.146430945309692   0.724731222568926   -0.100599769382428   -0.302909736708803   0
0.0962655548261163   0.206188048355797   -0.0501653904835757   -0.518543174213129   1
0.0495211154561617   0.230466859768867   -0.0467444393699545   0.0242788114130697   0
0.0652324002202893   0.135479295887684   0.0157112847641276   -0.0949875638811832   0
0.041535113177768   0.0872466263043175   -0.0236972870425213   -0.048232669583366   0
0.0503329769653058   0.099379186597446   0.00879786378753773   0.0121325602931285   0
0.0753628840290099   0.0560709856288437   0.0250299070637042   -0.0433082009686023   0
0.0183614318762481   0.0141884074175275   -0.0570014521527618   -0.0418825782113162   0
0.0376579627875699   0.0250803158952394   0.0192965309113218   0.0108919084777119   0
0.0721729602902638   0.0459750051900215   0.0345149975026939   0.020894689294782   0
0.0595411075429942   0.0405791744682999   -0.0126318527472696   -0.00539583072172153   0
0.0840761718809794   0.0501485257990701   0.0245350643379853   0.00956935133077018   0
0.0541434340664683   0.0688447824379052   -0.0299327378145111   0.0186962566388351   0
0.0592883087911302   0.105712858645957   0.00514487472466185   0.0368680762080514   0
0.0647998265209098   0.0869456413679835   0.00551151772977961   -0.0187672172779731   0
0.0459078204445604   0.104291628936231   -0.0188920060763493   0.0173459875682476   0
0.229787151638496   0.180395420945218   0.183879331193935   0.0761037920089873   0
0.168990853945443   0.0873659215683487   -0.0607962976930528   -0.0930294993768696   0
0.126876028771437   0.0846438411302913   -0.0421148251740063   -0.00272208043805733   0
0.0829353657980498   0.0691036460457335   -0.0439406629733868   -0.0155401950845578   0
0.0805395701394222   0.074874514301196   -0.00239579565862766   0.00577086825546241   0
0.135104337832136   0.106556737221175   0.0545647676927141   0.0316822229199789   0
0.110140022979705   0.101382139918898   -0.024964314852431   -0.00517459730227687   0
0.0603798410239386   0.0841917021651332   -0.0497601819557666   -0.0171904377537647   0
0.0646187277965916   0.106488244059814   0.00423888677265299   0.0222965418946807   0
0.0718946918968292   0.112014458930131   0.00727596410023762   0.00552621487031707   0
0.0764540451676038   0.10092045083079   0.00455935327077457   -0.0110940080993405   0
0.0578136846621109   0.0870657126727278   -0.0186403605054929   -0.0138547381580626   0
0.0888306930411443   0.0951583759704447   0.0310170083790334   0.00809266329771682   0
0.0926945166072945   0.118481739908783   0.00386382356615024   0.0233233639383383   0
0.0966026862444311   0.114121606543305   0.0039081696371366   -0.00436013336547761   0
0.104954777682629   0.124674400223231   0.0083520914381975   0.0105527936799261   0
0.087641864232911   0.137118869352872   -0.0173129134497176   0.0124444691296406   0
0.107486260472658   0.109621153427794   0.0198443962397471   -0.0274977159250778   0
0.08489268397418   0.137010796950806   -0.0225935764984781   0.0273896435230118   0
0.0757158730637645   0.149170399191906   -0.0091768109104155   0.0121596022410997   0
0.112885834040857   0.127542290431449   0.0371699609770929   -0.0216281087604571   0
0.114488194862222   0.116253168547453   0.0016023608213641   -0.0112891218839957   0
0.121914690162835   0.138979733098427   0.00742649530061326   0.022726564550974   0
0.129314363902584   0.139242487383198   0.00739967373974953   0.00026275428477085   0
0.155917510428207   0.16966046214962   0.0266031465256226   0.0304179747664218   0
0.138964401369272   0.17238667055924   -0.0169531090589354   0.00272620840962054   0
0.165118551493071   0.167682633793545   0.0261541501237997   -0.00470403676569547   0
0.206713655953955   0.155845289222204   0.0415951044608836   -0.0118373445713404   0
0.188759768104991   0.15867694057846   -0.0179538878489638   0.00283165135625535   0
0.198406346927209   0.177555984210643   0.00964657882221792   0.0188790436321831   0
0.158593015755171   0.182029546925279   -0.0398133311720377   0.0044735627146367   0
0.165399504197463   0.208267590189784   0.00680648844229217   0.026238043264505   0
0.213445898142738   0.234953128458103   0.0480463939452744   0.0266855382683189   0
0.202013739477121   0.219564625494978   -0.0114321586656171   -0.0153885029631252   0
0.162723485712174   0.191668462941749   -0.039290253764947   -0.0278961625532294   0
0.15379784911747   0.195811212081823   -0.00892563659470391   0.00414274914007387   0
0.193795424284502   0.215730598878648   0.0399975751670318   0.0199193867968251   0
0.198743176344372   0.209727956313798   0.00494775205987003   -0.00600264256484939   0
0.201994395186203   0.224159854490696   0.00325121884183149   0.0144318981768977   0
0.176708822831516   0.221356371329786   -0.0252855723546875   -0.0028034831609102   0
0.214971145697975   0.208757274132544   0.0382623228664593   -0.0125990971972421   0
0.196828190469683   0.217959240209127   -0.0181429552282915   0.00920196607658344   0
0.197367107793193   0.234856689741936   0.000538917323509858   0.0168974495328089   0
0.176927099016798   0.239920587191971   -0.0204400087763949   0.0050638974500346   0
0.194738865282434   0.245808402453089   0.0178117662656356   0.00588781526111881   0
0.214061195734327   0.251450340105164   0.0193223304518933   0.00564193765207424   0
0.210346640195012   0.251937786115025   -0.00371455553931496   0.00048744600986117   0
0.146212460620735   0.298065216868306   -0.0641341795742773   0.0461274307532806   0
0.150244533754522   0.319577003016487   0.00403207313378659   0.0215117861481819   0
0.10500547534587   0.341031974191204   -0.0452390584086517   0.0214549711747166   0
0.113361397071444   0.31649450126582   0.00835592172557448   -0.0245374729253842   0
0.110500645158582   0.309136620407547   -0.00286075191286222   -0.00735788085827244   0
0.122319792144322   0.29283040554005   0.0118191469857397   -0.0163062148674976   0
0.109015873914371   0.313799805426167   -0.0133039182299506   0.0209693998861169   0
0.101701841896152   0.327900739182988   -0.0073140320182188   0.0141009337568215   0
0.119934628543803   0.31580937417135   0.0182327866476505   -0.0120913650116377   0
0.104803181442359   0.278333286540615   -0.0151314471014441   -0.0374760876307356   0
0.120286866743215   0.283292603153083   0.0154836853008563   0.00495931661246779   0
0.108048385564339   0.275346954926076   -0.0122384811788765   -0.00794564822700672   0
0.115505421433888   0.241542116687525   0.00745703586954898   -0.0338048382385508   0
0.106286718713017   0.332647432663327   -0.00921870272087066   0.0911053159758016   0
0.105110556039296   0.281352877162563   -0.00117616267372095   -0.0512945555007633   0
0.0991015718129637   0.31632159070007   -0.00600898422633239   0.0349687135375065   0
0.12958075537603   0.303929431514949   0.0304791835630662   -0.012392159185121   0
0.133615933472593   0.278191978035403   0.00403517809656348   -0.0257374534795462   0
0.112266222597716   0.242701493038774   -0.021349710874877   -0.0354904849966288   0
0.0995950607460531   0.239202300464481   -0.0126711618516633   -0.00349919257429254   0
0.108675628686886   0.251761508647197   0.0090805679408333   0.0125592081827154   0
0.10761234505116   0.273000629918248   -0.001063283635726   0.0212391212710509   0
0.108106429734128   0.228054138215145   0.000494084682967841   -0.0449464917031024   0
0.123864361238332   0.253570485635474   0.0157579315042042   0.0255163474203287   0
0.126647458975141   0.245708009319624   0.00278309773680852   -0.00786247631584966   0
0.125630761432103   0.291903801504023   -0.00101669754303785   0.0461957921843988   0
0.139240982079343   0.295493462069705   0.0136102206472402   0.00358966056568177   0
0.124339533666919   0.376727563345413   -0.0149014484124242   0.0812341012757087   0
0.106566974441723   0.353223604974951   -0.0177725592251958   -0.0235039583704627   0
0.155774074672681   0.343400995635569   0.0492071002309577   -0.00982260933938178   0
0.128328571636795   0.339665068846872   -0.0274455030358861   -0.00373592678869739   0
0.127336522985994   0.34218116289511   -0.000992048650801214   0.00251609404823872   0
0.14663924945897   0.34908222420871   0.0193027264729762   0.00690106131359963   0
0.165348817527795   0.332073582211914   0.018709568068825   -0.0170086419967964   0
0.136992573076061   0.343063613976694   -0.0283562444517336   0.0109900317647803   0
0.148913942087939   0.338378906658645   0.0119213690118775   -0.00468470731804876   0
0.137052728797532   0.342615578546496   -0.0118612132904063   0.00423667188785065   0
0.131732490730875   0.354272832266941   -0.00532023806665777   0.0116572537204451   0
0.136104357402032   0.344518836283301   0.00437186667115702   -0.0097539959836398   0
0.15664555733247   0.398151011025578   0.0205411999304378   0.053632174742277   0
0.149328672254494   0.341861762640252   -0.00731688507797582   -0.056289248385326   0
0.159150907073915   0.340153245503405   0.00982223481942152   -0.00170851713684661   0
0.183872246780856   0.354653920743519   0.0247213397069407   0.0145006752401132   0
0.153395484048423   0.357247644497833   -0.030476762732433   0.00259372375431427   0
0.156426542031793   0.365987766167805   0.00303105798337028   0.00874012166997223   0
0.160920658990456   0.345516666607054   0.00449411695866231   -0.0204710995607513   0
0.173299528381037   0.331063091552426   0.0123788693905818   -0.0144535750546279   0
0.163495918053785   0.37019442862839   -0.00980361032725235   0.0391313370759638   0
0.168946576370313   0.371227994447482   0.00545065831652791   0.00103356581909259   0
0.159618304872248   0.378546346359663   -0.0093282714980647   0.00731835191218072   0
0.166269442776747   0.374883329588687   0.00665113790449889   -0.00366301677097625   0
0.171858739988515   0.410246879803052   0.00558929721176782   0.0353635502143654   0
0.156295869472261   0.405223819199032   -0.0155628705162542   -0.00502306060402008   0
0.169628304357532   0.415640770479449   0.0133324348852714   0.0104169512804168   0
0.168244247553995   0.404676141520368   -0.00138405680353715   -0.0109646289590815   0
0.170358441256223   0.421912977485657   0.0021141937022279   0.0172368359652894   0
0.185565884286858   0.442416682490978   0.015207443030635   0.0205037050053207   0
0.170945583087865   0.434338700613404   -0.0146203011989935   -0.0080779818775738   0
0.187805977835212   0.449578149747905   0.016860394747347   0.0152394491345016   0
0.209484332153242   0.445068687181117   0.0216783543180308   -0.00450946256678886   0
0.182089090397009   0.521637130983072   -0.0273952417562338   0.076568443801955   0
0.169516734773768   0.498961172272162   -0.0125723556232407   -0.0226759587109097   0
0.185110799407517   0.524673101252818   0.015594064633749   0.0257119289806563   0
0.191929072177615   0.496704648551141   0.00681827277009758   -0.0279684527016772   0
0.167355671364791   0.481253540226459   -0.0245734008128234   -0.015451108324682   0
0.166282599251996   0.474415594607987   -0.00107307211279489   -0.00683794561847184   0
0.215160172473904   0.477412342067892   0.0488775732219074   0.00299674745990491   0
0.185364738025035   0.449770895753883   -0.0297954344488683   -0.0276414463140094   0
0.20790957999871   0.497625722198574   0.0225448419736746   0.0478548264446915   0
0.189740316553863   0.460956527172845   -0.0181692634448473   -0.0366691950257291   0
0.209590130815265   0.490624210278345   0.0198498142614026   0.0296676831055003   0
0.196378004307229   0.464591636195433   -0.0132121265080364   -0.0260325740829119   0
0.186982384126126   0.47618658990883   -0.00939562018110324   0.0115949537133962   0
0.191047865444788   0.485492498823875   0.00406548131866286   0.00930590891504512   0
0.182858801714766   0.531526023017688   -0.00818906373002279   0.0460335241938132   0
0.206914772757988   0.474408453762683   0.0240559710432227   -0.0571175692550048   0
0.219897758248601   0.494021067440701   0.0129829854906122   0.0196126136780181   0
0.217869986055996   0.473366762103657   -0.00202777219260442   -0.0206543053370447   0
0.201564258133728   0.469150977812314   -0.0163057279222686   -0.00421578429134301   0
0.207291119735024   0.465911831727852   0.00572686160129621   -0.00323914608446135   0
0.21097554981137   0.492108770317064   0.00368443007634645   0.0261969385892113   0
0.197167002949505   0.488334508955695   -0.0138085468618656   -0.00377426136136844   0
0.236071060500859   0.502026277952161   0.0389040575513538   0.0136917689964655   0
0.180948391338   0.479068011546638   -0.0551226691628585   -0.0229582664055224   0
0.192004191991321   0.474707671867909   0.0110558006533209   -0.00436033967872967   0
0.176339062073297   0.496565313555367   -0.0156651299180241   0.0218576416874585   0
0.210317410387253   0.488976581120456   0.0339783483139557   -0.00758873243491098   0
0.224735436008654   0.484073405323253   0.0144180256214019   -0.00490317579720329   0
0.218587963293956   0.42873161140097   -0.00614747271469809   -0.0553417939222827   0
0.202775961975181   0.480217979315904   -0.0158120013187754   0.0514863679149338   0
0.204482439493493   0.521919276708037   0.00170647751831202   0.0417012973921325   0
0.205793811088308   0.439488049730024   0.00131137159481459   -0.0824312269780126   0
0.229772874528305   0.446596508511598   0.0239790634399971   0.00710845878157423   0
0.223190687178946   0.419267548615439   -0.00658218734935886   -0.0273289598961587   0
0.211031909045741   0.441574374743938   -0.0121587781332045   0.0223068261284988   0
0.202112243651888   0.453272458065235   -0.00891966539385358   0.0116980833212963   0
0.220818163016542   0.483086987083331   0.0187059193646541   0.0298145290180959   0
0.222397372183216   0.470971357869298   0.00157920916667448   -0.0121156292140329   0
0.232133663655317   0.490254747521123   0.00973629147210109   0.0192833896518254   0
0.237857710039006   0.4998728021232   0.00572404638368898   0.00961805460207721   0
0.236597880423727   0.522834241188591   -0.00125982961527976   0.0229614390653911   0
0.226127136000967   0.466961438581924   -0.0104707444227591   -0.0558728026066674   0
0.243499415937698   0.483259727666449   0.0173722799367305   0.0162982890845247   0
0.21664158748726   0.490350569653855   -0.0268578284504382   0.00709084198740656   0
0.224543048481243   0.47377593746042   0.00790146099398367   -0.0165746321934349   0
0.260106974151021   0.464015085802501   0.0355639256697778   -0.00976085165791901   0
0.255495718226353   0.446450375956545   -0.00461125592466816   -0.0175647098459566   0
0.247626805473479   0.42401570240675   -0.00786891275287446   -0.0224346735497941   0
0.256072506816351   0.452519908221674   0.00844570134287217   0.0285042058149236   0
0.255914812601772   0.457728533934211   -0.000157694214578896   0.00520862571253738   0
0.232635331461152   0.449897083070117   -0.02327948114062   -0.00783145086409415   0
0.228823909038282   0.468626779428673   -0.0038114224228698   0.0187296963585555   0
0.227145420242738   0.476852817457861   -0.00167848879554422   0.00822603802918814   0
0.22000160642934   0.44861077189936   -0.00714381381339835   -0.0282420455585006   0
0.27134131676912   0.467633715686971   0.0513397103397806   0.0190229437876102   0
0.23403093259439   0.467633715686971   -0.03731038417473   0   0
0.227104710381995   0.504543385261815   -0.00692622221239481   0.0369096695748447   0
0.260464891455643   0.484663862581132   0.0333601810736478   -0.0198795226806829   0
0.256928742258802   0.504556814610181   -0.00353614919684103   0.0198929520290487   0
0.259115144406883   0.494911540989104   0.00218640214808113   -0.00964527362107653   0
0.252360652673906   0.495360035906269   -0.00675449173297693   0.000448494917164477   0
0.251802932637807   0.483487256993576   -0.00055772003609933   -0.0118727789126927   0
0.248734388804604   0.454686980307607   -0.00306854383320287   -0.0288002766859695   0
0.230854766189243   0.408565913220205   -0.0178796226153613   -0.0461210670874018   0
0.226236972360598   0.438081086994545   -0.00461779382864488   0.0295151737743404   0
0.202471483827254   0.424988990339247   -0.023765488533344   -0.0130920966552985   0
0.224893365549898   0.393360873000229   0.0224218817226438   -0.0316281173390175   0
0.247585444326297   0.431269664928151   0.0226920787763993   0.0379087919279222   0
0.234211770753393   0.426393998154878   -0.0133736735729039   -0.00487566677327295   0
0.255841795664821   0.472123526268086   0.0216300249114277   0.045729528113208   0
0.257719288146309   0.463144429814869   0.00187749248148755   -0.00897909645321754   0
0.224443684224841   0.464138930325997   -0.0332756039214678   0.000994500511127761   0
0.236429838804581   0.491340392390502   0.0119861545797399   0.0272014620645054   0
0.235484319156839   0.449101288732074   -0.000945519647741672   -0.0422391036584278   0
0.25843877900735   0.446275073488247   0.0229544598505112   -0.00282621524382781   0
0.251765738984656   0.455523172449276   -0.00667304002269409   0.00924809896102918   0
0.253840835284948   0.48311055662343   0.00207509630029168   0.0275873841741539   0
0.260027368149975   0.51212949035205   0.00618653286502696   0.02901893372862   0
0.238229542769298   0.520259439143446   -0.0217978253806765   0.00812994879139595   0
0.265672544713017   0.505083973778225   0.0274430019437187   -0.0151754653652206   0
0.269815727928081   0.49565774852842   0.00414318321506368   -0.00942622524980463   0
0.294552315599453   0.495841575153899   0.0247365876713728   0.000183826625479055   0
0.286591094450351   0.501621293167119   -0.00796122114910247   0.00577971801321947   0
0.279301412236118   0.488910766825614   -0.00728968221423287   -0.0127105263415047   0
0.290482856214011   0.486978396965728   0.0111814439778933   -0.00193236985988626   0
0.255307234441192   0.492266909580628   -0.035175621772819   0.00528851261490038   0
0.256961559717713   0.484462093301643   0.00165432527652104   -0.00780481627898505   0
0.259293552526649   0.466935869459525   0.00233199280893542   -0.0175262238421183   0
0.268297698252687   0.474670950568762   0.00900414572603836   0.00773508110923704   0
0.270583030702685   0.494321667446488   0.0022853324499974   0.0196507168777261   0
0.261338465196304   0.4661256787334   -0.0092445655063802   -0.0281959887130884   0
0.268574882154847   0.469934902177516   0.00723641695854266   0.00380922344411599   0
0.266137564630118   0.520452116607945   -0.00243731752472953   0.0505172144304294   0
0.265982618381822   0.498349581247504   -0.000154946248295484   -0.0221025353604411   0
0.264757026857627   0.56407699503053   -0.00122559152419549   0.065727413783026   0
0.266490728106645   0.527726441017626   0.00173370124901884   -0.0363505540129039   0
0.270323002899291   0.504461965998094   0.00383227479264542   -0.0232644750195318   0
0.289446924689553   0.463066166840123   0.0191239217902625   -0.041395799157971   0
0.281255272033592   0.47576271304559   -0.00819165265596106   0.0126965462054662   0
0.290760146059067   0.493732115523127   0.00950487402547473   0.0179694024775374   0
0.293361568739397   0.437687596935915   0.00260142268033003   -0.0560445185872123   0
0.270349136848557   0.450189515801268   -0.0230124318908397   0.0125019188653531   0
0.273403034756767   0.490577742742881   0.00305389790820976   0.0403882269416129   0
0.260504159926555   0.461578499831873   -0.0128988748302124   -0.0289992429110076   0
0.268829914451945   0.468958981852233   0.00832575452539014   0.0073804820203594   0
0.260246737359472   0.456851152024007   -0.00858317709247286   -0.0121078298282253   0
0.263927033521407   0.420262034727323   0.00368029616193516   -0.0365891172966837   0
0.262038024645756   0.480169885750854   -0.00188900887565085   0.0599078510235305   0
0.26993973097047   0.506832897428827   0.00790170632471415   0.0266630116779732   0
0.263793274647801   0.470769130943289   -0.00614645632266975   -0.0360637664855378   0
0.259439466331262   0.533602000060021   -0.00435380831653881   0.0628328691167315   0
0.231873147300178   0.529242542974888   -0.027566319031084   -0.00435945708513297   0
0.263405629717058   0.524087132777423   0.0315324824168804   -0.00515541019746513   0
0.262229926716994   0.527640068680348   -0.00117570300006437   0.00355293590292483   0
