0.11044490786541   0.0546562059147907   0   0   0
0.123815548914706   0.0691755546705988   0.0133706410492962   0.0145193487558081   0
0.0663540387331291   0.0770335503652467   -0.0574615101815771   0.00785799569464794   0
0.0699707960132654   0.081615955396249   0.0036167572801363   0.00458240503100224   0
0.112279208589525   0.0913089681656873   0.0423084125762593   0.00969301276943836   0
0.0721129254025241   0.0778865492953373   -0.0401662831870007   -0.01342241887035   0
0.0714804267727893   0.0751029837384142   -0.000632498629734704   -0.00278356555692311   0
0.13552644527895   0.0964908790682441   0.0640460185061602   0.0213878953298299   0
0.0780842890549053   0.0979829166818635   -0.0574421562240443   0.00149203761361942   0
0.0680110851159574   0.0754723166391823   -0.0100732039389479   -0.0225106000426811   0
0.0655485086825025   0.092458799624549   -0.00246257643345492   0.0169864829853666   0
0.0900702458682111   0.0809199009050462   0.0245217371857086   -0.0115388987195028   0
0.121537320836235   0.0785637030379965   0.0314670749680242   -0.00235619786704971   0
0.0928611044812628   0.053656503506425   -0.0286762163549725   -0.0249071995315715   0
0.0592569263156637   0.0561525732666589   -0.0336041781655991   0.00249606976023393   0
0.0989578183946069   0.0513762220283372   0.0397008920789432   -0.00477635123832174   0
0.0573027121056238   0.0469524618886752   -0.0416551062889831   -0.00442376013966197   0
0.0833771082751735   0.031873655522124   0.0260743961695497   -0.0150788063665512   0
0.0655686105504761   0.023106324657762   -0.0178084977246974   -0.00876733086436199   0
0.124767017304068   0.0276204073491413   0.0591984067535919   0.00451408269137932   0
0.00571117607353337   0.0213589829745004   -0.119055841230535   -0.00626142437464088   0
0.0631255760178076   0.0389533965407704   0.0574143999442742   0.0175944135662699   0
0.118690451685479   0.0310170825115859   0.0555648756676709   -0.0079363140291845   0
0.0419014932141577   0.0245553761258609   -0.0767889584713209   -0.00646170638572495   0
0.13260690408214   0.0629689875816064   0.0907054108679828   0.0384136114557455   0
0.127558607187794   0.0604607548785574   -0.00504829689434619   -0.00250823270304901   0
0.125971067586053   0.0860157528158941   -0.00158753960174102   0.0255549979373367   0
0.143155852307651   0.114000513387232   0.0171847847215978   0.027984760571338   0
0.128942214193025   0.134482359673871   -0.0142136381146258   0.0204818462866392   0
0.114905477254524   0.125964061743707   -0.0140367369385009   -0.00851829793016409   0
0.110788879479116   0.135056392810087   -0.00411659777540826   0.00909233106637963   0
0.117210244289908   0.12351514850743   0.00642136481079233   -0.0115412443026569   0
0.0954205471969743   0.139996245420627   -0.0217896970929341   0.0164810969131972   0
0.0657254975872378   0.140392509718726   -0.0296950496097365   0.00039626429809847   0
0.119669660296752   0.147965973119236   0.0539441627095141   0.00757346340051035   0
0.0677386980153885   0.142507839746179   -0.0519309622813634   -0.00545813337305759   0
0.159382827694987   0.14561819016009   0.0916441296795987   0.00311035041391103   0
0.0706477060955619   0.150260086411861   -0.0887351215994253   0.00464189625177169   0
0.0908605049682754   0.150111989942509   0.0202127988727135   -0.00014809646935196   0
0.174403718387568   0.153609546196062   0.0835432134192922   0.00349755625355239   0
0.0904194193446297   0.160328866167325   -0.0839842990429379   0.00671931997126332   0
0.0704875257169664   0.158137101423101   -0.0199318936276633   -0.00219176474422439   0
0.154543657968485   0.171747488348476   0.0840561322515183   0.0136103869253757   0
0.235935765094103   0.164551915681647   0.0813921071256188   -0.00719557266682888   0
0.0969802107555969   0.188131841300855   -0.138955554338507   0.0235799256192073   0
0.0943221521676112   0.166413941129492   -0.00265805858798572   -0.0217179001713629   0
0.125765961434325   0.164436669478708   0.0314438092667133   -0.00197727165078346   0
0.142391471746344   0.183683519724144   0.0166255103120199   0.0192468502454356   0
0.0732887777359508   0.191485036108569   -0.0691026940103936   0.00780151638442508   0
0.0610412471718305   0.177752638872817   -0.0122475305641204   -0.0137323972357524   0
0.100307887916255   0.166903142322434   0.0392666407444247   -0.0108494965503832   0
0.0819490645283398   0.185201898642401   -0.0183588233879153   0.018298756319967   0
0.095074011465016   0.176599601390405   0.0131249469366762   -0.00860229725199535   0
0.0552337385263753   0.179416788923166   -0.0398402729386407   0.00281718753276108   0
0.105189947349355   0.182755209707719   0.0499562088229793   0.00333842078455315   0
0.160167087695881   0.183585921129733   0.0549771403465263   0.000830711422013464   0
0.0383573254959206   0.180745948178936   -0.12180976219996   -0.00283997295079721   0
0.0507886247629329   0.195523677244599   0.0124312992670123   0.014777729065663   0
0.0595370917885649   0.179060050017892   0.00874846702563199   -0.0164636272267067   0
0.152003545756571   0.191023020493604   0.0924664539680062   0.0119629704757123   0
0.0496492981376374   0.191056559037501   -0.102354247618934   3.3538543896372e-05   0
0.0548962240727256   0.202061490567847   0.00524692593508827   0.011004931530346   0
0.0583607688804731   0.188018698747784   0.0034645448077475   -0.0140427918200626   0
0.0459546440792441   0.202948640017616   -0.0124061248012291   0.0149299412698321   0
0.12038788807015   0.192701080978416   0.0744332439909057   -0.0102475590392004   0
0.0650710538092784   0.183056658885985   -0.0553168342608713   -0.00964442209243052   0
0.142365921209045   0.18475848363607   0.0772948673997666   0.00170182475008479   0
0.163788669444806   0.159156209936967   0.0214227482357612   -0.0256022736991029   0
0.106309729302919   0.195204115677827   -0.0574789401418868   0.0360479057408598   0
0.0764455981828254   0.20104846343507   -0.029864131120094   0.00584434775724249   0
0.0681762894737606   0.215847062146263   -0.00826930870906484   0.0147985987111929   0
0.118050227375878   0.225758305971785   0.049873937902117   0.00991124382552228   0
0.0961738072045086   0.208450619353242   -0.021876420171369   -0.0173076866185432   0
0.0987129132029341   0.20267879609002   0.00253910599842545   -0.00577182326322134   0
0.129977081040197   0.205611848738959   0.0312641678372631   0.00293305264893864   0
0.0798418564442085   0.204345894344002   -0.0501352245959887   -0.00126595439495691   0
0.0565724211299994   0.189663176829347   -0.0232694353142091   -0.0146827175146553   0
0.126961699574714   0.20943143560018   0.0703892784447149   0.0197682587708338   0
0.114888978044589   0.198719324267923   -0.0120727215301255   -0.0107121113322572   0
0.203477222195459   0.229991875685316   0.0885882441508697   0.0312725514173932   0
0.111167762807075   0.2291639134003   -0.0923094593883839   -0.000827962285016748   0
0.0847624009021005   0.223218900616077   -0.0264053619049741   -0.00594501278422271   0
0.14802514589221   0.215650058781148   0.0632627449901094   -0.00756884183492909   0
0.146394116465661   0.224638476337676   -0.00163102942654852   0.00898841755652791   0
0.192821832298524   0.229684110801117   0.0464277158328624   0.00504563446344175   0
0.105562259386108   0.237278929568662   -0.0872595729124154   0.00759481876754442   0
0.121844726124964   0.224591001049129   0.0162824667388562   -0.0126879285195326   0
0.157037360355235   0.217536258245034   0.0351926342302707   -0.00705474280409557   0
0.172024503094065   0.20449111110327   0.0149871427388298   -0.0130451471417635   0
0.121176675975742   0.210978783096192   -0.0508478271183229   0.00648767199292172   0
0.090545747784441   0.218036937633283   -0.0306309281913012   0.00705815453709077   0
0.0664249680381263   0.202275143028623   -0.0241207797463147   -0.0157617946046594   0
0.0795252710888809   0.207289283786572   0.0131003030507546   0.00501414075794879   0
0.179881966376733   0.199574281490001   0.100356695287852   -0.00771500229657146   0
0.134719774265473   0.189767205892509   -0.0451621921112597   -0.00980707559749136   0
0.126191053546359   0.209197976310719   -0.00852872071911417   0.0194307704182094   0
0.0914683758273317   0.191180472701189   -0.0347226777190271   -0.0180175036095298   0
0.111566094808862   0.193205094087863   0.0200977189815303   0.0020246213866742   0
0.171009729588992   0.203417489082183   0.0594436347801295   0.0102123949943199   0
0.11217574762657   0.177861756464817   -0.0588339819624212   -0.0255557326173655   0
0.0998067528439334   0.222780949702842   -0.012368994782637   0.0449191932380242   0
0.120200983646599   0.206233181063329   0.0203942308026658   -0.0165477686395122   0
0.129269086784119   0.200134652664775   0.00906810313751949   -0.00609852839855468   0
0.149618911129041   0.19203038867911   0.0203498243449228   -0.0081042639856648   0
0.18695244387175   0.194148843750098   0.037333532742709   0.00211845507098821   0
0.141961885421405   0.196845009591938   -0.0449905584503459   0.00269616584183952   0
0.105234940021886   0.172272473861903   -0.0367269453995183   -0.0245725357300348   0
0.182277477486633   0.195523158071493   0.0770425374647467   0.0232506842095901   0
0.207690837837253   0.190820509121792   0.0254133603506197   -0.00470264894970066   0
0.216126137659215   0.202269689994207   0.00843529982196237   0.0114491808724145   0
0.200136550477643   0.199419549580777   -0.0159895871815725   -0.00285014041342974   0
0.163277951137684   0.199247441964759   -0.0368585993399584   -0.000172107616018075   0
0.190244797543507   0.196508853355898   0.0269668464058228   -0.00273858860886053   0
0.221104373391935   0.188666027289626   0.0308595758484274   -0.00784282606627218   0
0.194237594263443   0.20012063654581   -0.0268667791284913   0.0114546092561833   0
0.155045818322156   0.219450528452314   -0.0391917759412876   0.0193298919065047   0
0.171615409931837   0.184877043671598   0.0165695916096815   -0.0345734847807161   0
0.22159581505746   0.199821119575735   0.0499804051256229   0.0149440759041364   0
0.244694434786736   0.212329083001481   0.0230986197292756   0.0125079634257469   0
0.271178575348883   0.193996058610091   0.0264841405621477   -0.0183330243913901   0
0.178896398290575   0.196381690889833   -0.0922821770583085   0.00238563227974187   0
0.167716481304671   0.201085959729291   -0.011179916985904   0.00470426883945771   0
0.186407449172103   0.193623730762786   0.0186909678674317   -0.00746222896650453   0
0.211118784641372   0.196319218298923   0.0247113354692694   0.00269548753613613   0
0.152538985362988   0.219934676749143   -0.0585797992783835   0.0236154584502204   0
0.175690448395808   0.202586390552895   0.0231514630328194   -0.0173482861962482   0
0.22760883275955   0.205172787901442   0.0519183843637424   0.00258639734854699   0
0.245784317420457   0.186253511731994   0.0181754846609068   -0.0189192761694478   0
0.207061074864326   0.207511857924433   -0.0387232425561311   0.0212583461924389   0
0.205640855739928   0.191650756257313   -0.00142021912439766   -0.0158611016671198   0
0.208473500920117   0.182597223274342   0.00283264518018864   -0.00905353298297074   0
0.210062397392894   0.182523359150274   0.00158889647277677   -7.38641240680404e-05   0
0.163571954893527   0.182823924931886   -0.0464904424993668   0.000300565781612055   0
0.1571075439858   0.178640647036166   -0.0064644109077272   -0.00418327789572043   0
0.194455062169669   0.167963272725766   0.0373475181838697   -0.0106773743104   0
0.230149899330941   0.177866132361532   0.0356948371612712   0.00990285963576609   0
0.231101198821663   0.159247448648322   0.000951299490722812   -0.0186186837132098   0
0.16939030993894   0.164952234044435   -0.0617108888827239   0.00570478539611269   0
0.188491107297533   0.166824979692041   0.0191007973585932   0.00187274564760648   0
0.188380066863774   0.142249929554464   -0.000111040433758619   -0.0245750501375772   0
0.199433104036122   0.144719461352819   0.0110530371723475   0.00246953179835466   0
0.194101507488633   0.153513629627796   -0.00533159654748822   0.00879416827497681   0
0.155942766777815   0.146245319325098   -0.0381587407108184   -0.0072683103026972   0
0.155120726445469   0.144426687178132   -0.000822040332346063   -0.00181863214696637   0
0.196653706924456   0.150497343465757   0.0415329804789875   0.00607065628762488   0
0.204950648428469   0.145735356074804   0.00829694150401278   -0.0047619873909526   0
0.172386635559721   0.150089039138439   -0.0325640128687484   0.00435368306363512   0
0.177122666074249   0.146676815295602   0.00473603051452839   -0.0034122238428379   0
0.222657000987258   0.156563318946361   0.0455343349130092   0.00988650365075963   0
0.203553794778899   0.137554975399692   -0.0191032062083597   -0.0190083435466687   0
0.193222099118838   0.127711418860149   -0.0103316956600608   -0.00984355653954316   0
0.177185085316936   0.137995690114764   -0.0160370138019016   0.0102842712546148   0
0.193214318106501   0.136740606385777   0.0160292327895643   -0.00125508372898706   0
0.193688594205441   0.123025736629384   0.000474276098940435   -0.0137148697563932   0
0.219306414247418   0.134812335573381   0.0256178200419768   0.0117865989439976   0
0.165762800433179   0.142139907040563   -0.0535436138142386   0.00732757146718199   0
0.200525791513336   0.130755384917792   0.034762991080157   -0.0113845221227712   0
0.215533442357166   0.131850660947338   0.0150076508438302   0.00109527602954623   0
0.160540871304164   0.138406300063436   -0.0549925710530029   0.00655563911609797   0
0.121298722654157   0.143023472564025   -0.0392421486500069   0.00461717250058888   0
0.268069239336127   0.15365424148019   0.146770516681971   0.0106307689161646   0
0.232124392635371   0.144066435984141   -0.0359448467007562   -0.00958780549604918   0
0.19247627285902   0.15013808955196   -0.0396481197763511   0.00607165356781977   0
0.180402045320584   0.149681110224779   -0.0120742275384363   -0.000456979327181251   0
0.198732384494676   0.14120987614134   0.0183303391740918   -0.00847123408343953   0
0.250398223531817   0.143668054970834   0.0516658390371417   0.00245817882949406   0
0.221071038192546   0.143313849406477   -0.0293271853392717   -0.00035420556435628   0
0.22155881390035   0.164934549120219   0.000487775707804478   0.0216206997137417   0
0.31037918180967   0.165134871844199   0.0888203679093195   0.000200322723979712   0
0.307928632159402   0.153456514205849   -0.00245054965026814   -0.0116783576383497   0
0.260835521915402   0.189115006245433   -0.0470931102439998   0.0356584920395834   0
0.261043263503447   0.158609610157936   0.000207741588045152   -0.0305053960874964   0
0.263990243307229   0.172281517113336   0.00294697980378217   0.0136719069553993   0
0.378810977255148   0.177558342289295   0.114820733947919   0.00527682517595965   0
0.298408282814837   0.179438231268451   -0.0804026944403102   0.00187988897915559   0
0.227909552598591   0.198396261009375   -0.0704987302162463   0.0189580297409241   0
0.218804373585493   0.196706948485558   -0.00910517901309818   -0.00168931252381679   0
0.310196807859075   0.180826567513156   0.0913924342735822   -0.015880380972402   0
0.229468355664284   0.179925478046718   -0.080728452194791   -0.000901089466438049   0
0.225427778972025   0.194399924232238   -0.00404057669225946   0.0144744461855203   0
0.299725557172307   0.203645345795699   0.0742977782002826   0.00924542156346111   0
0.308285802830685   0.178701603630885   0.00856024565837782   -0.0249437421648142   0
0.264882144365622   0.16557288219769   -0.0434036584650635   -0.0131287214331956   0
0.266355119987696   0.15659190087582   0.00147297562207455   -0.00898098132187006   0
0.264295068244283   0.172999519960317   -0.00206005174341356   0.0164076190844971   0
0.333346827516462   0.187906477342454   0.0690517592721797   0.0149069573821369   0
0.334311119133899   0.162849102126017   0.000964291617436774   -0.0250573752164363   0
0.305001443066242   0.175700093707289   -0.0293096760676571   0.0128509915812714   0
0.309846488619768   0.21086886139639   0.00484504555352611   0.0351687676891015   0
0.313926564086635   0.221209661725726   0.00408007546686678   0.0103408003293356   0
0.322054629337943   0.226243807817148   0.00812806525130844   0.00503414609142203   0
0.309485172834516   0.214590531515308   -0.0125694565034276   -0.0116532763018395   0
0.283789188296542   0.225256404044419   -0.0256959845379739   0.0106658725291106   0
0.300030554713949   0.23664592492429   0.0162413664174073   0.0113895208798707   0
0.299520281412211   0.234978815056321   -0.00051027330173814   -0.00166710986796897   0
0.303975077521168   0.234997837397581   0.00445479610895699   1.90223412606105e-05   0
0.379965592369888   0.227762477717517   0.0759905148487203   -0.00723535968006403   0
0.369402908670194   0.226395729523637   -0.0105626836996937   -0.00136674819387969   0
0.313434370829046   0.243204650700372   -0.0559685378411484   0.0168089211767346   0
0.309223795630285   0.243792207157427   -0.00421057519876156   0.000587556457055299   0
0.318499599570879   0.247223801907381   0.00927580394059402   0.00343159474995366   0
0.335419154027971   0.244164547423024   0.0169195544570928   -0.00305925448435734   0
0.248969937422975   0.23634413770289   -0.0864492166049966   -0.00782040972013401   0
0.343104874243284   0.215876876746191   0.0941349368203096   -0.020467260956699   0
0.345806616324066   0.208410921309921   0.00270174208078194   -0.00746595543626985   0
0.328039445114974   0.224384226951785   -0.0177671712090924   0.0159733056418638   0
0.333681049760831   0.192805685403524   0.00564160464585672   -0.0315785415482611   0
0.360533207226477   0.220526491419149   0.0268521574656466   0.0277208060156255   0
0.352637555430629   0.228556199813574   -0.00789565179584817   0.00802970839442527   0
0.329727494945447   0.237551627193964   -0.0229100604851818   0.00899542738038958   0
0.231527691487304   0.271332785227385   -0.0981998034581438   0.0337811580334206   0
0.321639719080589   0.228053291266537   0.0901120275932851   -0.0432794939608474   0
0.328212218143216   0.181969106640386   0.00657249906262736   -0.0460841846261516   0
0.264730376082704   0.188400728696176   -0.0634818420605118   0.0064316220557902   0
0.30547566379337   0.166138605455656   0.0407452877106658   -0.0222621232405201   0
0.347624950150029   0.110267099643559   0.0421492863566588   -0.0558715058120969   0
0.262054217049259   0.111543699446854   -0.08557073310077   0.00127659980329489   0
0.239170701824701   0.114624340979839   -0.0228835152245578   0.00308064153298589   0
0.335655852288173   0.0921885494025153   0.0964851504634724   -0.0224357915773242   0
0.303448753005479   0.10602718004513   -0.0322070992826947   0.0138386306426151   0
0.285119808954148   0.123207072938904   -0.0183289440513304   0.017179892893774   0
0.323476885597039   0.106427907346581   0.038357076642891   -0.016779165592323   0
0.374044224220132   0.1062474617862   0.0505673386230923   -0.000180445560381479   0
0.34967100510058   0.0933190235359329   -0.0243732191195513   -0.0129284382502669   0
0.291600487445066   0.102470230709033   -0.0580705176555144   0.00915120717310035   0
0.366520126885564   0.126922640347812   0.0749196394404983   0.0244524096387786   0
0.321044849588418   0.0950125509619124   -0.045475277297146   -0.0319100893858995   0
0.328682776293861   0.109744208662975   0.0076379267054425   0.0147316577010622   0
0.293265100718804   0.10467497897043   -0.035417675575057   -0.00506922969254436   0
0.375050053659788   0.106095282782141   0.0817849529409846   0.00142030381171099   0
0.283506293049449   0.0925690274801594   -0.0915437606103393   -0.0135262553019818   0
0.366558972065683   0.0896386517014842   0.0830526790162338   -0.00293037577867515   0
0.31773099997095   0.0905693800990296   -0.0488279720947324   0.000930728397545391   0
0.28733934775642   0.0890409035084999   -0.0303916522145303   -0.00152847659052967   0
0.363084247821625   0.0879025598012367   0.0757449000652047   -0.00113834370726321   0
0.321283594228277   0.0876024654960692   -0.0418006535933472   -0.000300094305167503   0
0.307071724729147   0.0928675784501916   -0.0142118694991307   0.00526511295412241   0
0.352184221150366   0.090300753619502   0.0451124964212195   -0.00256682483068967   0
0.34032497068527   0.090653640365404   -0.0118592504650959   0.000352886745901976   0
0.287098857667494   0.10505083501453   -0.0532261130177761   0.014397194649126   0
0.279093647550495   0.116667266246675   -0.00800521011699895   0.0116164312321448   0
0.405087668655083   0.083712475558545   0.125994021104588   -0.0329547906881297   0
0.311589505971398   0.0890201388903236   -0.0934981626836844   0.00530766333177855   0
0.292348983750927   0.097084018833959   -0.0192405222204708   0.00806387994363537   0
0.326804576049678   0.0956577249306218   0.0344555922987509   -0.00142629390333718   0
0.335859624725524   0.0955660910137717   0.00905504867584583   -9.1633916850048e-05   0
0.28344676757072   0.109435032319683   -0.0524128571548038   0.013868941305911   0
0.328424241418032   0.0802191090542802   0.0449774738473119   -0.0292159232654025   0
0.380535418680325   0.0886580050195271   0.0521111772622923   0.00843889596524694   0
0.308044277469161   0.0961100042114373   -0.0724911412111637   0.00745199919191018   0
