0.0982901060012146   0.106409220193647   0   0   0
0.120602820115161   0.114681966513498   0.0223127141139469   0.00827274631985146   0
0.10445070871569   0.118627455202597   -0.0161521113994711   0.00394548868909857   0
0.101496723551995   0.114009521487308   -0.00295398516369585   -0.00461793371528853   0
0.13299826180195   0.127727462424345   0.0315015382499553   0.0137179409370369   0
0.145523404970781   0.106069706835234   0.0125251431688314   -0.0216577555891111   0
0.131094467843994   0.149966819904413   -0.0144289371267871   0.0438971130691784   0
0.115524886269799   0.152959752178555   -0.0155695815741951   0.00299293227414257   0
0.0957197921244609   0.159063518949255   -0.0198050941453382   0.0061037667706999   0
0.0699910596148684   0.0870128039445404   -0.0257287325095925   -0.0720507150047146   0
0.0720654922544881   0.0164115814671378   0.00207443263961977   -0.0706012224774026   0
0.0609357419039401   0.0285216075094695   -0.011129750350548   0.0121100260423317   0
0.0701325941999895   0.0254122125519523   0.00919685229604941   -0.00310939495751721   0
0.0631206790960775   0.0418636650440451   -0.00701191510391196   0.0164514524920928   0
0.0819118625619635   0.0132465689444814   0.018791183465886   -0.0286170960995636   0
0.065753480109725   0.0241756239551516   -0.0161583824522385   0.0109290550106702   0
0.0888262489480902   0.0199714999752998   0.0230727688383652   -0.0042041239798518   0
0.114170340073506   0.0234619901108095   0.0253440911254157   0.00349049013550974   0
0.0952662698010182   0.0121839803639913   -0.0189040702724877   -0.0112780097468183   0
0.0316827914319051   0.0209942687933731   -0.0635834783691131   0.00881028842938183   0
0.0137251270890291   0.00504379742442636   -0.017957664342876   -0.0159504713689467   0
0.0776581700661437   0.00285963660758233   0.0639330429771146   -0.00218416081684403   0
0.117911687888352   0.0191281689470007   0.0402535178222081   0.0162685323394183   0
0.0615947887255083   0.0247177486915961   -0.0563168991628436   0.00558957974459543   0
0.0494543360709655   0.0405052421951579   -0.0121404526545428   0.0157874935035618   0
0.045190223239702   0.0537918804782608   -0.00426411283126354   0.0132866382831029   0
0.0865490580095474   0.0489435547586033   0.0413588347698454   -0.00484832571965753   0
0.0994148614547141   0.0510403063374722   0.0128658034451667   0.00209675157886891   0
0.131042638384001   0.0374082063863118   0.0316277769292867   -0.0136320999511604   0
0.0871206220214824   0.0426700084987773   -0.0439220163625184   0.00526180211246546   0
0.0628055964648056   0.0492832268631114   -0.0243150255566768   0.00661321836433407   0
0.0783567282465526   0.0548683125974592   0.015551131781747   0.00558508573434785   0
0.0934112654191244   0.0705416672258264   0.0150545371725718   0.0156733546283672   0
0.0436655707348765   0.0888729800221177   -0.0497456946842479   0.0183313127962913   0
0.0707252488952142   0.0751883023652065   0.0270596781603378   -0.0136846776569111   0
0.057273074391195   0.0846134746886642   -0.0134521745040192   0.0094251723234577   0
0.0356411331762894   0.083371640099552   -0.0216319412149056   -0.00124183458911226   0
0.037398013225463   0.0830891259300066   0.00175688004917354   -0.000282514169545361   0
0.0637124426565369   0.0821632671894807   0.0263144294310739   -0.000925858740525906   0
0.112878772012899   0.087679226543515   0.0491663293563624   0.00551595935403429   0
0.0404519179560881   0.0859816504146032   -0.0724268540568112   -0.00169757612891185   0
0.0649637814196495   0.0831740512375104   0.0245118634635614   -0.00280759917709281   0
0.0279186688859784   0.0816350322411832   -0.0370451125336711   -0.00153901899632712   0
0.0287466032255987   0.0977849292841739   0.000827934339620244   0.0161498970429907   0
0.0844997331847858   0.0964516242440219   0.0557531299591872   -0.00133330504015201   0
0.0617707510992865   0.0966098582551103   -0.0227289820854994   0.00015823401108836   0
0.0797949854789034   0.0720004092240107   0.0180242343796169   -0.0246094490310996   0
0.0396740312452617   0.0790991719962352   -0.0401209542336417   0.00709876277222454   0
0.0696647845487955   0.082516469664001   0.0299907533035338   0.00341729766776581   0
0.0189638226901107   0.0741612090098995   -0.0507009618586849   -0.00835526065410151   0
0.0379502486185532   0.0742588550319085   0.0189864259284426   9.76460220089709e-05   0
0.0268854895462143   0.0750300947922399   -0.0110647590723389   0.000771239760331388   0
0.0479512391620123   0.0767106164354061   0.0210657496157979   0.00168052164316626   0
0.103197156399244   0.0743113690125037   0.0552459172372316   -0.0023992474229024   0
0.0536730137524585   0.0605058157496451   -0.0495241426467853   -0.0138055532628586   0
0.0768600734103865   0.0753610709807789   0.023187059657928   0.0148552552311338   0
0.0847660656034595   0.0681171694260705   0.00790599219307302   -0.00724390155470837   0
0.103250040690791   0.0755720910713737   0.0184839750873315   0.00745492164530316   0
0.149115807909725   0.0726462857622466   0.045865767218934   -0.00292580530912706   0
0.0792567515106442   0.0666743455291464   -0.0698590563990808   -0.00597194023310028   0
0.0760759752450254   0.073796434311371   -0.00318077626561881   0.00712208878222466   0
0.0824894398478375   0.0728490218941373   0.00641346460281211   -0.000947412417233701   0
0.0877686613746045   0.0936174460429919   0.00527922152676705   0.0207684241488546   0
0.149870456941648   0.088167803733123   0.0621017955670436   -0.0054496423098689   0
0.079706066047949   0.086022245192857   -0.0701643908936991   -0.00214555854026603   0
0.0714607253706538   0.0944856361584369   -0.00824534067729517   0.00846339096557998   0
0.128287394376727   0.110116078133861   0.0568266690060736   0.0156304419754237   0
0.0993593585512205   0.105816848418683   -0.0289280358255069   -0.00429922971517778   0
0.0931830485735469   0.107924203030472   -0.00617630997767364   0.00210735461178897   0
0.0898352860779015   0.113455410615138   -0.0033477624956454   0.00553120758466601   0
0.123572385930974   0.113463480431674   0.0337370998530726   8.0698165363241e-06   0
0.149731840031571   0.11211503712103   0.0261594541005971   -0.00134844331064385   0
0.131037188608769   0.113506278030746   -0.0186946514228025   0.00139124090971619   0
0.113242412352837   0.141241738657532   -0.0177947762559315   0.0277354606267853   0
0.131851872397361   0.119406451295741   0.018609460044524   -0.0218352873617905   0
0.116535061067861   0.122372287401774   -0.0153168113295001   0.00296583610603326   0
0.111976521350549   0.135036401147654   -0.00455853971731186   0.012664113745879   0
0.111202278352469   0.150889081733697   -0.000774242998080155   0.0158526805860437   0
0.110336375142289   0.141642603135286   -0.000865903210179708   -0.00924647859841168   0
0.0847177159586594   0.139855163842062   -0.0256186591836299   -0.00178743929322356   0
0.112303217027252   0.141557383205328   0.0275855010685923   0.00170221936326576   0
0.105924424813307   0.145555914781709   -0.00637879221394438   0.00399853157638083   0
0.076848423787664   0.144230753555762   -0.0290760010256434   -0.00132516122594675   0
0.0857621225867947   0.147140122868348   0.0089136987991307   0.00290936931258604   0
0.110352097724556   0.154044554382435   0.0245899751377615   0.00690443151408693   0
0.10742420748807   0.159779744438431   -0.00292789023648579   0.00573519005599646   0
0.0943396714559151   0.154044554382435   -0.0130845360321553   -0.00573519005599646   0
0.0887731613882259   0.154044554382435   -0.00556651006768921   0   0
0.0708099827963657   0.165423222285477   -0.0179631785918602   0.0113786679030425   0
0.111889309453093   0.15421119598399   0.0410793266567273   -0.0112120263014875   0
0.0984211641517209   0.153277703802853   -0.013468145301372   -0.000933492181137197   0
0.107549806300569   0.156398232444168   0.00912864214884848   0.00312052864131543   0
0.103180950730694   0.158882356038273   -0.00436885556987496   0.00248412359410485   0
0.0885757847026488   0.157498085392847   -0.0146051660280456   -0.00138427064542593   0
0.103638462922266   0.163434678492579   0.0150626782196176   0.00593659309973157   0
0.11014583111539   0.170595052343759   0.00650736819312349   0.00716037385118085   0
0.109293299984125   0.156514328224   -0.000852531131264642   -0.0140807241197593   0
0.148292932390893   0.166603850422139   0.0389996324067678   0.0100895221981391   0
0.122046166361504   0.165292185492305   -0.0262467660293887   -0.00131166492983431   0
0.138209799148722   0.157511443263505   0.0161636327872174   -0.00778074222879929   0
0.117345900924915   0.167078854944043   -0.0208638982238066   0.00956741168053732   0
0.151261303447577   0.158197017301428   0.033915402522662   -0.00888183764261508   0
0.147716660961112   0.136387305518705   -0.00354464248646549   -0.021809711782723   0
0.140966885755698   0.135677033668433   -0.00674977520541367   -0.000710271850272115   0
0.127290444580338   0.12569557523139   -0.0136764411753603   -0.00998145843704271   0
0.142374980503247   0.132929624429442   0.0150845359229095   0.00723404919805209   0
0.158545582580815   0.136090885664923   0.0161706020775678   0.00316126123548052   0
0.161784992257749   0.135689753043367   0.00323940967693442   -0.00040113262155525   0
0.149670847211473   0.145790342112775   -0.0121141450462766   0.0101005890694078   0
0.113842400975296   0.146935249158711   -0.035828446236177   0.00114490704593598   0
0.125847774005939   0.157967501161631   0.0120053730306438   0.0110322520029203   0
0.163723956803059   0.154644137341187   0.0378761827971198   -0.00332336382044407   0
0.106794154475233   0.154609749344115   -0.0569298023278259   -3.43879970725047e-05   0
0.144277910614238   0.160357973940338   0.0374837561390045   0.00574822459622285   0
0.129971000756169   0.170224231122132   -0.0143069098580692   0.00986625718179401   0
0.12913320895188   0.15901172179466   -0.000837791804288307   -0.0112125093274712   0
0.205892703943316   0.162478269417798   0.0767594949914357   0.00346654762313736   0
0.157611130288758   0.16244315857413   -0.0482815736545576   -3.51108436676684e-05   0
0.170131958993277   0.170283095659553   0.0125208287045183   0.00783993708542327   0
0.199232833737539   0.168976882913433   0.0291008747442626   -0.00130621274612056   0
0.162810720269428   0.169380975581675   -0.0364221134681111   0.000404092668242179   0
0.146050897462665   0.172184491149639   -0.0167598228067628   0.0028035155679636   0
0.166643314615528   0.159568844062438   0.0205924171528631   -0.0126156470872011   0
0.221430707332204   0.153840006176189   0.0547873927166752   -0.00572883788624809   0
0.223018653459391   0.153525922491977   0.00158794612718757   -0.000314083684212541   0
0.275201003957635   0.18181223254529   0.0521823504982434   0.0282863100533128   0
0.439008519644938   0.510333851464473   0.163807515687304   0.328521618919183   1
0.335065413897287   0.35918711778629   -0.103943105747651   -0.151146733678182   0
0.378998661985184   0.265338537474963   0.0439332480878977   -0.0938485803113271   0
0.301041553600977   0.21332504816561   -0.0779571083842072   -0.0520134893093529   0
0.273627033755804   0.196651828347596   -0.027414519845173   -0.0166732198180141   0
0.328244722907528   0.200506404387017   0.054617689151724   0.00385457603942072   0
0.256617888600931   0.161207715789668   -0.0716268343065969   -0.0392986885973487   0
0.276785027998698   0.178500787238327   0.0201671393977666   0.0172930714486586   0
0.282797064728402   0.180627517404526   0.00601203672970407   0.00212673016619944   0
0.244142290608346   0.1775317344218   -0.0386547741200562   -0.00309578298272653   0
0.284488780003641   0.175157115752087   0.040346489395295   -0.00237461866971295   0
0.241703694439804   0.167731563857582   -0.0427850855638371   -0.00742555189450531   0
0.26583881618351   0.149842099725845   0.0241351217437062   -0.0178894641317369   0
0.268629096361898   0.132740395170008   0.00279028017838823   -0.0171017045558363   0
0.322702758433841   0.123761407670162   0.0540736620719429   -0.00897898749984656   0
0.258563218889018   0.137588600533811   -0.0641395395448235   0.0138271928636487   0
0.273215575224034   0.141079968781893   0.0146523563350168   0.0034913682480828   0
0.269997876507279   0.161303082189717   -0.0032176987167552   0.0202231134078233   0
0.296413951944253   0.156109842896628   0.0264160754369739   -0.00519323929308829   0
0.340027468330266   0.163914133992435   0.0436135163860129   0.0078042910958068   0
0.295815481698119   0.158076397475904   -0.0442119866321473   -0.00583773651653116   0
0.274453730204656   0.150502186479375   -0.0213617514934629   -0.00757421099652927   0
0.269944919559658   0.156947115231246   -0.00450881064499803   0.00644492875187119   0
0.254088639099508   0.137172129474212   -0.0158562804601498   -0.0197749857570339   0
0.237225082830716   0.132702194503567   -0.0168635562687921   -0.00446993497064518   0
0.230683063843014   0.138854557260646   -0.00654201898770207   0.00615236275707901   0
0.215123924119471   0.131515094452937   -0.0155591397235427   -0.0073394628077087   0
0.184860440448734   0.14007929876163   -0.0302634836707369   0.00856420430869279   0
0.248019666450485   0.147955103558934   0.0631592260017511   0.00787580479730438   0
0.162670739325209   0.137474473139098   -0.0853489271252766   -0.0104806304198367   0
0.149764588099757   0.133626133716697   -0.0129061512254512   -0.00384833942240104   0
0.157310475129058   0.141821762263854   0.00754588702930065   0.00819562854715689   0
0.147253760326757   0.138187220735168   -0.0100567148023011   -0.00363454152868573   0
0.166872334584766   0.14276919601157   0.0196185742580087   0.00458197527640181   0
0.201087254074966   0.133630432726269   0.0342149194902004   -0.00913876328530031   0
0.164272144656877   0.139457275287561   -0.036815109418089   0.00582684256129185   0
0.163582456990504   0.1342207141734   -0.000689687666373479   -0.00523656111416099   0
0.162824572419583   0.142094046530071   -0.000757884570920825   0.00787333235667087   0
0.156647882352396   0.132403346110748   -0.00617669006718721   -0.00969070041932316   0
0.199099094786993   0.126075470030811   0.0424512124345973   -0.00632787607993662   0
0.210447083867085   0.137101248659713   0.0113479890800922   0.0110257786289019   0
0.154332029589907   0.131010138896423   -0.056115054277178   -0.00609110976329033   0
0.169200764797149   0.120660773269526   0.0148687352072414   -0.0103493656268967   0
0.23504557354226   0.122236719310893   0.0658448087451115   0.00157594604136668   0
0.152646807324523   0.138633847399733   -0.0823987662177373   0.0163971280888403   0
0.197531777376831   0.153064110238653   0.0448849700523083   0.0144302628389202   0
0.165667441338514   0.144242984095631   -0.0318643360383171   -0.00882112614302222   0
0.194748899482796   0.132637964109866   0.0290814581442815   -0.0116050199857655   0
0.204457044681175   0.126335353265387   0.00970814519837951   -0.00630261084447911   0
0.196603045031759   0.129583083573281   -0.00785399964941569   0.00324773030789477   0
0.226566885600279   0.129429252540423   0.0299638405685199   -0.000153831032858626   0
0.237134573775926   0.133385644491649   0.0105676881756466   0.00395639195122607   0
0.1688828738549   0.13394225388297   -0.068251699921026   0.000556609391321322   0
0.199175532438726   0.130058364145141   0.0302926585838262   -0.00388388973782941   0
0.191977721660509   0.154542901588847   -0.00719781077821671   0.0244845374437062   0
0.188197362242301   0.132731814047161   -0.00378035941820795   -0.0218110875416864   0
0.179875900371034   0.15485179545375   -0.00832146187126778   0.0221199814065894   0
0.16401158258431   0.150198827626916   -0.0158643177867234   -0.004652967826834   0
0.219817869329156   0.169974360964382   0.0558062867448461   0.019775533337466   0
0.165322279354478   0.173640533073358   -0.0544955899746785   0.00366617210897624   0
0.114930601622501   0.176147424566044   -0.0503916777319769   0.00250689149268538   0
0.165759570053285   0.170235538067849   0.0508289684307844   -0.00591188649819474   0
0.125708842935093   0.176290010362187   -0.0400507271181919   0.0060544722943382   0
0.161473601458319   0.192431466297745   0.0357647585232254   0.0161414559355575   0
0.139911847973286   0.180759616701989   -0.0215617534850325   -0.0116718495957555   0
0.146640086039561   0.192016025249847   0.00672823806627512   0.0112564085478582   0
0.10248394052504   0.181370220542128   -0.0441561455145212   -0.0106458047077197   0
0.157231388961301   0.197453827986443   0.0547474484362609   0.0160836074443159   0
0.125777267777647   0.199897348172131   -0.0314541211836539   0.00244352018568708   0
0.13842980243842   0.202733354772346   0.0126525346607727   0.00283600660021568   0
0.13162886503275   0.202134137200332   -0.0068009374056697   -0.000599217572014588   0
0.155289175434059   0.182360136560111   0.0236603104013088   -0.0197740006402202   0
0.124892536592945   0.198171546392261   -0.0303966388411146   0.0158114098321494   0
0.132039743389935   0.195248980663792   0.00714720679699088   -0.00292256572846844   0
0.179696585594412   0.193066735387016   0.047656842204477   -0.00218224527677663   0
0.163595981251649   0.204608004629584   -0.0161006043427631   0.0115412692425685   0
0.203661568316165   0.206426806661586   0.0400655870645158   0.00181880203200216   0
0.220436951628464   0.20410628985531   0.0167753833122994   -0.00232051680627601   0
0.209069564638089   0.204145659042753   -0.0113673869903756   3.93691874426838e-05   0
0.173396499978863   0.206434300602516   -0.0356730646592254   0.00228864155976308   0
0.188134615355495   0.211506743930897   0.0147381153766314   0.00507244332838072   0
0.176270228764049   0.213388801182255   -0.0118643865914463   0.0018820572513582   0
0.212675871470743   0.208449368316385   0.0364056427066945   -0.00493943286586992   0
0.172570287108673   0.211591455890828   -0.0401055843620695   0.00314208757444234   0
0.245083642695713   0.218431523982918   0.0725133555870397   0.00684006809209026   0
0.208338800594632   0.242578889313353   -0.0367448421010807   0.0241473653304353   0
0.164350026118069   0.233501076158655   -0.0439887744765634   -0.00907781315469808   0
0.163383809865758   0.231707261746368   -0.00096621625231158   -0.00179381441228674   0
0.204764821543179   0.221013401899636   0.0413810116774216   -0.0106938598467323   0
0.160456094162017   0.230127446862603   -0.0443087273811623   0.00911404496296669   0
0.256420399540696   0.221481780165999   0.0959643053786789   -0.00864566669660344   0
0.138695519946392   0.247999917367426   -0.117724879594304   0.0265181372014266   0
0.158114597039616   0.245138291191421   0.0194190770932236   -0.00286162617600458   0
0.14375107806114   0.251383340866096   -0.0143635189784755   0.00624504967467518   0
0.203832994911913   0.256943474846123   0.060081916850773   0.00556013398002619   0
0.208828695794998   0.24320092653298   0.00499570088308535   -0.0137425483131424   0
0.143049372518896   0.253277553211886   -0.0657793232761021   0.0100766266789064   0
0.20935168674945   0.25836827032455   0.066302314230554   0.00509071711266396   0
0.159363454172655   0.253778429832994   -0.0499882325767951   -0.0045898404915562   0
0.147965525571094   0.257874339383545   -0.0113979286015615   0.00409590955055122   0
0.146339282928167   0.257968070036778   -0.00162624264292716   9.37306532325377e-05   0
0.212311995069167   0.263185742611563   0.0659727121410004   0.00521767257478523   0
0.115020650573234   0.257815990092256   -0.097291344495933   -0.00536975251930771   0
0.130482819802647   0.276258598927255   0.0154621692294128   0.0184426088349996   0
0.170187771465626   0.258060196102092   0.0397049516629791   -0.0181984028251635   0
0.158590201237687   0.269215877939062   -0.0115975702279391   0.0111556818369705   0
0.131205169066352   0.263253727059086   -0.0273850321713349   -0.0059621508799757   0
0.118104852311706   0.250522693573357   -0.0131003167546455   -0.0127310334857297   0
0.124089302232787   0.263424781494168   0.00598444992108069   0.0129020879208109   0
0.139833101827443   0.261233070633295   0.015743799594656   -0.00219171086087289   0
0.197198925281681   0.274896247574426   0.0573658234542378   0.013663176941131   0
0.214785816022404   0.280697535907425   0.017586890740723   0.00580128833299892   0
0.142330921368127   0.279861888377106   -0.0724548946542769   -0.000835647530318229   0
0.156450898740915   0.280309278372122   0.0141199773727877   0.000447389995015868   0
0.209428584355145   0.284906173208392   0.0529776856142299   0.00459689483626918   0
0.138709156135491   0.269339167044546   -0.0707194282196539   -0.0155670061638453   0
0.190816031278821   0.285978276511521   0.0521068751433301   0.0166391094669748   0
0.174950071513103   0.279406533807372   -0.0158659597657176   -0.00657174270414929   0
0.245280895766548   0.274991312768695   0.0703308242534442   -0.0044152210386772   0
0.18966287530732   0.271357039081816   -0.0556180204592276   -0.00363427368687902   0
0.134510388646119   0.280399286926697   -0.0551524866612009   0.00904224784488117   0
0.176567558069539   0.278588648815328   0.0420571694234198   -0.001810638111369   0
0.196574457073242   0.270161836650275   0.0200068990037034   -0.00842681216505253   0
0.158659213027554   0.283452613389787   -0.0379152440456879   0.0132907767395117   0
