0.0467017573736556   0.19212899276963   0   0   0
0.0838039404924585   0.122520866216739   0.0371021831188029   -0.0696081265528912   0
0.0512400098850554   0.0909622496191277   -0.0325639306074031   -0.031558616597611   0
0.0464993932817724   0.107188180800217   -0.00474061660328295   0.0162259311810892   0
0.0495066955838299   0.0895742671055839   0.00300730230205742   -0.017613913694633   0
0.0417426255014176   0.0898454417430428   -0.00776407008241225   0.000271174637458862   0
0.0487611198420463   0.0820348078028467   0.00701849434062867   -0.00781063394019609   0
0.0606427918365406   0.0848245773305119   0.0118816719944943   0.00278976952766521   0
0.0916187072875404   0.0791681039598808   0.0309759154509997   -0.00565647337063109   0
0.0834328503816692   0.083204769025354   -0.00818585690587115   0.00403666506547311   0
0.10230372441104   0.0729977065926732   0.0188708740293707   -0.0102070624326808   0
0.102943835236745   0.0499138713796325   0.000640110825704615   -0.0230838352130406   0
0.111093048877146   0.0449824663599052   0.00814921364040171   -0.00493140501972736   0
0.110192061381027   0.0310452291867849   -0.000900987496119332   -0.0139372371731203   0
0.0325302063861705   0.048078974050982   -0.0776618549948564   0.0170337448641971   0
0.0316786368977834   0.0537922458271171   -0.000851569488387112   0.00571327177613512   0
0.0241449014215921   0.0351554373522077   -0.00753373547619131   -0.0186368084749094   0
0.0203553383283428   0.018412995460492   -0.00378956309324933   -0.0167424418917157   0
0.0112921444637227   0.0101750547050126   -0.00906319386462003   -0.00823794075547938   0
0.0126546824964161   0.0149996188692388   0.00136253803269337   0.00482456416422616   0
0.00781234167111654   0.0174703538889457   -0.00484234082529956   0.00247073501970689   0
0.0449622244526936   0.0759536751641584   0.0371498827815771   0.0584833212752128   0
0.0280114437394506   0.0838019029730978   -0.0169507807132431   0.00784822780893936   0
0.0201882841198775   0.0684923974986458   -0.00782315961957302   -0.015309505474452   0
0.0247687622006046   0.0316805921332367   0.00458047808072707   -0.0368118053654091   0
0.029561422484549   0.0501929310768957   0.0047926602839444   0.018512338943659   0
0.0340535754262632   0.0381142910330561   0.00449215294171423   -0.0120786400438396   0
0.0304958133542377   0.0248098829903025   -0.00355776207202558   -0.0133044080427536   0
0.0150505744345988   0.0409044057017768   -0.0154452389196388   0.0160945227114743   0
0.0303361472710362   0.0211767761189587   0.0152855728364374   -0.0197276295828181   0
0.042715426882926   0.0301700338349993   0.0123792796118898   0.00899325771604054   0
0.050207805516762   0.028156684141603   0.007492378633836   -0.00201334969339622   0
0.0359630091977368   0.0598503705571235   -0.0142447963190253   0.0316936864155205   0
0.0448469210416111   0.0472074050748198   0.00888391184387432   -0.0126429654823037   0
0.0376621427498489   0.0537171312170289   -0.00718477829176214   0.00650972614220906   0
0.0608419123023759   0.0552257331475328   0.023179769552527   0.00150860193050388   0
0.0770063945725288   0.0580730937004608   0.0161644822701529   0.00284736055292802   0
0.0496823064299565   0.0499828293289055   -0.0273240881425723   -0.00809026437155526   0
0.0452561005997799   0.0391794703166368   -0.00442620583017661   -0.0108033590122687   0
0.0460951216840231   0.0569927215707409   0.000839021084243212   0.0178132512541041   0
0.0576929887038416   0.0540359696721776   0.0115978670198185   -0.00295675189856331   0
0.0495793787006251   0.0584408375173774   -0.00811361000321652   0.00440486784519973   0
0.0348742993713264   0.0651741984249519   -0.0147050793292987   0.00673336090757453   0
0.0382191390757353   0.073735300148911   0.00334483970440889   0.00856110172395916   0
0.0462927623688628   0.0888895458837821   0.00807362329312745   0.015154245734871   0
0.0654826862186487   0.0914593242281644   0.0191899238497859   0.00256977834438234   0
0.070561646304703   0.0831486390771107   0.0050789600860543   -0.00831068515105368   0
0.0483985796671927   0.109401186148746   -0.0221630666375102   0.0262525470716349   0
0.0550147290357991   0.10402452941833   0.00661614936860642   -0.00537665673041565   0
0.0575970845905902   0.126523041838246   0.00258235555479105   0.0224985124199158   0
0.0383237030675651   0.1294780011336   -0.0192733815230251   0.00295495929535411   0
0.0421299888580379   0.107382053864648   0.00380628579047281   -0.0220959472689522   0
0.0356800865977663   0.11279185751977   -0.00644990226027166   0.00540980365512189   0
0.0433000297711214   0.136377624781877   0.00761994317335514   0.0235857672621073   0
0.0431118441959295   0.124600325975587   -0.000188185575191901   -0.0117772988062901   0
0.0412023957782081   0.131862300571513   -0.00190944841772141   0.0072619745959264   0
0.0441151117110951   0.132541481754242   0.00291271593288701   0.0006791811827285   0
0.0630894359038025   0.12440497393328   0.0189743241927074   -0.00813650782096204   0
0.0388535284207239   0.125396076030871   -0.0242359074830786   0.000991102097591373   0
0.0447203104580011   0.117759046374631   0.00586678203727717   -0.00763702965624005   0
0.0696907808768448   0.118665205173463   0.0249704704188437   0.000906158798831685   0
0.091059424543811   0.109060180109489   0.0213686436669661   -0.00960502506397408   0
0.0718144502788262   0.0907683251073215   -0.0192449742649848   -0.0182918550021672   0
0.0774356034057519   0.0813304841192557   0.00562115312692572   -0.00943784098806577   0
0.0411598943530277   0.0715922095883744   -0.0362757090527242   -0.00973827453088129   0
0.105720349991901   0.052974092269971   0.0645604556388731   -0.0186181173184034   0
0.586858025628005   1.03926499990499   0.481137675636104   0.986290907635021   1
0.366163525661691   0.708435734564039   -0.220694499966314   -0.330829265340952   1
0.320148667117263   0.636885638844371   -0.0460148585444284   -0.0715500957196684   0
0.323256300570136   0.608754791762073   0.00310763345287307   -0.0281308470822978   0
0.302517839612939   0.562207411585604   -0.0207384609571967   -0.046547380176469   0
0.267252524026491   0.522622927336557   -0.0352653155864485   -0.0395844842490468   0
0.245295889305651   0.498039665687458   -0.0219566347208401   -0.0245832616490993   0
0.248300610674823   0.461238720157198   0.00300472136917229   -0.0368009455302601   0
0.239376898596774   0.47507513065968   -0.0089237120780494   0.0138364105024825   0
0.232518408169955   0.438050670798062   -0.0068584904268181   -0.037024459861618   0
0.232357238228573   0.418454827066303   -0.000161169941382044   -0.019595843731759   0
0.241572446997914   0.406991305150214   0.0092152087693407   -0.011463521916089   0
0.227493980986773   0.410260986102325   -0.0140784660111416   0.00326968095211094   0
0.229011627620193   0.408842681445241   0.00151764663342063   -0.00141830465708426   0
0.194235651939545   0.454892073505917   -0.0347759756806483   0.0460493920606759   0
0.199976038492115   0.404796480724419   0.0057403865525705   -0.0500955927814979   0
0.235189986238977   0.410879486661968   0.0352139477468612   0.00608300593754907   0
0.217539250634477   0.42392272840708   -0.0176507356044991   0.0130432417451113   0
0.224056674465391   0.438737492601   0.00651742383091314   0.0148147641939204   0
0.223414447701329   0.420302018546408   -0.000642226764061282   -0.0184354740545921   0
0.217291707810606   0.388771148476546   -0.00612273989072279   -0.0315308700698619   0
0.211551010584232   0.380310193394422   -0.00574069722637413   -0.00846095508212413   0
0.204068020080462   0.371253120258958   -0.00748299050376999   -0.00905707313546356   0
0.214081125199327   0.382714984361672   0.0100131051188648   0.0114618641027139   0
0.202407614932739   0.393618272763603   -0.0116735102665881   0.0109032884019312   0
0.197080119562096   0.395724833400137   -0.00532749537064328   0.00210656063653353   0
0.218858365362533   0.381917333538569   0.0217782458004372   -0.0138074998615679   0
0.203978226489103   0.379818056698829   -0.0148801388734296   -0.00209927683973987   0
0.1953499633883   0.388242969935909   -0.00862826310080386   0.00842491323707967   0
0.188919349082856   0.371600968665409   -0.00643061430544364   -0.0166420012705003   0
0.18422877325513   0.375132938832199   -0.00469057582772625   0.00353197016679024   0
0.181192969019358   0.397550390102399   -0.00303580423577182   0.0224174512702006   0
0.160857210409885   0.386367793276242   -0.020335758609473   -0.0111825968261579   0
0.250116254243902   0.382268479197151   0.0892590438340166   -0.00409931407909075   0
0.201938904253242   0.45426700164255   -0.0481773499906596   0.0719985224453992   0
0.161350359267217   0.478192586447984   -0.0405885449860248   0.0239255848054337   0
0.226269103207574   0.36886754273967   0.0649187439403574   -0.109325043708313   0
0.131443665442386   0.350670177044755   -0.0948254377651881   -0.0181973656949151   0
0.138937063050613   0.367179173917013   0.00749339760822659   0.0165089968722576   0
0.139828723257679   0.348018852709649   0.000891660207065742   -0.0191603212073643   0
0.104597958426491   0.340772429154795   -0.0352307648311874   -0.00724642355485328   0
0.115062190592088   0.350400351458375   0.0104642321655968   0.00962792230357951   0
0.12725355801623   0.312745067665839   0.0121913674241419   -0.0376552837925362   0
0.108398482387578   0.323069597565679   -0.0188550756286522   0.0103245298998407   0
0.104528911776982   0.310030066773063   -0.00386957061059613   -0.0130395307926161   0
0.129740467710888   0.317118369246012   0.0252115559339065   0.00708830247294878   0
0.132891672056642   0.318966508205254   0.00315120434575361   0.00184813895924224   0
0.135858050666827   0.337524197803139   0.00296637861018481   0.0185576895978849   0
0.121401614340379   0.322759564585858   -0.014456436326448   -0.0147646332172813   0
0.131327169650952   0.331405253909956   0.00992555531057376   0.00864568932409837   0
0.147468149851756   0.328750835067993   0.0161409802008038   -0.00265441884196355   0
0.130597362349896   0.352949362021665   -0.0168707875018602   0.0241985269536719   0
0.146418003579751   0.371932834586434   0.0158206412298552   0.0189834725647699   0
0.155040088578696   0.370583723180525   0.00862208499894523   -0.00134911140590938   0
0.150113921765604   0.369877611078989   -0.00492616681309191   -0.000706112101535872   0
0.157429485172378   0.309284966850318   0.00731556340677364   -0.0605926442286709   0
0.0885970947645576   0.36493353143415   -0.0688323904078204   0.055648564583832   0
0.0796290352785339   0.345417439695812   -0.00896805948602368   -0.0195160917383382   0
0.125542345441608   0.322393766746117   0.0459133101630739   -0.0230236729496947   0
0.13059179458894   0.35263464899672   0.00504944914733252   0.0302408822506027   0
0.151585283744993   0.374764734210581   0.0209934891560525   0.0221300852138604   0
0.171839775885271   0.379802698207994   0.0202544921402777   0.00503796399741391   0
0.139091884056008   0.379445130119366   -0.0327478918292624   -0.000357568088628524   0
0.137335691757824   0.411839930618138   -0.0017561922981843   0.0323948004987719   0
0.139466254290886   0.464362409694137   0.0021305625330619   0.0525224790759991   0
0.154352814046632   0.462516829399984   0.0148865597557461   -0.00184558029415322   0
0.151842747140323   0.478870680973997   -0.00251006690630906   0.0163538515740139   0
0.127081422753328   0.456223243344681   -0.0247613243869951   -0.0226474376293165   0
0.142664703785414   0.436351171990144   0.0155832810320866   -0.0198720713545368   0
0.159729229233131   0.456226867951157   0.0170645254477164   0.0198756959610127   0
0.150357305759747   0.437468900202692   -0.00937192347338381   -0.0187579677484653   0
0.173343087486897   0.44328494359472   0.0229857817271501   0.00581604339202862   0
0.167014213424487   0.418211016938447   -0.00632887406241023   -0.0250739266562733   0
0.134501625775676   0.423906808124796   -0.0325125876488107   0.00569579118634894   0
0.131177345901226   0.423191643190104   -0.00332427987444964   -0.000715164934692258   0
0.160851435913081   0.413382323179188   0.0296740900118546   -0.00980932001091572   0
0.139274437503082   0.423410822729737   -0.0215769984099986   0.0100284995505487   0
0.149231627282624   0.428630535482836   0.00995718977954158   0.00521971275309896   0
0.130068626240958   0.434740140587918   -0.0191630010416661   0.00610960510508213   0
0.15122715419068   0.46354374654448   0.0211585279497218   0.0288036059565621   0
0.159979118729789   0.446734357371696   0.00875196453910959   -0.0168093891727835   0
0.16839642442721   0.467407811512452   0.0084173056974203   0.0206734541407558   0
0.154692166975125   0.465851487999719   -0.0137042574520844   -0.00155632351273288   0
0.140800472308716   0.486225588584119   -0.0138916946664088   0.0203741005843994   0
0.181778242558535   0.456158774786776   0.0409777702498184   -0.0300668137973428   0
0.164243170583509   0.451200469189198   -0.0175350719750258   -0.00495830559757771   0
0.179591049478085   0.444282768714703   0.0153478788945762   -0.00691770047449486   0
0.164223857058254   0.463480669835404   -0.0153671924198306   0.0191979011207009   0
0.169121374943335   0.461724449235421   0.00489751788508053   -0.00175622059998354   0
0.180526483755847   0.44950064196961   0.0114051088125118   -0.0122238072658106   0
0.143923108875712   0.450880460849592   -0.036603374880135   0.00137981887998156   0
0.171857395405493   0.483798803960965   0.0279342865297813   0.0329183431113731   0
0.178281674367418   0.485191163985846   0.00642427896192471   0.0013923600248813   0
0.164967158572881   0.495263667005475   -0.013314515794537   0.0100725030196291   0
0.147299162305078   0.556830946941897   -0.0176679962678032   0.0615672799364222   0
0.196848153113739   0.4946160138724   0.0495489908086613   -0.0622149330694969   0
0.179779809781455   0.530466213153873   -0.0170683433322841   0.0358501992814724   0
0.180400038895283   0.507727519337147   0.000620229113828086   -0.0227386938167262   0
0.168251153800977   0.523277703543637   -0.012148885094306   0.0155501842064905   0
0.130165087398881   0.559609083652374   -0.0380860664020957   0.0363313801087373   0
0.238262593049853   0.513891711744617   0.108097505650972   -0.0457173719077573   0
0.23628574399028   0.632285964074374   -0.00197684905957363   0.118394252329757   0
0.16422242937096   0.667877710959553   -0.0720633146193195   0.0355917468851797   0
0.223944065833949   0.610450220729209   0.0597216364629886   -0.0574274902303443   0
0.163959545176615   0.569047597942037   -0.0599845206573337   -0.0414026227871717   0
0.216894035545563   0.569763625301811   0.052934490368948   0.000716027359773719   0
0.213066176075509   0.598110804662541   -0.00382785947005368   0.0283471793607302   0
0.226329109012186   0.606937599128815   0.0132629329366766   0.00882679446627366   0
0.21261559727132   0.618246838437529   -0.0137135117408664   0.0113092393087142   0
0.178866256383328   0.622137355498165   -0.0337493408879918   0.00389051706063603   0
0.203406640278552   0.609144442872132   0.0245403838952244   -0.0129929126260331   0
0.20968277317579   0.584977118403147   0.00627613289723813   -0.0241673244689845   0
0.200561728167626   0.583544761377394   -0.00912104500816399   -0.00143235702575328   0
0.210455505512709   0.612757408993967   0.00989377734508279   0.0292126476165729   0
0.205026778515295   0.651243528181471   -0.00542872699741387   0.0384861191875034   0
0.238575744226458   0.576628957990535   0.0335489657111628   -0.0746145701909356   0
0.17674482089637   0.603503128518817   -0.0618309233300879   0.0268741705282822   0
0.198952243348222   0.603331762701037   0.0222074224518514   -0.000171365817780433   0
0.193035691772921   0.595772997028703   -0.00591655157530105   -0.00755876567233416   0
0.206843998486396   0.582422390501893   0.0138083067134749   -0.0133506065268091   0
0.179975492059586   0.600383517149715   -0.0268685064268098   0.0179611266478218   0
0.21163051462868   0.56923064604956   0.0316550225690944   -0.0311528711001549   0
0.203933039841513   0.570819462338137   -0.00769747478716748   0.00158881628857677   0
0.217980194471883   0.557070273053813   0.0140471546303705   -0.013749189284324   0
0.221514094307789   0.552173107056338   0.00353389983590577   -0.00489716599747525   0
0.209939946791934   0.543780131922131   -0.0115741475158551   -0.00839297513420711   0
0.235877700773621   0.532984137955812   0.0259377539816874   -0.0107959939663189   0
0.210433884445923   0.510452742389783   -0.0254438163276984   -0.022531395566029   0
0.225118560862937   0.556620191738721   0.0146846764170144   0.0461674493489377   0
0.248414229356935   0.619908227704109   0.0232956684939979   0.0632880359653889   0
0.211833089344158   0.514108375147449   -0.0365811400127772   -0.105799852556661   0
0.179701695025979   0.473576036085284   -0.0321313943181789   -0.0405323390621651   0
0.190730653563317   0.447465024386264   0.0110289585373378   -0.0261110116990196   0
0.198433849415391   0.456271570522699   0.00770319585207394   0.00880654613643439   0
0.227421895043111   0.499158048062184   0.0289880456277206   0.0428864775394858   0
0.246533004910093   0.496967545183033   0.0191111098669817   -0.00219050287915129   0
0.212307528771921   0.495032919062207   -0.0342254761381723   -0.00193462612082557   0
0.199857845368877   0.489106686646175   -0.0124496834030437   -0.00592623241603202   0
0.297451955246557   0.552303852578904   0.0975941098776803   0.0631971659327288   0
0.251542041187949   0.559819889312179   -0.0459099140586081   0.0075160367332745   0
0.269276384502986   0.537411520385682   0.0177343433150368   -0.0224083689264971   0
0.258250209558482   0.52822276877398   -0.0110261749445038   -0.00918875161170118   0
0.270885168639776   0.617631679513163   0.012634959081294   0.0894089107391821   0
0.293387353432284   0.588937217788959   0.0225021847925079   -0.0286944617242033   0
0.418690589506726   0.802860109967017   0.125303236074442   0.213922892178057   1
0.374276638743323   1.2167765392418   -0.0444139507634032   0.413916429274783   1
0.370659575937274   0.963200013012614   -0.00361706280604884   -0.253576526229186   0
0.425684237314468   0.959510329625091   0.0550246613771934   -0.00368968338752318   0
0.328568349044761   1.19335710626723   -0.0971158882697065   0.23384677664214   1
0.293972271144746   0.91728111862858   -0.0345960779000152   -0.276075987638651   1
0.306059015720825   0.830139040629339   0.0120867445760788   -0.0871420779992409   0
0.256396193020801   0.772785243252775   -0.0496628227000234   -0.0573537973765648   0
0.252896849607187   0.697022309069265   -0.00349934341361458   -0.0757629341835095   0
0.224075777620436   0.720543143011055   -0.0288210719867504   0.0235208339417902   0
0.257803314769754   0.692661217759086   0.0337275371493177   -0.0278819252519693   0
0.259092180576725   0.697347340851387   0.00128886580697135   0.00468612309230065   0
0.24444887795341   0.68799599055972   -0.0146433026233159   -0.00935135029166689   0
0.255337118406995   0.702297579800223   0.0108882404535851   0.0143015892405028   0
0.252275946995131   0.742292647543407   -0.00306117141186396   0.0399950677431841   0
0.27259335478775   0.775619296743576   0.0203174077926191   0.0333266492001697   0
0.237683301761483   0.707525542659062   -0.0349100530262671   -0.0680937540845146   0
0.229344933883027   0.714422093206985   -0.00833836787845571   0.00689655054792326   0
0.238937173346292   0.687344609148315   0.00959223946326529   -0.0270774840586699   0
0.245508498496977   0.729127687286836   0.00657132515068445   0.0417830781385208   0
0.579844745104239   1.32782498079265   0.334336246607262   0.598697293505814   1
0.486384744083323   1.77990643076104   -0.0934600010209156   0.452081449968389   1
0.507615786190698   1.43604103247026   0.0212310421073742   -0.343865398290779   0
0.441361731536435   1.42098889968967   -0.0662540546542627   -0.015052132780593   0
0.398373941341863   1.4416970649312   -0.0429877901945721   0.0207081652415382   0
0.449228743658506   1.41754698418906   0.0508548023166435   -0.0241500807421446   0
0.434591056277784   1.42916429262952   -0.0146376873807224   0.0116173084404645   0
0.41200779081737   1.32693562767886   -0.0225832654604136   -0.102228664950661   0
0.389079051157525   1.09225976186173   -0.0229287396598453   -0.234675865817131   0
0.372769756541823   1.12249775712437   -0.016309294615702   0.0302379952626408   0
0.371805542507491   1.07212484221813   -0.000964214034331667   -0.050372914906244   0
0.31296532016503   0.991051130499078   -0.0588402223424609   -0.0810737117190524   0
0.292356764401651   0.894859219980579   -0.0206085557633794   -0.0961919105184986   0
0.283776936834973   0.765014582063309   -0.00857982756667847   -0.12984463791727   0
0.290439412334759   0.786900658957819   0.00666247549978616   0.0218860768945097   0
0.299536419683083   0.764064623576763   0.00909700734832419   -0.0228360353810565   0
0.303453789827315   0.737054320329411   0.0039173701442316   -0.0270103032473517   0
0.444254867872892   0.643816191435879   0.140801078045577   -0.0932381288935322   0
0.589823927345271   0.862536051487125   0.14556905947238   0.218719860051246   1
0.418359118551275   0.888645793275645   -0.171464808793996   0.0261097417885202   0
