0.187656772410404   0.448389283553365   0   0   0
0.189812590760176   0.430866227248377   0.00215581834977233   -0.017523056304988   0
0.175239985086293   0.409537110276041   -0.0145726056738831   -0.0213291169723362   0
0.153747301897018   0.360890495394379   -0.0214926831892744   -0.0486466148816623   0
0.179293569927452   0.367882135394273   0.0255462680304334   0.00699163999989416   0
0.163294352617058   0.336769383554236   -0.0159992173103936   -0.0311127518400369   0
0.160367187193651   0.366085719271115   -0.00292716542340674   0.0293163357168796   0
0.146544578997246   0.350097956211544   -0.0138226081964056   -0.0159877630595717   0
0.138773219105309   0.360564576352142   -0.00777135989193711   0.0104666201405987   0
0.131654069987714   0.346772726108182   -0.00711914911759423   -0.0137918502439608   0
0.121354081252713   0.293904408579133   -0.0102999887350013   -0.0528683175290486   0
0.0812553399184324   0.146362723681612   -0.0400987413342807   -0.147541684897521   0
0.0576661293908993   0.145612425868296   -0.0235892105275331   -0.000750297813316314   0
0.0251651749735622   0.137114727629165   -0.0325009544173371   -0.00849769823913138   0
0.0280388598824524   0.0725737682244935   0.00287368490889024   -0.0645409594046712   0
0.0132710019200511   0.0716740938222626   -0.0147678579624013   -0.000899674402230891   0
0.0147798824523987   0.0677704182836835   0.00150888053234763   -0.00390367553857904   0
0.0221661788963863   0.0597006450308154   0.00738629644398754   -0.00806977325286814   0
0.0241994273546327   0.0267976148256785   0.0020332484582464   -0.0329030302051369   0
0.0138841566874277   0.0190114249151773   -0.0103152706672049   -0.00778618991050119   0
0.00942962170192654   0.00652310242968214   -0.00445453498550118   -0.0124883224854952   0
0.0313704387782256   0.0331991276453467   0.0219408170762991   0.0266760252156646   0
0.0310393527371303   0.0136534836734403   -0.000331086041095267   -0.0195456439719065   0
0.0487227348846511   0.0362903947768487   0.0176833821475208   0.0226369111034084   0
0.0617000060957047   0.0173152728794553   0.0129772712110536   -0.0189751218973934   0
0.0651099963496267   0.0398595612862096   0.00340999025392195   0.0225442884067543   0
0.0907569913782404   0.054727377750857   0.0256469950286137   0.0148678164646474   0
0.0680755333606142   0.0319893508240242   -0.0226814580176262   -0.0227380269268328   0
0.0636630383077182   0.03779584087403   -0.004412495052896   0.0058064900500058   0
0.0678887153019145   0.0365927577545407   0.00422567699419626   -0.00120308311948931   0
0.0590016800337923   0.0448846996716587   -0.00888703526812224   0.00829194191711799   0
0.0344398740321796   0.0156114016166422   -0.0245618060016126   -0.0292732980550165   0
0.0482206324990662   0.0142229300864836   0.0137807584668866   -0.00138847153015866   0
0.0531746926079503   0.0130737098593666   0.00495406010888405   -0.00114922022711697   0
0.0387335440926853   0.0186303270157128   -0.0144411485152649   0.00555661715634623   0
0.0460985436562805   0.0582060590312985   0.00736499956359517   0.0395757320155856   0
0.0419409783564952   0.0301204260976667   -0.0041575652997853   -0.0280856329336318   0
0.0548949405307083   0.0387182120847609   0.0129539621742131   0.00859778598709422   0
0.0617757627532708   0.0402219110604531   0.0068808222225625   0.00150369897569221   0
0.0613816076115336   0.0347473705099138   -0.000394155141737178   -0.00547454055053934   0
0.0686192899971459   0.0461227130588878   0.00723768238561223   0.011375342548974   0
0.0930780492210704   0.0674714023056065   0.0244587592239245   0.0213486892467187   0
0.101649564174668   0.076035613053243   0.00857151495359787   0.00856421074763654   0
0.0880618323582357   0.0529564767906863   -0.0135877318164326   -0.0230791362625567   0
0.105499311714011   0.0601350832337912   0.0174374793557751   0.00717860644310491   0
0.120681013286846   0.0558586764911236   0.0151817015728357   -0.00427640674266768   0
0.112516249696922   0.0578271059528747   -0.00816476358992486   0.00196842946175117   0
0.110052370664743   0.0499611433692225   -0.00246387903217848   -0.00786596258365228   0
0.110618485730867   0.0537612443963586   0.000566115066123821   0.00380010102713617   0
0.10580925359405   0.0665723549028611   -0.0048092321368168   0.0128111105065025   0
0.0938525821623465   0.0682150210112296   -0.0119566714317036   0.00164266610836848   0
0.103144247175303   0.0693529972232635   0.0092916650129565   0.00113797621203392   0
0.100325346875625   0.0686959516796478   -0.00281890029967839   -0.000657045543615786   0
0.0998856789803724   0.0581016513423887   -0.000439667895252238   -0.0105943003372591   0
0.0967996843318717   0.0429598430771401   -0.00308599464850072   -0.0151418082652486   0
0.0970102559133827   0.0583569142473495   0.000210571581511013   0.0153970711702094   0
0.0977027603858253   0.0506864358071516   0.000692504472442665   -0.00767047844019786   0
0.0719153373370382   0.0731072428504522   -0.0257874230487871   0.0224208070433006   0
0.092168207417417   0.0894550945671207   0.0202528700803788   0.0163478517166684   0
0.102761731289522   0.0857378707947807   0.0105935238721054   -0.00371722377234002   0
0.12091703100337   0.0782964224262514   0.0181552997138479   -0.00744144836852927   0
0.123946554118701   0.10404631615175   0.00302952311533045   0.025749893725499   0
0.150553222324864   0.140102161598073   0.0266066682061635   0.0360558454463224   0
0.158216996385755   0.149215764175572   0.00766377406089069   0.00911360257749949   0
0.149078633875817   0.150896736372768   -0.00913836250993758   0.00168097219719526   0
0.130901778154691   0.126007756877196   -0.0181768557211261   -0.0248889794955717   0
0.149921051276464   0.130168879359824   0.0190192731217723   0.00416112248262851   0
0.138221376181472   0.135643881168346   -0.0116996750949915   0.00547500180852212   0
0.139749610322498   0.138548964196967   0.00152823414102585   0.00290508302862075   0
0.153387113612748   0.138594454562872   0.0136375032902499   4.54903659048156e-05   0
0.155924278177229   0.131532523272963   0.00253716456448155   -0.00706193128990923   0
0.159583603379921   0.127928307969972   0.00365932520269188   -0.00360421530299079   0
0.150946468320064   0.146577654332303   -0.0086371350598575   0.0186493463623306   0
0.14555122307054   0.135444243550446   -0.00539524524952403   -0.0111334107818568   0
0.142172167902371   0.143693440422006   -0.00337905516816858   0.00824919687155981   0
0.145432910708718   0.143650990270038   0.00326074280634708   -4.24501519678822e-05   0
0.161444455252883   0.140402299474261   0.0160115445441644   -0.00324869079577703   0
0.167513368254955   0.144552756879625   0.00606891300207196   0.00415045740536432   0
0.158818151251581   0.14614747932278   -0.00869521700337375   0.0015947224431552   0
0.162060667531175   0.151418920123081   0.0032425162795941   0.00527144080030076   0
0.143446568470636   0.134904932747278   -0.0186140990605387   -0.0165139873758031   0
0.162069260851063   0.113084648466301   0.0186226923804272   -0.0218202842809769   0
0.150280901945557   0.135604696920175   -0.0117883589055067   0.0225200484538738   0
0.155046904551494   0.142215868482971   0.00476600260593713   0.0066111715627957   0
0.163470815259177   0.139063556406316   0.00842391070768334   -0.00315231207665509   0
0.158373537941728   0.140722313189673   -0.00509727731744894   0.00165875678335775   0
0.162394999149635   0.12281306273638   0.00402146120790703   -0.0179092504532933   0
0.15447726735041   0.13000187310766   -0.00791773179922531   0.00718881037127955   0
0.15896171923155   0.134916423306477   0.00448445188113974   0.00491455019881751   0
0.168892893255637   0.137135859344081   0.00993117402408744   0.00221943603760408   0
0.151220550822565   0.11978388706196   -0.0176723424330719   -0.0173519722821206   0
0.139088837309397   0.104884887222385   -0.0121317135131677   -0.0148989998395751   0
0.13487237389106   0.116680188323682   -0.00421646341833692   0.0117953011012971   0
0.134081144668592   0.111607339656315   -0.000791229222468076   -0.00507284866736774   0
0.147516364741272   0.120690366071779   0.0134352200726797   0.00908302641546421   0
0.131097553415844   0.126832055216731   -0.0164188113254283   0.0061416891449525   0
0.130518445625781   0.132394282845786   -0.000579107790062539   0.00556222762905464   0
0.130513663629905   0.106724909365398   -4.78199587614081e-06   -0.0256693734803877   0
0.105311682500468   0.14639960708366   -0.025201981129437   0.0396746977182615   0
0.112496672450744   0.139517405828986   0.007184989950276   -0.00688220125467384   0
0.11426478451811   0.108750025907928   0.00176811206736545   -0.0307673799210581   0
0.119228322593669   0.125519719698739   0.00496353807555946   0.016769693790811   0
0.113962257002615   0.137485411921593   -0.0052660655910543   0.0119656922228536   0
0.110222490947855   0.141606903398669   -0.00373976605475959   0.00412149147707652   0
0.11529585314247   0.129486590063692   0.00507336219461486   -0.0121203133349776   0
0.120471386710621   0.113335216010956   0.00517553356815108   -0.0161513740527358   0
0.0974210467069616   0.125243271880329   -0.0230503400036594   0.0119080558693732   0
0.0971430790365428   0.136216389566463   -0.000277967670418849   0.0109731176861343   0
0.104374296152741   0.12974783247177   0.00723121711619781   -0.00646855709469329   0
0.0989196026507891   0.123973317608064   -0.00545469350195152   -0.00577451486370567   0
0.127011439903538   0.123647227334461   0.0280918372527487   -0.000326090273602864   0
0.125859838403718   0.123701795351765   -0.00115160149981985   5.45680173037189e-05   0
0.135107947137613   0.113383251923236   0.00924810873389492   -0.0103185434285291   0
0.130010309901677   0.119071594700352   -0.00509763723593626   0.00568834277711633   0
0.136048863958616   0.128270275253749   0.00603855405693934   0.00919868055339643   0
0.141538251396928   0.117065771997038   0.00548938743831207   -0.0112045032567108   0
0.127091668902647   0.11611223200685   -0.0144465824942812   -0.00095353999018831   0
0.131481768408704   0.115612482012387   0.0043900995060569   -0.0004997499944632   0
0.131561482609045   0.114796295515415   7.97142003411133e-05   -0.000816186496971502   0
0.13509857998347   0.114670754979201   0.00353709737442501   -0.000125540536213845   0
0.139347360306645   0.116193493390648   0.00424878032317538   0.00152273841144655   0
0.148294642607547   0.117997000316417   0.00894728230090147   0.00180350692576921   0
0.143920542859003   0.122471201770641   -0.00437409974854408   0.00447420145422379   0
0.14970806184745   0.12209811044748   0.00578751898844768   -0.000373091323160865   0
0.15370297617099   0.118736955092307   0.00399491432353999   -0.00336115535517299   0
0.164904480863802   0.121689245696251   0.0112015046928116   0.00295229060394393   0
0.124931099803412   0.104838758975319   -0.0399733810603903   -0.016850486720932   0
0.15787374565687   0.111047126828939   0.0329426458534581   0.00620836785362031   0
0.145737193958509   0.110442611268296   -0.012136551698361   -0.000604515560642907   0
0.1392933834775   0.102456686622592   -0.00644381048100831   -0.00798592464570437   0
0.142117226733074   0.107323120189128   0.00282384325557367   0.00486643356653606   0
0.130697105169204   0.11708926629256   -0.01142012156387   0.00976614610343193   0
0.138896376123965   0.104319786547915   0.00819927095476106   -0.0127694797446451   0
0.15177256384225   0.112781609401201   0.0128761877182853   0.00846182285328594   0
0.12609506765996   0.105986373142211   -0.02567749618229   -0.00679523625898965   0
0.135409914982988   0.11172017703827   0.00931484732302743   0.00573380389605943   0
0.132608389268553   0.111387783009819   -0.00280152571443518   -0.000332394028451574   0
0.13693777667386   0.0773020011524928   0.00432938740530747   -0.0340857818573261   0
0.141023873217445   0.0932836176377803   0.00408609654358483   0.0159816164852875   0
0.165249753333734   0.094592043163154   0.0242258801162892   0.00130842552537377   0
0.152325505204939   0.0883786717528188   -0.0129242481287949   -0.00621337141033521   0
0.157005191195833   0.0934517196587275   0.00467968599089341   0.00507304790590869   0
0.153161052751964   0.0935079746548582   -0.00384413844386844   5.62549961306419e-05   0
0.170242544629156   0.0934525650625567   0.0170814918771912   -5.54095923014364e-05   0
0.147785109613587   0.0988061504499087   -0.0224574350155682   0.00535358538735201   0
0.118109855148925   0.10808407750077   -0.0296752544646624   0.00927792705086147   0
0.155278709182618   0.116874197183553   0.037168854033693   0.00879011968278268   0
0.14256621073368   0.103430323664678   -0.012712498448938   -0.0134438735188751   0
0.161275359959449   0.0969040495984559   0.0187091492257697   -0.00652627406622187   0
0.173195272216074   0.111236191435566   0.0119199122566246   0.0143321418371106   0
0.157773367234809   0.116277819115857   -0.0154219049812648   0.00504162768029068   0
0.142480382506014   0.109022355702363   -0.0152929847287956   -0.00725546341349444   0
0.166920676805631   0.103039868680973   0.0244402942996175   -0.00598248702139002   0
0.165180705685894   0.116628320810213   -0.00173997111973703   0.0135884521292404   0
0.169042783452149   0.111808308346648   0.00386207776625438   -0.0048200124635651   0
0.148417008063968   0.10507708599395   -0.0206257753881804   -0.00673122235269785   0
0.152540649382058   0.121947528602848   0.00412364131808998   0.0168704426088981   0
0.176168024316446   0.114612308548264   0.0236273749343881   -0.00733522005458417   0
0.168451105951846   0.116071934930768   -0.00771691836460042   0.0014596263825041   0
0.156266847567998   0.109552427602026   -0.0121842583838476   -0.00651950732874189   0
0.162408035246351   0.0965396588227476   0.00614118767835278   -0.0130127687792788   0
0.171584095440807   0.11156921016898   0.00917606019445608   0.0150295513462323   0
0.131287298338682   0.10886555889564   -0.0402967971021255   -0.00270365127334016   0
0.145296864704989   0.114720698237088   0.0140095663663078   0.00585513934144828   0
0.155914457594317   0.120245997465279   0.0106175928893274   0.00552529922819149   0
0.152335268711911   0.119955175468433   -0.00357918888240621   -0.000290821996846713   0
0.159292337684523   0.111532677957359   0.00695706897261211   -0.00842249751107357   0
0.160204942383966   0.122020646357287   0.000912604699443764   0.0104879683999274   0
0.138705124538677   0.131884757680105   -0.0214998178452891   0.00986411132281832   0
0.14203552788616   0.125335228728249   0.00333040334748216   -0.0065495289518559   0
0.141374688068162   0.121953299003307   -0.000660839817997916   -0.00338192972494203   0
0.11934395109242   0.128084676152497   -0.0220307369757413   0.00613137714918988   0
0.139940876076792   0.138984754549735   0.0205969249843715   0.0109000783972378   0
0.144780490438871   0.136151665129829   0.00483961436207911   -0.00283308941990604   0
0.13666772064394   0.142354670484814   -0.00811276979493103   0.00620300535498541   0
0.134369684871663   0.138096880765244   -0.00229803577227697   -0.00425778971957011   0
0.121089817297492   0.136120969681714   -0.0132798675741709   -0.00197591108353035   0
0.137262332774618   0.132898045756512   0.0161725154771261   -0.00322292392520146   0
0.133016442966312   0.135029398416586   -0.00424588980830659   0.00213135266007342   0
0.147116586318369   0.127233764297414   0.0141001433520571   -0.00779563411917117   0
0.137242767400873   0.129828065775818   -0.00987381891749609   0.00259430147840312   0
0.140944665717472   0.124742496833236   0.00370189831659973   -0.0050855689425811   0
0.149442821936853   0.132992657652866   0.00849815621938091   0.00825016081962988   0
0.142391136941911   0.136254498490775   -0.00705168499494235   0.00326184083790831   0
0.121353538721415   0.134052048275101   -0.0210375982204957   -0.00220245021567367   0
0.122296174477741   0.128646976289146   0.000942635756325597   -0.0054050719859553   0
0.122167351393324   0.127964480874821   -0.000128823084416349   -0.000682495414324358   0
0.128008411689896   0.145063595632821   0.005841060296572   0.0170991147579994   0
0.114613081453995   0.160702225212697   -0.0133953302359018   0.0156386295798767   0
0.142585988308284   0.183039410373019   0.027972906854289   0.0223371851603218   0
0.178549000446656   0.186885431156558   0.0359630121383725   0.00384602078353863   1
0.225418857005087   0.100776591000601   0.0468698565584312   -0.0861088401559564   0
0.170159311865675   0.0998240058802491   -0.0552595451394125   -0.000952585120352345   0
0.121625374342487   0.112412213988917   -0.0485339375231883   0.0125882081086676   0
0.13162233313739   0.0937469731146158   0.00999695879490312   -0.0186652408743009   0
0.111403057582187   0.0785638823844806   -0.020219275555203   -0.0151830907301352   0
0.10666727684276   0.107874890718612   -0.00473578073942671   0.0293110083341315   0
0.105745564747641   0.11819154090892   -0.000921712095118696   0.0103166501903083   0
0.107879140031912   0.123754478501285   0.00213357528427083   0.00556293759236458   0
0.110799997517915   0.127435180534262   0.00292085748600303   0.00368070203297723   0
0.111192443116473   0.132789015057233   0.000392445598557487   0.00535383452297072   0
0.124772553506651   0.126441576020396   0.013580110390178   -0.00634743903683682   0
0.139288633729569   0.147874676204117   0.0145160802229183   0.0214331001837211   0
0.140794599237471   0.146159627710126   0.00150596550790186   -0.00171504849399162   0
0.126675151918204   0.159041163977003   -0.014119447319267   0.0128815362668775   0
0.139870977008098   0.158259890230737   0.0131958250898946   -0.000781273746265881   0
0.152529074888068   0.158799541822387   0.0126580978799701   0.00053965159164962   0
0.13870307323203   0.158889325408175   -0.013826001656038   8.97835857883722e-05   0
0.132228495397513   0.157196795384997   -0.00647457783451788   -0.0016925300231786   0
0.162270222207434   0.162539055300326   0.0300417268099214   0.00534225991532958   0
0.138230267492977   0.155742386507765   -0.0240399547144569   -0.00679666879256133   0
0.119885562875436   0.158585183687537   -0.0183447046175415   0.00284279717977257   0
0.119563989557517   0.157084291564402   -0.000321573317918683   -0.00150089212313564   0
0.147553611930749   0.158108712409026   0.0279896223732319   0.0010244208446239   0
0.132609569347728   0.176060729434313   -0.0149440425830203   0.0179520170252877   0
0.128531275823241   0.164845024304648   -0.00407829352448766   -0.0112157051296654   0
0.148174395268717   0.169043928282237   0.0196431194454763   0.00419890397758874   0
0.141563540240593   0.159972459486572   -0.006610855028124   -0.00907146879566439   0
0.166104178698189   0.172781085786718   0.0245406384575963   0.0128086263001457   0
0.157578326500601   0.169960359307759   -0.00852585219758831   -0.00282072647895923   0
0.147995187407226   0.171917840790456   -0.00958313909337483   0.00195748148269689   0
0.168963116477058   0.189538445184862   0.0209679290698322   0.0176206043944065   0
0.173032652787877   0.184217598098071   0.00406953631081863   -0.00532084708679095   0
0.175065901537935   0.188122788220872   0.00203324875005811   0.00390519012280063   0
0.129106371996815   0.185581633992274   -0.04595952954112   -0.00254115422859749   0
0.160464160870301   0.187230931335196   0.0313577888734864   0.00164929734292163   0
0.1755580983514   0.218031072605082   0.015093937481099   0.0308001412698859   0
0.161439229403203   0.201749789325274   -0.0141188689481975   -0.016281283279808   0
0.159295031936592   0.178979488642624   -0.00214419746661057   -0.0227703006826504   0
0.176227118660747   0.202521204885692   0.0169320867241543   0.0235417162430686   0
0.165023092179731   0.197979066191618   -0.0112040264810157   -0.00454213869407427   0
0.170367099071388   0.204409803732478   0.00534400689165657   0.00643073754085971   0
0.171712708764494   0.205501065611775   0.0013456096931066   0.00109126187929728   0
0.15110835812039   0.181531003306198   -0.0206043506441043   -0.0239700623055765   0
0.152452779493357   0.192955473636569   0.0013444213729667   0.0114244703303702   0
0.168930884118003   0.192993697823413   0.0164781046246459   3.82241868448763e-05   0
0.162071210509732   0.202229721033291   -0.00685967360827008   0.0092360232098771   0
0.169425099222518   0.208281976330052   0.00735388871278536   0.0060522552967619   0
0.14426338857451   0.211429016416391   -0.025161710648008   0.00314704008633851   0
0.161537385339277   0.191515381295759   0.017273996764767   -0.0199136351206318   0
0.175630452016073   0.154413700162804   0.0140930666767959   -0.0371016811329555   0
0.178245127122286   0.182024070277375   0.00261467510621363   0.0276103701145718   0
0.176175013514658   0.191170111902704   -0.0020701136076281   0.00914604162532892   0
0.162682228681685   0.185739634785094   -0.0134927848329733   -0.0054304771176106   0
0.17981451058691   0.180424999664992   0.0171322819052252   -0.00531463512010133   0
0.188842810990623   0.191201535279957   0.00902830040371247   0.0107765356149642   0
0.181699042293156   0.179063376436787   -0.0071437686974668   -0.0121381588431695   0
0.189052689444636   0.197497446929068   0.00735364715148029   0.0184340704922808   0
0.194323755607723   0.203232919716916   0.00527106616308678   0.00573547278784828   0
0.18500020835545   0.195493572331522   -0.00932354725227258   -0.00773934738539428   0
