0.112670614095422   0.0955725263036402   0   0   0
0.125521991674709   0.0948671830069413   0.0128513775792867   -0.000705343296698871   0
0.0676303207849788   0.123306061656717   -0.0578916708897297   0.0284388786497753   0
0.0477364298796003   0.253879827073859   -0.0198938909053785   0.130573765417142   0
0.181671424696263   0.531724959768949   0.133934994816663   0.27784513269509   0
0.128862826779215   0.760986777546949   -0.052808597917048   0.229261817778001   0
0.0974307982521954   0.39728873521691   -0.0314320285270197   -0.363698042330039   0
0.0232566641082013   0.323416306920202   -0.0741741341439941   -0.0738724282967082   0
0.130410896122602   0.20621337430356   0.1071542320144   -0.117202932616643   0
0.0615827370371763   0.157309033214434   -0.0688281590854254   -0.0489043410891253   0
0.12226000086496   0.145473898617424   0.0606772638277836   -0.0118351345970105   0
0.0475154135667585   0.0902496160481722   -0.0747445872982014   -0.0552242825692516   0
0.0489384272726454   0.0172034606150187   0.00142301370588684   -0.0730461554331535   0
0.045171633885588   0.0431546076932981   -0.00376679338705738   0.0259511470782794   0
0.0623421805953634   0.0288625914536879   0.0171705467097754   -0.0142920162396102   0
0.171374550504033   0.0981784872633127   0.10903236990867   0.0693158958096248   0
0.0298145589738118   0.057645025573613   -0.141559991530221   -0.0405334616896997   0
0.0343880337608898   0.0673844599342319   0.00457347478707808   0.00973943436061884   0
0.0282089944939996   0.109217420801686   -0.00617903926689025   0.0418329608674539   0
0.0194448623213331   0.0147217575160152   -0.00876413217266649   -0.0944956632856706   0
0.00811542225024188   0.0364278383521068   -0.0113294400710912   0.0217060808360916   0
0.00786125587050778   0.036007341812504   -0.000254166379734104   -0.000420496539602813   0
0.0516871152971657   0.0617357587947212   0.0438258594266579   0.0257284169822172   0
0.10661585610048   0.091552887907373   0.0549287408033143   0.0298171291126517   0
0.010046903726267   0.127673744443582   -0.0965689523742131   0.0361208565362087   0
0.0219616209065497   0.180741146557406   0.0119147171802827   0.053067402113824   0
0.0936362688188717   0.159179389003093   0.071674647912322   -0.0215617575543124   0
0.176915224808581   0.144855601982163   0.0832789559897097   -0.0143237870209305   0
0.0306742562861449   0.180952522743868   -0.146240968522437   0.036096920761705   0
0.0303143421015532   0.17639458218347   -0.000359914184591713   -0.00455794056039796   0
0.0763257937029154   0.167242840128247   0.0460114516013622   -0.00915174205522251   0
0.144620389449567   0.25583370587728   0.0682945957466515   0.0885908657490324   0
0.114042186086816   0.213100887145767   -0.0305782033627508   -0.0427328187315123   0
0.0395264594017729   0.277992767337049   -0.0745157266850432   0.0648918801912815   0
0.0988980224511087   0.200306340185352   0.0593715630493358   -0.0776864271516969   0
0.0681705231706491   0.206651004081356   -0.0307274992804596   0.00634466389600361   0
0.141864365539236   0.244543313700012   0.073693842368587   0.0378923096186563   0
0.092546072747524   0.282012285050195   -0.0493182927917121   0.0374689713501831   0
0.0897816241809537   0.275542185887116   -0.00276444856657031   -0.00647009916307906   0
0.0903486782943724   0.292588077201984   0.000567054113418744   0.0170458913148677   0
0.0495276687939216   0.35489581643674   -0.0408210095004508   0.0623077392347559   0
0.151210922523507   0.317054547490885   0.101683253729585   -0.0378412689458544   0
0.0778090113890416   0.32502062846844   -0.0734019111344653   0.00796608097755525   0
0.0763026808321962   0.324716763240651   -0.00150633055684538   -0.000303865227789413   0
0.0581283573128469   0.397833794797488   -0.0181743235193493   0.0731170315568366   0
0.170529971555882   0.342127596390075   0.112401614243035   -0.0557061984074126   0
0.182799175515673   0.29029352816483   0.0122692039597913   -0.0518340682252449   0
0.0969873569280038   0.308354966151548   -0.0858118185876697   0.0180614379867182   0
0.216468292925361   0.351448918719812   0.119480935997357   0.0430939525682636   0
0.127075593066253   0.360593023493861   -0.0893926998591079   0.00914410477404887   0
0.252938771354037   0.310818928241094   0.125863178287784   -0.0497740952527665   0
0.0791463136782384   0.370558900865993   -0.173792457675799   0.0597399726248983   0
0.107307323673363   0.39461753613179   0.0281610099951251   0.0240586352657979   0
0.101895212766155   0.399498626356177   -0.00541211090720849   0.00488109022438676   0
0.0643240902811692   0.410275890356638   -0.0375711224849859   0.0107772640004612   0
0.157368849537798   0.499060719128818   0.0930447592566285   0.0887848287721791   0
0.289363320092319   0.429730527809487   0.131994470554522   -0.0693301913193309   0
0.166563396342804   0.415753127760336   -0.122799923749515   -0.0139774000491503   0
0.120902344240011   0.516660390699698   -0.0456610521027935   0.100907262939362   0
0.153871843974783   0.417472750886402   0.0329694997347726   -0.0991876398132963   0
0.154172900698599   0.383582742828914   0.000301056723815696   -0.0338900080574885   0
0.149259306273746   0.358027339439536   -0.00491359442485248   -0.025555403389378   0
0.150779335851767   0.472509688353784   0.00152002957802086   0.114482348914248   0
0.204598559120049   0.43408730060047   0.0538192232682814   -0.0384223877533144   0
0.202009743312668   0.478711432486088   -0.0025888158073806   0.0446241318856185   0
0.17796087448341   0.41548937477376   -0.024048868829258   -0.063222057712328   0
0.235567933107883   0.338577533412725   0.057607058624473   -0.076911841361035   0
0.231707825163955   0.430220178841221   -0.00386010794392783   0.0916426454284963   0
0.157828859290467   0.420688316782416   -0.0738789658734882   -0.00953186205880524   0
0.194738608377897   0.401476065075569   0.0369097490874303   -0.0192122517068472   0
0.200193805694007   0.49412940238864   0.00545519731611022   0.0926533373130715   0
0.171569486864098   0.27903758195817   -0.0286243188299091   -0.21509182043047   0
0.236285193248667   0.258895116596161   0.0647157063845688   -0.0201424653620088   0
0.307526767160194   0.119648156566127   0.0712415739115266   -0.139246960030034   0
0.165977287351116   0.109533969925053   -0.141549479809078   -0.0101141866410739   0
0.107245703370345   0.200053798101667   -0.0587315839807711   0.0905198281766135   0
0.18863714592235   0.292186844110922   0.0813914425520052   0.0921330460092547   0
0.0764456769015634   0.3221655448469   -0.112191469020787   0.0299787007359786   0
0.0523373472366531   0.296265478932747   -0.0241083296649103   -0.0259000659141531   0
0.0689036838016111   0.328711851052712   0.016566336564958   0.0324463721199644   0
0.0792346469959954   0.277226195711643   0.0103309631943843   -0.0514856553410689   0
0.0927918446501631   0.290430922276709   0.0135571976541677   0.0132047265650668   0
0.0605165856580624   0.348057056161055   -0.0322752589921007   0.0576261338843458   0
0.145460982004832   0.321388342218569   0.0849443963467694   -0.0266687139424863   0
0.0468646303049539   0.368469065307049   -0.0985963516998779   0.0470807230884797   0
0.244850479466265   0.239273592660682   0.197985849161311   -0.129195472646367   0
0.114105237498197   0.291038213666608   -0.130745241968068   0.0517646210059256   0
0.0505943522777355   0.354321194495193   -0.0635108852204617   0.0632829808285848   0
0.112394213774242   0.360531658043021   0.0617998614965064   0.00621046354782873   0
0.138294301540049   0.329151783953088   0.0259000877658071   -0.0313798740899337   0
0.0634353477841022   0.429002559839973   -0.0748589537559468   0.0998507758868858   0
0.149954923132387   0.394615594467895   0.0865195753482845   -0.0343869653720785   0
0.205518141524611   0.436488829018854   0.0555632183922243   0.0418732345509588   0
0.0458983988057318   0.372926987469732   -0.159619742718879   -0.0635618415491211   0
0.0763507758055542   0.457077867410193   0.0304523769998224   0.0841508799404605   0
0.171435475325529   0.395739009160709   0.0950846995199746   -0.0613388582494837   0
0.0892522210916905   0.43459403594159   -0.0821832542338383   0.0388550267808806   0
0.057892073772495   0.417386139228712   -0.0313601473191955   -0.0172078967128776   0
0.14865705778415   0.374244689739547   0.0907649840116546   -0.043141449489165   0
0.122861654562764   0.410541770252736   -0.0257954032213854   0.0362970805131884   0
0.0656412829269051   0.382265453337403   -0.0572203716358591   -0.0282763169153329   0
0.172074808407274   0.383274378655814   0.106433525480369   0.00100892531841085   0
0.0933203917399086   0.397438286588623   -0.0787544166673653   0.0141639079328089   0
0.227142057492222   0.271054226696431   0.133821665752314   -0.126384059892192   0
0.0765372889329352   0.329966117370405   -0.150604768559287   0.0589118906739745   0
0.0993898202506172   0.359725234408152   0.022852531317682   0.029759117037747   0
0.0964273733587097   0.324008278154664   -0.00296244689190751   -0.0357169562534883   0
0.145145240876096   0.410220894615937   0.0487178675173865   0.0862126164612735   0
0.122861520184515   0.377865571525774   -0.0222837206915812   -0.0323553230901631   0
0.185567436777173   0.356914222857888   0.0627059165926577   -0.0209513486678864   0
0.130541068331962   0.369928658396116   -0.0550263684452106   0.0130144355382278   0
0.109183086026591   0.352420499648502   -0.021357982305371   -0.0175081587476133   0
0.177496225725422   0.306258998398043   0.0683131396988309   -0.0461615012504593   0
0.128665535405951   0.272572452009094   -0.0488306903194712   -0.0336865463889487   0
0.104855794458342   0.253652610900223   -0.0238097409476092   -0.0189198411088711   0
0.128144847346782   0.316620963436172   0.0232890528884401   0.0629683525359492   0
0.105319040602547   0.339168012740367   -0.022825806744235   0.022547049304195   0
0.169414600889799   0.347431408492741   0.0640955602872525   0.00826339575237384   0
0.156581408464032   0.301237678050904   -0.0128331924257675   -0.0461937304418373   0
0.107672368694526   0.316901961904624   -0.0489090397695056   0.0156642838537205   0
0.116212518824781   0.32713974423402   0.00854015013025439   0.0102377823293956   0
0.222701908056173   0.36813472943034   0.106489389231392   0.0409949851963205   0
0.194182612901413   0.303854520984549   -0.0285192951547597   -0.064280208445791   0
0.139055813855049   0.353698945557871   -0.0551267990463641   0.0498444245733218   0
0.184680681600486   0.414860759789957   0.0456248677454369   0.0611618142320853   0
0.200747606472929   0.626565890512921   0.0160669248724433   0.211705130722965   0
0.102855593243197   0.223049546394428   -0.0978920132297321   -0.403516344118493   0
0.107978489905814   0.294168077528498   0.00512289666261709   0.0711185311340704   0
0.124467578393773   0.245261443262129   0.0164890884879588   -0.0489066342663692   0
0.122901692705227   0.222720325384915   -0.0015658856885461   -0.0225411178772137   0
0.220372467158763   0.22750604604988   0.097470774453536   0.00478572066496449   0
0.107557705020561   0.292238470376934   -0.112814762138202   0.064732424327054   0
0.187517848577382   0.291644437938134   0.0799601435568212   -0.000594032438799907   0
0.0901534593377314   0.306946409016704   -0.0973643892396507   0.0153019710785706   0
0.189083155753044   0.372587425787895   0.0989296964153128   0.0656410167711904   0
0.216077295924398   0.304846947838173   0.026994140171354   -0.0677404779497214   0
0.210417867833533   0.216523549470658   -0.00565942809086564   -0.0883233983675153   0
0.174300576642534   0.265054974538533   -0.0361172911909983   0.0485314250678752   0
0.166047245532288   0.322129707116361   -0.00825333111024618   0.0570747325778278   0
0.236549461671338   0.300126771685937   0.0705022161390502   -0.0220029354304241   0
0.117088619978587   0.322913461853946   -0.119460841692751   0.0227866901680094   0
0.329955935660264   0.410857774083076   0.212867315681676   0.0879443122291298   0
0.156296081249979   0.452782813017455   -0.173659854410285   0.0419250389343793   0
0.214712517887547   0.394336679811253   0.0584164366375677   -0.0584461332062026   0
0.137058262647277   0.436486793038747   -0.0776542552402694   0.0421501132274943   0
0.213235630932286   0.314381464401784   0.0761773682850087   -0.122105328636963   0
0.277652128145995   0.229012247945657   0.0644164972137092   -0.0853692164561264   0
0.367160395445111   0.241980569965338   0.0895082672991157   0.012968322019681   0
0.389977883951129   0.22823402072097   0.022817488506018   -0.0137465492443687   0
0.426762574709873   0.221551738621823   0.0367846907587444   -0.00668228209914681   0
0.37997230554497   0.224738819994394   -0.046790269164903   0.0031870813725709   0
0.421352322471694   0.272761150615791   0.0413800169267235   0.0480223306213969   0
0.392466544221339   0.198711465911633   -0.0288857782503548   -0.0740496847041578   0
0.327132969881576   0.190750903543076   -0.0653335743397629   -0.00796056236855644   0
0.342902285564868   0.191572015986867   0.0157693156832918   0.00082111244379085   0
0.355578164724565   0.232275649755355   0.0126758791596976   0.0407036337684882   0
0.302354831472924   0.177286572710612   -0.0532233332516417   -0.0549890770447437   0
0.195019259751261   0.251057587300225   -0.107335571721662   0.0737710145896136   0
0.204611118139289   0.263870665236305   0.00959185838802731   0.0128130779360795   0
0.221425330268152   0.260507171760683   0.0168142121288627   -0.00336349347562176   0
0.19949305095529   0.148119530107343   -0.0219322793128614   -0.11238764165334   0
0.133877918465257   0.286972964357816   -0.0656151324900332   0.138853434250473   0
0.210371191108407   0.217994238095873   0.0764932726431503   -0.0689787262619437   0
0.154754134148881   0.22375910495162   -0.0556170569595258   0.0057648668557472   0
0.109428719790053   0.286035913240803   -0.0453254143588282   0.0622768082891829   0
0.214075025968117   0.184259983807527   0.104646306178064   -0.101775929433276   0
0.150493695526059   0.259298608148019   -0.0635813304420585   0.0750386243404925   0
0.122544600365948   0.227788943875625   -0.0279490951601101   -0.0315096642723945   0
0.152766321958114   0.188099182223129   0.0302217215921651   -0.0396897616524954   0
0.282185155834764   0.222396477073604   0.12941883387665   0.0342972948504746   0
0.169071938303818   0.30772954829444   -0.113113217530946   0.085333071220836   0
0.190157849244411   0.254412722312584   0.0210859109405928   -0.0533168259818558   0
0.0893505285346427   0.274597699063102   -0.100807320709768   0.0201849767505181   0
0.19787923941475   0.252768518825431   0.108528710880107   -0.0218291802376707   0
0.243874333581375   0.257576902972826   0.0459950941666253   0.00480838414739432   0
0.136821657454147   0.364643659131079   -0.107052676127228   0.107066756158253   0
0.205029236920616   0.291164493553597   0.0682075794664686   -0.0734791655774822   0
0.17256324223626   0.280172435828496   -0.0324659946843562   -0.0109920577251011   0
0.155310013753428   0.309906448616873   -0.0172532284828316   0.0297340127883772   0
0.154561031274672   0.318201311539664   -0.00074898247875646   0.00829486292279147   0
0.210047814780373   0.250139788662465   0.0554867835057017   -0.0680615228771996   0
0.218221454685945   0.271495192692081   0.00817363990557188   0.0213554040296159   0
0.214362979440038   0.275881562587105   -0.00385847524590749   0.00438636989502389   0
0.159026067894575   0.255944383276797   -0.0553369115454625   -0.0199371793103075   0
0.113763102084375   0.278837040328617   -0.0452629658101998   0.0228926570518194   0
0.118185220114277   0.285321158956815   0.00442211802990126   0.00648411862819837   0
0.221768033305096   0.285013384237219   0.103582813190819   -0.000307774719596088   0
0.13590014022903   0.294840899114544   -0.0858678930760657   0.00982751487732492   0
0.128252647130147   0.369319094451871   -0.00764749309888296   0.0744781953373272   0
0.118129127246162   0.46577643158333   -0.0101235198839847   0.0964573371314586   0
0.25828217507271   0.256296707940723   0.140153047826548   -0.209479723642606   0
0.173884552909711   0.274164025160582   -0.0843976221629992   0.017867317219859   0
0.130946030729274   0.295488904259877   -0.0429385221804363   0.021324879099294   0
0.189845706349893   0.328100327774143   0.058899675620619   0.0326114235142664   0
0.174348680296583   0.252343594675516   -0.0154970260533108   -0.075756733098627   0
0.088790625273674   0.248089594084098   -0.0855580550229087   -0.00425400059141789   0
0.132228617434238   0.237915531560893   0.0434379921605637   -0.0101740625232045   0
0.0949259089456614   0.273877426123553   -0.0373027084885763   0.03596189456266   0
0.133101791836248   0.335082708737022   0.038175882890587   0.0612052826134686   0
0.198142517278549   0.296950206619228   0.0650407254423004   -0.0381325021177936   0
0.196650626114335   0.279677723655858   -0.00149189116421372   -0.0172724829633704   0
0.192978974356638   0.22713899512953   -0.00367165175769693   -0.0525387285263284   0
0.15597484412818   0.306311207304761   -0.0370041302284583   0.0791722121752309   0
0.193363299070454   0.297014428347871   0.0373884549422746   -0.00929677895688974   0
0.134714688062772   0.392779940766137   -0.0586486110076823   0.095765512418266   0
0.137014515346587   0.455790991612384   0.00229982728381442   0.0630110508462468   0
0.159463584594132   0.278033402872856   0.0224490692475458   -0.177757588739527   0
0.210006047046008   0.226743581394606   0.0505424624518754   -0.0512898214782499   0
0.124182627963093   0.247724457315906   -0.0858234190829145   0.0209808759212993   0
0.178707520326398   0.237850704037512   0.054524892363305   -0.00987375327839402   0
0.229986583450622   0.254427428358049   0.0512790631242241   0.016576724320537   0
0.145925751646788   0.263591818261   -0.0840608318038344   0.00916438990295115   0
0.139491354540022   0.293356995656423   -0.00643439710676624   0.029765177395423   0
0.269646266496479   0.299897032665134   0.130154911956457   0.0065400370087112   0
0.199369160463423   0.323105818705053   -0.070277106033056   0.0232087860399188   0
0.152486525767   0.294338900203558   -0.0468826346964226   -0.028766918501495   0
0.209105780358267   0.303233766874733   0.0566192545912673   0.00889486667117528   0
0.213619563816356   0.344970032438196   0.00451378345808809   0.0417362655634629   0
0.179438787855385   0.303625537506729   -0.0341807759609702   -0.0413444949314672   0
0.157808141255418   0.265256049410282   -0.0216306465999672   -0.0383694880964467   0
0.15101533878071   0.266262115715886   -0.00679280247470848   0.00100606630560418   0
0.11031464778631   0.306367945791233   -0.0407006909943998   0.040105830075347   0
0.205968253023154   0.348311603425065   0.0956536052368441   0.0419436576338321   0
0.234842493455188   0.290964644548955   0.0288742404320339   -0.0573469588761099   0
0.335403187210199   0.284386627162407   0.100560693755011   -0.00657801738654823   1
0.573082824228558   0.861527996335726   0.237679637018359   0.577141369173318   1
0.332683906402158   0.381083580389817   -0.2403989178264   -0.480444415945908   1
0.220467359044735   0.353973122415604   -0.112216547357423   -0.027110457974213   0
0.247999892394654   0.492859739228363   0.0275325333499193   0.138886616812758   0
0.795429012623377   0.740159126292617   0.547429120228722   0.247299387064254   1
0.269275003173336   0.452902270022805   -0.526154009450041   -0.287256856269812   1
0.631544365192185   0.421857230964754   0.362269362018849   -0.031045039058051   1
0.505783406011902   0.341392374556389   -0.125760959180284   -0.080464856408365   0
0.525137305555414   0.3776333610415   0.0193538995435123   0.0362409864851109   0
0.57290865849349   0.478860793616997   0.0477713529380758   0.101227432575497   0
0.427535789914716   0.277360999835954   -0.145372868578774   -0.201499793781043   0
0.391547620242762   0.240896332721676   -0.0359881696719541   -0.0364646671142777   0
0.3879706983511   0.218876407638426   -0.00357692189166209   -0.02201992508325   0
0.339864975994306   0.216309450234496   -0.0481057223567939   -0.00256695740392993   0
0.325970685935868   0.215290580887205   -0.0138942900584382   -0.00101886934729162   0
0.283836851646333   0.259088422684708   -0.0421338342895345   0.0437978417975035   0
0.395029879125618   0.270504430340655   0.111193027479284   0.0114160076559472   0
0.534876554349301   0.308642264300436   0.139846675223684   0.0381378339597803   0
0.414853552659249   0.216036237446985   -0.120023001690052   -0.0926060268534508   0
0.371656066219469   0.227260999702154   -0.0431974864397801   0.0112247622551693   0
0.359633472886215   0.262288049374633   -0.0120225933332536   0.035027049672479   0
0.305904555076481   0.235717136338239   -0.0537289178097338   -0.026570913036394   0
0.325841966585276   0.238267797933355   0.0199374115087945   0.00255066159511572   0
0.198688963796307   0.306083621409657   -0.127153002788969   0.0678158234763019   0
0.239460584318297   0.236262167784333   0.04077162052199   -0.0698214536253233   0
