RRV014 con_0001.nii 9 3 -6 0.0141603 0.195802
RRV014 con_0001.nii -9 3 -6 0.145054 0.264966
RRV014 con_0001.nii -30 33 -18 -0.381023 0.296404
RRV014 con_0001.nii 46 28 31 0.119083 0.358978
RRV014 con_0001.nii -44 27 33 -0.536726 0.282865
RRV014 con_0001.nii 44 8 34 -0.137261 0.307637
RRV014 con_0001.nii -42 7 36 0.636629 0.339386
RRV014 con_0001.nii 54 -44 43 -0.182311 0.224591
RRV014 con_0001.nii -53 -50 39 0.146377 0.320861
RRV014 con_0001.nii 32 -59 41 0.911515 0.665521
RRV014 con_0001.nii -32 -58 46 0.362482 0.190854
RRV014 con_0001.nii -6 49 1 -0.181688 0.252329
RRV014 con_0002.nii 9 3 -6 -0.339413 0.469568
RRV014 con_0002.nii -9 3 -6 -0.0420333 0.297488
RRV014 con_0002.nii -30 33 -18 0.0353408 0.284751
RRV014 con_0002.nii 46 28 31 -0.919446 0.390072
RRV014 con_0002.nii -44 27 33 -0.729718 0.302331
RRV014 con_0002.nii 44 8 34 -0.152051 0.445568
RRV014 con_0002.nii -42 7 36 -0.5561 0.324521
RRV014 con_0002.nii 54 -44 43 -0.847292 0.43419
RRV014 con_0002.nii -53 -50 39 -0.339129 0.474571
RRV014 con_0002.nii 32 -59 41 0.649627 0.757218
RRV014 con_0002.nii -32 -58 46 -0.49164 0.337235
RRV014 con_0002.nii -6 49 1 -1.49999 0.660602
RRV014 con_0003.nii 9 3 -6 -0.325253 0.499352
RRV014 con_0003.nii -9 3 -6 0.103021 0.266372
RRV014 con_0003.nii -30 33 -18 -0.345682 0.432557
RRV014 con_0003.nii 46 28 31 -0.800364 0.6986
RRV014 con_0003.nii -44 27 33 -1.26644 0.519203
RRV014 con_0003.nii 44 8 34 -0.289312 0.691876
RRV014 con_0003.nii -42 7 36 0.0805291 0.455797
RRV014 con_0003.nii 54 -44 43 -1.0296 0.606474
RRV014 con_0003.nii -53 -50 39 -0.192751 0.651667
RRV014 con_0003.nii 32 -59 41 1.56114 1.38932
RRV014 con_0003.nii -32 -58 46 -0.129158 0.351658
RRV014 con_0003.nii -6 49 1 -1.68168 0.85759
RRV014 con_0004.nii 9 3 -6 -0.363007 0.23683
RRV014 con_0004.nii -9 3 -6 -0.0887546 0.396514
RRV014 con_0004.nii -30 33 -18 -0.803807 0.368943
RRV014 con_0004.nii 46 28 31 -0.289164 0.556527
RRV014 con_0004.nii -44 27 33 -1.15346 0.396894
RRV014 con_0004.nii 44 8 34 0.306352 0.246959
RRV014 con_0004.nii -42 7 36 -0.505249 0.404577
RRV014 con_0004.nii 54 -44 43 -0.822531 0.350983
RRV014 con_0004.nii -53 -50 39 -0.310473 0.319401
RRV014 con_0004.nii 32 -59 41 0.112048 0.513418
RRV014 con_0004.nii -32 -58 46 -0.345667 0.223799
RRV014 con_0004.nii -6 49 1 -0.903556 0.770219
RRV014 con_0005.nii 9 3 -6 -0.222172 0.241125
RRV014 con_0005.nii -9 3 -6 -0.28686 0.180825
RRV014 con_0005.nii -30 33 -18 0.0979115 0.181722
RRV014 con_0005.nii 46 28 31 -0.740928 0.463198
RRV014 con_0005.nii -44 27 33 -0.695577 0.191217
RRV014 con_0005.nii 44 8 34 0.0442471 0.174911
RRV014 con_0005.nii -42 7 36 0.299863 0.442855
RRV014 con_0005.nii 54 -44 43 -1.09572 0.428015
RRV014 con_0005.nii -53 -50 39 -0.380364 0.399114
RRV014 con_0005.nii 32 -59 41 0.875421 0.796727
RRV014 con_0005.nii -32 -58 46 -0.455222 0.455021
RRV014 con_0005.nii -6 49 1 -0.910236 0.724805
RRV014 con_0006.nii 9 3 -6 -0.585179 0.408202
RRV014 con_0006.nii -9 3 -6 -0.375615 0.508001
RRV014 con_0006.nii -30 33 -18 -0.705896 0.470921
RRV014 con_0006.nii 46 28 31 -1.03009 0.786792
RRV014 con_0006.nii -44 27 33 -1.84903 0.390312
RRV014 con_0006.nii 44 8 34 0.350599 0.311028
RRV014 con_0006.nii -42 7 36 -0.205386 0.769394
RRV014 con_0006.nii 54 -44 43 -1.91825 0.721121
RRV014 con_0006.nii -53 -50 39 -0.690837 0.673011
RRV014 con_0006.nii 32 -59 41 0.987469 1.27508
RRV014 con_0006.nii -32 -58 46 -0.800889 0.645188
RRV014 con_0006.nii -6 49 1 -1.81379 1.42043
RRV014 con_0007.nii 9 3 -6 -0.0817566 0.442428
RRV014 con_0007.nii -9 3 -6 0.164784 0.573601
RRV014 con_0007.nii -30 33 -18 -0.525141 0.328523
RRV014 con_0007.nii 46 28 31 0.365275 0.344701
RRV014 con_0007.nii -44 27 33 -0.138072 0.202541
RRV014 con_0007.nii 44 8 34 0.0954152 0.219609
RRV014 con_0007.nii -42 7 36 0.714601 0.433508
RRV014 con_0007.nii 54 -44 43 0.068747 0.252877
RRV014 con_0007.nii -53 -50 39 0.425973 0.361314
RRV014 con_0007.nii 32 -59 41 1.01905 0.733983
RRV014 con_0007.nii -32 -58 46 0.109116 0.307709
RRV014 con_0007.nii -6 49 1 -0.28225 0.310354
RRV014 con_0008.nii 9 3 -6 0.694749 0.261749
RRV014 con_0008.nii -9 3 -6 -0.00891365 0.327778
RRV014 con_0008.nii -30 33 -18 0.427809 0.356389
RRV014 con_0008.nii 46 28 31 0.132388 0.246993
RRV014 con_0008.nii -44 27 33 0.119543 0.223868
RRV014 con_0008.nii 44 8 34 0.429585 0.353052
RRV014 con_0008.nii -42 7 36 0.687407 0.530291
RRV014 con_0008.nii 54 -44 43 -0.160767 0.210103
RRV014 con_0008.nii -53 -50 39 -0.354101 0.300799
RRV014 con_0008.nii 32 -59 41 0.340261 0.454136
RRV014 con_0008.nii -32 -58 46 -0.310033 0.206307
RRV014 con_0008.nii -6 49 1 0.499957 0.445962
RRV014 con_0009.nii 9 3 -6 0.612992 0.518574
RRV014 con_0009.nii -9 3 -6 0.15587 0.594958
RRV014 con_0009.nii -30 33 -18 -0.0973323 0.557768
RRV014 con_0009.nii 46 28 31 0.497663 0.312412
RRV014 con_0009.nii -44 27 33 -0.0185287 0.375971
RRV014 con_0009.nii 44 8 34 0.525 0.340517
RRV014 con_0009.nii -42 7 36 1.40201 0.832261
RRV014 con_0009.nii 54 -44 43 -0.0920195 0.446608
RRV014 con_0009.nii -53 -50 39 0.0718713 0.572014
RRV014 con_0009.nii 32 -59 41 1.35931 1.10637
RRV014 con_0009.nii -32 -58 46 -0.200918 0.41252
RRV014 con_0009.nii -6 49 1 0.217707 0.62634
RRV014 con_0010.nii 9 3 -6 0.0521995 0.212766
RRV014 con_0010.nii -9 3 -6 0.200632 0.281113
RRV014 con_0010.nii -30 33 -18 -0.505613 0.188226
RRV014 con_0010.nii 46 28 31 0.24109 0.180413
RRV014 con_0010.nii -44 27 33 -0.0878597 0.246694
RRV014 con_0010.nii 44 8 34 0.414858 0.270949
RRV014 con_0010.nii -42 7 36 0.56847 0.395051
RRV014 con_0010.nii 54 -44 43 0.59724 0.16092
RRV014 con_0010.nii -53 -50 39 0.103535 0.257449
RRV014 con_0010.nii 32 -59 41 0.591766 0.506136
RRV014 con_0010.nii -32 -58 46 -0.0171271 0.190159
RRV014 con_0010.nii -6 49 1 0.443067 0.15064
RRV014 con_0011.nii 9 3 -6 -0.191051 0.299549
RRV014 con_0011.nii -9 3 -6 -0.290042 0.149529
RRV014 con_0011.nii -30 33 -18 -0.63017 0.242929
RRV014 con_0011.nii 46 28 31 -0.472743 0.250864
RRV014 con_0011.nii -44 27 33 -0.480428 0.193243
RRV014 con_0011.nii 44 8 34 -0.0395686 0.209607
RRV014 con_0011.nii -42 7 36 0.222382 0.31553
RRV014 con_0011.nii 54 -44 43 -0.345879 0.181603
RRV014 con_0011.nii -53 -50 39 -0.238621 0.310339
RRV014 con_0011.nii 32 -59 41 0.177827 0.410181
RRV014 con_0011.nii -32 -58 46 -0.453774 0.299058
RRV014 con_0011.nii -6 49 1 -0.760966 0.426286
RRV014 con_0012.nii 9 3 -6 -0.138851 0.287841
RRV014 con_0012.nii -9 3 -6 -0.0894101 0.262698
RRV014 con_0012.nii -30 33 -18 -1.13578 0.408037
RRV014 con_0012.nii 46 28 31 -0.231653 0.200259
RRV014 con_0012.nii -44 27 33 -0.568288 0.229025
RRV014 con_0012.nii 44 8 34 0.37529 0.341617
RRV014 con_0012.nii -42 7 36 0.790852 0.619214
RRV014 con_0012.nii 54 -44 43 0.25136 0.207979
RRV014 con_0012.nii -53 -50 39 -0.135086 0.493656
RRV014 con_0012.nii 32 -59 41 0.769593 0.899321
RRV014 con_0012.nii -32 -58 46 -0.470901 0.445933
RRV014 con_0012.nii -6 49 1 -0.317899 0.423258
RRV014 con_0013.nii 9 3 -6 -0.231485 0.30606
RRV014 con_0013.nii -9 3 -6 0.306525 0.412765
RRV014 con_0013.nii -30 33 -18 -0.420043 0.264921
RRV014 con_0013.nii 46 28 31 -0.0801773 0.313247
RRV014 con_0013.nii -44 27 33 -0.263113 0.151337
RRV014 con_0013.nii 44 8 34 0.985579 0.43703
RRV014 con_0013.nii -42 7 36 0.430566 0.265914
RRV014 con_0013.nii 54 -44 43 0.0556025 0.257102
RRV014 con_0013.nii -53 -50 39 0.301601 0.308773
RRV014 con_0013.nii 32 -59 41 0.84868 0.813122
RRV014 con_0013.nii -32 -58 46 0.138421 0.435903
RRV014 con_0013.nii -6 49 1 0.0307144 0.285031
RRV014 con_0014.nii 9 3 -6 -0.205706 0.504653
RRV014 con_0014.nii -9 3 -6 -0.256658 0.27199
RRV014 con_0014.nii -30 33 -18 -0.0469419 0.465358
RRV014 con_0014.nii 46 28 31 -0.711195 0.314166
RRV014 con_0014.nii -44 27 33 -0.328002 0.265822
RRV014 con_0014.nii 44 8 34 0.746097 0.560754
RRV014 con_0014.nii -42 7 36 0.352296 0.399469
RRV014 con_0014.nii 54 -44 43 -0.533429 0.260583
RRV014 con_0014.nii -53 -50 39 -0.189401 0.406909
RRV014 con_0014.nii 32 -59 41 0.643078 0.80376
RRV014 con_0014.nii -32 -58 46 -0.369924 0.408328
RRV014 con_0014.nii -6 49 1 -0.649731 0.633268
RRV014 con_0015.nii 9 3 -6 -0.437191 0.741695
RRV014 con_0015.nii -9 3 -6 0.0498662 0.529239
RRV014 con_0015.nii -30 33 -18 -0.466985 0.661149
RRV014 con_0015.nii 46 28 31 -0.791372 0.586217
RRV014 con_0015.nii -44 27 33 -0.591115 0.370902
RRV014 con_0015.nii 44 8 34 1.73168 0.931561
RRV014 con_0015.nii -42 7 36 0.782862 0.620649
RRV014 con_0015.nii 54 -44 43 -0.477826 0.448521
RRV014 con_0015.nii -53 -50 39 0.1122 0.693096
RRV014 con_0015.nii 32 -59 41 1.49176 1.60952
RRV014 con_0015.nii -32 -58 46 -0.231503 0.801756
RRV014 con_0015.nii -6 49 1 -0.619017 0.826583
RRV014 con_0016.nii 9 3 -6 -0.143535 0.224775
RRV014 con_0016.nii -9 3 -6 0.0736946 0.381987
RRV014 con_0016.nii -30 33 -18 -0.56999 0.318196
RRV014 con_0016.nii 46 28 31 0.0650648 0.400131
RRV014 con_0016.nii -44 27 33 -0.609419 0.2688
RRV014 con_0016.nii 44 8 34 0.0881687 0.203919
RRV014 con_0016.nii -42 7 36 0.281994 0.276206
RRV014 con_0016.nii 54 -44 43 -0.312032 0.215194
RRV014 con_0016.nii -53 -50 39 0.0872923 0.301888
RRV014 con_0016.nii 32 -59 41 0.680872 0.609052
RRV014 con_0016.nii -32 -58 46 0.0419768 0.168345
RRV014 con_0016.nii -6 49 1 -0.455831 0.404919
RRV014 con_0017.nii 9 3 -6 0.0443881 0.238685
RRV014 con_0017.nii -9 3 -6 -0.112602 0.212735
RRV014 con_0017.nii -30 33 -18 0.18702 0.143195
RRV014 con_0017.nii 46 28 31 -0.509329 0.27038
RRV014 con_0017.nii -44 27 33 -0.435251 0.151706
RRV014 con_0017.nii 44 8 34 0.10726 0.213328
RRV014 con_0017.nii -42 7 36 0.143723 0.278648
RRV014 con_0017.nii 54 -44 43 -0.70126 0.331323
RRV014 con_0017.nii -53 -50 39 -0.357865 0.324319
RRV014 con_0017.nii 32 -59 41 0.62177 0.631663
RRV014 con_0017.nii -32 -58 46 -0.418965 0.28211
RRV014 con_0017.nii -6 49 1 -0.636758 0.54913
RRV014 con_0018.nii 9 3 -6 -0.0991464 0.318767
RRV014 con_0018.nii -9 3 -6 -0.0389079 0.364531
RRV014 con_0018.nii -30 33 -18 -0.38297 0.404369
RRV014 con_0018.nii 46 28 31 -0.444264 0.558714
RRV014 con_0018.nii -44 27 33 -1.04467 0.379384
RRV014 con_0018.nii 44 8 34 0.195429 0.391544
RRV014 con_0018.nii -42 7 36 0.425717 0.518612
RRV014 con_0018.nii 54 -44 43 -1.01329 0.53732
RRV014 con_0018.nii -53 -50 39 -0.270572 0.590064
RRV014 con_0018.nii 32 -59 41 1.30264 1.23165
RRV014 con_0018.nii -32 -58 46 -0.376988 0.380071
RRV014 con_0018.nii -6 49 1 -1.09259 0.883012
RRV014 con_0019.nii 9 3 -6 -0.0380391 0.236766
RRV014 con_0019.nii -9 3 -6 -0.0555778 0.110678
RRV014 con_0019.nii -30 33 -18 0.12459 0.221992
RRV014 con_0019.nii 46 28 31 -0.122008 0.412845
RRV014 con_0019.nii -44 27 33 -0.448866 0.388873
RRV014 con_0019.nii 44 8 34 -0.552119 0.239082
RRV014 con_0019.nii -42 7 36 0.0681588 0.216397
RRV014 con_0019.nii 54 -44 43 -0.779551 0.316827
RRV014 con_0019.nii -53 -50 39 0.0428427 0.177142
RRV014 con_0019.nii 32 -59 41 0.319749 0.212477
RRV014 con_0019.nii -32 -58 46 0.379609 0.237346
RRV014 con_0019.nii -6 49 1 -0.624755 0.269297
RRV014 con_0020.nii 9 3 -6 -0.148363 0.519514
RRV014 con_0020.nii -9 3 -6 0.248009 0.277415
RRV014 con_0020.nii -30 33 -18 0.665511 0.277979
RRV014 con_0020.nii 46 28 31 -0.446703 0.211614
RRV014 con_0020.nii -44 27 33 -0.24929 0.228907
RRV014 con_0020.nii 44 8 34 -0.112482 0.597202
RRV014 con_0020.nii -42 7 36 -0.778482 0.246447
RRV014 con_0020.nii 54 -44 43 -0.501413 0.341614
RRV014 con_0020.nii -53 -50 39 -0.100508 0.396562
RRV014 con_0020.nii 32 -59 41 0.4718 0.383218
RRV014 con_0020.nii -32 -58 46 -0.0378659 0.178475
RRV014 con_0020.nii -6 49 1 -0.739028 0.329646
RRV014 con_0021.nii 9 3 -6 -0.186402 0.554817
RRV014 con_0021.nii -9 3 -6 0.192431 0.312247
RRV014 con_0021.nii -30 33 -18 0.790101 0.309973
RRV014 con_0021.nii 46 28 31 -0.568711 0.538583
RRV014 con_0021.nii -44 27 33 -0.698156 0.512471
RRV014 con_0021.nii 44 8 34 -0.664601 0.727512
RRV014 con_0021.nii -42 7 36 -0.710323 0.390406
RRV014 con_0021.nii 54 -44 43 -1.28096 0.642099
RRV014 con_0021.nii -53 -50 39 -0.0576653 0.449995
RRV014 con_0021.nii 32 -59 41 0.791549 0.505199
RRV014 con_0021.nii -32 -58 46 0.341743 0.299138
RRV014 con_0021.nii -6 49 1 -1.36378 0.510585
RRV014 con_0022.nii 9 3 -6 -0.415207 0.234035
RRV014 con_0022.nii -9 3 -6 -0.289387 0.246775
RRV014 con_0022.nii -30 33 -18 -0.298195 0.232588
RRV014 con_0022.nii 46 28 31 -0.530254 0.588534
RRV014 con_0022.nii -44 27 33 -1.0656 0.464099
RRV014 con_0022.nii 44 8 34 -0.108507 0.24347
RRV014 con_0022.nii -42 7 36 -1.07372 0.684068
RRV014 con_0022.nii 54 -44 43 -1.41977 0.484768
RRV014 con_0022.nii -53 -50 39 -0.414008 0.31048
RRV014 con_0022.nii 32 -59 41 -0.479718 0.314111
RRV014 con_0022.nii -32 -58 46 -0.32854 0.243662
RRV014 con_0022.nii -6 49 1 -1.34662 0.793698
RRV014 con_0023.nii 9 3 -6 -0.031121 0.249498
RRV014 con_0023.nii -9 3 -6 0.003182 0.266223
RRV014 con_0023.nii -30 33 -18 0.728082 0.303762
RRV014 con_0023.nii 46 28 31 -0.268185 0.244715
RRV014 con_0023.nii -44 27 33 -0.215149 0.238977
RRV014 con_0023.nii 44 8 34 0.0838157 0.251635
RRV014 con_0023.nii -42 7 36 0.0774811 0.299949
RRV014 con_0023.nii 54 -44 43 -0.749841 0.368461
RRV014 con_0023.nii -53 -50 39 -0.141743 0.126061
RRV014 con_0023.nii 32 -59 41 0.697594 0.401765
RRV014 con_0023.nii -32 -58 46 -0.00144777 0.29277
RRV014 con_0023.nii -6 49 1 -0.14927 0.367599
RRV014 con_0024.nii 9 3 -6 -0.446328 0.39576
RRV014 con_0024.nii -9 3 -6 -0.286205 0.482871
RRV014 con_0024.nii -30 33 -18 0.429887 0.356116
RRV014 con_0024.nii 46 28 31 -0.798439 0.654817
RRV014 con_0024.nii -44 27 33 -1.28075 0.339849
RRV014 con_0024.nii 44 8 34 -0.0246909 0.382347
RRV014 con_0024.nii -42 7 36 -0.996238 0.929655
RRV014 con_0024.nii 54 -44 43 -2.16961 0.751267
RRV014 con_0024.nii -53 -50 39 -0.555751 0.401604
RRV014 con_0024.nii 32 -59 41 0.217877 0.494002
RRV014 con_0024.nii -32 -58 46 -0.329988 0.457176
RRV014 con_0024.nii -6 49 1 -1.49589 1.08276
RRV014 con_0025.nii 9 3 -6 -0.133956 0.412765
RRV014 con_0025.nii -9 3 -6 -0.0358484 0.410232
RRV014 con_0025.nii -30 33 -18 -0.019528 0.229255
RRV014 con_0025.nii 46 28 31 0.124185 0.330994
RRV014 con_0025.nii -44 27 33 -0.0502121 0.242137
RRV014 con_0025.nii 44 8 34 -0.319443 0.328019
RRV014 con_0025.nii -42 7 36 0.146131 0.277346
RRV014 con_0025.nii 54 -44 43 -0.528493 0.304925
RRV014 con_0025.nii -53 -50 39 0.322438 0.203912
RRV014 con_0025.nii 32 -59 41 0.427285 0.261188
RRV014 con_0025.nii -32 -58 46 0.126243 0.250367
RRV014 con_0025.nii -6 49 1 -0.725317 0.314416
RRV014 con_0026.nii 9 3 -6 0.8858 0.353062
RRV014 con_0026.nii -9 3 -6 0.281129 0.339398
RRV014 con_0026.nii -30 33 -18 1.05798 0.437298
RRV014 con_0026.nii 46 28 31 0.605131 0.356392
RRV014 con_0026.nii -44 27 33 0.599971 0.267713
RRV014 con_0026.nii 44 8 34 0.469153 0.40669
RRV014 con_0026.nii -42 7 36 0.465026 0.50317
RRV014 con_0026.nii 54 -44 43 0.185113 0.254546
RRV014 con_0026.nii -53 -50 39 -0.11548 0.154413
RRV014 con_0026.nii 32 -59 41 0.162434 0.279868
RRV014 con_0026.nii -32 -58 46 0.143741 0.249029
RRV014 con_0026.nii -6 49 1 1.26092 0.363875
RRV014 con_0027.nii 9 3 -6 0.751843 0.333513
RRV014 con_0027.nii -9 3 -6 0.24528 0.624943
RRV014 con_0027.nii -30 33 -18 1.03845 0.552104
RRV014 con_0027.nii 46 28 31 0.729316 0.292686
RRV014 con_0027.nii -44 27 33 0.549759 0.316008
RRV014 con_0027.nii 44 8 34 0.14971 0.367659
RRV014 con_0027.nii -42 7 36 0.611156 0.392516
RRV014 con_0027.nii 54 -44 43 -0.34338 0.519428
RRV014 con_0027.nii -53 -50 39 0.206958 0.176299
RRV014 con_0027.nii 32 -59 41 0.589719 0.29578
RRV014 con_0027.nii -32 -58 46 0.269983 0.4026
RRV014 con_0027.nii -6 49 1 0.535606 0.461445
RRV014 con_0028.nii 9 3 -6 -0.195734 0.218028
RRV014 con_0028.nii -9 3 -6 -0.126938 0.202265
RRV014 con_0028.nii -30 33 -18 -0.0643775 0.206381
RRV014 con_0028.nii 46 28 31 -0.176026 0.427893
RRV014 con_0028.nii -44 27 33 -0.521559 0.348061
RRV014 con_0028.nii 44 8 34 -0.326689 0.219792
RRV014 con_0028.nii -42 7 36 -0.286477 0.343401
RRV014 con_0028.nii 54 -44 43 -0.909271 0.331515
RRV014 con_0028.nii -53 -50 39 -0.0162424 0.189077
RRV014 con_0028.nii 32 -59 41 0.0891055 0.162907
RRV014 con_0028.nii -32 -58 46 0.0591038 0.165541
RRV014 con_0028.nii -6 49 1 -0.898898 0.424258
RRV014 con_0029.nii 9 3 -6 0.235439 0.30581
RRV014 con_0029.nii -9 3 -6 0.17744 0.238158
RRV014 con_0029.nii -30 33 -18 0.81719 0.245743
RRV014 con_0029.nii 46 28 31 -0.0365858 0.0880969
RRV014 con_0029.nii -44 27 33 0.0451773 0.155068
RRV014 con_0029.nii 44 8 34 0.146829 0.350296
RRV014 con_0029.nii -42 7 36 -0.0786584 0.134384
RRV014 con_0029.nii 54 -44 43 -0.35538 0.277321
RRV014 con_0029.nii -53 -50 39 -0.119244 0.111888
RRV014 con_0029.nii 32 -59 41 0.443943 0.237487
RRV014 con_0029.nii -32 -58 46 0.034809 0.13541
RRV014 con_0029.nii -6 49 1 0.124208 0.200176
RRV014 con_0030.nii 9 3 -6 0.0397046 0.255354
RRV014 con_0030.nii -9 3 -6 0.0505023 0.381607
RRV014 con_0030.nii -30 33 -18 0.752813 0.315324
RRV014 con_0030.nii 46 28 31 -0.212611 0.422816
RRV014 con_0030.nii -44 27 33 -0.476382 0.33986
RRV014 con_0030.nii 44 8 34 -0.179861 0.439383
RRV014 con_0030.nii -42 7 36 -0.365135 0.402179
RRV014 con_0030.nii 54 -44 43 -1.26465 0.584622
RRV014 con_0030.nii -53 -50 39 -0.135486 0.279629
RRV014 con_0030.nii 32 -59 41 0.533048 0.34525
RRV014 con_0030.nii -32 -58 46 0.0939128 0.247548
RRV014 con_0030.nii -6 49 1 -0.77469 0.529072
