RRV032 con_0001.nii 9 3 -6 0.186705 0.581213
RRV032 con_0001.nii -9 3 -6 0.330952 0.533716
RRV032 con_0001.nii -30 33 -18 -0.418656 0.248139
RRV032 con_0001.nii 46 28 31 0.795916 0.531641
RRV032 con_0001.nii -44 27 33 0.851295 0.341891
RRV032 con_0001.nii 44 8 34 1.55471 0.616094
RRV032 con_0001.nii -42 7 36 0.975503 0.496511
RRV032 con_0001.nii 54 -44 43 1.14821 0.309073
RRV032 con_0001.nii -53 -50 39 0.240283 0.436571
RRV032 con_0001.nii 32 -59 41 1.71348 0.838897
RRV032 con_0001.nii -32 -58 46 1.4418 0.519659
RRV032 con_0001.nii -6 49 1 0.68939 0.495002
RRV032 con_0002.nii 9 3 -6 -0.208289 0.4812
RRV032 con_0002.nii -9 3 -6 -0.391955 0.308963
RRV032 con_0002.nii -30 33 -18 -0.769168 0.327394
RRV032 con_0002.nii 46 28 31 1.11768 0.736982
RRV032 con_0002.nii -44 27 33 0.358336 0.349474
RRV032 con_0002.nii 44 8 34 1.8264 0.517373
RRV032 con_0002.nii -42 7 36 1.00746 0.30235
RRV032 con_0002.nii 54 -44 43 0.731017 0.267127
RRV032 con_0002.nii -53 -50 39 -0.56489 0.491462
RRV032 con_0002.nii 32 -59 41 1.75709 0.730043
RRV032 con_0002.nii -32 -58 46 0.943365 0.378974
RRV032 con_0002.nii -6 49 1 -0.646912 0.47491
RRV032 con_0003.nii 9 3 -6 -0.0215842 0.964725
RRV032 con_0003.nii -9 3 -6 -0.0610031 0.757114
RRV032 con_0003.nii -30 33 -18 -1.18782 0.488431
RRV032 con_0003.nii 46 28 31 1.9136 1.26032
RRV032 con_0003.nii -44 27 33 1.20963 0.625437
RRV032 con_0003.nii 44 8 34 3.38111 1.12148
RRV032 con_0003.nii -42 7 36 1.98297 0.748827
RRV032 con_0003.nii 54 -44 43 1.87923 0.461213
RRV032 con_0003.nii -53 -50 39 -0.324607 0.88527
RRV032 con_0003.nii 32 -59 41 3.47057 1.55269
RRV032 con_0003.nii -32 -58 46 2.38516 0.880047
RRV032 con_0003.nii -6 49 1 0.042478 0.882415
RRV032 con_0004.nii 9 3 -6 -0.159794 0.667808
RRV032 con_0004.nii -9 3 -6 0.0382637 0.621214
RRV032 con_0004.nii -30 33 -18 0.195621 0.289038
RRV032 con_0004.nii 46 28 31 1.20704 0.561028
RRV032 con_0004.nii -44 27 33 1.00027 0.253543
RRV032 con_0004.nii 44 8 34 1.54306 0.707418
RRV032 con_0004.nii -42 7 36 1.2252 0.473841
RRV032 con_0004.nii 54 -44 43 1.35448 0.323588
RRV032 con_0004.nii -53 -50 39 0.681223 0.297072
RRV032 con_0004.nii 32 -59 41 1.6742 0.731022
RRV032 con_0004.nii -32 -58 46 1.22127 0.414395
RRV032 con_0004.nii -6 49 1 1.16012 0.524406
RRV032 con_0005.nii 9 3 -6 0.0331256 0.274208
RRV032 con_0005.nii -9 3 -6 -0.0682576 0.21603
RRV032 con_0005.nii -30 33 -18 -0.291243 0.258955
RRV032 con_0005.nii 46 28 31 -0.0605234 0.486368
RRV032 con_0005.nii -44 27 33 -0.261859 0.264477
RRV032 con_0005.nii 44 8 34 0.247076 0.501453
RRV032 con_0005.nii -42 7 36 0.303852 0.191496
RRV032 con_0005.nii 54 -44 43 -0.411149 0.390782
RRV032 con_0005.nii -53 -50 39 -1.10253 0.573374
RRV032 con_0005.nii 32 -59 41 1.25331 0.698642
RRV032 con_0005.nii -32 -58 46 0.402618 0.446641
RRV032 con_0005.nii -6 49 1 0.0707148 0.177437
RRV032 con_0006.nii 9 3 -6 -0.126669 0.785842
RRV032 con_0006.nii -9 3 -6 -0.0299939 0.753211
RRV032 con_0006.nii -30 33 -18 -0.0956223 0.343844
RRV032 con_0006.nii 46 28 31 1.14652 0.984155
RRV032 con_0006.nii -44 27 33 0.738415 0.37018
RRV032 con_0006.nii 44 8 34 1.79014 1.1571
RRV032 con_0006.nii -42 7 36 1.52906 0.599888
RRV032 con_0006.nii 54 -44 43 0.943332 0.405822
RRV032 con_0006.nii -53 -50 39 -0.421303 0.710081
RRV032 con_0006.nii 32 -59 41 2.92751 1.41261
RRV032 con_0006.nii -32 -58 46 1.62389 0.697226
RRV032 con_0006.nii -6 49 1 1.23083 0.63517
RRV032 con_0007.nii 9 3 -6 0.133988 0.612917
RRV032 con_0007.nii -9 3 -6 0.0810066 0.344795
RRV032 con_0007.nii -30 33 -18 -0.0427142 0.181035
RRV032 con_0007.nii 46 28 31 0.800166 0.397874
RRV032 con_0007.nii -44 27 33 0.729664 0.324604
RRV032 con_0007.nii 44 8 34 1.31444 0.517503
RRV032 con_0007.nii -42 7 36 0.925677 0.345811
RRV032 con_0007.nii 54 -44 43 0.445561 0.200388
RRV032 con_0007.nii -53 -50 39 -0.185532 0.377833
RRV032 con_0007.nii 32 -59 41 1.39508 0.854835
RRV032 con_0007.nii -32 -58 46 0.640933 0.378697
RRV032 con_0007.nii -6 49 1 0.36931 0.291738
RRV032 con_0008.nii 9 3 -6 0.140674 0.327706
RRV032 con_0008.nii -9 3 -6 -0.385398 0.428183
RRV032 con_0008.nii -30 33 -18 -0.121977 0.331428
RRV032 con_0008.nii 46 28 31 0.315871 0.654791
RRV032 con_0008.nii -44 27 33 -0.211212 0.367641
RRV032 con_0008.nii 44 8 34 0.697198 0.550588
RRV032 con_0008.nii -42 7 36 0.494064 0.231361
RRV032 con_0008.nii 54 -44 43 0.367318 0.357468
RRV032 con_0008.nii -53 -50 39 -1.01507 0.780705
RRV032 con_0008.nii 32 -59 41 1.13381 0.681974
RRV032 con_0008.nii -32 -58 46 0.51031 0.344488
RRV032 con_0008.nii -6 49 1 -0.160545 0.435717
RRV032 con_0009.nii 9 3 -6 0.274662 0.807764
RRV032 con_0009.nii -9 3 -6 -0.304392 0.716382
RRV032 con_0009.nii -30 33 -18 -0.164691 0.4159
RRV032 con_0009.nii 46 28 31 1.11604 0.996399
RRV032 con_0009.nii -44 27 33 0.518452 0.595394
RRV032 con_0009.nii 44 8 34 2.01163 1.03139
RRV032 con_0009.nii -42 7 36 1.41974 0.437597
RRV032 con_0009.nii 54 -44 43 0.812879 0.388471
RRV032 con_0009.nii -53 -50 39 -1.2006 1.1256
RRV032 con_0009.nii 32 -59 41 2.52889 1.5181
RRV032 con_0009.nii -32 -58 46 1.15124 0.691525
RRV032 con_0009.nii -6 49 1 0.208765 0.583805
RRV032 con_0010.nii 9 3 -6 0.561188 0.316664
RRV032 con_0010.nii -9 3 -6 0.0282972 0.262317
RRV032 con_0010.nii -30 33 -18 -0.797094 0.24453
RRV032 con_0010.nii 46 28 31 0.689895 0.233542
RRV032 con_0010.nii -44 27 33 0.915315 0.277853
RRV032 con_0010.nii 44 8 34 0.691907 0.393253
RRV032 con_0010.nii -42 7 36 0.711473 0.297312
RRV032 con_0010.nii 54 -44 43 0.514368 0.240492
RRV032 con_0010.nii -53 -50 39 0.210213 0.306735
RRV032 con_0010.nii 32 -59 41 0.855862 0.562155
RRV032 con_0010.nii -32 -58 46 0.378057 0.241872
RRV032 con_0010.nii -6 49 1 0.206829 0.286782
RRV032 con_0011.nii 9 3 -6 0.0704467 0.29791
RRV032 con_0011.nii -9 3 -6 -0.0612534 0.234635
RRV032 con_0011.nii -30 33 -18 -0.279961 0.0985904
RRV032 con_0011.nii 46 28 31 0.292708 0.304227
RRV032 con_0011.nii -44 27 33 0.0034103 0.164031
RRV032 con_0011.nii 44 8 34 0.377788 0.32508
RRV032 con_0011.nii -42 7 36 0.208322 0.133475
RRV032 con_0011.nii 54 -44 43 0.386355 0.110115
RRV032 con_0011.nii -53 -50 39 -0.257211 0.349558
RRV032 con_0011.nii 32 -59 41 0.854166 0.494137
RRV032 con_0011.nii -32 -58 46 0.234107 0.192622
RRV032 con_0011.nii -6 49 1 -0.203168 0.152947
RRV032 con_0012.nii 9 3 -6 0.631635 0.463944
RRV032 con_0012.nii -9 3 -6 -0.0329562 0.435037
RRV032 con_0012.nii -30 33 -18 -1.07706 0.318886
RRV032 con_0012.nii 46 28 31 0.982603 0.475636
RRV032 con_0012.nii -44 27 33 0.918725 0.290303
RRV032 con_0012.nii 44 8 34 1.0697 0.643811
RRV032 con_0012.nii -42 7 36 0.919796 0.404758
RRV032 con_0012.nii 54 -44 43 0.900723 0.266435
RRV032 con_0012.nii -53 -50 39 -0.0469982 0.635099
RRV032 con_0012.nii 32 -59 41 1.71003 1.03763
RRV032 con_0012.nii -32 -58 46 0.612164 0.380071
RRV032 con_0012.nii -6 49 1 0.0036607 0.390713
RRV032 con_0013.nii 9 3 -6 0.409484 0.334636
RRV032 con_0013.nii -9 3 -6 0.125461 0.296846
RRV032 con_0013.nii -30 33 -18 -0.459608 0.283215
RRV032 con_0013.nii 46 28 31 0.470602 0.200522
RRV032 con_0013.nii -44 27 33 0.919063 0.226289
RRV032 con_0013.nii 44 8 34 0.122262 0.290375
RRV032 con_0013.nii -42 7 36 0.557566 0.526484
RRV032 con_0013.nii 54 -44 43 0.115112 0.187319
RRV032 con_0013.nii -53 -50 39 0.174148 0.349408
RRV032 con_0013.nii 32 -59 41 0.757377 0.573235
RRV032 con_0013.nii -32 -58 46 0.173742 0.204954
RRV032 con_0013.nii -6 49 1 0.320925 0.256335
RRV032 con_0014.nii 9 3 -6 -0.114848 0.272742
RRV032 con_0014.nii -9 3 -6 -0.151344 0.242367
RRV032 con_0014.nii -30 33 -18 -0.732069 0.227393
RRV032 con_0014.nii 46 28 31 0.140472 0.175516
RRV032 con_0014.nii -44 27 33 -0.133931 0.132894
RRV032 con_0014.nii 44 8 34 -0.00922364 0.260471
RRV032 con_0014.nii -42 7 36 0.0285861 0.274285
RRV032 con_0014.nii 54 -44 43 -0.121229 0.0603174
RRV032 con_0014.nii -53 -50 39 -0.13856 0.219239
RRV032 con_0014.nii 32 -59 41 0.732059 0.453796
RRV032 con_0014.nii -32 -58 46 -0.120058 0.244626
RRV032 con_0014.nii -6 49 1 -0.426287 0.264414
RRV032 con_0015.nii 9 3 -6 0.294637 0.548383
RRV032 con_0015.nii -9 3 -6 -0.0258824 0.465464
RRV032 con_0015.nii -30 33 -18 -1.19168 0.457313
RRV032 con_0015.nii 46 28 31 0.611074 0.297291
RRV032 con_0015.nii -44 27 33 0.785132 0.275393
RRV032 con_0015.nii 44 8 34 0.113039 0.497862
RRV032 con_0015.nii -42 7 36 0.586152 0.724354
RRV032 con_0015.nii 54 -44 43 -0.0061171 0.201716
RRV032 con_0015.nii -53 -50 39 0.0355883 0.546944
RRV032 con_0015.nii 32 -59 41 1.48944 0.987828
RRV032 con_0015.nii -32 -58 46 0.0536844 0.335008
RRV032 con_0015.nii -6 49 1 -0.105362 0.453855
RRV032 con_0016.nii 9 3 -6 0.0536327 0.591153
RRV032 con_0016.nii -9 3 -6 0.150074 0.477082
RRV032 con_0016.nii -30 33 -18 -0.0885832 0.219555
RRV032 con_0016.nii 46 28 31 0.934374 0.489314
RRV032 con_0016.nii -44 27 33 0.860411 0.283439
RRV032 con_0016.nii 44 8 34 1.47074 0.60659
RRV032 con_0016.nii -42 7 36 1.04213 0.427923
RRV032 con_0016.nii 54 -44 43 0.982752 0.264966
RRV032 con_0016.nii -53 -50 39 0.245325 0.337211
RRV032 con_0016.nii 32 -59 41 1.59426 0.804649
RRV032 con_0016.nii -32 -58 46 1.10134 0.412371
RRV032 con_0016.nii -6 49 1 0.739606 0.391774
RRV032 con_0017.nii 9 3 -6 -0.0114965 0.283915
RRV032 con_0017.nii -9 3 -6 -0.28187 0.268913
RRV032 con_0017.nii -30 33 -18 -0.39413 0.203909
RRV032 con_0017.nii 46 28 31 0.457677 0.607672
RRV032 con_0017.nii -44 27 33 -0.0382452 0.276998
RRV032 con_0017.nii 44 8 34 0.923559 0.489835
RRV032 con_0017.nii -42 7 36 0.601794 0.214825
RRV032 con_0017.nii 54 -44 43 0.229062 0.321169
RRV032 con_0017.nii -53 -50 39 -0.894163 0.607089
RRV032 con_0017.nii 32 -59 41 1.3814 0.690376
RRV032 con_0017.nii -32 -58 46 0.618764 0.350259
RRV032 con_0017.nii -6 49 1 -0.245581 0.307097
RRV032 con_0018.nii 9 3 -6 0.0421362 0.799918
RRV032 con_0018.nii -9 3 -6 -0.131796 0.697504
RRV032 con_0018.nii -30 33 -18 -0.482713 0.317597
RRV032 con_0018.nii 46 28 31 1.39205 1.07039
RRV032 con_0018.nii -44 27 33 0.822166 0.499528
RRV032 con_0018.nii 44 8 34 2.3943 1.08375
RRV032 con_0018.nii -42 7 36 1.64392 0.575994
RRV032 con_0018.nii 54 -44 43 1.21181 0.395085
RRV032 con_0018.nii -53 -50 39 -0.648838 0.892552
RRV032 con_0018.nii 32 -59 41 2.97566 1.48595
RRV032 con_0018.nii -32 -58 46 1.7201 0.720115
RRV032 con_0018.nii -6 49 1 0.494025 0.574836
RRV032 con_0019.nii 9 3 -6 -0.374483 0.553799
RRV032 con_0019.nii -9 3 -6 0.302655 0.325462
RRV032 con_0019.nii -30 33 -18 0.378438 0.179522
RRV032 con_0019.nii 46 28 31 0.106021 0.376622
RRV032 con_0019.nii -44 27 33 -0.0640195 0.326481
RRV032 con_0019.nii 44 8 34 0.862804 0.324084
RRV032 con_0019.nii -42 7 36 0.26403 0.259948
RRV032 con_0019.nii 54 -44 43 0.633847 0.219492
RRV032 con_0019.nii -53 -50 39 0.0300704 0.214566
RRV032 con_0019.nii 32 -59 41 0.857618 0.296518
RRV032 con_0019.nii -32 -58 46 1.06374 0.323263
RRV032 con_0019.nii -6 49 1 0.482561 0.26382
RRV032 con_0020.nii 9 3 -6 -0.278736 0.219242
RRV032 con_0020.nii -9 3 -6 -0.330702 0.237916
RRV032 con_0020.nii -30 33 -18 -0.489208 0.273269
RRV032 con_0020.nii 46 28 31 0.824976 0.487762
RRV032 con_0020.nii -44 27 33 0.354926 0.383289
RRV032 con_0020.nii 44 8 34 1.44861 0.332522
RRV032 con_0020.nii -42 7 36 0.799142 0.23379
RRV032 con_0020.nii 54 -44 43 0.344662 0.179554
RRV032 con_0020.nii -53 -50 39 -0.307679 0.271173
RRV032 con_0020.nii 32 -59 41 0.902926 0.360641
RRV032 con_0020.nii -32 -58 46 0.709258 0.305523
RRV032 con_0020.nii -6 49 1 -0.443744 0.372738
RRV032 con_0021.nii 9 3 -6 -0.653219 0.706694
RRV032 con_0021.nii -9 3 -6 -0.0280469 0.424279
RRV032 con_0021.nii -30 33 -18 -0.110769 0.252688
RRV032 con_0021.nii 46 28 31 0.930997 0.846596
RRV032 con_0021.nii -44 27 33 0.290906 0.539863
RRV032 con_0021.nii 44 8 34 2.31142 0.526165
RRV032 con_0021.nii -42 7 36 1.06317 0.423803
RRV032 con_0021.nii 54 -44 43 0.978508 0.359544
RRV032 con_0021.nii -53 -50 39 -0.277609 0.360511
RRV032 con_0021.nii 32 -59 41 1.76054 0.615199
RRV032 con_0021.nii -32 -58 46 1.773 0.581137
RRV032 con_0021.nii -6 49 1 0.0388173 0.541014
RRV032 con_0022.nii 9 3 -6 -0.720982 0.699909
RRV032 con_0022.nii -9 3 -6 0.00996656 0.455215
RRV032 con_0022.nii -30 33 -18 0.992715 0.289682
RRV032 con_0022.nii 46 28 31 0.517144 0.405801
RRV032 con_0022.nii -44 27 33 0.0849595 0.224438
RRV032 con_0022.nii 44 8 34 0.851157 0.4322
RRV032 con_0022.nii -42 7 36 0.51373 0.266979
RRV032 con_0022.nii 54 -44 43 0.840113 0.187206
RRV032 con_0022.nii -53 -50 39 0.47101 0.267577
RRV032 con_0022.nii 32 -59 41 0.818342 0.223979
RRV032 con_0022.nii -32 -58 46 0.843217 0.244408
RRV032 con_0022.nii -6 49 1 0.95329 0.382785
RRV032 con_0023.nii 9 3 -6 -0.0373212 0.258143
RRV032 con_0023.nii -9 3 -6 -0.00700423 0.186976
RRV032 con_0023.nii -30 33 -18 -0.0112822 0.255032
RRV032 con_0023.nii 46 28 31 -0.353231 0.251534
RRV032 con_0023.nii -44 27 33 -0.26527 0.198188
RRV032 con_0023.nii 44 8 34 -0.130712 0.241835
RRV032 con_0023.nii -42 7 36 0.09553 0.139596
RRV032 con_0023.nii 54 -44 43 -0.797504 0.339994
RRV032 con_0023.nii -53 -50 39 -0.845315 0.301218
RRV032 con_0023.nii 32 -59 41 0.399144 0.259336
RRV032 con_0023.nii -32 -58 46 0.168511 0.33551
RRV032 con_0023.nii -6 49 1 0.273883 0.156013
RRV032 con_0024.nii 9 3 -6 -0.758304 0.57597
RRV032 con_0024.nii -9 3 -6 0.00296234 0.46263
RRV032 con_0024.nii -30 33 -18 0.981433 0.407745
RRV032 con_0024.nii 46 28 31 0.163913 0.568567
RRV032 con_0024.nii -44 27 33 -0.18031 0.321964
RRV032 con_0024.nii 44 8 34 0.720445 0.59686
RRV032 con_0024.nii -42 7 36 0.60926 0.31185
RRV032 con_0024.nii 54 -44 43 0.0426095 0.392915
RRV032 con_0024.nii -53 -50 39 -0.374305 0.134156
RRV032 con_0024.nii 32 -59 41 1.21749 0.420873
RRV032 con_0024.nii -32 -58 46 1.01173 0.376203
RRV032 con_0024.nii -6 49 1 1.22717 0.49069
RRV032 con_0025.nii 9 3 -6 -0.4272 0.555415
RRV032 con_0025.nii -9 3 -6 0.0527095 0.162584
RRV032 con_0025.nii -30 33 -18 0.75438 0.261506
RRV032 con_0025.nii 46 28 31 0.110271 0.208311
RRV032 con_0025.nii -44 27 33 -0.185651 0.203939
RRV032 con_0025.nii 44 8 34 0.622529 0.22765
RRV032 con_0025.nii -42 7 36 0.214204 0.197366
RRV032 con_0025.nii 54 -44 43 -0.0688067 0.181953
RRV032 con_0025.nii -53 -50 39 -0.395745 0.146151
RRV032 con_0025.nii 32 -59 41 0.539222 0.328284
RRV032 con_0025.nii -32 -58 46 0.262875 0.23296
RRV032 con_0025.nii -6 49 1 0.162482 0.212355
RRV032 con_0026.nii 9 3 -6 0.0702272 0.332911
RRV032 con_0026.nii -9 3 -6 -0.324145 0.312402
RRV032 con_0026.nii -30 33 -18 0.157984 0.327073
RRV032 con_0026.nii 46 28 31 0.0231626 0.382156
RRV032 con_0026.nii -44 27 33 -0.214623 0.30862
RRV032 con_0026.nii 44 8 34 0.31941 0.256146
RRV032 con_0026.nii -42 7 36 0.285742 0.178622
RRV032 con_0026.nii 54 -44 43 -0.0190373 0.284767
RRV032 con_0026.nii -53 -50 39 -0.75786 0.513364
RRV032 con_0026.nii 32 -59 41 0.279644 0.312258
RRV032 con_0026.nii -32 -58 46 0.276204 0.203959
RRV032 con_0026.nii -6 49 1 0.0426228 0.367438
RRV032 con_0027.nii 9 3 -6 -0.356973 0.431142
RRV032 con_0027.nii -9 3 -6 -0.271435 0.388175
RRV032 con_0027.nii -30 33 -18 0.912364 0.489535
RRV032 con_0027.nii 46 28 31 0.133433 0.572267
RRV032 con_0027.nii -44 27 33 -0.400273 0.486051
RRV032 con_0027.nii 44 8 34 0.941939 0.426246
RRV032 con_0027.nii -42 7 36 0.499946 0.202939
RRV032 con_0027.nii 54 -44 43 -0.0878441 0.423391
RRV032 con_0027.nii -53 -50 39 -1.1536 0.597869
RRV032 con_0027.nii 32 -59 41 0.818866 0.557153
RRV032 con_0027.nii -32 -58 46 0.539079 0.411411
RRV032 con_0027.nii -6 49 1 0.205104 0.420856
RRV032 con_0028.nii 9 3 -6 -0.507555 0.575614
RRV032 con_0028.nii -9 3 -6 0.121777 0.278543
RRV032 con_0028.nii -30 33 -18 0.708511 0.224539
RRV032 con_0028.nii 46 28 31 0.244478 0.322747
RRV032 con_0028.nii -44 27 33 -0.0549036 0.225851
RRV032 con_0028.nii 44 8 34 0.77883 0.316062
RRV032 con_0028.nii -42 7 36 0.330654 0.213327
RRV032 con_0028.nii 54 -44 43 0.468384 0.169863
RRV032 con_0028.nii -53 -50 39 0.0351121 0.139674
RRV032 con_0028.nii 32 -59 41 0.738394 0.270405
RRV032 con_0028.nii -32 -58 46 0.723278 0.218689
RRV032 con_0028.nii -6 49 1 0.532777 0.197097
RRV032 con_0029.nii 9 3 -6 -0.0819432 0.133194
RRV032 con_0029.nii -9 3 -6 -0.220617 0.163945
RRV032 con_0029.nii -30 33 -18 -0.114169 0.170627
RRV032 con_0029.nii 46 28 31 0.164969 0.339889
RRV032 con_0029.nii -44 27 33 -0.0416555 0.247911
RRV032 con_0029.nii 44 8 34 0.545771 0.209923
RRV032 con_0029.nii -42 7 36 0.393471 0.144783
RRV032 con_0029.nii 54 -44 43 -0.157293 0.249349
RRV032 con_0029.nii -53 -50 39 -0.636951 0.343359
RRV032 con_0029.nii 32 -59 41 0.527238 0.281974
RRV032 con_0029.nii -32 -58 46 0.384658 0.226401
RRV032 con_0029.nii -6 49 1 -0.0424127 0.211611
RRV032 con_0030.nii 9 3 -6 -0.589498 0.495286
RRV032 con_0030.nii -9 3 -6 -0.09884 0.341809
RRV032 con_0030.nii -30 33 -18 0.594342 0.284364
RRV032 con_0030.nii 46 28 31 0.409448 0.646766
RRV032 con_0030.nii -44 27 33 -0.0965591 0.407122
RRV032 con_0030.nii 44 8 34 1.3246 0.475369
RRV032 con_0030.nii -42 7 36 0.724126 0.259005
RRV032 con_0030.nii 54 -44 43 0.311091 0.366456
RRV032 con_0030.nii -53 -50 39 -0.601839 0.336882
RRV032 con_0030.nii 32 -59 41 1.26563 0.50965
RRV032 con_0030.nii -32 -58 46 1.10794 0.393866
RRV032 con_0030.nii -6 49 1 0.490365 0.244251
