RRV012 con_0001.nii 9 3 -6 -0.557877 0.209946
RRV012 con_0001.nii -9 3 -6 0.0664095 0.317218
RRV012 con_0001.nii -30 33 -18 -0.383135 0.235967
RRV012 con_0001.nii 46 28 31 1.03535 0.313402
RRV012 con_0001.nii -44 27 33 0.353431 0.337246
RRV012 con_0001.nii 44 8 34 2.07523 1.26821
RRV012 con_0001.nii -42 7 36 1.32465 0.608008
RRV012 con_0001.nii 54 -44 43 0.049166 0.363149
RRV012 con_0001.nii -53 -50 39 -0.594658 0.528067
RRV012 con_0001.nii 32 -59 41 0.95599 0.529534
RRV012 con_0001.nii -32 -58 46 1.20517 0.594656
RRV012 con_0001.nii -6 49 1 -0.901401 0.461542
RRV012 con_0002.nii 9 3 -6 -0.410365 0.305993
RRV012 con_0002.nii -9 3 -6 -0.262814 0.333738
RRV012 con_0002.nii -30 33 -18 0.415244 0.248193
RRV012 con_0002.nii 46 28 31 0.195303 0.527801
RRV012 con_0002.nii -44 27 33 -0.281776 0.169242
RRV012 con_0002.nii 44 8 34 0.101695 0.627795
RRV012 con_0002.nii -42 7 36 0.236575 0.324518
RRV012 con_0002.nii 54 -44 43 -0.24982 0.464173
RRV012 con_0002.nii -53 -50 39 -0.921757 0.694852
RRV012 con_0002.nii 32 -59 41 -0.077713 0.316363
RRV012 con_0002.nii -32 -58 46 -0.536787 0.257204
RRV012 con_0002.nii -6 49 1 -0.855202 0.686181
RRV012 con_0003.nii 9 3 -6 -0.968242 0.266247
RRV012 con_0003.nii -9 3 -6 -0.196404 0.439902
RRV012 con_0003.nii -30 33 -18 0.0321085 0.159228
RRV012 con_0003.nii 46 28 31 1.23065 0.650284
RRV012 con_0003.nii -44 27 33 0.0716547 0.436561
RRV012 con_0003.nii 44 8 34 2.17693 1.85333
RRV012 con_0003.nii -42 7 36 1.56123 0.901515
RRV012 con_0003.nii 54 -44 43 -0.200654 0.355266
RRV012 con_0003.nii -53 -50 39 -1.51641 1.17754
RRV012 con_0003.nii 32 -59 41 0.878277 0.754338
RRV012 con_0003.nii -32 -58 46 0.668379 0.787231
RRV012 con_0003.nii -6 49 1 -1.7566 1.11973
RRV012 con_0004.nii 9 3 -6 0.0313943 0.365229
RRV012 con_0004.nii -9 3 -6 0.0821313 0.558199
RRV012 con_0004.nii -30 33 -18 -0.0182374 0.128308
RRV012 con_0004.nii 46 28 31 0.14413 0.558484
RRV012 con_0004.nii -44 27 33 -0.594843 0.383104
RRV012 con_0004.nii 44 8 34 1.34774 0.801712
RRV012 con_0004.nii -42 7 36 0.490061 0.208767
RRV012 con_0004.nii 54 -44 43 -0.788489 0.410491
RRV012 con_0004.nii -53 -50 39 -0.577439 0.396505
RRV012 con_0004.nii 32 -59 41 0.209711 0.459357
RRV012 con_0004.nii -32 -58 46 0.446522 0.59917
RRV012 con_0004.nii -6 49 1 -0.630528 0.435836
RRV012 con_0005.nii 9 3 -6 0.0319036 0.451376
RRV012 con_0005.nii -9 3 -6 -0.910848 0.469698
RRV012 con_0005.nii -30 33 -18 -0.229977 0.183497
RRV012 con_0005.nii 46 28 31 -2.33385 0.692016
RRV012 con_0005.nii -44 27 33 -0.634062 0.347863
RRV012 con_0005.nii 44 8 34 -1.44064 0.514891
RRV012 con_0005.nii -42 7 36 -1.09694 0.431246
RRV012 con_0005.nii 54 -44 43 -1.94056 0.55452
RRV012 con_0005.nii -53 -50 39 -1.67302 0.89806
RRV012 con_0005.nii 32 -59 41 -0.563483 0.705386
RRV012 con_0005.nii -32 -58 46 -1.49844 0.559277
RRV012 con_0005.nii -6 49 1 -1.29289 0.445106
RRV012 con_0006.nii 9 3 -6 0.0632979 0.578182
RRV012 con_0006.nii -9 3 -6 -0.828717 0.52206
RRV012 con_0006.nii -30 33 -18 -0.248214 0.238561
RRV012 con_0006.nii 46 28 31 -2.18972 1.125
RRV012 con_0006.nii -44 27 33 -1.2289 0.624188
RRV012 con_0006.nii 44 8 34 -0.0928985 1.02231
RRV012 con_0006.nii -42 7 36 -0.60688 0.446595
RRV012 con_0006.nii 54 -44 43 -2.72905 0.811842
RRV012 con_0006.nii -53 -50 39 -2.25046 1.24941
RRV012 con_0006.nii 32 -59 41 -0.353772 1.10169
RRV012 con_0006.nii -32 -58 46 -1.05192 1.02007
RRV012 con_0006.nii -6 49 1 -1.92342 0.805917
RRV012 con_0007.nii 9 3 -6 -0.56884 0.28705
RRV012 con_0007.nii -9 3 -6 -0.75168 0.300611
RRV012 con_0007.nii -30 33 -18 -0.599115 0.282328
RRV012 con_0007.nii 46 28 31 -0.907979 1.03056
RRV012 con_0007.nii -44 27 33 -0.837214 0.610862
RRV012 con_0007.nii 44 8 34 0.364921 1.05886
RRV012 con_0007.nii -42 7 36 0.314602 0.414818
RRV012 con_0007.nii 54 -44 43 -2.45145 0.625487
RRV012 con_0007.nii -53 -50 39 -1.20621 0.756313
RRV012 con_0007.nii 32 -59 41 0.16913 0.731096
RRV012 con_0007.nii -32 -58 46 -0.102587 0.64729
RRV012 con_0007.nii -6 49 1 -1.21499 0.806664
RRV012 con_0008.nii 9 3 -6 -0.39615 0.360053
RRV012 con_0008.nii -9 3 -6 0.0269203 0.335158
RRV012 con_0008.nii -30 33 -18 0.911039 0.537222
RRV012 con_0008.nii 46 28 31 0.375252 0.80607
RRV012 con_0008.nii -44 27 33 -0.148516 0.275222
RRV012 con_0008.nii 44 8 34 1.72327 1.33971
RRV012 con_0008.nii -42 7 36 1.47927 0.617223
RRV012 con_0008.nii 54 -44 43 0.248385 0.372899
RRV012 con_0008.nii -53 -50 39 0.0429033 0.239467
RRV012 con_0008.nii 32 -59 41 0.437246 0.381272
RRV012 con_0008.nii -32 -58 46 0.709973 0.468266
RRV012 con_0008.nii -6 49 1 0.700286 0.379104
RRV012 con_0009.nii 9 3 -6 -0.96499 0.565047
RRV012 con_0009.nii -9 3 -6 -0.724759 0.468778
RRV012 con_0009.nii -30 33 -18 0.311924 0.730512
RRV012 con_0009.nii 46 28 31 -0.532727 1.67728
RRV012 con_0009.nii -44 27 33 -0.985731 0.739536
RRV012 con_0009.nii 44 8 34 2.08819 2.36295
RRV012 con_0009.nii -42 7 36 1.79387 0.575287
RRV012 con_0009.nii 54 -44 43 -2.20307 0.758627
RRV012 con_0009.nii -53 -50 39 -1.16331 0.814805
RRV012 con_0009.nii 32 -59 41 0.606375 1.00756
RRV012 con_0009.nii -32 -58 46 0.607386 1.06741
RRV012 con_0009.nii -6 49 1 -0.514704 0.929095
RRV012 con_0010.nii 9 3 -6 -0.295489 0.280207
RRV012 con_0010.nii -9 3 -6 -0.0851906 0.347641
RRV012 con_0010.nii -30 33 -18 -0.83763 0.226583
RRV012 con_0010.nii 46 28 31 0.13569 0.303323
RRV012 con_0010.nii -44 27 33 -0.447676 0.384897
RRV012 con_0010.nii 44 8 34 0.566702 0.350034
RRV012 con_0010.nii -42 7 36 -0.125795 0.341084
RRV012 con_0010.nii 54 -44 43 -1.09731 0.319336
RRV012 con_0010.nii -53 -50 39 -0.768254 0.474536
RRV012 con_0010.nii 32 -59 41 -0.235706 0.29836
RRV012 con_0010.nii -32 -58 46 -0.618062 0.43452
RRV012 con_0010.nii -6 49 1 -0.964853 0.552511
RRV012 con_0011.nii 9 3 -6 -0.0270402 0.366221
RRV012 con_0011.nii -9 3 -6 0.0283105 0.259017
RRV012 con_0011.nii -30 33 -18 -0.244992 0.198417
RRV012 con_0011.nii 46 28 31 -0.266051 0.543006
RRV012 con_0011.nii -44 27 33 0.00665489 0.318661
RRV012 con_0011.nii 44 8 34 0.777256 0.974032
RRV012 con_0011.nii -42 7 36 0.338032 0.457765
RRV012 con_0011.nii 54 -44 43 -0.63442 0.336218
RRV012 con_0011.nii -53 -50 39 -0.30333 0.271904
RRV012 con_0011.nii 32 -59 41 0.233495 0.229405
RRV012 con_0011.nii -32 -58 46 0.264939 0.440755
RRV012 con_0011.nii -6 49 1 -0.114445 0.412798
RRV012 con_0012.nii 9 3 -6 -0.322529 0.4859
RRV012 con_0012.nii -9 3 -6 -0.0568802 0.466323
RRV012 con_0012.nii -30 33 -18 -1.08262 0.356326
RRV012 con_0012.nii 46 28 31 -0.130361 0.760276
RRV012 con_0012.nii -44 27 33 -0.441021 0.672538
RRV012 con_0012.nii 44 8 34 1.34396 1.29352
RRV012 con_0012.nii -42 7 36 0.212237 0.57928
RRV012 con_0012.nii 54 -44 43 -1.73173 0.610364
RRV012 con_0012.nii -53 -50 39 -1.07158 0.721254
RRV012 con_0012.nii 32 -59 41 -0.00221183 0.44478
RRV012 con_0012.nii -32 -58 46 -0.353123 0.826053
RRV012 con_0012.nii -6 49 1 -1.0793 0.840644
RRV012 con_0013.nii 9 3 -6 0.29056 0.344501
RRV012 con_0013.nii -9 3 -6 0.0751808 0.178199
RRV012 con_0013.nii -30 33 -18 -0.700037 0.287805
RRV012 con_0013.nii 46 28 31 0.0140033 0.634334
RRV012 con_0013.nii -44 27 33 -1.30611 0.924847
RRV012 con_0013.nii 44 8 34 1.47899 0.966191
RRV012 con_0013.nii -42 7 36 -0.426363 0.505785
RRV012 con_0013.nii 54 -44 43 -2.01703 0.574703
RRV012 con_0013.nii -53 -50 39 -1.4006 0.745695
RRV012 con_0013.nii 32 -59 41 -0.13846 0.559062
RRV012 con_0013.nii -32 -58 46 -0.213716 0.664336
RRV012 con_0013.nii -6 49 1 -0.461372 0.553139
RRV012 con_0014.nii 9 3 -6 -0.0860236 0.623545
RRV012 con_0014.nii -9 3 -6 0.156275 0.377627
RRV012 con_0014.nii -30 33 -18 -0.363841 0.281003
RRV012 con_0014.nii 46 28 31 0.139756 0.756359
RRV012 con_0014.nii -44 27 33 -0.583665 0.708964
RRV012 con_0014.nii 44 8 34 1.8788 1.36961
RRV012 con_0014.nii -42 7 36 -0.20789 0.422431
RRV012 con_0014.nii 54 -44 43 -1.58286 0.749344
RRV012 con_0014.nii -53 -50 39 -1.10481 0.584565
RRV012 con_0014.nii 32 -59 41 0.33178 0.32318
RRV012 con_0014.nii -32 -58 46 0.167132 0.707593
RRV012 con_0014.nii -6 49 1 0.224693 0.734141
RRV012 con_0015.nii 9 3 -6 0.204536 0.67294
RRV012 con_0015.nii -9 3 -6 0.231456 0.510601
RRV012 con_0015.nii -30 33 -18 -1.06388 0.420777
RRV012 con_0015.nii 46 28 31 0.153759 1.38375
RRV012 con_0015.nii -44 27 33 -1.88978 1.6254
RRV012 con_0015.nii 44 8 34 3.35779 2.33022
RRV012 con_0015.nii -42 7 36 -0.634253 0.888247
RRV012 con_0015.nii 54 -44 43 -3.59988 1.27395
RRV012 con_0015.nii -53 -50 39 -2.50541 1.31229
RRV012 con_0015.nii 32 -59 41 0.193319 0.843746
RRV012 con_0015.nii -32 -58 46 -0.0465838 1.356
RRV012 con_0015.nii -6 49 1 -0.236679 1.23444
RRV012 con_0016.nii 9 3 -6 -0.365108 0.247124
RRV012 con_0016.nii -9 3 -6 -0.201046 0.163186
RRV012 con_0016.nii -30 33 -18 -0.333496 0.174661
RRV012 con_0016.nii 46 28 31 0.0904998 0.547384
RRV012 con_0016.nii -44 27 33 -0.359542 0.404291
RRV012 con_0016.nii 44 8 34 1.26263 1.02176
RRV012 con_0016.nii -42 7 36 0.709771 0.273556
RRV012 con_0016.nii 54 -44 43 -1.06359 0.374906
RRV012 con_0016.nii -53 -50 39 -0.79277 0.538305
RRV012 con_0016.nii 32 -59 41 0.444944 0.51343
RRV012 con_0016.nii -32 -58 46 0.516367 0.570017
RRV012 con_0016.nii -6 49 1 -0.91564 0.53724
RRV012 con_0017.nii 9 3 -6 -0.258204 0.279695
RRV012 con_0017.nii -9 3 -6 -0.382247 0.275352
RRV012 con_0017.nii -30 33 -18 0.365435 0.139393
RRV012 con_0017.nii 46 28 31 -0.587765 0.528102
RRV012 con_0017.nii -44 27 33 -0.354785 0.190487
RRV012 con_0017.nii 44 8 34 0.12811 0.720295
RRV012 con_0017.nii -42 7 36 0.2063 0.26299
RRV012 con_0017.nii 54 -44 43 -0.647333 0.348762
RRV012 con_0017.nii -53 -50 39 -0.850625 0.518354
RRV012 con_0017.nii 32 -59 41 -0.0679835 0.383036
RRV012 con_0017.nii -32 -58 46 -0.441751 0.370602
RRV012 con_0017.nii -6 49 1 -0.482602 0.391961
RRV012 con_0018.nii 9 3 -6 -0.623311 0.359477
RRV012 con_0018.nii -9 3 -6 -0.583293 0.341271
RRV012 con_0018.nii -30 33 -18 0.0319396 0.220536
RRV012 con_0018.nii 46 28 31 -0.497266 1.02754
RRV012 con_0018.nii -44 27 33 -0.714327 0.566402
RRV012 con_0018.nii 44 8 34 1.39074 1.70725
RRV012 con_0018.nii -42 7 36 0.916072 0.474307
RRV012 con_0018.nii 54 -44 43 -1.71093 0.592404
RRV012 con_0018.nii -53 -50 39 -1.64339 1.03424
RRV012 con_0018.nii 32 -59 41 0.37696 0.875476
RRV012 con_0018.nii -32 -58 46 0.0746158 0.90049
RRV012 con_0018.nii -6 49 1 -1.39824 0.900799
RRV012 con_0019.nii 9 3 -6 -0.262388 0.275917
RRV012 con_0019.nii -9 3 -6 0.1516 0.429584
RRV012 con_0019.nii -30 33 -18 0.454495 0.229687
RRV012 con_0019.nii 46 28 31 0.899658 0.295933
RRV012 con_0019.nii -44 27 33 0.801107 0.273424
RRV012 con_0019.nii 44 8 34 1.50853 0.953845
RRV012 con_0019.nii -42 7 36 1.45045 0.740911
RRV012 con_0019.nii 54 -44 43 1.14648 0.396312
RRV012 con_0019.nii -53 -50 39 0.173596 0.16264
RRV012 con_0019.nii 32 -59 41 1.1917 0.525857
RRV012 con_0019.nii -32 -58 46 1.82323 0.425039
RRV012 con_0019.nii -6 49 1 0.0634524 0.159619
RRV012 con_0020.nii 9 3 -6 -0.383324 0.151586
RRV012 con_0020.nii -9 3 -6 -0.291124 0.30113
RRV012 con_0020.nii -30 33 -18 0.660236 0.387528
RRV012 con_0020.nii 46 28 31 0.461354 0.614235
RRV012 con_0020.nii -44 27 33 -0.288431 0.289343
RRV012 con_0020.nii 44 8 34 -0.675561 0.379365
RRV012 con_0020.nii -42 7 36 -0.101457 0.201309
RRV012 con_0020.nii 54 -44 43 0.3846 0.59419
RRV012 con_0020.nii -53 -50 39 -0.618427 0.450407
RRV012 con_0020.nii 32 -59 41 -0.311208 0.185836
RRV012 con_0020.nii -32 -58 46 -0.801727 0.384567
RRV012 con_0020.nii -6 49 1 -0.740757 0.570843
RRV012 con_0021.nii 9 3 -6 -0.645713 0.362413
RRV012 con_0021.nii -9 3 -6 -0.139524 0.456485
RRV012 con_0021.nii -30 33 -18 1.11473 0.360063
RRV012 con_0021.nii 46 28 31 1.36101 0.575827
RRV012 con_0021.nii -44 27 33 0.512676 0.412378
RRV012 con_0021.nii 44 8 34 0.832972 0.664613
RRV012 con_0021.nii -42 7 36 1.34899 0.676654
RRV012 con_0021.nii 54 -44 43 1.53108 0.520118
RRV012 con_0021.nii -53 -50 39 -0.44483 0.505322
RRV012 con_0021.nii 32 -59 41 0.880489 0.468932
RRV012 con_0021.nii -32 -58 46 1.0215 0.551817
RRV012 con_0021.nii -6 49 1 -0.677304 0.495111
RRV012 con_0022.nii 9 3 -6 0.326883 0.453403
RRV012 con_0022.nii -9 3 -6 0.167322 0.785457
RRV012 con_0022.nii -30 33 -18 0.819393 0.256488
RRV012 con_0022.nii 46 28 31 0.00844059 0.433126
RRV012 con_0022.nii -44 27 33 -0.147166 0.209841
RRV012 con_0022.nii 44 8 34 0.781038 0.486211
RRV012 con_0022.nii -42 7 36 0.615856 0.327268
RRV012 con_0022.nii 54 -44 43 0.308826 0.282172
RRV012 con_0022.nii -53 -50 39 0.190815 0.282654
RRV012 con_0022.nii 32 -59 41 0.445418 0.292409
RRV012 con_0022.nii -32 -58 46 1.06458 0.269048
RRV012 con_0022.nii -6 49 1 0.334325 0.205351
RRV012 con_0023.nii 9 3 -6 0.0589438 0.207425
RRV012 con_0023.nii -9 3 -6 -0.939158 0.450684
RRV012 con_0023.nii -30 33 -18 0.0150149 0.341743
RRV012 con_0023.nii 46 28 31 -2.0678 0.402252
RRV012 con_0023.nii -44 27 33 -0.640717 0.215256
RRV012 con_0023.nii 44 8 34 -2.21789 0.896588
RRV012 con_0023.nii -42 7 36 -1.43497 0.706972
RRV012 con_0023.nii 54 -44 43 -1.30614 0.449935
RRV012 con_0023.nii -53 -50 39 -1.36969 0.656203
RRV012 con_0023.nii 32 -59 41 -0.796978 0.640666
RRV012 con_0023.nii -32 -58 46 -1.76338 0.559762
RRV012 con_0023.nii -6 49 1 -1.17844 0.23277
RRV012 con_0024.nii 9 3 -6 0.385827 0.54301
RRV012 con_0024.nii -9 3 -6 -0.771836 0.583802
RRV012 con_0024.nii -30 33 -18 0.834407 0.4757
RRV012 con_0024.nii 46 28 31 -2.05936 0.507919
RRV012 con_0024.nii -44 27 33 -0.787883 0.19895
RRV012 con_0024.nii 44 8 34 -1.43686 0.512968
RRV012 con_0024.nii -42 7 36 -0.819117 0.564054
RRV012 con_0024.nii 54 -44 43 -0.997319 0.425279
RRV012 con_0024.nii -53 -50 39 -1.17888 0.591865
RRV012 con_0024.nii 32 -59 41 -0.35156 0.74701
RRV012 con_0024.nii -32 -58 46 -0.698795 0.411701
RRV012 con_0024.nii -6 49 1 -0.84412 0.28291
RRV012 con_0025.nii 9 3 -6 -0.273351 0.236899
RRV012 con_0025.nii -9 3 -6 -0.666489 0.272063
RRV012 con_0025.nii -30 33 -18 0.238515 0.252378
RRV012 con_0025.nii 46 28 31 -1.04367 0.882193
RRV012 con_0025.nii -44 27 33 -0.389538 0.357526
RRV012 con_0025.nii 44 8 34 -0.20178 0.748172
RRV012 con_0025.nii -42 7 36 0.440397 0.222426
RRV012 con_0025.nii 54 -44 43 -1.35414 0.360761
RRV012 con_0025.nii -53 -50 39 -0.437959 0.333837
RRV012 con_0025.nii 32 -59 41 0.404836 0.483296
RRV012 con_0025.nii -32 -58 46 0.515475 0.327562
RRV012 con_0025.nii -6 49 1 -0.250136 0.411118
RRV012 con_0026.nii 9 3 -6 -0.36911 0.447027
RRV012 con_0026.nii -9 3 -6 -0.0013902 0.363083
RRV012 con_0026.nii -30 33 -18 1.15603 0.440457
RRV012 con_0026.nii 46 28 31 0.641303 0.374289
RRV012 con_0026.nii -44 27 33 -0.155171 0.339354
RRV012 con_0026.nii 44 8 34 0.946016 0.468853
RRV012 con_0026.nii -42 7 36 1.14124 0.339218
RRV012 con_0026.nii 54 -44 43 0.882805 0.244293
RRV012 con_0026.nii -53 -50 39 0.346233 0.378564
RRV012 con_0026.nii 32 -59 41 0.203751 0.202149
RRV012 con_0026.nii -32 -58 46 0.445034 0.325935
RRV012 con_0026.nii -6 49 1 0.814731 0.513852
RRV012 con_0027.nii 9 3 -6 -0.642461 0.578926
RRV012 con_0027.nii -9 3 -6 -0.667879 0.469228
RRV012 con_0027.nii -30 33 -18 1.39455 0.661449
RRV012 con_0027.nii 46 28 31 -0.402365 1.0572
RRV012 con_0027.nii -44 27 33 -0.544709 0.417838
RRV012 con_0027.nii 44 8 34 0.744236 1.09839
RRV012 con_0027.nii -42 7 36 1.58163 0.421125
RRV012 con_0027.nii 54 -44 43 -0.471335 0.270848
RRV012 con_0027.nii -53 -50 39 -0.0917261 0.41702
RRV012 con_0027.nii 32 -59 41 0.608587 0.612932
RRV012 con_0027.nii -32 -58 46 0.960509 0.551717
RRV012 con_0027.nii -6 49 1 0.564595 0.538512
RRV012 con_0028.nii 9 3 -6 -0.0696189 0.295053
RRV012 con_0028.nii -9 3 -6 -0.115856 0.388507
RRV012 con_0028.nii -30 33 -18 0.504134 0.20158
RRV012 con_0028.nii 46 28 31 -0.0451901 0.400058
RRV012 con_0028.nii -44 27 33 0.0881342 0.185577
RRV012 con_0028.nii 44 8 34 0.69593 0.698975
RRV012 con_0028.nii -42 7 36 0.835566 0.338966
RRV012 con_0028.nii 54 -44 43 0.0337218 0.179705
RRV012 con_0028.nii -53 -50 39 -0.024516 0.162304
RRV012 con_0028.nii 32 -59 41 0.68065 0.34666
RRV012 con_0028.nii -32 -58 46 1.13443 0.260446
RRV012 con_0028.nii -6 49 1 0.0492137 0.127626
RRV012 con_0029.nii 9 3 -6 -0.231163 0.15654
RRV012 con_0029.nii -9 3 -6 -0.410558 0.263788
RRV012 con_0029.nii -30 33 -18 0.610427 0.212431
RRV012 con_0029.nii 46 28 31 -0.321714 0.190308
RRV012 con_0029.nii -44 27 33 -0.36144 0.207102
RRV012 con_0029.nii 44 8 34 -0.649146 0.300011
RRV012 con_0029.nii -42 7 36 -0.131731 0.252089
RRV012 con_0029.nii 54 -44 43 -0.0129133 0.32562
RRV012 con_0029.nii -53 -50 39 -0.547295 0.280581
RRV012 con_0029.nii 32 -59 41 -0.301478 0.246967
RRV012 con_0029.nii -32 -58 46 -0.70669 0.356501
RRV012 con_0029.nii -6 49 1 -0.368157 0.312145
RRV012 con_0030.nii 9 3 -6 -0.300782 0.376195
RRV012 con_0030.nii -9 3 -6 -0.526413 0.379896
RRV012 con_0030.nii -30 33 -18 1.11456 0.328353
RRV012 con_0030.nii 46 28 31 -0.366904 0.352611
RRV012 con_0030.nii -44 27 33 -0.273305 0.270524
RRV012 con_0030.nii 44 8 34 0.046784 0.444193
RRV012 con_0030.nii -42 7 36 0.703835 0.308293
RRV012 con_0030.nii 54 -44 43 0.0208085 0.268796
RRV012 con_0030.nii -53 -50 39 -0.571811 0.354474
RRV012 con_0030.nii 32 -59 41 0.379172 0.467283
RRV012 con_0030.nii -32 -58 46 0.427739 0.370315
RRV012 con_0030.nii -6 49 1 -0.318943 0.307125
