RRV008 con_0001.nii 9 3 -6 0.254073 0.559893
RRV008 con_0001.nii -9 3 -6 0.115052 0.875406
RRV008 con_0001.nii -30 33 -18 1.04607 0.494678
RRV008 con_0001.nii 46 28 31 -0.0635178 0.438886
RRV008 con_0001.nii -44 27 33 -0.425816 0.336026
RRV008 con_0001.nii 44 8 34 0.338512 0.26031
RRV008 con_0001.nii -42 7 36 0.598257 0.558393
RRV008 con_0001.nii 54 -44 43 -0.581069 0.314789
RRV008 con_0001.nii -53 -50 39 -0.509073 0.172826
RRV008 con_0001.nii 32 -59 41 0.195362 0.441816
RRV008 con_0001.nii -32 -58 46 -0.674359 0.512143
RRV008 con_0001.nii -6 49 1 -0.35696 0.325584
RRV008 con_0002.nii 9 3 -6 -0.59273 0.698505
RRV008 con_0002.nii -9 3 -6 -0.536835 0.421729
RRV008 con_0002.nii -30 33 -18 -0.91781 0.585998
RRV008 con_0002.nii 46 28 31 -0.431159 0.408863
RRV008 con_0002.nii -44 27 33 -0.51568 0.561825
RRV008 con_0002.nii 44 8 34 -0.234913 0.302424
RRV008 con_0002.nii -42 7 36 -0.131328 0.225808
RRV008 con_0002.nii 54 -44 43 -0.580775 0.171807
RRV008 con_0002.nii -53 -50 39 -0.323516 0.26751
RRV008 con_0002.nii 32 -59 41 0.314182 0.317617
RRV008 con_0002.nii -32 -58 46 -0.0972977 0.248326
RRV008 con_0002.nii -6 49 1 -1.18725 0.405796
RRV008 con_0003.nii 9 3 -6 -0.338657 0.555285
RRV008 con_0003.nii -9 3 -6 -0.421784 1.09334
RRV008 con_0003.nii -30 33 -18 0.128258 0.503661
RRV008 con_0003.nii 46 28 31 -0.494677 0.793292
RRV008 con_0003.nii -44 27 33 -0.941496 0.792173
RRV008 con_0003.nii 44 8 34 0.103598 0.278956
RRV008 con_0003.nii -42 7 36 0.466929 0.655437
RRV008 con_0003.nii 54 -44 43 -1.16184 0.378698
RRV008 con_0003.nii -53 -50 39 -0.832589 0.298612
RRV008 con_0003.nii 32 -59 41 0.509544 0.689949
RRV008 con_0003.nii -32 -58 46 -0.771657 0.691727
RRV008 con_0003.nii -6 49 1 -1.54421 0.545784
RRV008 con_0004.nii 9 3 -6 0.0170625 0.588318
RRV008 con_0004.nii -9 3 -6 -0.369733 0.433064
RRV008 con_0004.nii -30 33 -18 0.421354 0.421696
RRV008 con_0004.nii 46 28 31 0.846869 0.220535
RRV008 con_0004.nii -44 27 33 0.244393 0.535986
RRV008 con_0004.nii 44 8 34 -0.20378 0.350827
RRV008 con_0004.nii -42 7 36 0.248286 0.442579
RRV008 con_0004.nii 54 -44 43 0.00251993 0.196392
RRV008 con_0004.nii -53 -50 39 0.038467 0.298622
RRV008 con_0004.nii 32 -59 41 0.354765 0.305008
RRV008 con_0004.nii -32 -58 46 -0.163064 0.54556
RRV008 con_0004.nii -6 49 1 -0.168763 0.367082
RRV008 con_0005.nii 9 3 -6 0.624188 0.795385
RRV008 con_0005.nii -9 3 -6 1.05935 0.592183
RRV008 con_0005.nii -30 33 -18 0.183973 0.55487
RRV008 con_0005.nii 46 28 31 0.932785 0.200333
RRV008 con_0005.nii -44 27 33 1.29498 0.505498
RRV008 con_0005.nii 44 8 34 0.29342 0.228645
RRV008 con_0005.nii -42 7 36 0.960485 0.226779
RRV008 con_0005.nii 54 -44 43 0.411043 0.229745
RRV008 con_0005.nii -53 -50 39 0.234239 0.355154
RRV008 con_0005.nii 32 -59 41 1.27364 0.573511
RRV008 con_0005.nii -32 -58 46 1.23514 0.329938
RRV008 con_0005.nii -6 49 1 0.0288661 0.5233
RRV008 con_0006.nii 9 3 -6 0.64125 1.29567
RRV008 con_0006.nii -9 3 -6 0.689621 0.518833
RRV008 con_0006.nii -30 33 -18 0.605327 0.781363
RRV008 con_0006.nii 46 28 31 1.77965 0.350258
RRV008 con_0006.nii -44 27 33 1.53938 0.819569
RRV008 con_0006.nii 44 8 34 0.0896402 0.400695
RRV008 con_0006.nii -42 7 36 1.20877 0.441382
RRV008 con_0006.nii 54 -44 43 0.413563 0.384599
RRV008 con_0006.nii -53 -50 39 0.272706 0.618718
RRV008 con_0006.nii 32 -59 41 1.62841 0.816286
RRV008 con_0006.nii -32 -58 46 1.07207 0.468937
RRV008 con_0006.nii -6 49 1 -0.139896 0.856835
RRV008 con_0007.nii 9 3 -6 -0.15671 0.575948
RRV008 con_0007.nii -9 3 -6 -0.134042 0.416138
RRV008 con_0007.nii -30 33 -18 0.207959 0.365551
RRV008 con_0007.nii 46 28 31 0.232908 0.23725
RRV008 con_0007.nii -44 27 33 -0.187151 0.445967
RRV008 con_0007.nii 44 8 34 0.172534 0.238109
RRV008 con_0007.nii -42 7 36 0.127447 0.36651
RRV008 con_0007.nii 54 -44 43 0.224559 0.246141
RRV008 con_0007.nii -53 -50 39 -0.357866 0.185163
RRV008 con_0007.nii 32 -59 41 0.66729 0.546498
RRV008 con_0007.nii -32 -58 46 1.27525 0.422852
RRV008 con_0007.nii -6 49 1 -1.2007 0.362992
RRV008 con_0008.nii 9 3 -6 0.39563 0.34673
RRV008 con_0008.nii -9 3 -6 0.553853 0.398976
RRV008 con_0008.nii -30 33 -18 -0.415921 0.382641
RRV008 con_0008.nii 46 28 31 0.730378 0.337757
RRV008 con_0008.nii -44 27 33 0.923938 0.531425
RRV008 con_0008.nii 44 8 34 0.401459 0.206214
RRV008 con_0008.nii -42 7 36 0.646091 0.434634
RRV008 con_0008.nii 54 -44 43 0.662292 0.219571
RRV008 con_0008.nii -53 -50 39 0.550483 0.115453
RRV008 con_0008.nii 32 -59 41 1.16231 0.475877
RRV008 con_0008.nii -32 -58 46 1.23992 0.480901
RRV008 con_0008.nii -6 49 1 -0.0940687 0.287539
RRV008 con_0009.nii 9 3 -6 0.23892 0.598875
RRV008 con_0009.nii -9 3 -6 0.419811 0.494995
RRV008 con_0009.nii -30 33 -18 -0.207962 0.548475
RRV008 con_0009.nii 46 28 31 0.963286 0.513604
RRV008 con_0009.nii -44 27 33 0.736788 0.515782
RRV008 con_0009.nii 44 8 34 0.573993 0.399969
RRV008 con_0009.nii -42 7 36 0.773538 0.67103
RRV008 con_0009.nii 54 -44 43 0.886851 0.37011
RRV008 con_0009.nii -53 -50 39 0.192617 0.229206
RRV008 con_0009.nii 32 -59 41 1.8296 0.992355
RRV008 con_0009.nii -32 -58 46 2.51517 0.691662
RRV008 con_0009.nii -6 49 1 -1.29476 0.406049
RRV008 con_0010.nii 9 3 -6 0.0246208 0.163407
RRV008 con_0010.nii -9 3 -6 -0.156312 0.274411
RRV008 con_0010.nii -30 33 -18 -0.187518 0.290719
RRV008 con_0010.nii 46 28 31 0.0142678 0.208538
RRV008 con_0010.nii -44 27 33 -0.328381 0.352427
RRV008 con_0010.nii 44 8 34 -0.674318 0.367989
RRV008 con_0010.nii -42 7 36 -0.109609 0.304382
RRV008 con_0010.nii 54 -44 43 -0.160618 0.177236
RRV008 con_0010.nii -53 -50 39 -0.346403 0.147145
RRV008 con_0010.nii 32 -59 41 0.197235 0.334818
RRV008 con_0010.nii -32 -58 46 0.000351088 0.102769
RRV008 con_0010.nii -6 49 1 -0.701108 0.356348
RRV008 con_0011.nii 9 3 -6 0.0483912 0.509649
RRV008 con_0011.nii -9 3 -6 0.224378 0.359166
RRV008 con_0011.nii -30 33 -18 -0.326256 0.270117
RRV008 con_0011.nii 46 28 31 0.837608 0.294655
RRV008 con_0011.nii -44 27 33 0.751075 0.350901
RRV008 con_0011.nii 44 8 34 0.33925 0.363246
RRV008 con_0011.nii -42 7 36 0.38929 0.195391
RRV008 con_0011.nii 54 -44 43 0.299962 0.210848
RRV008 con_0011.nii -53 -50 39 0.340796 0.317184
RRV008 con_0011.nii 32 -59 41 1.02928 0.585755
RRV008 con_0011.nii -32 -58 46 0.90398 0.363808
RRV008 con_0011.nii -6 49 1 -0.351702 0.26067
RRV008 con_0012.nii 9 3 -6 0.073012 0.574765
RRV008 con_0012.nii -9 3 -6 0.0680662 0.5365
RRV008 con_0012.nii -30 33 -18 -0.513774 0.416153
RRV008 con_0012.nii 46 28 31 0.851876 0.427232
RRV008 con_0012.nii -44 27 33 0.422694 0.627535
RRV008 con_0012.nii 44 8 34 -0.335067 0.514479
RRV008 con_0012.nii -42 7 36 0.279681 0.35008
RRV008 con_0012.nii 54 -44 43 0.139344 0.337699
RRV008 con_0012.nii -53 -50 39 -0.00560705 0.435347
RRV008 con_0012.nii 32 -59 41 1.22651 0.906477
RRV008 con_0012.nii -32 -58 46 0.904331 0.347051
RRV008 con_0012.nii -6 49 1 -1.05281 0.452595
RRV008 con_0013.nii 9 3 -6 -0.0897348 0.454549
RRV008 con_0013.nii -9 3 -6 0.00365737 0.335962
RRV008 con_0013.nii -30 33 -18 -0.0374971 0.108974
RRV008 con_0013.nii 46 28 31 1.05973 0.160871
RRV008 con_0013.nii -44 27 33 0.827744 0.377026
RRV008 con_0013.nii 44 8 34 0.831357 0.232344
RRV008 con_0013.nii -42 7 36 0.824055 0.381743
RRV008 con_0013.nii 54 -44 43 0.427421 0.163403
RRV008 con_0013.nii -53 -50 39 0.0886649 0.238597
RRV008 con_0013.nii 32 -59 41 0.794529 0.308067
RRV008 con_0013.nii -32 -58 46 0.537663 0.162748
RRV008 con_0013.nii -6 49 1 -0.663396 0.241417
RRV008 con_0014.nii 9 3 -6 -0.082079 0.243045
RRV008 con_0014.nii -9 3 -6 0.289973 0.344001
RRV008 con_0014.nii -30 33 -18 -0.350765 0.353224
RRV008 con_0014.nii 46 28 31 0.426419 0.39155
RRV008 con_0014.nii -44 27 33 0.893218 0.464662
RRV008 con_0014.nii 44 8 34 2.03939 0.718112
RRV008 con_0014.nii -42 7 36 1.234 0.478625
RRV008 con_0014.nii 54 -44 43 -0.109558 0.122532
RRV008 con_0014.nii -53 -50 39 0.225847 0.220549
RRV008 con_0014.nii 32 -59 41 1.10078 0.647923
RRV008 con_0014.nii -32 -58 46 0.440602 0.401072
RRV008 con_0014.nii -6 49 1 -0.614209 0.299479
RRV008 con_0015.nii 9 3 -6 -0.171814 0.564179
RRV008 con_0015.nii -9 3 -6 0.29363 0.451855
RRV008 con_0015.nii -30 33 -18 -0.388262 0.350848
RRV008 con_0015.nii 46 28 31 1.48614 0.385891
RRV008 con_0015.nii -44 27 33 1.72096 0.707189
RRV008 con_0015.nii 44 8 34 2.87075 0.864045
RRV008 con_0015.nii -42 7 36 2.05806 0.728884
RRV008 con_0015.nii 54 -44 43 0.317863 0.211925
RRV008 con_0015.nii -53 -50 39 0.314512 0.424711
RRV008 con_0015.nii 32 -59 41 1.8953 0.92284
RRV008 con_0015.nii -32 -58 46 0.978265 0.488867
RRV008 con_0015.nii -6 49 1 -1.27761 0.231162
RRV008 con_0016.nii 9 3 -6 0.0381417 0.270394
RRV008 con_0016.nii -9 3 -6 -0.129574 0.451048
RRV008 con_0016.nii -30 33 -18 0.55846 0.362986
RRV008 con_0016.nii 46 28 31 0.338753 0.177119
RRV008 con_0016.nii -44 27 33 -0.122858 0.381331
RRV008 con_0016.nii 44 8 34 0.102422 0.140598
RRV008 con_0016.nii -42 7 36 0.324663 0.355422
RRV008 con_0016.nii 54 -44 43 -0.117997 0.177084
RRV008 con_0016.nii -53 -50 39 -0.276157 0.131458
RRV008 con_0016.nii 32 -59 41 0.405806 0.383009
RRV008 con_0016.nii -32 -58 46 0.145943 0.422055
RRV008 con_0016.nii -6 49 1 -0.575473 0.269631
RRV008 con_0017.nii 9 3 -6 0.142363 0.516217
RRV008 con_0017.nii -9 3 -6 0.35879 0.308755
RRV008 con_0017.nii -30 33 -18 -0.383253 0.458012
RRV008 con_0017.nii 46 28 31 0.410668 0.153298
RRV008 con_0017.nii -44 27 33 0.567748 0.265175
RRV008 con_0017.nii 44 8 34 0.153322 0.187601
RRV008 con_0017.nii -42 7 36 0.491749 0.241186
RRV008 con_0017.nii 54 -44 43 0.164186 0.166665
RRV008 con_0017.nii -53 -50 39 0.153735 0.204536
RRV008 con_0017.nii 32 -59 41 0.916712 0.393957
RRV008 con_0017.nii -32 -58 46 0.792587 0.270329
RRV008 con_0017.nii -6 49 1 -0.417485 0.354041
RRV008 con_0018.nii 9 3 -6 0.180504 0.655407
RRV008 con_0018.nii -9 3 -6 0.229216 0.400247
RRV008 con_0018.nii -30 33 -18 0.175207 0.530935
RRV008 con_0018.nii 46 28 31 0.749421 0.25044
RRV008 con_0018.nii -44 27 33 0.44489 0.507451
RRV008 con_0018.nii 44 8 34 0.255744 0.276172
RRV008 con_0018.nii -42 7 36 0.816413 0.506887
RRV008 con_0018.nii 54 -44 43 0.0461896 0.286053
RRV008 con_0018.nii -53 -50 39 -0.122422 0.266916
RRV008 con_0018.nii 32 -59 41 1.32252 0.759972
RRV008 con_0018.nii -32 -58 46 0.93853 0.446739
RRV008 con_0018.nii -6 49 1 -0.992958 0.52376
RRV008 con_0019.nii 9 3 -6 0.229452 0.603851
RRV008 con_0019.nii -9 3 -6 0.271364 0.849086
RRV008 con_0019.nii -30 33 -18 1.23359 0.45984
RRV008 con_0019.nii 46 28 31 -0.0777857 0.45573
RRV008 con_0019.nii -44 27 33 -0.0974347 0.322732
RRV008 con_0019.nii 44 8 34 1.01283 0.527746
RRV008 con_0019.nii -42 7 36 0.707866 0.560672
RRV008 con_0019.nii 54 -44 43 -0.420451 0.226406
RRV008 con_0019.nii -53 -50 39 -0.16267 0.188846
RRV008 con_0019.nii 32 -59 41 -0.00187287 0.324039
RRV008 con_0019.nii -32 -58 46 -0.67471 0.459468
RRV008 con_0019.nii -6 49 1 0.344148 0.26476
RRV008 con_0020.nii 9 3 -6 -0.641121 0.311565
RRV008 con_0020.nii -9 3 -6 -0.761214 0.398773
RRV008 con_0020.nii -30 33 -18 -0.591554 0.505908
RRV008 con_0020.nii 46 28 31 -1.26877 0.610134
RRV008 con_0020.nii -44 27 33 -1.26676 0.492008
RRV008 con_0020.nii 44 8 34 -0.574164 0.448227
RRV008 con_0020.nii -42 7 36 -0.520618 0.243594
RRV008 con_0020.nii 54 -44 43 -0.880738 0.298606
RRV008 con_0020.nii -53 -50 39 -0.664312 0.216561
RRV008 con_0020.nii 32 -59 41 -0.715095 0.364886
RRV008 con_0020.nii -32 -58 46 -1.00128 0.405922
RRV008 con_0020.nii -6 49 1 -0.83555 0.368961
RRV008 con_0021.nii 9 3 -6 -0.411669 0.637656
RRV008 con_0021.nii -9 3 -6 -0.48985 1.10639
RRV008 con_0021.nii -30 33 -18 0.642032 0.544422
RRV008 con_0021.nii 46 28 31 -1.34655 1.03611
RRV008 con_0021.nii -44 27 33 -1.36419 0.601447
RRV008 con_0021.nii 44 8 34 0.438665 0.375101
RRV008 con_0021.nii -42 7 36 0.187247 0.627446
RRV008 con_0021.nii 54 -44 43 -1.30119 0.271027
RRV008 con_0021.nii -53 -50 39 -0.826982 0.331302
RRV008 con_0021.nii 32 -59 41 -0.716968 0.508427
RRV008 con_0021.nii -32 -58 46 -1.67599 0.73744
RRV008 con_0021.nii -6 49 1 -0.491402 0.42172
RRV008 con_0022.nii 9 3 -6 -0.00755834 0.546595
RRV008 con_0022.nii -9 3 -6 -0.213421 0.337386
RRV008 con_0022.nii -30 33 -18 0.608872 0.391926
RRV008 con_0022.nii 46 28 31 0.832601 0.146691
RRV008 con_0022.nii -44 27 33 0.572774 0.304191
RRV008 con_0022.nii 44 8 34 0.470538 0.189428
RRV008 con_0022.nii -42 7 36 0.357895 0.260172
RRV008 con_0022.nii 54 -44 43 0.163138 0.182512
RRV008 con_0022.nii -53 -50 39 0.38487 0.23789
RRV008 con_0022.nii 32 -59 41 0.157531 0.145919
RRV008 con_0022.nii -32 -58 46 -0.163416 0.480053
RRV008 con_0022.nii -6 49 1 0.532345 0.276615
RRV008 con_0023.nii 9 3 -6 0.575797 0.423585
RRV008 con_0023.nii -9 3 -6 0.834975 0.588414
RRV008 con_0023.nii -30 33 -18 0.510229 0.588738
RRV008 con_0023.nii 46 28 31 0.0951776 0.197278
RRV008 con_0023.nii -44 27 33 0.543909 0.447478
RRV008 con_0023.nii 44 8 34 -0.0458302 0.315421
RRV008 con_0023.nii -42 7 36 0.571195 0.185448
RRV008 con_0023.nii 54 -44 43 0.11108 0.304086
RRV008 con_0023.nii -53 -50 39 -0.106557 0.344388
RRV008 con_0023.nii 32 -59 41 0.244366 0.429002
RRV008 con_0023.nii -32 -58 46 0.331157 0.341379
RRV008 con_0023.nii -6 49 1 0.380568 0.494166
RRV008 con_0024.nii 9 3 -6 0.568238 0.850077
RRV008 con_0024.nii -9 3 -6 0.621555 0.435813
RRV008 con_0024.nii -30 33 -18 1.1191 0.906102
RRV008 con_0024.nii 46 28 31 0.927778 0.27688
RRV008 con_0024.nii -44 27 33 1.11668 0.636295
RRV008 con_0024.nii 44 8 34 0.424707 0.435966
RRV008 con_0024.nii -42 7 36 0.92909 0.333994
RRV008 con_0024.nii 54 -44 43 0.274219 0.421727
RRV008 con_0024.nii -53 -50 39 0.278313 0.537844
RRV008 con_0024.nii 32 -59 41 0.401897 0.520251
RRV008 con_0024.nii -32 -58 46 0.167742 0.338873
RRV008 con_0024.nii -6 49 1 0.912913 0.606619
RRV008 con_0025.nii 9 3 -6 -0.181331 0.524211
RRV008 con_0025.nii -9 3 -6 0.0222706 0.369395
RRV008 con_0025.nii -30 33 -18 0.395477 0.221054
RRV008 con_0025.nii 46 28 31 0.21864 0.180069
RRV008 con_0025.nii -44 27 33 0.14123 0.174336
RRV008 con_0025.nii 44 8 34 0.846851 0.379747
RRV008 con_0025.nii -42 7 36 0.237056 0.296685
RRV008 con_0025.nii 54 -44 43 0.385177 0.268453
RRV008 con_0025.nii -53 -50 39 -0.0114633 0.22068
RRV008 con_0025.nii 32 -59 41 0.470055 0.288557
RRV008 con_0025.nii -32 -58 46 1.2749 0.388914
RRV008 con_0025.nii -6 49 1 -0.499588 0.353395
RRV008 con_0026.nii 9 3 -6 0.347239 0.464924
RRV008 con_0026.nii -9 3 -6 0.329474 0.352399
RRV008 con_0026.nii -30 33 -18 -0.0896654 0.284204
RRV008 con_0026.nii 46 28 31 -0.10723 0.100591
RRV008 con_0026.nii -44 27 33 0.172863 0.581526
RRV008 con_0026.nii 44 8 34 0.0622087 0.351048
RRV008 con_0026.nii -42 7 36 0.256801 0.452909
RRV008 con_0026.nii 54 -44 43 0.362329 0.296711
RRV008 con_0026.nii -53 -50 39 0.209688 0.295336
RRV008 con_0026.nii 32 -59 41 0.133033 0.225485
RRV008 con_0026.nii -32 -58 46 0.335941 0.302479
RRV008 con_0026.nii -6 49 1 0.257633 0.211919
RRV008 con_0027.nii 9 3 -6 0.165908 0.355717
RRV008 con_0027.nii -9 3 -6 0.351745 0.552803
RRV008 con_0027.nii -30 33 -18 0.305811 0.381449
RRV008 con_0027.nii 46 28 31 0.11141 0.243679
RRV008 con_0027.nii -44 27 33 0.314093 0.513641
RRV008 con_0027.nii 44 8 34 0.90906 0.525191
RRV008 con_0027.nii -42 7 36 0.493857 0.449844
RRV008 con_0027.nii 54 -44 43 0.747507 0.481841
RRV008 con_0027.nii -53 -50 39 0.198224 0.461201
RRV008 con_0027.nii 32 -59 41 0.603088 0.317998
RRV008 con_0027.nii -32 -58 46 1.61084 0.439847
RRV008 con_0027.nii -6 49 1 -0.241955 0.360728
RRV008 con_0028.nii 9 3 -6 0.0135208 0.235389
RRV008 con_0028.nii -9 3 -6 0.026738 0.389234
RRV008 con_0028.nii -30 33 -18 0.745978 0.290424
RRV008 con_0028.nii 46 28 31 0.324485 0.139285
RRV008 con_0028.nii -44 27 33 0.205523 0.146332
RRV008 con_0028.nii 44 8 34 0.776739 0.300207
RRV008 con_0028.nii -42 7 36 0.434272 0.262698
RRV008 con_0028.nii 54 -44 43 0.0426217 0.132244
RRV008 con_0028.nii -53 -50 39 0.0702454 0.1147
RRV008 con_0028.nii 32 -59 41 0.208571 0.144632
RRV008 con_0028.nii -32 -58 46 0.145592 0.359851
RRV008 con_0028.nii -6 49 1 0.125635 0.197557
RRV008 con_0029.nii 9 3 -6 0.0939714 0.130797
RRV008 con_0029.nii -9 3 -6 0.134412 0.275505
RRV008 con_0029.nii -30 33 -18 -0.056997 0.414313
RRV008 con_0029.nii 46 28 31 -0.42694 0.238341
RRV008 con_0029.nii -44 27 33 -0.183328 0.214356
RRV008 con_0029.nii 44 8 34 -0.185928 0.338108
RRV008 con_0029.nii -42 7 36 0.102459 0.246335
RRV008 con_0029.nii 54 -44 43 -0.135776 0.272331
RRV008 con_0029.nii -53 -50 39 -0.18706 0.236082
RRV008 con_0029.nii 32 -59 41 -0.112565 0.24316
RRV008 con_0029.nii -32 -58 46 -0.111393 0.251825
RRV008 con_0029.nii -6 49 1 -0.0657831 0.305551
RRV008 con_0030.nii 9 3 -6 0.107492 0.257358
RRV008 con_0030.nii -9 3 -6 0.16115 0.40439
RRV008 con_0030.nii -30 33 -18 0.688981 0.560824
RRV008 con_0030.nii 46 28 31 -0.102455 0.356814
RRV008 con_0030.nii -44 27 33 0.0221956 0.281481
RRV008 con_0030.nii 44 8 34 0.590811 0.381688
RRV008 con_0030.nii -42 7 36 0.536731 0.366836
RRV008 con_0030.nii 54 -44 43 -0.0931544 0.31657
RRV008 con_0030.nii -53 -50 39 -0.116815 0.316733
RRV008 con_0030.nii 32 -59 41 0.0960057 0.280377
RRV008 con_0030.nii -32 -58 46 0.0341991 0.302247
RRV008 con_0030.nii -6 49 1 0.059852 0.317286
