RRV045 con_0001.nii 9 3 -6 0.18904 0.300146
RRV045 con_0001.nii -9 3 -6 0.179773 0.423842
RRV045 con_0001.nii -30 33 -18 0.191295 0.267271
RRV045 con_0001.nii 46 28 31 -0.135985 0.294218
RRV045 con_0001.nii -44 27 33 0.077186 0.22758
RRV045 con_0001.nii 44 8 34 0.675455 0.316663
RRV045 con_0001.nii -42 7 36 1.00024 0.338716
RRV045 con_0001.nii 54 -44 43 -0.852105 0.397137
RRV045 con_0001.nii -53 -50 39 -0.260814 0.191323
RRV045 con_0001.nii 32 -59 41 0.0669416 0.526277
RRV045 con_0001.nii -32 -58 46 0.206567 0.506601
RRV045 con_0001.nii -6 49 1 0.327049 0.272977
RRV045 con_0002.nii 9 3 -6 -0.270394 0.480374
RRV045 con_0002.nii -9 3 -6 -0.449249 0.50972
RRV045 con_0002.nii -30 33 -18 -0.693128 0.979436
RRV045 con_0002.nii 46 28 31 -0.211705 0.352795
RRV045 con_0002.nii -44 27 33 -0.758472 0.326363
RRV045 con_0002.nii 44 8 34 -1.50498 0.80224
RRV045 con_0002.nii -42 7 36 0.403883 0.517685
RRV045 con_0002.nii 54 -44 43 0.189936 0.593844
RRV045 con_0002.nii -53 -50 39 0.11811 0.283369
RRV045 con_0002.nii 32 -59 41 -0.0242957 0.224964
RRV045 con_0002.nii -32 -58 46 0.00336874 0.373245
RRV045 con_0002.nii -6 49 1 0.219081 0.172191
RRV045 con_0003.nii 9 3 -6 -0.0813545 0.515899
RRV045 con_0003.nii -9 3 -6 -0.269476 0.538539
RRV045 con_0003.nii -30 33 -18 -0.501833 1.10457
RRV045 con_0003.nii 46 28 31 -0.34769 0.531136
RRV045 con_0003.nii -44 27 33 -0.681286 0.528955
RRV045 con_0003.nii 44 8 34 -0.829521 1.06997
RRV045 con_0003.nii -42 7 36 1.40412 0.658009
RRV045 con_0003.nii 54 -44 43 -0.662169 0.836248
RRV045 con_0003.nii -53 -50 39 -0.142704 0.204339
RRV045 con_0003.nii 32 -59 41 0.0426459 0.671344
RRV045 con_0003.nii -32 -58 46 0.209936 0.369475
RRV045 con_0003.nii -6 49 1 0.54613 0.353755
RRV045 con_0004.nii 9 3 -6 0.282295 0.433575
RRV045 con_0004.nii -9 3 -6 0.218329 0.211703
RRV045 con_0004.nii -30 33 -18 0.969719 0.619793
RRV045 con_0004.nii 46 28 31 0.0251292 0.475752
RRV045 con_0004.nii -44 27 33 0.168821 0.417603
RRV045 con_0004.nii 44 8 34 0.767043 0.279291
RRV045 con_0004.nii -42 7 36 1.526 0.681068
RRV045 con_0004.nii 54 -44 43 -0.28804 0.318554
RRV045 con_0004.nii -53 -50 39 -0.0468645 0.218932
RRV045 con_0004.nii 32 -59 41 0.822447 0.38366
RRV045 con_0004.nii -32 -58 46 0.446239 0.570792
RRV045 con_0004.nii -6 49 1 -0.377297 0.255825
RRV045 con_0005.nii 9 3 -6 -0.974068 1.07962
RRV045 con_0005.nii -9 3 -6 -0.122427 0.477
RRV045 con_0005.nii -30 33 -18 1.63477 0.860542
RRV045 con_0005.nii 46 28 31 0.281252 0.240086
RRV045 con_0005.nii -44 27 33 0.961701 0.248981
RRV045 con_0005.nii 44 8 34 1.50518 0.912691
RRV045 con_0005.nii -42 7 36 2.14432 0.652124
RRV045 con_0005.nii 54 -44 43 0.136933 0.739703
RRV045 con_0005.nii -53 -50 39 0.563675 0.373322
RRV045 con_0005.nii 32 -59 41 0.237006 0.676804
RRV045 con_0005.nii -32 -58 46 0.727057 0.456085
RRV045 con_0005.nii -6 49 1 1.1968 0.730708
RRV045 con_0006.nii 9 3 -6 -0.691772 0.920829
RRV045 con_0006.nii -9 3 -6 0.0959016 0.545398
RRV045 con_0006.nii -30 33 -18 2.60449 1.17642
RRV045 con_0006.nii 46 28 31 0.306381 0.657006
RRV045 con_0006.nii -44 27 33 1.13052 0.534621
RRV045 con_0006.nii 44 8 34 2.27222 1.11702
RRV045 con_0006.nii -42 7 36 3.67033 1.30471
RRV045 con_0006.nii 54 -44 43 -0.151107 0.796436
RRV045 con_0006.nii -53 -50 39 0.516811 0.433546
RRV045 con_0006.nii 32 -59 41 1.05945 1.02618
RRV045 con_0006.nii -32 -58 46 1.1733 0.906448
RRV045 con_0006.nii -6 49 1 0.819502 0.931996
RRV045 con_0007.nii 9 3 -6 0.169986 0.299293
RRV045 con_0007.nii -9 3 -6 -0.0142836 0.247113
RRV045 con_0007.nii -30 33 -18 0.255127 0.187219
RRV045 con_0007.nii 46 28 31 -0.369106 0.395787
RRV045 con_0007.nii -44 27 33 0.0742017 0.275389
RRV045 con_0007.nii 44 8 34 0.298941 0.267373
RRV045 con_0007.nii -42 7 36 0.987155 0.250684
RRV045 con_0007.nii 54 -44 43 -0.309616 0.345683
RRV045 con_0007.nii -53 -50 39 -0.0474589 0.338857
RRV045 con_0007.nii 32 -59 41 0.209119 0.433104
RRV045 con_0007.nii -32 -58 46 -0.141152 0.222837
RRV045 con_0007.nii -6 49 1 -0.249628 0.218712
RRV045 con_0008.nii 9 3 -6 -0.546023 0.553972
RRV045 con_0008.nii -9 3 -6 -0.290376 0.210721
RRV045 con_0008.nii -30 33 -18 0.137342 0.410619
RRV045 con_0008.nii 46 28 31 -0.76022 0.362283
RRV045 con_0008.nii -44 27 33 -1.35112 0.312445
RRV045 con_0008.nii 44 8 34 -1.45966 0.885498
RRV045 con_0008.nii -42 7 36 -0.422823 0.576368
RRV045 con_0008.nii 54 -44 43 -2.08314 0.638592
RRV045 con_0008.nii -53 -50 39 -0.819783 0.331181
RRV045 con_0008.nii 32 -59 41 -1.06759 0.441254
RRV045 con_0008.nii -32 -58 46 -1.16457 0.425803
RRV045 con_0008.nii -6 49 1 -2.06398 0.466773
RRV045 con_0009.nii 9 3 -6 -0.376036 0.734834
RRV045 con_0009.nii -9 3 -6 -0.30466 0.304328
RRV045 con_0009.nii -30 33 -18 0.392469 0.388927
RRV045 con_0009.nii 46 28 31 -1.12933 0.683853
RRV045 con_0009.nii -44 27 33 -1.27691 0.402912
RRV045 con_0009.nii 44 8 34 -1.16072 1.03333
RRV045 con_0009.nii -42 7 36 0.564332 0.668635
RRV045 con_0009.nii 54 -44 43 -2.39275 0.882744
RRV045 con_0009.nii -53 -50 39 -0.867242 0.601656
RRV045 con_0009.nii 32 -59 41 -0.858473 0.731446
RRV045 con_0009.nii -32 -58 46 -1.30572 0.547895
RRV045 con_0009.nii -6 49 1 -2.31361 0.446918
RRV045 con_0010.nii 9 3 -6 0.0567591 0.356964
RRV045 con_0010.nii -9 3 -6 -0.211678 0.26641
RRV045 con_0010.nii -30 33 -18 0.432415 0.302131
RRV045 con_0010.nii 46 28 31 0.114032 0.189962
RRV045 con_0010.nii -44 27 33 0.458165 0.170843
RRV045 con_0010.nii 44 8 34 0.144308 0.238171
RRV045 con_0010.nii -42 7 36 0.589771 0.226408
RRV045 con_0010.nii 54 -44 43 0.62948 0.20654
RRV045 con_0010.nii -53 -50 39 0.2499 0.158917
RRV045 con_0010.nii 32 -59 41 0.484843 0.31992
RRV045 con_0010.nii -32 -58 46 0.301048 0.185539
RRV045 con_0010.nii -6 49 1 -0.602472 0.194168
RRV045 con_0011.nii 9 3 -6 -0.199469 0.473879
RRV045 con_0011.nii -9 3 -6 0.0931542 0.437127
RRV045 con_0011.nii -30 33 -18 0.483598 0.304741
RRV045 con_0011.nii 46 28 31 0.366015 0.209383
RRV045 con_0011.nii -44 27 33 0.352764 0.282092
RRV045 con_0011.nii 44 8 34 0.221637 0.549134
RRV045 con_0011.nii -42 7 36 1.25846 0.548577
RRV045 con_0011.nii 54 -44 43 -0.38743 0.324893
RRV045 con_0011.nii -53 -50 39 0.169965 0.204539
RRV045 con_0011.nii 32 -59 41 -0.107622 0.27911
RRV045 con_0011.nii -32 -58 46 0.229087 0.287825
RRV045 con_0011.nii -6 49 1 0.357388 0.168198
RRV045 con_0012.nii 9 3 -6 -0.14271 0.553191
RRV045 con_0012.nii -9 3 -6 -0.118524 0.398222
RRV045 con_0012.nii -30 33 -18 0.916013 0.410488
RRV045 con_0012.nii 46 28 31 0.480047 0.245966
RRV045 con_0012.nii -44 27 33 0.810929 0.286252
RRV045 con_0012.nii 44 8 34 0.365945 0.738841
RRV045 con_0012.nii -42 7 36 1.84823 0.521046
RRV045 con_0012.nii 54 -44 43 0.24205 0.334597
RRV045 con_0012.nii -53 -50 39 0.419866 0.331706
RRV045 con_0012.nii 32 -59 41 0.377221 0.479265
RRV045 con_0012.nii -32 -58 46 0.530135 0.437036
RRV045 con_0012.nii -6 49 1 -0.245084 0.306962
RRV045 con_0013.nii 9 3 -6 -0.0266002 0.264087
RRV045 con_0013.nii -9 3 -6 -0.120096 0.207554
RRV045 con_0013.nii -30 33 -18 -0.0177347 0.22532
RRV045 con_0013.nii 46 28 31 -0.115954 0.260327
RRV045 con_0013.nii -44 27 33 -0.0721413 0.245208
RRV045 con_0013.nii 44 8 34 1.27291 0.340164
RRV045 con_0013.nii -42 7 36 0.438972 0.367907
RRV045 con_0013.nii 54 -44 43 -0.40574 0.268934
RRV045 con_0013.nii -53 -50 39 -0.217613 0.215954
RRV045 con_0013.nii 32 -59 41 0.294474 0.160873
RRV045 con_0013.nii -32 -58 46 -0.1815 0.382166
RRV045 con_0013.nii -6 49 1 -0.970628 0.169538
RRV045 con_0014.nii 9 3 -6 -0.00060225 0.444615
RRV045 con_0014.nii -9 3 -6 -0.256563 0.452516
RRV045 con_0014.nii -30 33 -18 0.520225 0.283777
RRV045 con_0014.nii 46 28 31 0.111815 0.327707
RRV045 con_0014.nii -44 27 33 0.0101676 0.422612
RRV045 con_0014.nii 44 8 34 0.368489 0.527603
RRV045 con_0014.nii -42 7 36 0.762107 0.693852
RRV045 con_0014.nii 54 -44 43 -0.680311 0.234914
RRV045 con_0014.nii -53 -50 39 -0.0454996 0.232266
RRV045 con_0014.nii 32 -59 41 -0.226046 0.214956
RRV045 con_0014.nii -32 -58 46 0.0140008 0.281864
RRV045 con_0014.nii -6 49 1 -0.569113 0.279711
RRV045 con_0015.nii 9 3 -6 -0.0272024 0.530717
RRV045 con_0015.nii -9 3 -6 -0.376659 0.438802
RRV045 con_0015.nii -30 33 -18 0.50249 0.337086
RRV045 con_0015.nii 46 28 31 -0.00413876 0.557773
RRV045 con_0015.nii -44 27 33 -0.0619737 0.650899
RRV045 con_0015.nii 44 8 34 1.6414 0.681505
RRV045 con_0015.nii -42 7 36 1.20108 1.03245
RRV045 con_0015.nii 54 -44 43 -1.08605 0.42468
RRV045 con_0015.nii -53 -50 39 -0.263113 0.382826
RRV045 con_0015.nii 32 -59 41 0.0684275 0.261231
RRV045 con_0015.nii -32 -58 46 -0.167499 0.641257
RRV045 con_0015.nii -6 49 1 -1.53974 0.372821
RRV045 con_0016.nii 9 3 -6 0.213774 0.276132
RRV045 con_0016.nii -9 3 -6 0.127939 0.216044
RRV045 con_0016.nii -30 33 -18 0.472047 0.309692
RRV045 con_0016.nii 46 28 31 -0.159987 0.377034
RRV045 con_0016.nii -44 27 33 0.106736 0.274802
RRV045 con_0016.nii 44 8 34 0.58048 0.267919
RRV045 con_0016.nii -42 7 36 1.17113 0.387514
RRV045 con_0016.nii 54 -44 43 -0.483254 0.333368
RRV045 con_0016.nii -53 -50 39 -0.118379 0.157201
RRV045 con_0016.nii 32 -59 41 0.366169 0.415468
RRV045 con_0016.nii -32 -58 46 0.170551 0.419955
RRV045 con_0016.nii -6 49 1 -0.0999586 0.224652
RRV045 con_0017.nii 9 3 -6 -0.596828 0.508098
RRV045 con_0017.nii -9 3 -6 -0.287351 0.199921
RRV045 con_0017.nii -30 33 -18 0.359661 0.301065
RRV045 con_0017.nii 46 28 31 -0.230224 0.242609
RRV045 con_0017.nii -44 27 33 -0.382629 0.205544
RRV045 con_0017.nii 44 8 34 -0.486486 0.75578
RRV045 con_0017.nii -42 7 36 0.708462 0.443001
RRV045 con_0017.nii 54 -44 43 -0.585422 0.330859
RRV045 con_0017.nii -53 -50 39 -0.0459993 0.215247
RRV045 con_0017.nii 32 -59 41 -0.284961 0.352411
RRV045 con_0017.nii -32 -58 46 -0.144716 0.165864
RRV045 con_0017.nii -6 49 1 -0.216035 0.265397
RRV045 con_0018.nii 9 3 -6 -0.383054 0.56221
RRV045 con_0018.nii -9 3 -6 -0.159411 0.199379
RRV045 con_0018.nii -30 33 -18 0.831708 0.443077
RRV045 con_0018.nii 46 28 31 -0.390212 0.570496
RRV045 con_0018.nii -44 27 33 -0.275893 0.427296
RRV045 con_0018.nii 44 8 34 0.0939936 0.987008
RRV045 con_0018.nii -42 7 36 1.87959 0.760763
RRV045 con_0018.nii 54 -44 43 -1.06868 0.606465
RRV045 con_0018.nii -53 -50 39 -0.164378 0.348959
RRV045 con_0018.nii 32 -59 41 0.081209 0.736727
RRV045 con_0018.nii -32 -58 46 0.0258358 0.514832
RRV045 con_0018.nii -6 49 1 -0.315993 0.447619
RRV045 con_0019.nii 9 3 -6 0.132281 0.30226
RRV045 con_0019.nii -9 3 -6 0.391451 0.325383
RRV045 con_0019.nii -30 33 -18 -0.241121 0.327658
RRV045 con_0019.nii 46 28 31 -0.250018 0.235372
RRV045 con_0019.nii -44 27 33 -0.380979 0.291957
RRV045 con_0019.nii 44 8 34 0.531147 0.206361
RRV045 con_0019.nii -42 7 36 0.410471 0.444683
RRV045 con_0019.nii 54 -44 43 -1.48158 0.455043
RRV045 con_0019.nii -53 -50 39 -0.510714 0.171113
RRV045 con_0019.nii 32 -59 41 -0.417902 0.485309
RRV045 con_0019.nii -32 -58 46 -0.0944814 0.33374
RRV045 con_0019.nii -6 49 1 0.929521 0.203465
RRV045 con_0020.nii 9 3 -6 -0.0709257 0.662283
RRV045 con_0020.nii -9 3 -6 -0.542403 0.428257
RRV045 con_0020.nii -30 33 -18 -1.17673 0.929524
RRV045 con_0020.nii 46 28 31 -0.57772 0.384321
RRV045 con_0020.nii -44 27 33 -1.11124 0.222896
RRV045 con_0020.nii 44 8 34 -1.72661 0.369925
RRV045 con_0020.nii -42 7 36 -0.854576 0.644178
RRV045 con_0020.nii 54 -44 43 0.577366 0.866757
RRV045 con_0020.nii -53 -50 39 -0.0518549 0.397201
RRV045 con_0020.nii 32 -59 41 0.0833268 0.358128
RRV045 con_0020.nii -32 -58 46 -0.225718 0.550126
RRV045 con_0020.nii -6 49 1 -0.138306 0.169004
RRV045 con_0021.nii 9 3 -6 0.0613551 0.728293
RRV045 con_0021.nii -9 3 -6 -0.150952 0.428533
RRV045 con_0021.nii -30 33 -18 -1.41785 1.13862
RRV045 con_0021.nii 46 28 31 -0.827737 0.490799
RRV045 con_0021.nii -44 27 33 -1.49222 0.34806
RRV045 con_0021.nii 44 8 34 -1.19547 0.397077
RRV045 con_0021.nii -42 7 36 -0.444106 0.588748
RRV045 con_0021.nii 54 -44 43 -0.904219 1.04729
RRV045 con_0021.nii -53 -50 39 -0.562569 0.334557
RRV045 con_0021.nii 32 -59 41 -0.334575 0.574145
RRV045 con_0021.nii -32 -58 46 -0.3202 0.381401
RRV045 con_0021.nii -6 49 1 0.791215 0.250083
RRV045 con_0022.nii 9 3 -6 0.225536 0.303494
RRV045 con_0022.nii -9 3 -6 0.430007 0.279278
RRV045 con_0022.nii -30 33 -18 0.537304 0.635515
RRV045 con_0022.nii 46 28 31 -0.0889032 0.341098
RRV045 con_0022.nii -44 27 33 -0.289345 0.460973
RRV045 con_0022.nii 44 8 34 0.622735 0.161824
RRV045 con_0022.nii -42 7 36 0.93623 0.699506
RRV045 con_0022.nii 54 -44 43 -0.917519 0.357899
RRV045 con_0022.nii -53 -50 39 -0.296765 0.173995
RRV045 con_0022.nii 32 -59 41 0.337604 0.224456
RRV045 con_0022.nii -32 -58 46 0.145191 0.405281
RRV045 con_0022.nii -6 49 1 0.225176 0.244222
RRV045 con_0023.nii 9 3 -6 -0.774599 0.721624
RRV045 con_0023.nii -9 3 -6 -0.215581 0.609776
RRV045 con_0023.nii -30 33 -18 1.15117 0.863867
RRV045 con_0023.nii 46 28 31 -0.0847628 0.329445
RRV045 con_0023.nii -44 27 33 0.608937 0.248731
RRV045 con_0023.nii 44 8 34 1.28354 0.537068
RRV045 con_0023.nii -42 7 36 0.885865 0.274522
RRV045 con_0023.nii 54 -44 43 0.524363 0.556794
RRV045 con_0023.nii -53 -50 39 0.39371 0.276684
RRV045 con_0023.nii 32 -59 41 0.344629 0.460945
RRV045 con_0023.nii -32 -58 46 0.49797 0.269767
RRV045 con_0023.nii -6 49 1 0.839411 0.619489
RRV045 con_0024.nii 9 3 -6 -0.549063 0.500148
RRV045 con_0024.nii -9 3 -6 0.214426 0.735307
RRV045 con_0024.nii -30 33 -18 1.68848 1.01608
RRV045 con_0024.nii 46 28 31 -0.173666 0.601955
RRV045 con_0024.nii -44 27 33 0.319592 0.323804
RRV045 con_0024.nii 44 8 34 1.90628 0.572758
RRV045 con_0024.nii -42 7 36 1.8221 0.828014
RRV045 con_0024.nii 54 -44 43 -0.393156 0.759799
RRV045 con_0024.nii -53 -50 39 0.0969449 0.259101
RRV045 con_0024.nii 32 -59 41 0.682233 0.607878
RRV045 con_0024.nii -32 -58 46 0.643161 0.548962
RRV045 con_0024.nii -6 49 1 1.06459 0.742267
RRV045 con_0025.nii 9 3 -6 0.113227 0.290828
RRV045 con_0025.nii -9 3 -6 0.197395 0.231303
RRV045 con_0025.nii -30 33 -18 -0.177289 0.217599
RRV045 con_0025.nii 46 28 31 -0.483139 0.272712
RRV045 con_0025.nii -44 27 33 -0.383964 0.237747
RRV045 con_0025.nii 44 8 34 0.154632 0.125835
RRV045 con_0025.nii -42 7 36 0.397384 0.190394
RRV045 con_0025.nii 54 -44 43 -0.939096 0.427692
RRV045 con_0025.nii -53 -50 39 -0.297359 0.389293
RRV045 con_0025.nii 32 -59 41 -0.275724 0.230867
RRV045 con_0025.nii -32 -58 46 -0.4422 0.156793
RRV045 con_0025.nii -6 49 1 0.352844 0.199331
RRV045 con_0026.nii 9 3 -6 -0.346554 0.297111
RRV045 con_0026.nii -9 3 -6 -0.38353 0.574334
RRV045 con_0026.nii -30 33 -18 -0.346256 0.288476
RRV045 con_0026.nii 46 28 31 -1.12623 0.383335
RRV045 con_0026.nii -44 27 33 -1.70388 0.292235
RRV045 con_0026.nii 44 8 34 -1.6813 0.54924
RRV045 con_0026.nii -42 7 36 -1.68128 0.29391
RRV045 con_0026.nii 54 -44 43 -1.69571 0.564146
RRV045 con_0026.nii -53 -50 39 -0.989749 0.245743
RRV045 con_0026.nii 32 -59 41 -0.95997 0.291902
RRV045 con_0026.nii -32 -58 46 -1.39366 0.457737
RRV045 con_0026.nii -6 49 1 -2.42137 0.524932
RRV045 con_0027.nii 9 3 -6 -0.233327 0.292024
RRV045 con_0027.nii -9 3 -6 -0.186136 0.499537
RRV045 con_0027.nii -30 33 -18 -0.523545 0.37665
RRV045 con_0027.nii 46 28 31 -1.60937 0.628207
RRV045 con_0027.nii -44 27 33 -2.08784 0.383841
RRV045 con_0027.nii 44 8 34 -1.52667 0.549286
RRV045 con_0027.nii -42 7 36 -1.2839 0.316151
RRV045 con_0027.nii 54 -44 43 -2.6348 0.944926
RRV045 con_0027.nii -53 -50 39 -1.28711 0.558872
RRV045 con_0027.nii 32 -59 41 -1.23569 0.44842
RRV045 con_0027.nii -32 -58 46 -1.83586 0.509065
RRV045 con_0027.nii -6 49 1 -2.06853 0.49718
RRV045 con_0028.nii 9 3 -6 0.157015 0.207482
RRV045 con_0028.nii -9 3 -6 0.339617 0.174996
RRV045 con_0028.nii -30 33 -18 0.0396317 0.344329
RRV045 con_0028.nii 46 28 31 -0.27402 0.260149
RRV045 con_0028.nii -44 27 33 -0.351429 0.304841
RRV045 con_0028.nii 44 8 34 0.436172 0.129333
RRV045 con_0028.nii -42 7 36 0.581362 0.42126
RRV045 con_0028.nii 54 -44 43 -1.11273 0.396984
RRV045 con_0028.nii -53 -50 39 -0.368279 0.169194
RRV045 con_0028.nii 32 -59 41 -0.118674 0.285951
RRV045 con_0028.nii -32 -58 46 -0.130497 0.256386
RRV045 con_0028.nii -6 49 1 0.502514 0.186532
RRV045 con_0029.nii 9 3 -6 -0.39736 0.199085
RRV045 con_0029.nii -9 3 -6 -0.380505 0.397178
RRV045 con_0029.nii -30 33 -18 -0.123937 0.1798
RRV045 con_0029.nii 46 28 31 -0.596239 0.297996
RRV045 con_0029.nii -44 27 33 -0.735393 0.138527
RRV045 con_0029.nii 44 8 34 -0.708123 0.244852
RRV045 con_0029.nii -42 7 36 -0.549998 0.216023
RRV045 con_0029.nii 54 -44 43 -0.197993 0.365305
RRV045 con_0029.nii -53 -50 39 -0.215965 0.18651
RRV045 con_0029.nii 32 -59 41 -0.177338 0.178079
RRV045 con_0029.nii -32 -58 46 -0.373803 0.215124
RRV045 con_0029.nii -6 49 1 -0.573422 0.198098
RRV045 con_0030.nii 9 3 -6 -0.240345 0.230955
RRV045 con_0030.nii -9 3 -6 -0.0408874 0.37104
RRV045 con_0030.nii -30 33 -18 -0.0843051 0.318523
RRV045 con_0030.nii 46 28 31 -0.870259 0.514088
RRV045 con_0030.nii -44 27 33 -1.08682 0.25372
RRV045 con_0030.nii 44 8 34 -0.271951 0.288483
RRV045 con_0030.nii -42 7 36 0.031364 0.308838
RRV045 con_0030.nii 54 -44 43 -1.31073 0.720542
RRV045 con_0030.nii -53 -50 39 -0.584244 0.297215
RRV045 con_0030.nii 32 -59 41 -0.296012 0.404054
RRV045 con_0030.nii -32 -58 46 -0.504299 0.284476
RRV045 con_0030.nii -6 49 1 -0.0709086 0.299045
