RRV033 con_0001.nii 9 3 -6 -0.0350977 0.388993
RRV033 con_0001.nii -9 3 -6 0.319998 0.40753
RRV033 con_0001.nii -30 33 -18 0.253606 0.358696
RRV033 con_0001.nii 46 28 31 0.822665 0.486655
RRV033 con_0001.nii -44 27 33 0.74587 0.35621
RRV033 con_0001.nii 44 8 34 0.474423 0.483431
RRV033 con_0001.nii -42 7 36 -0.19169 0.352317
RRV033 con_0001.nii 54 -44 43 0.322556 0.489396
RRV033 con_0001.nii -53 -50 39 0.747894 0.342564
RRV033 con_0001.nii 32 -59 41 1.48168 0.546536
RRV033 con_0001.nii -32 -58 46 0.505653 0.288447
RRV033 con_0001.nii -6 49 1 -0.0343261 0.314364
RRV033 con_0002.nii 9 3 -6 0.243579 0.321228
RRV033 con_0002.nii -9 3 -6 1.2091 0.509564
RRV033 con_0002.nii -30 33 -18 0.141622 0.431291
RRV033 con_0002.nii 46 28 31 0.224587 0.629932
RRV033 con_0002.nii -44 27 33 -0.567019 0.386147
RRV033 con_0002.nii 44 8 34 -0.58143 0.318815
RRV033 con_0002.nii -42 7 36 -0.132161 0.338514
RRV033 con_0002.nii 54 -44 43 0.520547 0.320219
RRV033 con_0002.nii -53 -50 39 0.423585 0.438927
RRV033 con_0002.nii 32 -59 41 1.23946 0.516534
RRV033 con_0002.nii -32 -58 46 -0.0811004 0.41635
RRV033 con_0002.nii -6 49 1 0.0362774 0.590874
RRV033 con_0003.nii 9 3 -6 0.208481 0.580152
RRV033 con_0003.nii -9 3 -6 1.52909 0.670585
RRV033 con_0003.nii -30 33 -18 0.395228 0.600953
RRV033 con_0003.nii 46 28 31 1.04725 1.09921
RRV033 con_0003.nii -44 27 33 0.17885 0.395822
RRV033 con_0003.nii 44 8 34 -0.107007 0.521486
RRV033 con_0003.nii -42 7 36 -0.323851 0.324305
RRV033 con_0003.nii 54 -44 43 0.843103 0.725451
RRV033 con_0003.nii -53 -50 39 1.17148 0.734469
RRV033 con_0003.nii 32 -59 41 2.72113 1.03652
RRV033 con_0003.nii -32 -58 46 0.424552 0.656723
RRV033 con_0003.nii -6 49 1 0.0019513 0.847393
RRV033 con_0004.nii 9 3 -6 -0.250244 0.312262
RRV033 con_0004.nii -9 3 -6 0.475864 0.372437
RRV033 con_0004.nii -30 33 -18 -0.226262 0.341488
RRV033 con_0004.nii 46 28 31 -0.0511139 0.28766
RRV033 con_0004.nii -44 27 33 -0.0262064 0.313533
RRV033 con_0004.nii 44 8 34 0.0385481 0.30174
RRV033 con_0004.nii -42 7 36 -0.140937 0.253531
RRV033 con_0004.nii 54 -44 43 -0.825745 0.677712
RRV033 con_0004.nii -53 -50 39 0.378792 0.252055
RRV033 con_0004.nii 32 -59 41 1.68056 0.497418
RRV033 con_0004.nii -32 -58 46 0.400862 0.394531
RRV033 con_0004.nii -6 49 1 -1.08764 0.844025
RRV033 con_0005.nii 9 3 -6 0.0960476 0.364089
RRV033 con_0005.nii -9 3 -6 -0.322027 0.302053
RRV033 con_0005.nii -30 33 -18 0.61647 0.334126
RRV033 con_0005.nii 46 28 31 0.64255 0.309223
RRV033 con_0005.nii -44 27 33 -0.162131 0.272732
RRV033 con_0005.nii 44 8 34 0.580403 0.31526
RRV033 con_0005.nii -42 7 36 0.373133 0.53547
RRV033 con_0005.nii 54 -44 43 -0.994646 0.486155
RRV033 con_0005.nii -53 -50 39 0.579709 0.529621
RRV033 con_0005.nii 32 -59 41 0.673028 0.478228
RRV033 con_0005.nii -32 -58 46 0.196102 0.1349
RRV033 con_0005.nii -6 49 1 0.766487 0.46839
RRV033 con_0006.nii 9 3 -6 -0.154196 0.522503
RRV033 con_0006.nii -9 3 -6 0.153837 0.598588
RRV033 con_0006.nii -30 33 -18 0.390208 0.294428
RRV033 con_0006.nii 46 28 31 0.591436 0.377423
RRV033 con_0006.nii -44 27 33 -0.188338 0.427447
RRV033 con_0006.nii 44 8 34 0.618951 0.597315
RRV033 con_0006.nii -42 7 36 0.232196 0.747502
RRV033 con_0006.nii 54 -44 43 -1.82039 1.15323
RRV033 con_0006.nii -53 -50 39 0.958501 0.653441
RRV033 con_0006.nii 32 -59 41 2.35359 0.865458
RRV033 con_0006.nii -32 -58 46 0.596964 0.480231
RRV033 con_0006.nii -6 49 1 -0.321151 0.816949
RRV033 con_0007.nii 9 3 -6 -0.159956 0.235079
RRV033 con_0007.nii -9 3 -6 -0.311572 0.305059
RRV033 con_0007.nii -30 33 -18 -0.252353 0.237672
RRV033 con_0007.nii 46 28 31 -0.452589 0.184642
RRV033 con_0007.nii -44 27 33 -0.227714 0.212248
RRV033 con_0007.nii 44 8 34 -0.205358 0.394405
RRV033 con_0007.nii -42 7 36 -0.910521 0.384143
RRV033 con_0007.nii 54 -44 43 -1.51355 0.822771
RRV033 con_0007.nii -53 -50 39 0.0813477 0.200405
RRV033 con_0007.nii 32 -59 41 1.21816 0.494356
RRV033 con_0007.nii -32 -58 46 0.228139 0.243399
RRV033 con_0007.nii -6 49 1 -2.16676 0.891845
RRV033 con_0008.nii 9 3 -6 0.34013 0.519487
RRV033 con_0008.nii -9 3 -6 0.524485 0.703723
RRV033 con_0008.nii -30 33 -18 0.531045 0.362078
RRV033 con_0008.nii 46 28 31 0.911708 0.656676
RRV033 con_0008.nii -44 27 33 0.598969 0.337145
RRV033 con_0008.nii 44 8 34 0.380249 0.259812
RRV033 con_0008.nii -42 7 36 0.237022 0.318347
RRV033 con_0008.nii 54 -44 43 1.46544 0.608116
RRV033 con_0008.nii -53 -50 39 1.28254 0.551104
RRV033 con_0008.nii 32 -59 41 1.71973 0.689648
RRV033 con_0008.nii -32 -58 46 0.83669 0.42273
RRV033 con_0008.nii -6 49 1 1.52388 0.772958
RRV033 con_0009.nii 9 3 -6 0.180174 0.681096
RRV033 con_0009.nii -9 3 -6 0.212913 0.597422
RRV033 con_0009.nii -30 33 -18 0.278692 0.411942
RRV033 con_0009.nii 46 28 31 0.459119 0.685664
RRV033 con_0009.nii -44 27 33 0.371254 0.317411
RRV033 con_0009.nii 44 8 34 0.174891 0.500828
RRV033 con_0009.nii -42 7 36 -0.673499 0.591245
RRV033 con_0009.nii 54 -44 43 -0.0481038 1.15534
RRV033 con_0009.nii -53 -50 39 1.36389 0.636818
RRV033 con_0009.nii 32 -59 41 2.93788 1.11878
RRV033 con_0009.nii -32 -58 46 1.06483 0.577396
RRV033 con_0009.nii -6 49 1 -0.642884 0.725162
RRV033 con_0010.nii 9 3 -6 0.0742002 0.366628
RRV033 con_0010.nii -9 3 -6 0.0878415 0.188851
RRV033 con_0010.nii -30 33 -18 0.394155 0.172255
RRV033 con_0010.nii 46 28 31 0.0333959 0.121781
RRV033 con_0010.nii -44 27 33 -0.29917 0.247735
RRV033 con_0010.nii 44 8 34 0.0669627 0.297953
RRV033 con_0010.nii -42 7 36 -0.612085 0.440431
RRV033 con_0010.nii 54 -44 43 -1.33674 0.5849
RRV033 con_0010.nii -53 -50 39 0.244212 0.21678
RRV033 con_0010.nii 32 -59 41 0.746819 0.469958
RRV033 con_0010.nii -32 -58 46 -0.0516303 0.176486
RRV033 con_0010.nii -6 49 1 -0.348313 0.423005
RRV033 con_0011.nii 9 3 -6 -0.0764897 0.299902
RRV033 con_0011.nii -9 3 -6 -0.203024 0.185752
RRV033 con_0011.nii -30 33 -18 -0.194596 0.263158
RRV033 con_0011.nii 46 28 31 0.584396 0.303227
RRV033 con_0011.nii -44 27 33 -0.192914 0.171584
RRV033 con_0011.nii 44 8 34 0.122834 0.394142
RRV033 con_0011.nii -42 7 36 -0.259566 0.312568
RRV033 con_0011.nii 54 -44 43 -0.208483 0.333764
RRV033 con_0011.nii -53 -50 39 0.467973 0.424731
RRV033 con_0011.nii 32 -59 41 0.699601 0.374836
RRV033 con_0011.nii -32 -58 46 -0.110019 0.349063
RRV033 con_0011.nii -6 49 1 -0.68971 0.30711
RRV033 con_0012.nii 9 3 -6 -0.0022895 0.486917
RRV033 con_0012.nii -9 3 -6 -0.115182 0.193737
RRV033 con_0012.nii -30 33 -18 0.199559 0.248668
RRV033 con_0012.nii 46 28 31 0.617792 0.295659
RRV033 con_0012.nii -44 27 33 -0.492084 0.387694
RRV033 con_0012.nii 44 8 34 0.189797 0.668337
RRV033 con_0012.nii -42 7 36 -0.87165 0.738747
RRV033 con_0012.nii 54 -44 43 -1.54522 0.866266
RRV033 con_0012.nii -53 -50 39 0.712185 0.632277
RRV033 con_0012.nii 32 -59 41 1.44642 0.827229
RRV033 con_0012.nii -32 -58 46 -0.16165 0.496474
RRV033 con_0012.nii -6 49 1 -1.03802 0.661749
RRV033 con_0013.nii 9 3 -6 -0.0671729 0.345185
RRV033 con_0013.nii -9 3 -6 0.0467261 0.141781
RRV033 con_0013.nii -30 33 -18 -0.266733 0.264313
RRV033 con_0013.nii 46 28 31 0.232983 0.221812
RRV033 con_0013.nii -44 27 33 -0.0604536 0.14793
RRV033 con_0013.nii 44 8 34 -0.0336196 0.261539
RRV033 con_0013.nii -42 7 36 -0.720446 0.314816
RRV033 con_0013.nii 54 -44 43 -0.450431 0.425445
RRV033 con_0013.nii -53 -50 39 0.375725 0.266002
RRV033 con_0013.nii 32 -59 41 0.760377 0.210301
RRV033 con_0013.nii -32 -58 46 -0.296571 0.356848
RRV033 con_0013.nii -6 49 1 -1.68452 0.824202
RRV033 con_0014.nii 9 3 -6 -0.00259894 0.214909
RRV033 con_0014.nii -9 3 -6 -0.0689762 0.252832
RRV033 con_0014.nii -30 33 -18 0.412015 0.213159
RRV033 con_0014.nii 46 28 31 0.6695 0.364816
RRV033 con_0014.nii -44 27 33 -0.138896 0.227859
RRV033 con_0014.nii 44 8 34 -0.111501 0.328242
RRV033 con_0014.nii -42 7 36 -0.378389 0.184263
RRV033 con_0014.nii 54 -44 43 0.00804463 0.341885
RRV033 con_0014.nii -53 -50 39 0.355588 0.300872
RRV033 con_0014.nii 32 -59 41 1.37746 0.453465
RRV033 con_0014.nii -32 -58 46 0.358235 0.424542
RRV033 con_0014.nii -6 49 1 -0.534198 0.404566
RRV033 con_0015.nii 9 3 -6 -0.0697718 0.439968
RRV033 con_0015.nii -9 3 -6 -0.0222502 0.216782
RRV033 con_0015.nii -30 33 -18 0.145282 0.385745
RRV033 con_0015.nii 46 28 31 0.902483 0.553464
RRV033 con_0015.nii -44 27 33 -0.19935 0.344332
RRV033 con_0015.nii 44 8 34 -0.14512 0.536048
RRV033 con_0015.nii -42 7 36 -1.09883 0.403861
RRV033 con_0015.nii 54 -44 43 -0.442386 0.761887
RRV033 con_0015.nii -53 -50 39 0.731312 0.553205
RRV033 con_0015.nii 32 -59 41 2.13784 0.630234
RRV033 con_0015.nii -32 -58 46 0.0616634 0.745179
RRV033 con_0015.nii -6 49 1 -2.21872 1.18263
RRV033 con_0016.nii 9 3 -6 -0.148432 0.260072
RRV033 con_0016.nii -9 3 -6 0.16143 0.282233
RRV033 con_0016.nii -30 33 -18 -0.0750032 0.196425
RRV033 con_0016.nii 46 28 31 0.106321 0.252659
RRV033 con_0016.nii -44 27 33 0.163983 0.230277
RRV033 con_0016.nii 44 8 34 0.102538 0.347741
RRV033 con_0016.nii -42 7 36 -0.414383 0.301558
RRV033 con_0016.nii 54 -44 43 -0.672245 0.637488
RRV033 con_0016.nii -53 -50 39 0.402678 0.233335
RRV033 con_0016.nii 32 -59 41 1.46013 0.490139
RRV033 con_0016.nii -32 -58 46 0.378218 0.27463
RRV033 con_0016.nii -6 49 1 -1.09624 0.627264
RRV033 con_0017.nii 9 3 -6 0.226586 0.303581
RRV033 con_0017.nii -9 3 -6 0.470518 0.314339
RRV033 con_0017.nii -30 33 -18 0.429713 0.254438
RRV033 con_0017.nii 46 28 31 0.592948 0.47849
RRV033 con_0017.nii -44 27 33 -0.043394 0.240164
RRV033 con_0017.nii 44 8 34 0.126407 0.171114
RRV033 con_0017.nii -42 7 36 0.159331 0.197385
RRV033 con_0017.nii 54 -44 43 0.330448 0.387023
RRV033 con_0017.nii -53 -50 39 0.761947 0.489118
RRV033 con_0017.nii 32 -59 41 1.21074 0.511116
RRV033 con_0017.nii -32 -58 46 0.31723 0.28823
RRV033 con_0017.nii -6 49 1 0.775547 0.486828
RRV033 con_0018.nii 9 3 -6 0.0781533 0.499828
RRV033 con_0018.nii -9 3 -6 0.631948 0.412696
RRV033 con_0018.nii -30 33 -18 0.354709 0.25767
RRV033 con_0018.nii 46 28 31 0.699269 0.697194
RRV033 con_0018.nii -44 27 33 0.120589 0.336194
RRV033 con_0018.nii 44 8 34 0.228945 0.456791
RRV033 con_0018.nii -42 7 36 -0.255051 0.467722
RRV033 con_0018.nii 54 -44 43 -0.341797 0.950907
RRV033 con_0018.nii -53 -50 39 1.16462 0.659783
RRV033 con_0018.nii 32 -59 41 2.67087 0.988583
RRV033 con_0018.nii -32 -58 46 0.695448 0.538366
RRV033 con_0018.nii -6 49 1 -0.320695 0.737252
RRV033 con_0019.nii 9 3 -6 -0.109298 0.303993
RRV033 con_0019.nii -9 3 -6 0.232156 0.385756
RRV033 con_0019.nii -30 33 -18 -0.140549 0.285982
RRV033 con_0019.nii 46 28 31 0.789269 0.54414
RRV033 con_0019.nii -44 27 33 1.04504 0.378299
RRV033 con_0019.nii 44 8 34 0.40746 0.305197
RRV033 con_0019.nii -42 7 36 0.420395 0.300076
RRV033 con_0019.nii 54 -44 43 1.6593 0.481279
RRV033 con_0019.nii -53 -50 39 0.503682 0.239553
RRV033 con_0019.nii 32 -59 41 0.734859 0.248136
RRV033 con_0019.nii -32 -58 46 0.557283 0.170096
RRV033 con_0019.nii -6 49 1 0.313987 0.257093
RRV033 con_0020.nii 9 3 -6 0.320069 0.315147
RRV033 con_0020.nii -9 3 -6 1.41212 0.550575
RRV033 con_0020.nii -30 33 -18 0.336218 0.555782
RRV033 con_0020.nii 46 28 31 -0.359809 0.355911
RRV033 con_0020.nii -44 27 33 -0.374105 0.294
RRV033 con_0020.nii 44 8 34 -0.704264 0.438868
RRV033 con_0020.nii -42 7 36 0.127405 0.598726
RRV033 con_0020.nii 54 -44 43 0.72903 0.378517
RRV033 con_0020.nii -53 -50 39 -0.0443877 0.150995
RRV033 con_0020.nii 32 -59 41 0.539856 0.191762
RRV033 con_0020.nii -32 -58 46 0.0289189 0.303801
RRV033 con_0020.nii -6 49 1 0.725988 0.427866
RRV033 con_0021.nii 9 3 -6 0.210771 0.339696
RRV033 con_0021.nii -9 3 -6 1.64428 0.631696
RRV033 con_0021.nii -30 33 -18 0.195669 0.703369
RRV033 con_0021.nii 46 28 31 0.42946 0.876136
RRV033 con_0021.nii -44 27 33 0.670934 0.268812
RRV033 con_0021.nii 44 8 34 -0.296804 0.434231
RRV033 con_0021.nii -42 7 36 0.5478 0.810815
RRV033 con_0021.nii 54 -44 43 2.38833 0.778411
RRV033 con_0021.nii -53 -50 39 0.459294 0.321248
RRV033 con_0021.nii 32 -59 41 1.27471 0.344465
RRV033 con_0021.nii -32 -58 46 0.586202 0.406741
RRV033 con_0021.nii -6 49 1 1.03997 0.554709
RRV033 con_0022.nii 9 3 -6 -0.324444 0.261412
RRV033 con_0022.nii -9 3 -6 0.388023 0.329053
RRV033 con_0022.nii -30 33 -18 -0.620417 0.324548
RRV033 con_0022.nii 46 28 31 -0.0845098 0.355495
RRV033 con_0022.nii -44 27 33 0.272963 0.197195
RRV033 con_0022.nii 44 8 34 -0.0284146 0.247814
RRV033 con_0022.nii -42 7 36 0.471147 0.297296
RRV033 con_0022.nii 54 -44 43 0.510995 0.253137
RRV033 con_0022.nii -53 -50 39 0.134579 0.282273
RRV033 con_0022.nii 32 -59 41 0.933746 0.257812
RRV033 con_0022.nii -32 -58 46 0.452492 0.331504
RRV033 con_0022.nii -6 49 1 -0.739326 0.630186
RRV033 con_0023.nii 9 3 -6 0.172537 0.533916
RRV033 con_0023.nii -9 3 -6 -0.119004 0.368596
RRV033 con_0023.nii -30 33 -18 0.811066 0.308028
RRV033 con_0023.nii 46 28 31 0.0581541 0.316103
RRV033 con_0023.nii -44 27 33 0.0307831 0.252493
RRV033 con_0023.nii 44 8 34 0.457569 0.333783
RRV033 con_0023.nii -42 7 36 0.632699 0.318784
RRV033 con_0023.nii 54 -44 43 -0.786164 0.239616
RRV033 con_0023.nii -53 -50 39 0.111737 0.198381
RRV033 con_0023.nii 32 -59 41 -0.0265728 0.310754
RRV033 con_0023.nii -32 -58 46 0.306121 0.279252
RRV033 con_0023.nii -6 49 1 1.4562 0.530523
RRV033 con_0024.nii 9 3 -6 -0.151907 0.389449
RRV033 con_0024.nii -9 3 -6 0.269019 0.570391
RRV033 con_0024.nii -30 33 -18 0.19065 0.321603
RRV033 con_0024.nii 46 28 31 -0.0263557 0.17253
RRV033 con_0024.nii -44 27 33 0.303746 0.253802
RRV033 con_0024.nii 44 8 34 0.429154 0.529498
RRV033 con_0024.nii -42 7 36 1.10385 0.358464
RRV033 con_0024.nii 54 -44 43 -0.275169 0.407584
RRV033 con_0024.nii -53 -50 39 0.246316 0.367963
RRV033 con_0024.nii 32 -59 41 0.907173 0.272577
RRV033 con_0024.nii -32 -58 46 0.758613 0.311511
RRV033 con_0024.nii -6 49 1 0.716872 0.402267
RRV033 con_0025.nii 9 3 -6 -0.234156 0.285956
RRV033 con_0025.nii -9 3 -6 -0.399414 0.29157
RRV033 con_0025.nii -30 33 -18 -0.646508 0.304223
RRV033 con_0025.nii 46 28 31 -0.485985 0.239087
RRV033 con_0025.nii -44 27 33 0.0714553 0.312501
RRV033 con_0025.nii 44 8 34 -0.27232 0.266358
RRV033 con_0025.nii -42 7 36 -0.298436 0.175312
RRV033 con_0025.nii 54 -44 43 -0.176808 0.356224
RRV033 con_0025.nii -53 -50 39 -0.162865 0.251337
RRV033 con_0025.nii 32 -59 41 0.471337 0.236287
RRV033 con_0025.nii -32 -58 46 0.279769 0.119983
RRV033 con_0025.nii -6 49 1 -1.81845 0.618636
RRV033 con_0026.nii 9 3 -6 0.41662 0.448034
RRV033 con_0026.nii -9 3 -6 0.727509 0.640059
RRV033 con_0026.nii -30 33 -18 0.725641 0.399435
RRV033 con_0026.nii 46 28 31 0.327312 0.364236
RRV033 con_0026.nii -44 27 33 0.791883 0.380599
RRV033 con_0026.nii 44 8 34 0.257414 0.311988
RRV033 con_0026.nii -42 7 36 0.496587 0.432103
RRV033 con_0026.nii 54 -44 43 1.67393 0.528362
RRV033 con_0026.nii -53 -50 39 0.814572 0.25277
RRV033 con_0026.nii 32 -59 41 1.02013 0.362007
RRV033 con_0026.nii -32 -58 46 0.946709 0.215038
RRV033 con_0026.nii -6 49 1 2.21359 0.866142
RRV033 con_0027.nii 9 3 -6 0.182464 0.476217
RRV033 con_0027.nii -9 3 -6 0.328095 0.544248
RRV033 con_0027.nii -30 33 -18 0.079133 0.321049
RRV033 con_0027.nii 46 28 31 -0.158673 0.457719
RRV033 con_0027.nii -44 27 33 0.863338 0.401823
RRV033 con_0027.nii 44 8 34 -0.014906 0.409571
RRV033 con_0027.nii -42 7 36 0.198151 0.543907
RRV033 con_0027.nii 54 -44 43 1.49712 0.743561
RRV033 con_0027.nii -53 -50 39 0.651707 0.379567
RRV033 con_0027.nii 32 -59 41 1.49146 0.447624
RRV033 con_0027.nii -32 -58 46 1.22648 0.233021
RRV033 con_0027.nii -6 49 1 0.395139 0.445863
RRV033 con_0028.nii 9 3 -6 -0.222633 0.21706
RRV033 con_0028.nii -9 3 -6 0.0735884 0.247126
RRV033 con_0028.nii -30 33 -18 -0.469158 0.176684
RRV033 con_0028.nii 46 28 31 0.0729248 0.325301
RRV033 con_0028.nii -44 27 33 0.463153 0.236993
RRV033 con_0028.nii 44 8 34 0.0355752 0.189708
RRV033 con_0028.nii -42 7 36 0.197702 0.22061
RRV033 con_0028.nii 54 -44 43 0.664494 0.297781
RRV033 con_0028.nii -53 -50 39 0.158466 0.217964
RRV033 con_0028.nii 32 -59 41 0.713314 0.19499
RRV033 con_0028.nii -32 -58 46 0.429848 0.16471
RRV033 con_0028.nii -6 49 1 -0.747929 0.374047
RRV033 con_0029.nii 9 3 -6 0.303075 0.344474
RRV033 con_0029.nii -9 3 -6 0.673542 0.315689
RRV033 con_0029.nii -30 33 -18 0.624309 0.331053
RRV033 con_0029.nii 46 28 31 0.0085523 0.202044
RRV033 con_0029.nii -44 27 33 0.14952 0.208902
RRV033 con_0029.nii 44 8 34 0.00357299 0.271206
RRV033 con_0029.nii -42 7 36 0.418897 0.294973
RRV033 con_0029.nii 54 -44 43 0.538931 0.271125
RRV033 con_0029.nii -53 -50 39 0.293974 0.149316
RRV033 con_0029.nii 32 -59 41 0.511136 0.16019
RRV033 con_0029.nii -32 -58 46 0.42725 0.17842
RRV033 con_0029.nii -6 49 1 1.46526 0.503237
RRV033 con_0030.nii 9 3 -6 0.0804428 0.237945
RRV033 con_0030.nii -9 3 -6 0.747131 0.349591
RRV033 con_0030.nii -30 33 -18 0.155151 0.307073
RRV033 con_0030.nii 46 28 31 0.0814771 0.463426
RRV033 con_0030.nii -44 27 33 0.612673 0.256307
RRV033 con_0030.nii 44 8 34 0.0391481 0.357345
RRV033 con_0030.nii -42 7 36 0.616599 0.49144
RRV033 con_0030.nii 54 -44 43 1.20342 0.531212
RRV033 con_0030.nii -53 -50 39 0.452439 0.324881
RRV033 con_0030.nii 32 -59 41 1.22445 0.28876
RRV033 con_0030.nii -32 -58 46 0.857098 0.252322
RRV033 con_0030.nii -6 49 1 0.717329 0.359443
