RRV013 con_0001.nii 9 3 -6 0.559768 0.258264
RRV013 con_0001.nii -9 3 -6 0.107072 0.297251
RRV013 con_0001.nii -30 33 -18 0.0436454 0.27287
RRV013 con_0001.nii 46 28 31 0.753288 0.329461
RRV013 con_0001.nii -44 27 33 0.250072 0.381035
RRV013 con_0001.nii 44 8 34 0.91345 0.364293
RRV013 con_0001.nii -42 7 36 1.03092 0.497552
RRV013 con_0001.nii 54 -44 43 -0.248024 0.367325
RRV013 con_0001.nii -53 -50 39 0.460005 0.255908
RRV013 con_0001.nii 32 -59 41 0.839986 0.562107
RRV013 con_0001.nii -32 -58 46 0.199093 0.271721
RRV013 con_0001.nii -6 49 1 -0.750559 0.285605
RRV013 con_0002.nii 9 3 -6 0.673597 0.423779
RRV013 con_0002.nii -9 3 -6 0.598695 0.601584
RRV013 con_0002.nii -30 33 -18 -0.374119 0.372572
RRV013 con_0002.nii 46 28 31 0.932092 0.564931
RRV013 con_0002.nii -44 27 33 0.189658 0.244153
RRV013 con_0002.nii 44 8 34 0.123786 0.526713
RRV013 con_0002.nii -42 7 36 0.34769 0.294745
RRV013 con_0002.nii 54 -44 43 0.319889 0.325761
RRV013 con_0002.nii -53 -50 39 -0.254023 0.363043
RRV013 con_0002.nii 32 -59 41 0.383759 0.511832
RRV013 con_0002.nii -32 -58 46 -0.826882 0.579029
RRV013 con_0002.nii -6 49 1 0.730554 0.493449
RRV013 con_0003.nii 9 3 -6 1.23337 0.526015
RRV013 con_0003.nii -9 3 -6 0.705767 0.633436
RRV013 con_0003.nii -30 33 -18 -0.330473 0.410589
RRV013 con_0003.nii 46 28 31 1.68538 0.821367
RRV013 con_0003.nii -44 27 33 0.43973 0.409638
RRV013 con_0003.nii 44 8 34 1.03724 0.686736
RRV013 con_0003.nii -42 7 36 1.37861 0.72552
RRV013 con_0003.nii 54 -44 43 0.0718649 0.287833
RRV013 con_0003.nii -53 -50 39 0.205982 0.496343
RRV013 con_0003.nii 32 -59 41 1.22374 0.982423
RRV013 con_0003.nii -32 -58 46 -0.627789 0.760535
RRV013 con_0003.nii -6 49 1 -0.0200048 0.582639
RRV013 con_0004.nii 9 3 -6 0.301798 0.579579
RRV013 con_0004.nii -9 3 -6 0.429506 0.30458
RRV013 con_0004.nii -30 33 -18 -0.0994084 0.223627
RRV013 con_0004.nii 46 28 31 0.0822465 0.253954
RRV013 con_0004.nii -44 27 33 -0.519956 0.467421
RRV013 con_0004.nii 44 8 34 0.0152098 0.275865
RRV013 con_0004.nii -42 7 36 -0.195332 0.30678
RRV013 con_0004.nii 54 -44 43 -1.00068 0.312762
RRV013 con_0004.nii -53 -50 39 -0.248448 0.220898
RRV013 con_0004.nii 32 -59 41 0.133657 0.50319
RRV013 con_0004.nii -32 -58 46 0.182433 0.644003
RRV013 con_0004.nii -6 49 1 -0.778914 0.358565
RRV013 con_0005.nii 9 3 -6 0.519178 0.333233
RRV013 con_0005.nii -9 3 -6 0.0871742 0.585177
RRV013 con_0005.nii -30 33 -18 -0.374996 0.617468
RRV013 con_0005.nii 46 28 31 -1.16779 0.450103
RRV013 con_0005.nii -44 27 33 -0.762521 0.319938
RRV013 con_0005.nii 44 8 34 -1.73645 0.506898
RRV013 con_0005.nii -42 7 36 -1.67084 0.922138
RRV013 con_0005.nii 54 -44 43 -1.87315 0.553012
RRV013 con_0005.nii -53 -50 39 -1.06212 0.625826
RRV013 con_0005.nii 32 -59 41 -0.23685 0.498527
RRV013 con_0005.nii -32 -58 46 -2.8038 1.26759
RRV013 con_0005.nii -6 49 1 -2.11809 0.70058
RRV013 con_0006.nii 9 3 -6 0.820976 0.511172
RRV013 con_0006.nii -9 3 -6 0.51668 0.426507
RRV013 con_0006.nii -30 33 -18 -0.474405 0.733703
RRV013 con_0006.nii 46 28 31 -1.08554 0.574816
RRV013 con_0006.nii -44 27 33 -1.28248 0.592625
RRV013 con_0006.nii 44 8 34 -1.72124 0.481055
RRV013 con_0006.nii -42 7 36 -1.86617 1.168
RRV013 con_0006.nii 54 -44 43 -2.87383 0.737541
RRV013 con_0006.nii -53 -50 39 -1.31057 0.761716
RRV013 con_0006.nii 32 -59 41 -0.103193 0.821097
RRV013 con_0006.nii -32 -58 46 -2.62137 1.01298
RRV013 con_0006.nii -6 49 1 -2.897 0.760947
RRV013 con_0007.nii 9 3 -6 0.388598 0.207263
RRV013 con_0007.nii -9 3 -6 0.833923 0.513177
RRV013 con_0007.nii -30 33 -18 0.0281709 0.458229
RRV013 con_0007.nii 46 28 31 1.0554 0.508922
RRV013 con_0007.nii -44 27 33 0.546598 0.437302
RRV013 con_0007.nii 44 8 34 1.38642 0.705917
RRV013 con_0007.nii -42 7 36 1.78572 0.745157
RRV013 con_0007.nii 54 -44 43 0.207618 0.337046
RRV013 con_0007.nii -53 -50 39 0.177999 0.292738
RRV013 con_0007.nii 32 -59 41 1.20454 0.585162
RRV013 con_0007.nii -32 -58 46 0.814532 0.457692
RRV013 con_0007.nii -6 49 1 0.348055 0.391709
RRV013 con_0008.nii 9 3 -6 0.136433 0.294735
RRV013 con_0008.nii -9 3 -6 0.36115 0.238481
RRV013 con_0008.nii -30 33 -18 0.340486 0.166767
RRV013 con_0008.nii 46 28 31 0.336945 0.583096
RRV013 con_0008.nii -44 27 33 0.197722 0.219566
RRV013 con_0008.nii 44 8 34 -0.690143 0.654118
RRV013 con_0008.nii -42 7 36 0.0292065 0.344543
RRV013 con_0008.nii 54 -44 43 -0.576046 0.448398
RRV013 con_0008.nii -53 -50 39 -0.237827 0.259186
RRV013 con_0008.nii 32 -59 41 0.202621 0.181317
RRV013 con_0008.nii -32 -58 46 -0.131138 0.476206
RRV013 con_0008.nii -6 49 1 0.961195 0.342394
RRV013 con_0009.nii 9 3 -6 0.525031 0.373686
RRV013 con_0009.nii -9 3 -6 1.19507 0.603416
RRV013 con_0009.nii -30 33 -18 0.368657 0.502516
RRV013 con_0009.nii 46 28 31 1.39235 0.878644
RRV013 con_0009.nii -44 27 33 0.74432 0.604822
RRV013 con_0009.nii 44 8 34 0.696276 1.29518
RRV013 con_0009.nii -42 7 36 1.81493 0.646761
RRV013 con_0009.nii 54 -44 43 -0.368427 0.737078
RRV013 con_0009.nii -53 -50 39 -0.0598283 0.438149
RRV013 con_0009.nii 32 -59 41 1.40716 0.601448
RRV013 con_0009.nii -32 -58 46 0.683394 0.819349
RRV013 con_0009.nii -6 49 1 1.30925 0.516882
RRV013 con_0010.nii 9 3 -6 -0.0400255 0.284142
RRV013 con_0010.nii -9 3 -6 0.302455 0.235025
RRV013 con_0010.nii -30 33 -18 0.289543 0.360451
RRV013 con_0010.nii 46 28 31 -0.0597532 0.142963
RRV013 con_0010.nii -44 27 33 -0.254197 0.203569
RRV013 con_0010.nii 44 8 34 0.357806 0.296521
RRV013 con_0010.nii -42 7 36 -0.00833274 0.262841
RRV013 con_0010.nii 54 -44 43 -0.218166 0.227592
RRV013 con_0010.nii -53 -50 39 -0.349436 0.296004
RRV013 con_0010.nii 32 -59 41 0.598276 0.473661
RRV013 con_0010.nii -32 -58 46 -0.447597 0.363145
RRV013 con_0010.nii -6 49 1 -0.351278 0.19784
RRV013 con_0011.nii 9 3 -6 -0.00424071 0.303263
RRV013 con_0011.nii -9 3 -6 -0.171256 0.411178
RRV013 con_0011.nii -30 33 -18 -0.26716 0.501296
RRV013 con_0011.nii 46 28 31 -0.539575 0.22736
RRV013 con_0011.nii -44 27 33 -0.515765 0.162038
RRV013 con_0011.nii 44 8 34 -0.875759 0.449587
RRV013 con_0011.nii -42 7 36 -0.330028 0.406517
RRV013 con_0011.nii 54 -44 43 -0.729219 0.236265
RRV013 con_0011.nii -53 -50 39 -0.782155 0.404521
RRV013 con_0011.nii 32 -59 41 -0.248135 0.325806
RRV013 con_0011.nii -32 -58 46 -0.987682 0.399629
RRV013 con_0011.nii -6 49 1 -0.124768 0.28774
RRV013 con_0012.nii 9 3 -6 -0.0442662 0.490454
RRV013 con_0012.nii -9 3 -6 0.131199 0.467188
RRV013 con_0012.nii -30 33 -18 0.0223829 0.349508
RRV013 con_0012.nii 46 28 31 -0.599328 0.314234
RRV013 con_0012.nii -44 27 33 -0.769962 0.328186
RRV013 con_0012.nii 44 8 34 -0.517953 0.596485
RRV013 con_0012.nii -42 7 36 -0.338361 0.262099
RRV013 con_0012.nii 54 -44 43 -0.947385 0.42247
RRV013 con_0012.nii -53 -50 39 -1.13159 0.663162
RRV013 con_0012.nii 32 -59 41 0.350141 0.763386
RRV013 con_0012.nii -32 -58 46 -1.43528 0.578398
RRV013 con_0012.nii -6 49 1 -0.476046 0.25134
RRV013 con_0013.nii 9 3 -6 0.226645 0.201814
RRV013 con_0013.nii -9 3 -6 0.46714 0.353608
RRV013 con_0013.nii -30 33 -18 0.123861 0.250004
RRV013 con_0013.nii 46 28 31 0.012438 0.291088
RRV013 con_0013.nii -44 27 33 0.0593627 0.245841
RRV013 con_0013.nii 44 8 34 0.943445 0.346585
RRV013 con_0013.nii -42 7 36 0.46338 0.473874
RRV013 con_0013.nii 54 -44 43 -0.510756 0.325851
RRV013 con_0013.nii -53 -50 39 0.0110951 0.278164
RRV013 con_0013.nii 32 -59 41 1.02775 0.637455
RRV013 con_0013.nii -32 -58 46 -0.161012 0.379348
RRV013 con_0013.nii -6 49 1 -0.183086 0.191646
RRV013 con_0014.nii 9 3 -6 0.192099 0.183224
RRV013 con_0014.nii -9 3 -6 0.211116 0.355926
RRV013 con_0014.nii -30 33 -18 -0.0704687 0.272751
RRV013 con_0014.nii 46 28 31 -0.433435 0.171047
RRV013 con_0014.nii -44 27 33 -0.127815 0.231999
RRV013 con_0014.nii 44 8 34 -0.14338 0.140866
RRV013 con_0014.nii -42 7 36 -0.186592 0.115971
RRV013 con_0014.nii 54 -44 43 -0.890582 0.382407
RRV013 con_0014.nii -53 -50 39 -0.345156 0.291501
RRV013 con_0014.nii 32 -59 41 0.122013 0.464719
RRV013 con_0014.nii -32 -58 46 -0.71234 0.363889
RRV013 con_0014.nii -6 49 1 0.0978708 0.31302
RRV013 con_0015.nii 9 3 -6 0.418743 0.289628
RRV013 con_0015.nii -9 3 -6 0.678257 0.556328
RRV013 con_0015.nii -30 33 -18 0.0533925 0.298351
RRV013 con_0015.nii 46 28 31 -0.420997 0.401341
RRV013 con_0015.nii -44 27 33 -0.0684526 0.391421
RRV013 con_0015.nii 44 8 34 0.800065 0.411183
RRV013 con_0015.nii -42 7 36 0.276788 0.422096
RRV013 con_0015.nii 54 -44 43 -1.40134 0.64225
RRV013 con_0015.nii -53 -50 39 -0.334061 0.497991
RRV013 con_0015.nii 32 -59 41 1.14976 1.02649
RRV013 con_0015.nii -32 -58 46 -0.873352 0.675414
RRV013 con_0015.nii -6 49 1 -0.0852154 0.370424
RRV013 con_0016.nii 9 3 -6 0.416721 0.255512
RRV013 con_0016.nii -9 3 -6 0.456834 0.254966
RRV013 con_0016.nii -30 33 -18 -0.00919739 0.27126
RRV013 con_0016.nii 46 28 31 0.630312 0.304663
RRV013 con_0016.nii -44 27 33 0.0922377 0.400685
RRV013 con_0016.nii 44 8 34 0.771693 0.383158
RRV013 con_0016.nii -42 7 36 0.87377 0.337478
RRV013 con_0016.nii 54 -44 43 -0.34703 0.231894
RRV013 con_0016.nii -53 -50 39 0.129852 0.173139
RRV013 con_0016.nii 32 -59 41 0.72606 0.521685
RRV013 con_0016.nii -32 -58 46 0.398686 0.339713
RRV013 con_0016.nii -6 49 1 -0.393806 0.271758
RRV013 con_0017.nii 9 3 -6 0.443069 0.198953
RRV013 con_0017.nii -9 3 -6 0.349006 0.288
RRV013 con_0017.nii -30 33 -18 -0.13621 0.297463
RRV013 con_0017.nii 46 28 31 0.0337496 0.354086
RRV013 con_0017.nii -44 27 33 -0.125047 0.178148
RRV013 con_0017.nii 44 8 34 -0.767603 0.382991
RRV013 con_0017.nii -42 7 36 -0.431316 0.324725
RRV013 con_0017.nii 54 -44 43 -0.709769 0.296953
RRV013 con_0017.nii -53 -50 39 -0.517991 0.359234
RRV013 con_0017.nii 32 -59 41 0.11651 0.348216
RRV013 con_0017.nii -32 -58 46 -1.25394 0.517996
RRV013 con_0017.nii -6 49 1 -0.142113 0.347728
RRV013 con_0018.nii 9 3 -6 0.859791 0.31652
RRV013 con_0018.nii -9 3 -6 0.80584 0.300158
RRV013 con_0018.nii -30 33 -18 -0.145407 0.408269
RRV013 con_0018.nii 46 28 31 0.664062 0.567771
RRV013 con_0018.nii -44 27 33 -0.0328089 0.469088
RRV013 con_0018.nii 44 8 34 0.00408956 0.662502
RRV013 con_0018.nii -42 7 36 0.442454 0.234424
RRV013 con_0018.nii 54 -44 43 -1.0568 0.476929
RRV013 con_0018.nii -53 -50 39 -0.388139 0.450463
RRV013 con_0018.nii 32 -59 41 0.84257 0.734289
RRV013 con_0018.nii -32 -58 46 -0.855254 0.505284
RRV013 con_0018.nii -6 49 1 -0.535919 0.392495
RRV013 con_0019.nii 9 3 -6 0.599794 0.445674
RRV013 con_0019.nii -9 3 -6 -0.195383 0.412046
RRV013 con_0019.nii -30 33 -18 -0.245898 0.355071
RRV013 con_0019.nii 46 28 31 0.813041 0.27625
RRV013 con_0019.nii -44 27 33 0.504269 0.242762
RRV013 con_0019.nii 44 8 34 0.555644 0.161066
RRV013 con_0019.nii -42 7 36 1.03925 0.476806
RRV013 con_0019.nii 54 -44 43 -0.0298583 0.360948
RRV013 con_0019.nii -53 -50 39 0.809441 0.463922
RRV013 con_0019.nii 32 -59 41 0.24171 0.313984
RRV013 con_0019.nii -32 -58 46 0.646689 0.316753
RRV013 con_0019.nii -6 49 1 -0.39928 0.300976
RRV013 con_0020.nii 9 3 -6 0.677838 0.411668
RRV013 con_0020.nii -9 3 -6 0.769951 0.4231
RRV013 con_0020.nii -30 33 -18 -0.106959 0.222478
RRV013 con_0020.nii 46 28 31 1.47167 0.453876
RRV013 con_0020.nii -44 27 33 0.705423 0.340808
RRV013 con_0020.nii 44 8 34 0.999545 0.211176
RRV013 con_0020.nii -42 7 36 0.677718 0.479875
RRV013 con_0020.nii 54 -44 43 1.04911 0.333471
RRV013 con_0020.nii -53 -50 39 0.528132 0.477057
RRV013 con_0020.nii 32 -59 41 0.631894 0.326204
RRV013 con_0020.nii -32 -58 46 0.160801 0.49561
RRV013 con_0020.nii -6 49 1 0.855322 0.568028
RRV013 con_0021.nii 9 3 -6 1.27763 0.744894
RRV013 con_0021.nii -9 3 -6 0.574568 0.595143
RRV013 con_0021.nii -30 33 -18 -0.352856 0.304174
RRV013 con_0021.nii 46 28 31 2.28471 0.682489
RRV013 con_0021.nii -44 27 33 1.20969 0.429493
RRV013 con_0021.nii 44 8 34 1.55519 0.310104
RRV013 con_0021.nii -42 7 36 1.71697 0.834082
RRV013 con_0021.nii 54 -44 43 1.01925 0.424304
RRV013 con_0021.nii -53 -50 39 1.33757 0.874649
RRV013 con_0021.nii 32 -59 41 0.873604 0.501902
RRV013 con_0021.nii -32 -58 46 0.80749 0.574414
RRV013 con_0021.nii -6 49 1 0.456042 0.650928
RRV013 con_0022.nii 9 3 -6 0.341823 0.576159
RRV013 con_0022.nii -9 3 -6 0.127051 0.438638
RRV013 con_0022.nii -30 33 -18 -0.388951 0.275147
RRV013 con_0022.nii 46 28 31 0.142 0.343342
RRV013 con_0022.nii -44 27 33 -0.265759 0.345081
RRV013 con_0022.nii 44 8 34 -0.342596 0.270325
RRV013 con_0022.nii -42 7 36 -0.186999 0.471789
RRV013 con_0022.nii 54 -44 43 -0.782519 0.278925
RRV013 con_0022.nii -53 -50 39 0.100987 0.255953
RRV013 con_0022.nii 32 -59 41 -0.464619 0.323054
RRV013 con_0022.nii -32 -58 46 0.630029 0.833963
RRV013 con_0022.nii -6 49 1 -0.427636 0.432213
RRV013 con_0023.nii 9 3 -6 0.523419 0.499152
RRV013 con_0023.nii -9 3 -6 0.25843 0.854632
RRV013 con_0023.nii -30 33 -18 -0.107836 0.473563
RRV013 con_0023.nii 46 28 31 -0.628213 0.576761
RRV013 con_0023.nii -44 27 33 -0.246756 0.276005
RRV013 con_0023.nii 44 8 34 -0.860694 0.748592
RRV013 con_0023.nii -42 7 36 -1.34081 0.922779
RRV013 con_0023.nii 54 -44 43 -1.14393 0.404255
RRV013 con_0023.nii -53 -50 39 -0.279966 0.460938
RRV013 con_0023.nii 32 -59 41 0.0112852 0.293302
RRV013 con_0023.nii -32 -58 46 -1.81612 1.21855
RRV013 con_0023.nii -6 49 1 -1.99332 0.788515
RRV013 con_0024.nii 9 3 -6 0.865242 0.720095
RRV013 con_0024.nii -9 3 -6 0.385481 0.719927
RRV013 con_0024.nii -30 33 -18 -0.496788 0.436677
RRV013 con_0024.nii 46 28 31 -0.486213 0.764225
RRV013 con_0024.nii -44 27 33 -0.512515 0.444052
RRV013 con_0024.nii 44 8 34 -1.20329 0.652163
RRV013 con_0024.nii -42 7 36 -1.52781 1.0484
RRV013 con_0024.nii 54 -44 43 -1.92645 0.402004
RRV013 con_0024.nii -53 -50 39 -0.178978 0.472713
RRV013 con_0024.nii 32 -59 41 -0.453334 0.383145
RRV013 con_0024.nii -32 -58 46 -1.18609 0.646329
RRV013 con_0024.nii -6 49 1 -2.42096 0.739908
RRV013 con_0025.nii 9 3 -6 0.428623 0.40154
RRV013 con_0025.nii -9 3 -6 0.531468 0.474607
RRV013 con_0025.nii -30 33 -18 -0.261372 0.179823
RRV013 con_0025.nii 46 28 31 1.11515 0.455376
RRV013 con_0025.nii -44 27 33 0.800794 0.39061
RRV013 con_0025.nii 44 8 34 1.02861 0.659732
RRV013 con_0025.nii -42 7 36 1.79405 0.716057
RRV013 con_0025.nii 54 -44 43 0.425784 0.356091
RRV013 con_0025.nii -53 -50 39 0.527435 0.244825
RRV013 con_0025.nii 32 -59 41 0.606262 0.41849
RRV013 con_0025.nii -32 -58 46 1.26213 0.664524
RRV013 con_0025.nii -6 49 1 0.699333 0.502387
RRV013 con_0026.nii 9 3 -6 0.140674 0.416828
RRV013 con_0026.nii -9 3 -6 0.532406 0.45058
RRV013 con_0026.nii -30 33 -18 0.607646 0.497946
RRV013 con_0026.nii 46 28 31 0.876519 0.572194
RRV013 con_0026.nii -44 27 33 0.713487 0.263163
RRV013 con_0026.nii 44 8 34 0.185616 0.23916
RRV013 con_0026.nii -42 7 36 0.359234 0.218287
RRV013 con_0026.nii 54 -44 43 0.153173 0.348487
RRV013 con_0026.nii -53 -50 39 0.544328 0.34699
RRV013 con_0026.nii 32 -59 41 0.450756 0.226961
RRV013 con_0026.nii -32 -58 46 0.856544 0.463976
RRV013 con_0026.nii -6 49 1 1.08596 0.408085
RRV013 con_0027.nii 9 3 -6 0.569297 0.582257
RRV013 con_0027.nii -9 3 -6 1.06387 0.4642
RRV013 con_0027.nii -30 33 -18 0.346274 0.549893
RRV013 con_0027.nii 46 28 31 1.99167 0.830485
RRV013 con_0027.nii -44 27 33 1.51428 0.617086
RRV013 con_0027.nii 44 8 34 1.21423 0.847367
RRV013 con_0027.nii -42 7 36 2.15329 0.683144
RRV013 con_0027.nii 54 -44 43 0.578957 0.627958
RRV013 con_0027.nii -53 -50 39 1.07176 0.453554
RRV013 con_0027.nii 32 -59 41 1.05702 0.489967
RRV013 con_0027.nii -32 -58 46 2.11867 1.03514
RRV013 con_0027.nii -6 49 1 1.7853 0.614329
RRV013 con_0028.nii 9 3 -6 0.456747 0.383887
RRV013 con_0028.nii -9 3 -6 0.154379 0.33565
RRV013 con_0028.nii -30 33 -18 -0.29874 0.200352
RRV013 con_0028.nii 46 28 31 0.690065 0.287509
RRV013 con_0028.nii -44 27 33 0.346435 0.292879
RRV013 con_0028.nii 44 8 34 0.413887 0.298644
RRV013 con_0028.nii -42 7 36 0.882103 0.368514
RRV013 con_0028.nii 54 -44 43 -0.128864 0.223503
RRV013 con_0028.nii -53 -50 39 0.479288 0.277264
RRV013 con_0028.nii 32 -59 41 0.127784 0.307121
RRV013 con_0028.nii -32 -58 46 0.846283 0.543317
RRV013 con_0028.nii -6 49 1 -0.0425276 0.359523
RRV013 con_0029.nii 9 3 -6 0.44731 0.333474
RRV013 con_0029.nii -9 3 -6 0.520262 0.447234
RRV013 con_0029.nii -30 33 -18 0.13095 0.282414
RRV013 con_0029.nii 46 28 31 0.573325 0.356114
RRV013 con_0029.nii -44 27 33 0.390718 0.221068
RRV013 con_0029.nii 44 8 34 0.108156 0.216014
RRV013 con_0029.nii -42 7 36 -0.101288 0.360493
RRV013 con_0029.nii 54 -44 43 0.0194503 0.125972
RRV013 con_0029.nii -53 -50 39 0.264165 0.344945
RRV013 con_0029.nii 32 -59 41 0.364645 0.146438
RRV013 con_0029.nii -32 -58 46 -0.266258 0.440416
RRV013 con_0029.nii -6 49 1 -0.0173448 0.455395
RRV013 con_0030.nii 9 3 -6 0.904057 0.587467
RRV013 con_0030.nii -9 3 -6 0.674641 0.370133
RRV013 con_0030.nii -30 33 -18 -0.16779 0.205115
RRV013 con_0030.nii 46 28 31 1.26339 0.556644
RRV013 con_0030.nii -44 27 33 0.737153 0.423381
RRV013 con_0030.nii 44 8 34 0.522042 0.242024
RRV013 con_0030.nii -42 7 36 0.780815 0.197891
RRV013 con_0030.nii 54 -44 43 -0.109414 0.287667
RRV013 con_0030.nii -53 -50 39 0.743452 0.511334
RRV013 con_0030.nii 32 -59 41 0.492429 0.291672
RRV013 con_0030.nii -32 -58 46 0.580025 0.321079
RRV013 con_0030.nii -6 49 1 -0.0598724 0.456454
