RRV015 con_0001.nii 9 3 -6 0.106366 0.298844
RRV015 con_0001.nii -9 3 -6 -0.105817 0.325517
RRV015 con_0001.nii -30 33 -18 0.300516 0.325868
RRV015 con_0001.nii 46 28 31 0.693704 0.554946
RRV015 con_0001.nii -44 27 33 -0.0135273 0.333307
RRV015 con_0001.nii 44 8 34 0.823403 0.872943
RRV015 con_0001.nii -42 7 36 0.571058 0.519444
RRV015 con_0001.nii 54 -44 43 -0.344419 0.271633
RRV015 con_0001.nii -53 -50 39 0.167129 0.194349
RRV015 con_0001.nii 32 -59 41 0.995607 0.699623
RRV015 con_0001.nii -32 -58 46 0.363115 0.389138
RRV015 con_0001.nii -6 49 1 -0.909915 0.585833
RRV015 con_0002.nii 9 3 -6 0.194911 0.400813
RRV015 con_0002.nii -9 3 -6 0.281489 0.341706
RRV015 con_0002.nii -30 33 -18 0.472199 0.278457
RRV015 con_0002.nii 46 28 31 -0.545688 0.274761
RRV015 con_0002.nii -44 27 33 0.925118 0.3164
RRV015 con_0002.nii 44 8 34 -0.938861 0.374622
RRV015 con_0002.nii -42 7 36 -0.14963 0.327474
RRV015 con_0002.nii 54 -44 43 -0.460903 0.718073
RRV015 con_0002.nii -53 -50 39 0.543044 0.471558
RRV015 con_0002.nii 32 -59 41 0.255497 0.664883
RRV015 con_0002.nii -32 -58 46 0.0811608 0.911772
RRV015 con_0002.nii -6 49 1 -0.162399 0.435339
RRV015 con_0003.nii 9 3 -6 0.301278 0.418632
RRV015 con_0003.nii -9 3 -6 0.175672 0.52958
RRV015 con_0003.nii -30 33 -18 0.772715 0.360013
RRV015 con_0003.nii 46 28 31 0.148016 0.659347
RRV015 con_0003.nii -44 27 33 0.91159 0.431766
RRV015 con_0003.nii 44 8 34 -0.115457 1.16374
RRV015 con_0003.nii -42 7 36 0.421428 0.728029
RRV015 con_0003.nii 54 -44 43 -0.805322 0.884013
RRV015 con_0003.nii -53 -50 39 0.710173 0.503093
RRV015 con_0003.nii 32 -59 41 1.2511 1.30282
RRV015 con_0003.nii -32 -58 46 0.444276 1.11056
RRV015 con_0003.nii -6 49 1 -1.07231 0.849476
RRV015 con_0004.nii 9 3 -6 0.00998971 0.253868
RRV015 con_0004.nii -9 3 -6 -0.0155437 0.395194
RRV015 con_0004.nii -30 33 -18 0.0647967 0.427551
RRV015 con_0004.nii 46 28 31 -0.505006 0.54333
RRV015 con_0004.nii -44 27 33 -1.07775 0.339163
RRV015 con_0004.nii 44 8 34 -0.433501 0.731513
RRV015 con_0004.nii -42 7 36 -0.322104 0.717701
RRV015 con_0004.nii 54 -44 43 -1.39198 0.351905
RRV015 con_0004.nii -53 -50 39 -1.45894 0.481763
RRV015 con_0004.nii 32 -59 41 0.272355 0.827141
RRV015 con_0004.nii -32 -58 46 -0.846836 0.48958
RRV015 con_0004.nii -6 49 1 -0.815343 0.5088
RRV015 con_0005.nii 9 3 -6 -0.0516405 0.192306
RRV015 con_0005.nii -9 3 -6 -0.273074 0.26303
RRV015 con_0005.nii -30 33 -18 0.0576109 0.306723
RRV015 con_0005.nii 46 28 31 -0.182205 0.328764
RRV015 con_0005.nii -44 27 33 -0.18029 0.333553
RRV015 con_0005.nii 44 8 34 0.342213 0.560759
RRV015 con_0005.nii -42 7 36 0.535483 0.274936
RRV015 con_0005.nii 54 -44 43 0.169645 0.186946
RRV015 con_0005.nii -53 -50 39 0.696602 0.385437
RRV015 con_0005.nii 32 -59 41 0.64308 0.565184
RRV015 con_0005.nii -32 -58 46 0.393464 0.431095
RRV015 con_0005.nii -6 49 1 -1.2798 0.642795
RRV015 con_0006.nii 9 3 -6 -0.0416508 0.302873
RRV015 con_0006.nii -9 3 -6 -0.288618 0.619838
RRV015 con_0006.nii -30 33 -18 0.122408 0.692829
RRV015 con_0006.nii 46 28 31 -0.687211 0.653852
RRV015 con_0006.nii -44 27 33 -1.25804 0.622109
RRV015 con_0006.nii 44 8 34 -0.0912871 1.24096
RRV015 con_0006.nii -42 7 36 0.213379 0.912903
RRV015 con_0006.nii 54 -44 43 -1.22233 0.407805
RRV015 con_0006.nii -53 -50 39 -0.762339 0.351105
RRV015 con_0006.nii 32 -59 41 0.915435 1.34863
RRV015 con_0006.nii -32 -58 46 -0.453372 0.77259
RRV015 con_0006.nii -6 49 1 -2.09514 0.840043
RRV015 con_0007.nii 9 3 -6 0.176512 0.487177
RRV015 con_0007.nii -9 3 -6 0.0707484 0.282807
RRV015 con_0007.nii -30 33 -18 0.603039 0.50742
RRV015 con_0007.nii 46 28 31 1.13008 0.773019
RRV015 con_0007.nii -44 27 33 0.0527978 0.288991
RRV015 con_0007.nii 44 8 34 1.23004 0.873893
RRV015 con_0007.nii -42 7 36 0.859489 0.527488
RRV015 con_0007.nii 54 -44 43 0.334068 0.240434
RRV015 con_0007.nii -53 -50 39 0.270651 0.303724
RRV015 con_0007.nii 32 -59 41 0.920199 0.782975
RRV015 con_0007.nii -32 -58 46 0.586647 0.456685
RRV015 con_0007.nii -6 49 1 -0.464547 0.251003
RRV015 con_0008.nii 9 3 -6 0.424721 0.421063
RRV015 con_0008.nii -9 3 -6 0.528391 0.339964
RRV015 con_0008.nii -30 33 -18 0.844283 0.673343
RRV015 con_0008.nii 46 28 31 -0.104489 0.349022
RRV015 con_0008.nii -44 27 33 0.372565 0.353287
RRV015 con_0008.nii 44 8 34 -0.128516 0.804797
RRV015 con_0008.nii -42 7 36 0.247093 0.430114
RRV015 con_0008.nii 54 -44 43 -0.519103 0.519424
RRV015 con_0008.nii -53 -50 39 0.0442321 0.359498
RRV015 con_0008.nii 32 -59 41 0.407554 0.783973
RRV015 con_0008.nii -32 -58 46 0.670603 0.653072
RRV015 con_0008.nii -6 49 1 0.517073 0.455597
RRV015 con_0009.nii 9 3 -6 0.601233 0.717045
RRV015 con_0009.nii -9 3 -6 0.599139 0.483556
RRV015 con_0009.nii -30 33 -18 1.44732 1.07729
RRV015 con_0009.nii 46 28 31 1.02559 0.871406
RRV015 con_0009.nii -44 27 33 0.425363 0.280967
RRV015 con_0009.nii 44 8 34 1.10152 1.62536
RRV015 con_0009.nii -42 7 36 1.10658 0.885555
RRV015 con_0009.nii 54 -44 43 -0.185035 0.653227
RRV015 con_0009.nii -53 -50 39 0.314883 0.45843
RRV015 con_0009.nii 32 -59 41 1.32775 1.52997
RRV015 con_0009.nii -32 -58 46 1.25725 0.933014
RRV015 con_0009.nii -6 49 1 0.0525255 0.391951
RRV015 con_0010.nii 9 3 -6 -0.105196 0.247546
RRV015 con_0010.nii -9 3 -6 -0.138829 0.236032
RRV015 con_0010.nii -30 33 -18 -0.0723626 0.266708
RRV015 con_0010.nii 46 28 31 0.0243085 0.297735
RRV015 con_0010.nii -44 27 33 -0.238819 0.249756
RRV015 con_0010.nii 44 8 34 0.063898 0.460141
RRV015 con_0010.nii -42 7 36 0.284088 0.287527
RRV015 con_0010.nii 54 -44 43 0.0573524 0.123007
RRV015 con_0010.nii -53 -50 39 0.333372 0.285242
RRV015 con_0010.nii 32 -59 41 0.426952 0.277317
RRV015 con_0010.nii -32 -58 46 -0.352921 0.374279
RRV015 con_0010.nii -6 49 1 -0.851578 0.4653
RRV015 con_0011.nii 9 3 -6 -0.0526209 0.181602
RRV015 con_0011.nii -9 3 -6 -0.188661 0.22518
RRV015 con_0011.nii -30 33 -18 0.136461 0.212401
RRV015 con_0011.nii 46 28 31 0.0717608 0.308717
RRV015 con_0011.nii -44 27 33 -0.0789842 0.330385
RRV015 con_0011.nii 44 8 34 -0.154199 0.570229
RRV015 con_0011.nii -42 7 36 0.182518 0.284429
RRV015 con_0011.nii 54 -44 43 -0.383244 0.344526
RRV015 con_0011.nii -53 -50 39 0.593343 0.348691
RRV015 con_0011.nii 32 -59 41 0.404702 0.448754
RRV015 con_0011.nii -32 -58 46 0.165677 0.440589
RRV015 con_0011.nii -6 49 1 -0.596167 0.317692
RRV015 con_0012.nii 9 3 -6 -0.157817 0.333778
RRV015 con_0012.nii -9 3 -6 -0.32749 0.272444
RRV015 con_0012.nii -30 33 -18 0.0640989 0.438913
RRV015 con_0012.nii 46 28 31 0.0960693 0.490797
RRV015 con_0012.nii -44 27 33 -0.317803 0.541826
RRV015 con_0012.nii 44 8 34 -0.0903013 0.95496
RRV015 con_0012.nii -42 7 36 0.466606 0.531328
RRV015 con_0012.nii 54 -44 43 -0.325891 0.417017
RRV015 con_0012.nii -53 -50 39 0.926715 0.615746
RRV015 con_0012.nii 32 -59 41 0.831654 0.70917
RRV015 con_0012.nii -32 -58 46 -0.187244 0.694053
RRV015 con_0012.nii -6 49 1 -1.44775 0.727192
RRV015 con_0013.nii 9 3 -6 -0.033902 0.158632
RRV015 con_0013.nii -9 3 -6 0.0744578 0.271461
RRV015 con_0013.nii -30 33 -18 -0.274628 0.397902
RRV015 con_0013.nii 46 28 31 0.127229 0.515041
RRV015 con_0013.nii -44 27 33 -0.60178 0.224177
RRV015 con_0013.nii 44 8 34 -0.0113659 1.11653
RRV015 con_0013.nii -42 7 36 -0.145888 0.529642
RRV015 con_0013.nii 54 -44 43 -0.179352 0.375685
RRV015 con_0013.nii -53 -50 39 -0.259896 0.240696
RRV015 con_0013.nii 32 -59 41 0.96296 0.642064
RRV015 con_0013.nii -32 -58 46 0.0915216 0.405622
RRV015 con_0013.nii -6 49 1 -1.70077 0.605338
RRV015 con_0014.nii 9 3 -6 0.170414 0.161878
RRV015 con_0014.nii -9 3 -6 -0.124695 0.165934
RRV015 con_0014.nii -30 33 -18 -0.0528906 0.301295
RRV015 con_0014.nii 46 28 31 0.387234 0.293779
RRV015 con_0014.nii -44 27 33 0.0828904 0.389815
RRV015 con_0014.nii 44 8 34 0.432376 0.81714
RRV015 con_0014.nii -42 7 36 0.36171 0.483109
RRV015 con_0014.nii 54 -44 43 -0.234575 0.513122
RRV015 con_0014.nii -53 -50 39 0.461318 0.213271
RRV015 con_0014.nii 32 -59 41 0.670733 0.740538
RRV015 con_0014.nii -32 -58 46 0.902093 0.588827
RRV015 con_0014.nii -6 49 1 -0.573901 0.318351
RRV015 con_0015.nii 9 3 -6 0.136512 0.219579
RRV015 con_0015.nii -9 3 -6 -0.0502367 0.40564
RRV015 con_0015.nii -30 33 -18 -0.327518 0.667777
RRV015 con_0015.nii 46 28 31 0.514463 0.762688
RRV015 con_0015.nii -44 27 33 -0.51889 0.534652
RRV015 con_0015.nii 44 8 34 0.42101 1.8727
RRV015 con_0015.nii -42 7 36 0.215822 0.971177
RRV015 con_0015.nii 54 -44 43 -0.413927 0.857294
RRV015 con_0015.nii -53 -50 39 0.201422 0.252664
RRV015 con_0015.nii 32 -59 41 1.63369 1.36785
RRV015 con_0015.nii -32 -58 46 0.993614 0.900353
RRV015 con_0015.nii -6 49 1 -2.27467 0.865473
RRV015 con_0016.nii 9 3 -6 0.0976229 0.277127
RRV015 con_0016.nii -9 3 -6 -0.0168706 0.283429
RRV015 con_0016.nii -30 33 -18 0.322784 0.393969
RRV015 con_0016.nii 46 28 31 0.439594 0.500613
RRV015 con_0016.nii -44 27 33 -0.346159 0.275964
RRV015 con_0016.nii 44 8 34 0.539981 0.769878
RRV015 con_0016.nii -42 7 36 0.369481 0.532325
RRV015 con_0016.nii 54 -44 43 -0.467443 0.205873
RRV015 con_0016.nii -53 -50 39 -0.340387 0.245562
RRV015 con_0016.nii 32 -59 41 0.729387 0.742225
RRV015 con_0016.nii -32 -58 46 0.034309 0.365483
RRV015 con_0016.nii -6 49 1 -0.729935 0.326767
RRV015 con_0017.nii 9 3 -6 0.189331 0.136169
RRV015 con_0017.nii -9 3 -6 0.178935 0.125729
RRV015 con_0017.nii -30 33 -18 0.458031 0.278949
RRV015 con_0017.nii 46 28 31 -0.277461 0.217125
RRV015 con_0017.nii -44 27 33 0.372464 0.242104
RRV015 con_0017.nii 44 8 34 -0.241721 0.531262
RRV015 con_0017.nii -42 7 36 0.210982 0.307509
RRV015 con_0017.nii 54 -44 43 -0.27012 0.445078
RRV015 con_0017.nii -53 -50 39 0.427959 0.237927
RRV015 con_0017.nii 32 -59 41 0.435377 0.637834
RRV015 con_0017.nii -32 -58 46 0.381743 0.602335
RRV015 con_0017.nii -6 49 1 -0.308374 0.322272
RRV015 con_0018.nii 9 3 -6 0.286953 0.28081
RRV015 con_0018.nii -9 3 -6 0.162064 0.342166
RRV015 con_0018.nii -30 33 -18 0.780815 0.623408
RRV015 con_0018.nii 46 28 31 0.162133 0.664656
RRV015 con_0018.nii -44 27 33 0.0263053 0.332826
RRV015 con_0018.nii 44 8 34 0.29826 1.26686
RRV015 con_0018.nii -42 7 36 0.580463 0.788891
RRV015 con_0018.nii 54 -44 43 -0.737564 0.595588
RRV015 con_0018.nii -53 -50 39 0.0875724 0.245925
RRV015 con_0018.nii 32 -59 41 1.16476 1.36344
RRV015 con_0018.nii -32 -58 46 0.416052 0.869947
RRV015 con_0018.nii -6 49 1 -1.03831 0.509817
RRV015 con_0019.nii 9 3 -6 0.211562 0.183425
RRV015 con_0019.nii -9 3 -6 0.0330128 0.240926
RRV015 con_0019.nii -30 33 -18 0.372879 0.32657
RRV015 con_0019.nii 46 28 31 0.669396 0.367731
RRV015 con_0019.nii -44 27 33 0.225291 0.212447
RRV015 con_0019.nii 44 8 34 0.759505 0.45218
RRV015 con_0019.nii -42 7 36 0.28697 0.311994
RRV015 con_0019.nii 54 -44 43 -0.401772 0.245474
RRV015 con_0019.nii -53 -50 39 -0.166243 0.227424
RRV015 con_0019.nii 32 -59 41 0.568655 0.465502
RRV015 con_0019.nii -32 -58 46 0.716036 0.280169
RRV015 con_0019.nii -6 49 1 -0.0583369 0.310192
RRV015 con_0020.nii 9 3 -6 0.247532 0.518344
RRV015 con_0020.nii -9 3 -6 0.47015 0.52597
RRV015 con_0020.nii -30 33 -18 0.335738 0.318381
RRV015 con_0020.nii 46 28 31 -0.617449 0.360088
RRV015 con_0020.nii -44 27 33 1.0041 0.473673
RRV015 con_0020.nii 44 8 34 -0.784661 0.360969
RRV015 con_0020.nii -42 7 36 -0.332148 0.210468
RRV015 con_0020.nii 54 -44 43 -0.0776591 0.395219
RRV015 con_0020.nii -53 -50 39 -0.0502991 0.310898
RRV015 con_0020.nii 32 -59 41 -0.149205 0.346048
RRV015 con_0020.nii -32 -58 46 -0.0845159 0.571049
RRV015 con_0020.nii -6 49 1 0.433768 0.277932
RRV015 con_0021.nii 9 3 -6 0.459094 0.524395
RRV015 con_0021.nii -9 3 -6 0.503162 0.505249
RRV015 con_0021.nii -30 33 -18 0.708616 0.405729
RRV015 con_0021.nii 46 28 31 0.0519465 0.414407
RRV015 con_0021.nii -44 27 33 1.22939 0.579187
RRV015 con_0021.nii 44 8 34 -0.025156 0.406715
RRV015 con_0021.nii -42 7 36 -0.0451776 0.336867
RRV015 con_0021.nii 54 -44 43 -0.479431 0.540135
RRV015 con_0021.nii -53 -50 39 -0.216542 0.327491
RRV015 con_0021.nii 32 -59 41 0.41945 0.640089
RRV015 con_0021.nii -32 -58 46 0.63152 0.557057
RRV015 con_0021.nii -6 49 1 0.375431 0.267025
RRV015 con_0022.nii 9 3 -6 0.115185 0.223076
RRV015 con_0022.nii -9 3 -6 0.123286 0.366306
RRV015 con_0022.nii -30 33 -18 0.137159 0.449255
RRV015 con_0022.nii 46 28 31 -0.529315 0.404883
RRV015 con_0022.nii -44 27 33 -0.838929 0.272269
RRV015 con_0022.nii 44 8 34 -0.497399 0.520248
RRV015 con_0022.nii -42 7 36 -0.606192 0.582057
RRV015 con_0022.nii 54 -44 43 -1.44933 0.329722
RRV015 con_0022.nii -53 -50 39 -1.79231 0.675431
RRV015 con_0022.nii 32 -59 41 -0.154597 0.591519
RRV015 con_0022.nii -32 -58 46 -0.493915 0.350222
RRV015 con_0022.nii -6 49 1 0.0362354 0.786082
RRV015 con_0023.nii 9 3 -6 0.000980472 0.21783
RRV015 con_0023.nii -9 3 -6 -0.0844129 0.24127
RRV015 con_0023.nii -30 33 -18 -0.0788506 0.232306
RRV015 con_0023.nii 46 28 31 -0.253966 0.368693
RRV015 con_0023.nii -44 27 33 -0.101306 0.169711
RRV015 con_0023.nii 44 8 34 0.496413 0.259838
RRV015 con_0023.nii -42 7 36 0.352965 0.204723
RRV015 con_0023.nii 54 -44 43 0.552889 0.244695
RRV015 con_0023.nii -53 -50 39 0.103259 0.253939
RRV015 con_0023.nii 32 -59 41 0.238378 0.277166
RRV015 con_0023.nii -32 -58 46 0.227787 0.256485
RRV015 con_0023.nii -6 49 1 -0.683629 0.558885
RRV015 con_0024.nii 9 3 -6 0.116166 0.342164
RRV015 con_0024.nii -9 3 -6 0.0388727 0.488602
RRV015 con_0024.nii -30 33 -18 0.0583087 0.608161
RRV015 con_0024.nii 46 28 31 -0.783281 0.596859
RRV015 con_0024.nii -44 27 33 -0.940235 0.377662
RRV015 con_0024.nii 44 8 34 -0.000985777 0.675171
RRV015 con_0024.nii -42 7 36 -0.253227 0.585322
RRV015 con_0024.nii 54 -44 43 -0.896443 0.39775
RRV015 con_0024.nii -53 -50 39 -1.68905 0.692521
RRV015 con_0024.nii 32 -59 41 0.0837803 0.756553
RRV015 con_0024.nii -32 -58 46 -0.266128 0.418515
RRV015 con_0024.nii -6 49 1 -0.647394 0.902057
RRV015 con_0025.nii 9 3 -6 0.281708 0.373294
RRV015 con_0025.nii -9 3 -6 0.209578 0.27865
RRV015 con_0025.nii -30 33 -18 0.675401 0.566765
RRV015 con_0025.nii 46 28 31 1.10577 0.597777
RRV015 con_0025.nii -44 27 33 0.291617 0.21499
RRV015 con_0025.nii 44 8 34 1.16614 0.517449
RRV015 con_0025.nii -42 7 36 0.575401 0.377803
RRV015 con_0025.nii 54 -44 43 0.276716 0.209245
RRV015 con_0025.nii -53 -50 39 -0.0627206 0.462049
RRV015 con_0025.nii 32 -59 41 0.493247 0.546773
RRV015 con_0025.nii -32 -58 46 0.939568 0.411981
RRV015 con_0025.nii -6 49 1 0.387031 0.493127
RRV015 con_0026.nii 9 3 -6 0.477342 0.306773
RRV015 con_0026.nii -9 3 -6 0.717052 0.300601
RRV015 con_0026.nii -30 33 -18 0.707822 0.71284
RRV015 con_0026.nii 46 28 31 -0.176249 0.521011
RRV015 con_0026.nii -44 27 33 0.45155 0.459663
RRV015 con_0026.nii 44 8 34 0.0256829 0.345201
RRV015 con_0026.nii -42 7 36 0.0645751 0.304162
RRV015 con_0026.nii 54 -44 43 -0.135859 0.262816
RRV015 con_0026.nii -53 -50 39 -0.549111 0.575718
RRV015 con_0026.nii 32 -59 41 0.00285191 0.365813
RRV015 con_0026.nii -32 -58 46 0.504927 0.288225
RRV015 con_0026.nii -6 49 1 1.11324 0.4989
RRV015 con_0027.nii 9 3 -6 0.75905 0.476498
RRV015 con_0027.nii -9 3 -6 0.926629 0.447735
RRV015 con_0027.nii -30 33 -18 1.38322 1.23301
RRV015 con_0027.nii 46 28 31 0.929526 0.584293
RRV015 con_0027.nii -44 27 33 0.743166 0.451375
RRV015 con_0027.nii 44 8 34 1.19183 0.728115
RRV015 con_0027.nii -42 7 36 0.639976 0.596224
RRV015 con_0027.nii 54 -44 43 0.140857 0.311369
RRV015 con_0027.nii -53 -50 39 -0.611832 0.931906
RRV015 con_0027.nii 32 -59 41 0.496099 0.848598
RRV015 con_0027.nii -32 -58 46 1.44449 0.557831
RRV015 con_0027.nii -6 49 1 1.50027 0.845258
RRV015 con_0028.nii 9 3 -6 0.202818 0.143823
RRV015 con_0028.nii -9 3 -6 0.121959 0.23717
RRV015 con_0028.nii -30 33 -18 0.395146 0.427735
RRV015 con_0028.nii 46 28 31 0.415285 0.26306
RRV015 con_0028.nii -44 27 33 -0.10734 0.167643
RRV015 con_0028.nii 44 8 34 0.476083 0.391657
RRV015 con_0028.nii -42 7 36 0.0853929 0.349196
RRV015 con_0028.nii 54 -44 43 -0.524796 0.167808
RRV015 con_0028.nii -53 -50 39 -0.673759 0.424345
RRV015 con_0028.nii 32 -59 41 0.302435 0.493815
RRV015 con_0028.nii -32 -58 46 0.38723 0.239397
RRV015 con_0028.nii -6 49 1 0.121643 0.451873
RRV015 con_0029.nii 9 3 -6 0.241951 0.174106
RRV015 con_0029.nii -9 3 -6 0.367596 0.238828
RRV015 con_0029.nii -30 33 -18 0.32157 0.301056
RRV015 con_0029.nii 46 28 31 -0.349222 0.352649
RRV015 con_0029.nii -44 27 33 0.451448 0.318394
RRV015 con_0029.nii 44 8 34 -0.0875219 0.142836
RRV015 con_0029.nii -42 7 36 0.0284642 0.177559
RRV015 con_0029.nii 54 -44 43 0.113124 0.140297
RRV015 con_0029.nii -53 -50 39 -0.165384 0.232562
RRV015 con_0029.nii 32 -59 41 0.0306748 0.241365
RRV015 con_0029.nii -32 -58 46 0.216066 0.199754
RRV015 con_0029.nii -6 49 1 0.287793 0.215873
RRV015 con_0030.nii 9 3 -6 0.44477 0.157628
RRV015 con_0030.nii -9 3 -6 0.489555 0.221532
RRV015 con_0030.nii -30 33 -18 0.716716 0.695351
RRV015 con_0030.nii 46 28 31 0.0660638 0.43706
RRV015 con_0030.nii -44 27 33 0.344108 0.347257
RRV015 con_0030.nii 44 8 34 0.388561 0.378664
RRV015 con_0030.nii -42 7 36 0.113857 0.420708
RRV015 con_0030.nii 54 -44 43 -0.411672 0.280824
RRV015 con_0030.nii -53 -50 39 -0.839142 0.591661
RRV015 con_0030.nii 32 -59 41 0.333109 0.688509
RRV015 con_0030.nii -32 -58 46 0.603296 0.349438
RRV015 con_0030.nii -6 49 1 0.409436 0.51585
