RRV016 con_0001.nii 9 3 -6 -0.771705 0.360716
RRV016 con_0001.nii -9 3 -6 0.241074 0.31226
RRV016 con_0001.nii -30 33 -18 -0.467364 0.27811
RRV016 con_0001.nii 46 28 31 -0.297811 0.281796
RRV016 con_0001.nii -44 27 33 -0.238471 0.406012
RRV016 con_0001.nii 44 8 34 -0.490787 0.716123
RRV016 con_0001.nii -42 7 36 0.350467 0.352739
RRV016 con_0001.nii 54 -44 43 -1.17884 0.321006
RRV016 con_0001.nii -53 -50 39 -1.07303 0.733884
RRV016 con_0001.nii 32 -59 41 -0.215053 0.385378
RRV016 con_0001.nii -32 -58 46 -0.325473 0.96481
RRV016 con_0001.nii -6 49 1 -1.27362 0.463225
RRV016 con_0002.nii 9 3 -6 0.0765608 0.229639
RRV016 con_0002.nii -9 3 -6 -0.0873077 0.239312
RRV016 con_0002.nii -30 33 -18 -0.469861 0.32434
RRV016 con_0002.nii 46 28 31 0.225439 0.215015
RRV016 con_0002.nii -44 27 33 -0.101605 0.480867
RRV016 con_0002.nii 44 8 34 0.278422 0.700587
RRV016 con_0002.nii -42 7 36 0.202758 0.414022
RRV016 con_0002.nii 54 -44 43 -0.0566095 0.158074
RRV016 con_0002.nii -53 -50 39 -0.362954 0.317169
RRV016 con_0002.nii 32 -59 41 -0.0721403 0.476482
RRV016 con_0002.nii -32 -58 46 1.04624 0.275492
RRV016 con_0002.nii -6 49 1 -0.0613271 0.262769
RRV016 con_0003.nii 9 3 -6 -0.695144 0.273663
RRV016 con_0003.nii -9 3 -6 0.153766 0.361967
RRV016 con_0003.nii -30 33 -18 -0.937225 0.467662
RRV016 con_0003.nii 46 28 31 -0.0723722 0.295331
RRV016 con_0003.nii -44 27 33 -0.340076 0.834067
RRV016 con_0003.nii 44 8 34 -0.212365 1.35748
RRV016 con_0003.nii -42 7 36 0.553225 0.680509
RRV016 con_0003.nii 54 -44 43 -1.23545 0.347027
RRV016 con_0003.nii -53 -50 39 -1.43599 1.00045
RRV016 con_0003.nii 32 -59 41 -0.287194 0.609164
RRV016 con_0003.nii -32 -58 46 0.720768 1.01161
RRV016 con_0003.nii -6 49 1 -1.33494 0.545314
RRV016 con_0004.nii 9 3 -6 0.0797837 0.288094
RRV016 con_0004.nii -9 3 -6 0.0757396 0.207523
RRV016 con_0004.nii -30 33 -18 0.635938 0.291902
RRV016 con_0004.nii 46 28 31 -0.00226365 0.301298
RRV016 con_0004.nii -44 27 33 0.0360023 0.124595
RRV016 con_0004.nii 44 8 34 1.34685 1.02355
RRV016 con_0004.nii -42 7 36 1.32393 0.583536
RRV016 con_0004.nii 54 -44 43 0.172192 0.29546
RRV016 con_0004.nii -53 -50 39 -0.0205754 0.423391
RRV016 con_0004.nii 32 -59 41 0.990678 0.438839
RRV016 con_0004.nii -32 -58 46 0.788729 0.310994
RRV016 con_0004.nii -6 49 1 -0.432117 0.226931
RRV016 con_0005.nii 9 3 -6 -0.265974 0.163249
RRV016 con_0005.nii -9 3 -6 -0.253026 0.407844
RRV016 con_0005.nii -30 33 -18 -0.636518 0.324683
RRV016 con_0005.nii 46 28 31 -0.146585 0.293223
RRV016 con_0005.nii -44 27 33 -0.403864 0.468943
RRV016 con_0005.nii 44 8 34 0.520765 0.682171
RRV016 con_0005.nii -42 7 36 0.291845 0.569709
RRV016 con_0005.nii 54 -44 43 -0.236026 0.312458
RRV016 con_0005.nii -53 -50 39 -0.349594 0.391317
RRV016 con_0005.nii 32 -59 41 0.20899 0.420165
RRV016 con_0005.nii -32 -58 46 1.05899 0.384749
RRV016 con_0005.nii -6 49 1 -0.262065 0.381447
RRV016 con_0006.nii 9 3 -6 -0.18619 0.30418
RRV016 con_0006.nii -9 3 -6 -0.177286 0.414884
RRV016 con_0006.nii -30 33 -18 -0.000580695 0.245211
RRV016 con_0006.nii 46 28 31 -0.148849 0.530924
RRV016 con_0006.nii -44 27 33 -0.367862 0.509885
RRV016 con_0006.nii 44 8 34 1.86761 1.63524
RRV016 con_0006.nii -42 7 36 1.61577 1.02676
RRV016 con_0006.nii 54 -44 43 -0.0638337 0.561552
RRV016 con_0006.nii -53 -50 39 -0.37017 0.765897
RRV016 con_0006.nii 32 -59 41 1.19967 0.789684
RRV016 con_0006.nii -32 -58 46 1.84772 0.533488
RRV016 con_0006.nii -6 49 1 -0.694182 0.570922
RRV016 con_0007.nii 9 3 -6 -0.197722 0.305724
RRV016 con_0007.nii -9 3 -6 0.0685206 0.443804
RRV016 con_0007.nii -30 33 -18 0.728641 0.297227
RRV016 con_0007.nii 46 28 31 0.0960207 0.405287
RRV016 con_0007.nii -44 27 33 -0.10602 0.179888
RRV016 con_0007.nii 44 8 34 1.15342 1.06055
RRV016 con_0007.nii -42 7 36 0.93656 0.798503
RRV016 con_0007.nii 54 -44 43 -0.168284 0.230156
RRV016 con_0007.nii -53 -50 39 -0.228696 0.572417
RRV016 con_0007.nii 32 -59 41 1.18547 0.638108
RRV016 con_0007.nii -32 -58 46 0.825329 0.601941
RRV016 con_0007.nii -6 49 1 -0.53622 0.384242
RRV016 con_0008.nii 9 3 -6 0.102076 0.177544
RRV016 con_0008.nii -9 3 -6 -0.252811 0.333064
RRV016 con_0008.nii -30 33 -18 -0.752071 0.448446
RRV016 con_0008.nii 46 28 31 0.388955 0.196273
RRV016 con_0008.nii -44 27 33 -0.414825 0.431662
RRV016 con_0008.nii 44 8 34 0.772058 0.53876
RRV016 con_0008.nii -42 7 36 0.661873 0.540239
RRV016 con_0008.nii 54 -44 43 0.232525 0.255766
RRV016 con_0008.nii -53 -50 39 -0.484702 0.306143
RRV016 con_0008.nii 32 -59 41 0.39841 0.422424
RRV016 con_0008.nii -32 -58 46 0.685982 0.240493
RRV016 con_0008.nii -6 49 1 0.111057 0.200424
RRV016 con_0009.nii 9 3 -6 -0.0956458 0.406531
RRV016 con_0009.nii -9 3 -6 -0.18429 0.696487
RRV016 con_0009.nii -30 33 -18 -0.0234294 0.293018
RRV016 con_0009.nii 46 28 31 0.484976 0.553103
RRV016 con_0009.nii -44 27 33 -0.520844 0.498444
RRV016 con_0009.nii 44 8 34 1.92548 1.56811
RRV016 con_0009.nii -42 7 36 1.59843 1.1863
RRV016 con_0009.nii 54 -44 43 0.0642406 0.315673
RRV016 con_0009.nii -53 -50 39 -0.713398 0.818132
RRV016 con_0009.nii 32 -59 41 1.58388 1.01719
RRV016 con_0009.nii -32 -58 46 1.51131 0.611464
RRV016 con_0009.nii -6 49 1 -0.425163 0.357073
RRV016 con_0010.nii 9 3 -6 -0.185589 0.122573
RRV016 con_0010.nii -9 3 -6 0.0668586 0.153514
RRV016 con_0010.nii -30 33 -18 0.0305957 0.137569
RRV016 con_0010.nii 46 28 31 0.103633 0.163189
RRV016 con_0010.nii -44 27 33 0.0913435 0.166015
RRV016 con_0010.nii 44 8 34 -0.0989489 0.786442
RRV016 con_0010.nii -42 7 36 0.542282 0.34899
RRV016 con_0010.nii 54 -44 43 -0.0539685 0.204047
RRV016 con_0010.nii -53 -50 39 -0.245265 0.400575
RRV016 con_0010.nii 32 -59 41 0.27531 0.273552
RRV016 con_0010.nii -32 -58 46 0.442318 0.351132
RRV016 con_0010.nii -6 49 1 -0.595234 0.14575
RRV016 con_0011.nii 9 3 -6 -0.0542606 0.106286
RRV016 con_0011.nii -9 3 -6 -0.227728 0.208642
RRV016 con_0011.nii -30 33 -18 -0.281667 0.268702
RRV016 con_0011.nii 46 28 31 0.422584 0.235435
RRV016 con_0011.nii -44 27 33 -0.0376358 0.381947
RRV016 con_0011.nii 44 8 34 0.266533 0.6112
RRV016 con_0011.nii -42 7 36 0.935163 0.514104
RRV016 con_0011.nii 54 -44 43 0.166763 0.245446
RRV016 con_0011.nii -53 -50 39 0.265896 0.208474
RRV016 con_0011.nii 32 -59 41 0.62602 0.374305
RRV016 con_0011.nii -32 -58 46 1.03622 0.272345
RRV016 con_0011.nii -6 49 1 -0.446952 0.172938
RRV016 con_0012.nii 9 3 -6 -0.23985 0.168214
RRV016 con_0012.nii -9 3 -6 -0.16087 0.33843
RRV016 con_0012.nii -30 33 -18 -0.251071 0.262007
RRV016 con_0012.nii 46 28 31 0.526217 0.371252
RRV016 con_0012.nii -44 27 33 0.0537077 0.415493
RRV016 con_0012.nii 44 8 34 0.167584 1.37965
RRV016 con_0012.nii -42 7 36 1.47745 0.795797
RRV016 con_0012.nii 54 -44 43 0.112795 0.409312
RRV016 con_0012.nii -53 -50 39 0.0206315 0.564206
RRV016 con_0012.nii 32 -59 41 0.90133 0.606568
RRV016 con_0012.nii -32 -58 46 1.47853 0.507945
RRV016 con_0012.nii -6 49 1 -1.04219 0.239647
RRV016 con_0013.nii 9 3 -6 0.0960639 0.184029
RRV016 con_0013.nii -9 3 -6 0.129605 0.143297
RRV016 con_0013.nii -30 33 -18 0.434478 0.481553
RRV016 con_0013.nii 46 28 31 0.139735 0.380499
RRV016 con_0013.nii -44 27 33 -0.408637 0.216733
RRV016 con_0013.nii 44 8 34 0.581789 0.983184
RRV016 con_0013.nii -42 7 36 0.795915 0.427203
RRV016 con_0013.nii 54 -44 43 -0.2874 0.151521
RRV016 con_0013.nii -53 -50 39 -0.0353819 0.432702
RRV016 con_0013.nii 32 -59 41 0.656093 0.432302
RRV016 con_0013.nii -32 -58 46 1.18115 0.348478
RRV016 con_0013.nii -6 49 1 -0.0426865 0.249569
RRV016 con_0014.nii 9 3 -6 -0.113807 0.186727
RRV016 con_0014.nii -9 3 -6 -0.202407 0.183029
RRV016 con_0014.nii -30 33 -18 -0.73551 0.438803
RRV016 con_0014.nii 46 28 31 0.00949649 0.322524
RRV016 con_0014.nii -44 27 33 -0.307864 0.370011
RRV016 con_0014.nii 44 8 34 1.64668 0.955315
RRV016 con_0014.nii -42 7 36 0.539192 0.581259
RRV016 con_0014.nii 54 -44 43 -0.288541 0.213573
RRV016 con_0014.nii -53 -50 39 -0.328636 0.200696
RRV016 con_0014.nii 32 -59 41 0.300754 0.359351
RRV016 con_0014.nii -32 -58 46 0.985484 0.314811
RRV016 con_0014.nii -6 49 1 -0.118517 0.24041
RRV016 con_0015.nii 9 3 -6 -0.0177428 0.306776
RRV016 con_0015.nii -9 3 -6 -0.0728015 0.289422
RRV016 con_0015.nii -30 33 -18 -0.301032 0.772613
RRV016 con_0015.nii 46 28 31 0.149231 0.658459
RRV016 con_0015.nii -44 27 33 -0.716502 0.262466
RRV016 con_0015.nii 44 8 34 2.22847 1.89319
RRV016 con_0015.nii -42 7 36 1.33511 0.846723
RRV016 con_0015.nii 54 -44 43 -0.575942 0.176402
RRV016 con_0015.nii -53 -50 39 -0.364018 0.603033
RRV016 con_0015.nii 32 -59 41 0.956847 0.73563
RRV016 con_0015.nii -32 -58 46 2.16663 0.555332
RRV016 con_0015.nii -6 49 1 -0.161203 0.280151
RRV016 con_0016.nii 9 3 -6 -0.296548 0.251067
RRV016 con_0016.nii -9 3 -6 0.128445 0.200588
RRV016 con_0016.nii -30 33 -18 0.299072 0.167618
RRV016 con_0016.nii 46 28 31 -0.068018 0.284305
RRV016 con_0016.nii -44 27 33 -0.102829 0.203769
RRV016 con_0016.nii 44 8 34 0.669828 0.878565
RRV016 con_0016.nii -42 7 36 0.870318 0.516599
RRV016 con_0016.nii 54 -44 43 -0.391643 0.236064
RRV016 con_0016.nii -53 -50 39 -0.440768 0.544281
RRV016 con_0016.nii 32 -59 41 0.653699 0.407982
RRV016 con_0016.nii -32 -58 46 0.429528 0.574703
RRV016 con_0016.nii -6 49 1 -0.747318 0.190554
RRV016 con_0017.nii 9 3 -6 -0.0291123 0.116502
RRV016 con_0017.nii -9 3 -6 -0.197715 0.297389
RRV016 con_0017.nii -30 33 -18 -0.619483 0.343824
RRV016 con_0017.nii 46 28 31 0.155936 0.189734
RRV016 con_0017.nii -44 27 33 -0.306765 0.441756
RRV016 con_0017.nii 44 8 34 0.523749 0.615675
RRV016 con_0017.nii -42 7 36 0.385492 0.498542
RRV016 con_0017.nii 54 -44 43 -0.0200369 0.15426
RRV016 con_0017.nii -53 -50 39 -0.399083 0.312699
RRV016 con_0017.nii 32 -59 41 0.17842 0.427223
RRV016 con_0017.nii -32 -58 46 0.930406 0.275518
RRV016 con_0017.nii -6 49 1 -0.0707784 0.238045
RRV016 con_0018.nii 9 3 -6 -0.32566 0.254723
RRV016 con_0018.nii -9 3 -6 -0.06927 0.439761
RRV016 con_0018.nii -30 33 -18 -0.320412 0.249389
RRV016 con_0018.nii 46 28 31 0.0879181 0.41758
RRV016 con_0018.nii -44 27 33 -0.409594 0.594694
RRV016 con_0018.nii 44 8 34 1.19358 1.46276
RRV016 con_0018.nii -42 7 36 1.25581 0.914703
RRV016 con_0018.nii 54 -44 43 -0.41168 0.333896
RRV016 con_0018.nii -53 -50 39 -0.839852 0.84268
RRV016 con_0018.nii 32 -59 41 0.832119 0.771036
RRV016 con_0018.nii -32 -58 46 1.35993 0.604321
RRV016 con_0018.nii -6 49 1 -0.818096 0.369915
RRV016 con_0019.nii 9 3 -6 -0.586116 0.340857
RRV016 con_0019.nii -9 3 -6 0.174215 0.224673
RRV016 con_0019.nii -30 33 -18 -0.497959 0.301479
RRV016 con_0019.nii 46 28 31 -0.401444 0.245969
RRV016 con_0019.nii -44 27 33 -0.329814 0.401144
RRV016 con_0019.nii 44 8 34 -0.391839 0.445224
RRV016 con_0019.nii -42 7 36 -0.191815 0.331333
RRV016 con_0019.nii 54 -44 43 -1.12487 0.259543
RRV016 con_0019.nii -53 -50 39 -0.827769 0.40278
RRV016 con_0019.nii 32 -59 41 -0.490363 0.345967
RRV016 con_0019.nii -32 -58 46 -0.767791 0.723915
RRV016 con_0019.nii -6 49 1 -0.678382 0.484361
RRV016 con_0020.nii 9 3 -6 0.130821 0.259758
RRV016 con_0020.nii -9 3 -6 0.140421 0.235354
RRV016 con_0020.nii -30 33 -18 -0.188194 0.168689
RRV016 con_0020.nii 46 28 31 -0.197145 0.159854
RRV016 con_0020.nii -44 27 33 -0.0639695 0.186925
RRV016 con_0020.nii 44 8 34 0.0118896 0.273452
RRV016 con_0020.nii -42 7 36 -0.732405 0.254332
RRV016 con_0020.nii 54 -44 43 -0.223373 0.219087
RRV016 con_0020.nii -53 -50 39 -0.62885 0.266787
RRV016 con_0020.nii 32 -59 41 -0.698161 0.211369
RRV016 con_0020.nii -32 -58 46 0.0100245 0.295467
RRV016 con_0020.nii -6 49 1 0.385625 0.247819
RRV016 con_0021.nii 9 3 -6 -0.455294 0.307025
RRV016 con_0021.nii -9 3 -6 0.314636 0.260892
RRV016 con_0021.nii -30 33 -18 -0.686154 0.344133
RRV016 con_0021.nii 46 28 31 -0.598589 0.21695
RRV016 con_0021.nii -44 27 33 -0.393784 0.541456
RRV016 con_0021.nii 44 8 34 -0.379949 0.62595
RRV016 con_0021.nii -42 7 36 -0.924221 0.44502
RRV016 con_0021.nii 54 -44 43 -1.34824 0.213995
RRV016 con_0021.nii -53 -50 39 -1.45662 0.497502
RRV016 con_0021.nii 32 -59 41 -1.18852 0.327034
RRV016 con_0021.nii -32 -58 46 -0.757766 0.872139
RRV016 con_0021.nii -6 49 1 -0.292757 0.541075
RRV016 con_0022.nii 9 3 -6 0.265373 0.21999
RRV016 con_0022.nii -9 3 -6 0.00888107 0.188975
RRV016 con_0022.nii -30 33 -18 0.605342 0.223908
RRV016 con_0022.nii 46 28 31 -0.105897 0.191387
RRV016 con_0022.nii -44 27 33 -0.0553412 0.128394
RRV016 con_0022.nii 44 8 34 1.4458 0.393177
RRV016 con_0022.nii -42 7 36 0.781646 0.288848
RRV016 con_0022.nii 54 -44 43 0.226161 0.184592
RRV016 con_0022.nii -53 -50 39 0.224689 0.135844
RRV016 con_0022.nii 32 -59 41 0.715368 0.269937
RRV016 con_0022.nii -32 -58 46 0.346411 0.169509
RRV016 con_0022.nii -6 49 1 0.163117 0.20059
RRV016 con_0023.nii 9 3 -6 -0.211713 0.138571
RRV016 con_0023.nii -9 3 -6 -0.0252976 0.412342
RRV016 con_0023.nii -30 33 -18 -0.354852 0.194267
RRV016 con_0023.nii 46 28 31 -0.56917 0.200849
RRV016 con_0023.nii -44 27 33 -0.366228 0.309835
RRV016 con_0023.nii 44 8 34 0.254232 0.281246
RRV016 con_0023.nii -42 7 36 -0.643319 0.354079
RRV016 con_0023.nii 54 -44 43 -0.402789 0.433983
RRV016 con_0023.nii -53 -50 39 -0.61549 0.308834
RRV016 con_0023.nii 32 -59 41 -0.417031 0.168002
RRV016 con_0023.nii -32 -58 46 0.0227786 0.219162
RRV016 con_0023.nii -6 49 1 0.184888 0.352001
RRV016 con_0024.nii 9 3 -6 0.0536597 0.256834
RRV016 con_0024.nii -9 3 -6 -0.0164165 0.393639
RRV016 con_0024.nii -30 33 -18 0.25049 0.189366
RRV016 con_0024.nii 46 28 31 -0.675066 0.30907
RRV016 con_0024.nii -44 27 33 -0.421569 0.365788
RRV016 con_0024.nii 44 8 34 1.70003 0.459795
RRV016 con_0024.nii -42 7 36 0.138327 0.464022
RRV016 con_0024.nii 54 -44 43 -0.176628 0.559916
RRV016 con_0024.nii -53 -50 39 -0.390801 0.269979
RRV016 con_0024.nii 32 -59 41 0.298337 0.286769
RRV016 con_0024.nii -32 -58 46 0.369189 0.285269
RRV016 con_0024.nii -6 49 1 0.348004 0.486039
RRV016 con_0025.nii 9 3 -6 -0.0121328 0.29268
RRV016 con_0025.nii -9 3 -6 0.00166208 0.419553
RRV016 con_0025.nii -30 33 -18 0.698046 0.265366
RRV016 con_0025.nii 46 28 31 -0.0076122 0.266744
RRV016 con_0025.nii -44 27 33 -0.197363 0.223147
RRV016 con_0025.nii 44 8 34 1.25237 0.38937
RRV016 con_0025.nii -42 7 36 0.394278 0.507167
RRV016 con_0025.nii 54 -44 43 -0.114316 0.231733
RRV016 con_0025.nii -53 -50 39 0.0165685 0.244025
RRV016 con_0025.nii 32 -59 41 0.910164 0.496175
RRV016 con_0025.nii -32 -58 46 0.383011 0.300213
RRV016 con_0025.nii -6 49 1 0.0590142 0.35728
RRV016 con_0026.nii 9 3 -6 0.156337 0.233074
RRV016 con_0026.nii -9 3 -6 -0.0250823 0.33495
RRV016 con_0026.nii -30 33 -18 -0.470404 0.271064
RRV016 con_0026.nii 46 28 31 -0.0336293 0.159593
RRV016 con_0026.nii -44 27 33 -0.377189 0.151702
RRV016 con_0026.nii 44 8 34 0.505525 0.155478
RRV016 con_0026.nii -42 7 36 -0.27329 0.328127
RRV016 con_0026.nii 54 -44 43 0.0657616 0.18883
RRV016 con_0026.nii -53 -50 39 -0.750598 0.23588
RRV016 con_0026.nii 32 -59 41 -0.22761 0.119572
RRV016 con_0026.nii -32 -58 46 -0.350234 0.235551
RRV016 con_0026.nii -6 49 1 0.558009 0.147387
RRV016 con_0027.nii 9 3 -6 0.144204 0.411955
RRV016 con_0027.nii -9 3 -6 -0.0234202 0.644389
RRV016 con_0027.nii -30 33 -18 0.227641 0.291714
RRV016 con_0027.nii 46 28 31 -0.0412415 0.241634
RRV016 con_0027.nii -44 27 33 -0.574552 0.247714
RRV016 con_0027.nii 44 8 34 1.7579 0.371115
RRV016 con_0027.nii -42 7 36 0.120987 0.624336
RRV016 con_0027.nii 54 -44 43 -0.0485541 0.274433
RRV016 con_0027.nii -53 -50 39 -0.734029 0.337367
RRV016 con_0027.nii 32 -59 41 0.682554 0.561305
RRV016 con_0027.nii -32 -58 46 0.0327771 0.237216
RRV016 con_0027.nii -6 49 1 0.617023 0.25878
RRV016 con_0028.nii 9 3 -6 -0.110958 0.210367
RRV016 con_0028.nii -9 3 -6 0.0615862 0.123
RRV016 con_0028.nii -30 33 -18 0.268476 0.12225
RRV016 con_0028.nii 46 28 31 -0.171651 0.159503
RRV016 con_0028.nii -44 27 33 -0.194173 0.215276
RRV016 con_0028.nii 44 8 34 0.768777 0.211969
RRV016 con_0028.nii -42 7 36 0.328036 0.222494
RRV016 con_0028.nii 54 -44 43 -0.337674 0.162278
RRV016 con_0028.nii -53 -50 39 -0.195504 0.166785
RRV016 con_0028.nii 32 -59 41 0.378389 0.251542
RRV016 con_0028.nii -32 -58 46 -0.0127896 0.285107
RRV016 con_0028.nii -6 49 1 -0.152084 0.180468
RRV016 con_0029.nii 9 3 -6 0.0251483 0.153636
RRV016 con_0029.nii -9 3 -6 0.0300136 0.299105
RRV016 con_0029.nii -30 33 -18 -0.337817 0.16593
RRV016 con_0029.nii 46 28 31 -0.266648 0.0976856
RRV016 con_0029.nii -44 27 33 -0.269129 0.184323
RRV016 con_0029.nii 44 8 34 0.257216 0.15141
RRV016 con_0029.nii -42 7 36 -0.549672 0.291843
RRV016 con_0029.nii 54 -44 43 -0.1868 0.22756
RRV016 con_0029.nii -53 -50 39 -0.664979 0.236704
RRV016 con_0029.nii 32 -59 41 -0.447601 0.13259
RRV016 con_0029.nii -32 -58 46 -0.10581 0.213528
RRV016 con_0029.nii -6 49 1 0.376174 0.201923
RRV016 con_0030.nii 9 3 -6 -0.0858101 0.252918
RRV016 con_0030.nii -9 3 -6 0.0915997 0.378673
RRV016 con_0030.nii -30 33 -18 -0.0693408 0.142914
RRV016 con_0030.nii 46 28 31 -0.438299 0.127898
RRV016 con_0030.nii -44 27 33 -0.463302 0.339227
RRV016 con_0030.nii 44 8 34 1.02599 0.247773
RRV016 con_0030.nii -42 7 36 -0.221635 0.359885
RRV016 con_0030.nii 54 -44 43 -0.524475 0.279078
RRV016 con_0030.nii -53 -50 39 -0.860483 0.320262
RRV016 con_0030.nii 32 -59 41 -0.069211 0.293478
RRV016 con_0030.nii -32 -58 46 -0.1186 0.322505
RRV016 con_0030.nii -6 49 1 0.22409 0.291922
