RRV021 con_0001.nii 9 3 -6 -0.122715 0.421855
RRV021 con_0001.nii -9 3 -6 -0.142506 0.223952
RRV021 con_0001.nii -30 33 -18 -0.0180548 0.367477
RRV021 con_0001.nii 46 28 31 -0.688198 0.516196
RRV021 con_0001.nii -44 27 33 -0.102929 0.405472
RRV021 con_0001.nii 44 8 34 0.44394 0.268391
RRV021 con_0001.nii -42 7 36 0.510503 0.342972
RRV021 con_0001.nii 54 -44 43 -0.712775 0.378716
RRV021 con_0001.nii -53 -50 39 -0.0853452 0.357199
RRV021 con_0001.nii 32 -59 41 0.447263 0.554085
RRV021 con_0001.nii -32 -58 46 0.00279394 0.371563
RRV021 con_0001.nii -6 49 1 -0.799671 0.27231
RRV021 con_0002.nii 9 3 -6 0.207604 0.202101
RRV021 con_0002.nii -9 3 -6 0.141843 0.247262
RRV021 con_0002.nii -30 33 -18 0.178864 0.304844
RRV021 con_0002.nii 46 28 31 1.01932 0.321791
RRV021 con_0002.nii -44 27 33 0.701777 0.427699
RRV021 con_0002.nii 44 8 34 0.261748 0.225158
RRV021 con_0002.nii -42 7 36 1.0802 0.657202
RRV021 con_0002.nii 54 -44 43 0.872699 0.294493
RRV021 con_0002.nii -53 -50 39 0.176285 0.212831
RRV021 con_0002.nii 32 -59 41 1.09401 0.654012
RRV021 con_0002.nii -32 -58 46 0.579036 0.250679
RRV021 con_0002.nii -6 49 1 0.390157 0.252407
RRV021 con_0003.nii 9 3 -6 0.0848892 0.470672
RRV021 con_0003.nii -9 3 -6 -0.000663396 0.318583
RRV021 con_0003.nii -30 33 -18 0.160809 0.571607
RRV021 con_0003.nii 46 28 31 0.331119 0.566468
RRV021 con_0003.nii -44 27 33 0.598848 0.66883
RRV021 con_0003.nii 44 8 34 0.705688 0.344584
RRV021 con_0003.nii -42 7 36 1.59071 0.720337
RRV021 con_0003.nii 54 -44 43 0.159924 0.270655
RRV021 con_0003.nii -53 -50 39 0.0909397 0.333233
RRV021 con_0003.nii 32 -59 41 1.54127 1.15694
RRV021 con_0003.nii -32 -58 46 0.58183 0.455941
RRV021 con_0003.nii -6 49 1 -0.409514 0.361027
RRV021 con_0004.nii 9 3 -6 0.0185677 0.399337
RRV021 con_0004.nii -9 3 -6 0.46108 0.404188
RRV021 con_0004.nii -30 33 -18 -0.0338013 0.101379
RRV021 con_0004.nii 46 28 31 -0.937155 0.573794
RRV021 con_0004.nii -44 27 33 -0.158156 0.411046
RRV021 con_0004.nii 44 8 34 0.315092 0.233498
RRV021 con_0004.nii -42 7 36 0.199149 0.58775
RRV021 con_0004.nii 54 -44 43 0.272938 0.177411
RRV021 con_0004.nii -53 -50 39 0.109417 0.197871
RRV021 con_0004.nii 32 -59 41 0.935463 0.550532
RRV021 con_0004.nii -32 -58 46 0.531375 0.376641
RRV021 con_0004.nii -6 49 1 -0.61825 0.169678
RRV021 con_0005.nii 9 3 -6 -0.359655 0.408763
RRV021 con_0005.nii -9 3 -6 0.0456442 0.430246
RRV021 con_0005.nii -30 33 -18 -0.649495 0.262838
RRV021 con_0005.nii 46 28 31 -0.21636 0.193476
RRV021 con_0005.nii -44 27 33 -0.222885 0.479087
RRV021 con_0005.nii 44 8 34 -0.162205 0.255245
RRV021 con_0005.nii -42 7 36 0.127576 0.413435
RRV021 con_0005.nii 54 -44 43 0.148493 0.156283
RRV021 con_0005.nii -53 -50 39 -0.296933 0.209803
RRV021 con_0005.nii 32 -59 41 0.69544 0.455618
RRV021 con_0005.nii -32 -58 46 0.0961923 0.251429
RRV021 con_0005.nii -6 49 1 -0.335601 0.236132
RRV021 con_0006.nii 9 3 -6 -0.341087 0.70976
RRV021 con_0006.nii -9 3 -6 0.506724 0.570323
RRV021 con_0006.nii -30 33 -18 -0.683297 0.307599
RRV021 con_0006.nii 46 28 31 -1.15352 0.684998
RRV021 con_0006.nii -44 27 33 -0.38104 0.747052
RRV021 con_0006.nii 44 8 34 0.152886 0.362276
RRV021 con_0006.nii -42 7 36 0.326725 0.906261
RRV021 con_0006.nii 54 -44 43 0.421431 0.302852
RRV021 con_0006.nii -53 -50 39 -0.187516 0.283979
RRV021 con_0006.nii 32 -59 41 1.6309 0.988906
RRV021 con_0006.nii -32 -58 46 0.627567 0.464282
RRV021 con_0006.nii -6 49 1 -0.953851 0.36317
RRV021 con_0007.nii 9 3 -6 -0.249679 0.445577
RRV021 con_0007.nii -9 3 -6 0.65072 0.407021
RRV021 con_0007.nii -30 33 -18 -0.0866132 0.341591
RRV021 con_0007.nii 46 28 31 0.104854 0.282885
RRV021 con_0007.nii -44 27 33 0.283501 0.323967
RRV021 con_0007.nii 44 8 34 0.258587 0.519074
RRV021 con_0007.nii -42 7 36 0.340908 0.240717
RRV021 con_0007.nii 54 -44 43 -0.645271 0.207259
RRV021 con_0007.nii -53 -50 39 0.00737021 0.233742
RRV021 con_0007.nii 32 -59 41 0.561176 0.650718
RRV021 con_0007.nii -32 -58 46 0.00788226 0.373135
RRV021 con_0007.nii -6 49 1 -0.48039 0.350166
RRV021 con_0008.nii 9 3 -6 0.00573759 0.227301
RRV021 con_0008.nii -9 3 -6 0.275221 0.412647
RRV021 con_0008.nii -30 33 -18 -0.177435 0.231802
RRV021 con_0008.nii 46 28 31 -0.0714496 0.10789
RRV021 con_0008.nii -44 27 33 -0.389245 0.339785
RRV021 con_0008.nii 44 8 34 0.0404727 0.350576
RRV021 con_0008.nii -42 7 36 0.275841 0.45437
RRV021 con_0008.nii 54 -44 43 0.824811 0.259098
RRV021 con_0008.nii -53 -50 39 -0.392979 0.425028
RRV021 con_0008.nii 32 -59 41 0.982148 0.551972
RRV021 con_0008.nii -32 -58 46 0.588467 0.238009
RRV021 con_0008.nii -6 49 1 -0.205659 0.347723
RRV021 con_0009.nii 9 3 -6 -0.243942 0.523087
RRV021 con_0009.nii -9 3 -6 0.925941 0.50607
RRV021 con_0009.nii -30 33 -18 -0.264048 0.41054
RRV021 con_0009.nii 46 28 31 0.0334046 0.356518
RRV021 con_0009.nii -44 27 33 -0.105744 0.411588
RRV021 con_0009.nii 44 8 34 0.29906 0.370165
RRV021 con_0009.nii -42 7 36 0.616749 0.643795
RRV021 con_0009.nii 54 -44 43 0.17954 0.277879
RRV021 con_0009.nii -53 -50 39 -0.385608 0.390614
RRV021 con_0009.nii 32 -59 41 1.54332 1.03187
RRV021 con_0009.nii -32 -58 46 0.596349 0.353588
RRV021 con_0009.nii -6 49 1 -0.686049 0.38009
RRV021 con_0010.nii 9 3 -6 -0.537446 0.29945
RRV021 con_0010.nii -9 3 -6 -0.155856 0.163203
RRV021 con_0010.nii -30 33 -18 -0.231147 0.220891
RRV021 con_0010.nii 46 28 31 -0.450801 0.218895
RRV021 con_0010.nii -44 27 33 -0.373482 0.277721
RRV021 con_0010.nii 44 8 34 -0.189855 0.181044
RRV021 con_0010.nii -42 7 36 -0.164382 0.265615
RRV021 con_0010.nii 54 -44 43 -0.521395 0.226769
RRV021 con_0010.nii -53 -50 39 -0.338575 0.260407
RRV021 con_0010.nii 32 -59 41 0.286262 0.498211
RRV021 con_0010.nii -32 -58 46 -0.280346 0.328524
RRV021 con_0010.nii -6 49 1 -0.810069 0.23836
RRV021 con_0011.nii 9 3 -6 0.188293 0.388927
RRV021 con_0011.nii -9 3 -6 -0.0954923 0.316106
RRV021 con_0011.nii -30 33 -18 -0.262487 0.156809
RRV021 con_0011.nii 46 28 31 -0.0864526 0.269071
RRV021 con_0011.nii -44 27 33 -0.135751 0.168231
RRV021 con_0011.nii 44 8 34 0.102677 0.399102
RRV021 con_0011.nii -42 7 36 0.525263 0.465427
RRV021 con_0011.nii 54 -44 43 0.383596 0.192006
RRV021 con_0011.nii -53 -50 39 -0.0383936 0.133803
RRV021 con_0011.nii 32 -59 41 0.848742 0.482263
RRV021 con_0011.nii -32 -58 46 0.026403 0.267671
RRV021 con_0011.nii -6 49 1 0.277368 0.162917
RRV021 con_0012.nii 9 3 -6 -0.349154 0.290129
RRV021 con_0012.nii -9 3 -6 -0.251349 0.277593
RRV021 con_0012.nii -30 33 -18 -0.493635 0.209418
RRV021 con_0012.nii 46 28 31 -0.537253 0.417813
RRV021 con_0012.nii -44 27 33 -0.509233 0.393967
RRV021 con_0012.nii 44 8 34 -0.0871789 0.304349
RRV021 con_0012.nii -42 7 36 0.360881 0.633004
RRV021 con_0012.nii 54 -44 43 -0.137799 0.353385
RRV021 con_0012.nii -53 -50 39 -0.376968 0.301779
RRV021 con_0012.nii 32 -59 41 1.135 0.93575
RRV021 con_0012.nii -32 -58 46 -0.253943 0.581146
RRV021 con_0012.nii -6 49 1 -0.532701 0.231628
RRV021 con_0013.nii 9 3 -6 -0.200681 0.346131
RRV021 con_0013.nii -9 3 -6 0.340994 0.153293
RRV021 con_0013.nii -30 33 -18 -0.0117425 0.313864
RRV021 con_0013.nii 46 28 31 -0.0404699 0.219357
RRV021 con_0013.nii -44 27 33 -0.263311 0.222349
RRV021 con_0013.nii 44 8 34 0.471208 0.214226
RRV021 con_0013.nii -42 7 36 0.03102 0.310625
RRV021 con_0013.nii 54 -44 43 -0.0538998 0.178581
RRV021 con_0013.nii -53 -50 39 -0.180727 0.26898
RRV021 con_0013.nii 32 -59 41 0.530771 0.269423
RRV021 con_0013.nii -32 -58 46 0.316372 0.280288
RRV021 con_0013.nii -6 49 1 -0.585398 0.226063
RRV021 con_0014.nii 9 3 -6 -0.320302 0.246986
RRV021 con_0014.nii -9 3 -6 0.0206925 0.228472
RRV021 con_0014.nii -30 33 -18 -0.142948 0.215577
RRV021 con_0014.nii 46 28 31 -0.334275 0.235336
RRV021 con_0014.nii -44 27 33 -0.244722 0.180033
RRV021 con_0014.nii 44 8 34 0.117365 0.310197
RRV021 con_0014.nii -42 7 36 0.340222 0.382512
RRV021 con_0014.nii 54 -44 43 0.349288 0.138307
RRV021 con_0014.nii -53 -50 39 -0.124048 0.122517
RRV021 con_0014.nii 32 -59 41 0.653924 0.453121
RRV021 con_0014.nii -32 -58 46 0.202048 0.269456
RRV021 con_0014.nii -6 49 1 -0.569127 0.115584
RRV021 con_0015.nii 9 3 -6 -0.520983 0.548096
RRV021 con_0015.nii -9 3 -6 0.361687 0.276449
RRV021 con_0015.nii -30 33 -18 -0.15469 0.485684
RRV021 con_0015.nii 46 28 31 -0.374745 0.386121
RRV021 con_0015.nii -44 27 33 -0.508033 0.343517
RRV021 con_0015.nii 44 8 34 0.588573 0.446066
RRV021 con_0015.nii -42 7 36 0.371242 0.62063
RRV021 con_0015.nii 54 -44 43 0.295388 0.271229
RRV021 con_0015.nii -53 -50 39 -0.304775 0.298028
RRV021 con_0015.nii 32 -59 41 1.1847 0.692164
RRV021 con_0015.nii -32 -58 46 0.51842 0.530238
RRV021 con_0015.nii -6 49 1 -1.15452 0.277635
RRV021 con_0016.nii 9 3 -6 -0.117942 0.27156
RRV021 con_0016.nii -9 3 -6 0.323098 0.135364
RRV021 con_0016.nii -30 33 -18 -0.0461564 0.185984
RRV021 con_0016.nii 46 28 31 -0.506833 0.425427
RRV021 con_0016.nii -44 27 33 0.00747204 0.347049
RRV021 con_0016.nii 44 8 34 0.339206 0.297575
RRV021 con_0016.nii -42 7 36 0.350186 0.269905
RRV021 con_0016.nii 54 -44 43 -0.361703 0.192462
RRV021 con_0016.nii -53 -50 39 0.0104806 0.215767
RRV021 con_0016.nii 32 -59 41 0.647968 0.547283
RRV021 con_0016.nii -32 -58 46 0.180684 0.221693
RRV021 con_0016.nii -6 49 1 -0.63277 0.182876
RRV021 con_0017.nii 9 3 -6 -0.0487709 0.149818
RRV021 con_0017.nii -9 3 -6 0.154236 0.226982
RRV021 con_0017.nii -30 33 -18 -0.216022 0.20803
RRV021 con_0017.nii 46 28 31 0.243836 0.154675
RRV021 con_0017.nii -44 27 33 0.0298825 0.220721
RRV021 con_0017.nii 44 8 34 0.0466716 0.218203
RRV021 con_0017.nii -42 7 36 0.49454 0.471063
RRV021 con_0017.nii 54 -44 43 0.615334 0.174624
RRV021 con_0017.nii -53 -50 39 -0.171209 0.192522
RRV021 con_0017.nii 32 -59 41 0.923865 0.544032
RRV021 con_0017.nii -32 -58 46 0.421232 0.177248
RRV021 con_0017.nii -6 49 1 -0.0503678 0.208315
RRV021 con_0018.nii 9 3 -6 -0.166713 0.397705
RRV021 con_0018.nii -9 3 -6 0.477334 0.308152
RRV021 con_0018.nii -30 33 -18 -0.262178 0.344316
RRV021 con_0018.nii 46 28 31 -0.262997 0.467776
RRV021 con_0018.nii -44 27 33 0.0373545 0.491463
RRV021 con_0018.nii 44 8 34 0.385878 0.303837
RRV021 con_0018.nii -42 7 36 0.844727 0.635783
RRV021 con_0018.nii 54 -44 43 0.253632 0.226675
RRV021 con_0018.nii -53 -50 39 -0.160728 0.202324
RRV021 con_0018.nii 32 -59 41 1.57183 1.03938
RRV021 con_0018.nii -32 -58 46 0.601915 0.352841
RRV021 con_0018.nii -6 49 1 -0.683138 0.234133
RRV021 con_0019.nii 9 3 -6 0.414731 0.481562
RRV021 con_0019.nii -9 3 -6 0.0133498 0.224565
RRV021 con_0019.nii -30 33 -18 0.213093 0.193936
RRV021 con_0019.nii 46 28 31 -0.237398 0.356962
RRV021 con_0019.nii -44 27 33 0.270553 0.39829
RRV021 con_0019.nii 44 8 34 0.633796 0.24256
RRV021 con_0019.nii -42 7 36 0.674885 0.37824
RRV021 con_0019.nii 54 -44 43 -0.19138 0.192105
RRV021 con_0019.nii -53 -50 39 0.253229 0.400187
RRV021 con_0019.nii 32 -59 41 0.161001 0.16824
RRV021 con_0019.nii -32 -58 46 0.28314 0.270221
RRV021 con_0019.nii -6 49 1 0.0103982 0.216287
RRV021 con_0020.nii 9 3 -6 0.0193118 0.445819
RRV021 con_0020.nii -9 3 -6 0.237335 0.458505
RRV021 con_0020.nii -30 33 -18 0.441351 0.325504
RRV021 con_0020.nii 46 28 31 1.10577 0.317185
RRV021 con_0020.nii -44 27 33 0.837528 0.443566
RRV021 con_0020.nii 44 8 34 0.159071 0.281498
RRV021 con_0020.nii -42 7 36 0.554941 0.287849
RRV021 con_0020.nii 54 -44 43 0.489103 0.392391
RRV021 con_0020.nii -53 -50 39 0.214679 0.211463
RRV021 con_0020.nii 32 -59 41 0.245265 0.254404
RRV021 con_0020.nii -32 -58 46 0.552633 0.335068
RRV021 con_0020.nii -6 49 1 0.112789 0.176958
RRV021 con_0021.nii 9 3 -6 0.434043 0.471935
RRV021 con_0021.nii -9 3 -6 0.250685 0.452206
RRV021 con_0021.nii -30 33 -18 0.654444 0.475621
RRV021 con_0021.nii 46 28 31 0.868373 0.321224
RRV021 con_0021.nii -44 27 33 1.10808 0.770126
RRV021 con_0021.nii 44 8 34 0.792867 0.283306
RRV021 con_0021.nii -42 7 36 1.22983 0.428352
RRV021 con_0021.nii 54 -44 43 0.297724 0.270173
RRV021 con_0021.nii -53 -50 39 0.467908 0.432179
RRV021 con_0021.nii 32 -59 41 0.406267 0.349222
RRV021 con_0021.nii -32 -58 46 0.835773 0.451484
RRV021 con_0021.nii -6 49 1 0.123187 0.325753
RRV021 con_0022.nii 9 3 -6 0.556014 0.470351
RRV021 con_0022.nii -9 3 -6 0.616936 0.432926
RRV021 con_0022.nii -30 33 -18 0.197346 0.177583
RRV021 con_0022.nii 46 28 31 -0.486355 0.387522
RRV021 con_0022.nii -44 27 33 0.215326 0.342412
RRV021 con_0022.nii 44 8 34 0.504947 0.231961
RRV021 con_0022.nii -42 7 36 0.363531 0.500311
RRV021 con_0022.nii 54 -44 43 0.794333 0.223666
RRV021 con_0022.nii -53 -50 39 0.447991 0.283512
RRV021 con_0022.nii 32 -59 41 0.649201 0.275339
RRV021 con_0022.nii -32 -58 46 0.811721 0.44377
RRV021 con_0022.nii -6 49 1 0.19182 0.216667
RRV021 con_0023.nii 9 3 -6 -0.547947 0.573426
RRV021 con_0023.nii -9 3 -6 0.141136 0.449108
RRV021 con_0023.nii -30 33 -18 -0.387008 0.231412
RRV021 con_0023.nii 46 28 31 -0.129908 0.136241
RRV021 con_0023.nii -44 27 33 -0.0871336 0.401058
RRV021 con_0023.nii 44 8 34 -0.264882 0.348233
RRV021 con_0023.nii -42 7 36 -0.397686 0.284812
RRV021 con_0023.nii 54 -44 43 -0.235103 0.249717
RRV021 con_0023.nii -53 -50 39 -0.25854 0.222739
RRV021 con_0023.nii 32 -59 41 -0.153302 0.176293
RRV021 con_0023.nii -32 -58 46 0.0697893 0.241018
RRV021 con_0023.nii -6 49 1 -0.612969 0.247329
RRV021 con_0024.nii 9 3 -6 0.00806651 0.575145
RRV021 con_0024.nii -9 3 -6 0.758072 0.423685
RRV021 con_0024.nii -30 33 -18 -0.189662 0.24787
RRV021 con_0024.nii 46 28 31 -0.616263 0.388295
RRV021 con_0024.nii -44 27 33 0.128192 0.435489
RRV021 con_0024.nii 44 8 34 0.240065 0.38944
RRV021 con_0024.nii -42 7 36 -0.0341554 0.725641
RRV021 con_0024.nii 54 -44 43 0.55923 0.361569
RRV021 con_0024.nii -53 -50 39 0.189452 0.354683
RRV021 con_0024.nii 32 -59 41 0.495899 0.364089
RRV021 con_0024.nii -32 -58 46 0.88151 0.546068
RRV021 con_0024.nii -6 49 1 -0.42115 0.279966
RRV021 con_0025.nii 9 3 -6 0.287767 0.261104
RRV021 con_0025.nii -9 3 -6 0.806576 0.422125
RRV021 con_0025.nii -30 33 -18 0.144534 0.391528
RRV021 con_0025.nii 46 28 31 0.555655 0.164311
RRV021 con_0025.nii -44 27 33 0.656982 0.43126
RRV021 con_0025.nii 44 8 34 0.448443 0.405226
RRV021 con_0025.nii -42 7 36 0.50529 0.15811
RRV021 con_0025.nii 54 -44 43 -0.123876 0.221996
RRV021 con_0025.nii -53 -50 39 0.345945 0.346147
RRV021 con_0025.nii 32 -59 41 0.274914 0.280144
RRV021 con_0025.nii -32 -58 46 0.288228 0.36827
RRV021 con_0025.nii -6 49 1 0.32968 0.224491
RRV021 con_0026.nii 9 3 -6 -0.182555 0.439564
RRV021 con_0026.nii -9 3 -6 0.370713 0.353212
RRV021 con_0026.nii -30 33 -18 0.0850528 0.257005
RRV021 con_0026.nii 46 28 31 0.015003 0.219278
RRV021 con_0026.nii -44 27 33 -0.253493 0.273523
RRV021 con_0026.nii 44 8 34 -0.0622038 0.232762
RRV021 con_0026.nii -42 7 36 -0.249421 0.318947
RRV021 con_0026.nii 54 -44 43 0.441215 0.282583
RRV021 con_0026.nii -53 -50 39 -0.354585 0.445721
RRV021 con_0026.nii 32 -59 41 0.133406 0.195785
RRV021 con_0026.nii -32 -58 46 0.562064 0.255952
RRV021 con_0026.nii -6 49 1 -0.483028 0.27115
RRV021 con_0027.nii 9 3 -6 0.105212 0.573029
RRV021 con_0027.nii -9 3 -6 1.17729 0.469504
RRV021 con_0027.nii -30 33 -18 0.229587 0.362748
RRV021 con_0027.nii 46 28 31 0.570658 0.331631
RRV021 con_0027.nii -44 27 33 0.403489 0.209957
RRV021 con_0027.nii 44 8 34 0.386239 0.527724
RRV021 con_0027.nii -42 7 36 0.255869 0.299129
RRV021 con_0027.nii 54 -44 43 0.317339 0.448934
RRV021 con_0027.nii -53 -50 39 -0.00864025 0.175766
RRV021 con_0027.nii 32 -59 41 0.408321 0.30455
RRV021 con_0027.nii -32 -58 46 0.850292 0.391882
RRV021 con_0027.nii -6 49 1 -0.153348 0.36327
RRV021 con_0028.nii 9 3 -6 0.419504 0.262406
RRV021 con_0028.nii -9 3 -6 0.478954 0.174953
RRV021 con_0028.nii -30 33 -18 0.184991 0.146298
RRV021 con_0028.nii 46 28 31 -0.0560327 0.239329
RRV021 con_0028.nii -44 27 33 0.380954 0.358178
RRV021 con_0028.nii 44 8 34 0.529062 0.22099
RRV021 con_0028.nii -42 7 36 0.514569 0.196552
RRV021 con_0028.nii 54 -44 43 0.159693 0.0991306
RRV021 con_0028.nii -53 -50 39 0.349055 0.304758
RRV021 con_0028.nii 32 -59 41 0.361706 0.125994
RRV021 con_0028.nii -32 -58 46 0.461029 0.211242
RRV021 con_0028.nii -6 49 1 0.177299 0.0793557
RRV021 con_0029.nii 9 3 -6 -0.237064 0.419733
RRV021 con_0029.nii -9 3 -6 0.249728 0.30261
RRV021 con_0029.nii -30 33 -18 0.0464654 0.215746
RRV021 con_0029.nii 46 28 31 0.330289 0.169707
RRV021 con_0029.nii -44 27 33 0.165634 0.12995
RRV021 con_0029.nii 44 8 34 -0.0560049 0.230054
RRV021 con_0029.nii -42 7 36 -0.0307223 0.201748
RRV021 con_0029.nii 54 -44 43 0.231739 0.264185
RRV021 con_0029.nii -53 -50 39 -0.132815 0.211525
RRV021 con_0029.nii 32 -59 41 0.0751231 0.16538
RRV021 con_0029.nii -32 -58 46 0.394829 0.221674
RRV021 con_0029.nii -6 49 1 -0.327736 0.136401
RRV021 con_0030.nii 9 3 -6 0.18244 0.345192
RRV021 con_0030.nii -9 3 -6 0.728682 0.262321
RRV021 con_0030.nii -30 33 -18 0.231456 0.248332
RRV021 con_0030.nii 46 28 31 0.274256 0.185444
RRV021 con_0030.nii -44 27 33 0.546587 0.354311
RRV021 con_0030.nii 44 8 34 0.473057 0.365314
RRV021 con_0030.nii -42 7 36 0.483846 0.292979
RRV021 con_0030.nii 54 -44 43 0.391431 0.325177
RRV021 con_0030.nii -53 -50 39 0.21624 0.201668
RRV021 con_0030.nii 32 -59 41 0.436829 0.262668
RRV021 con_0030.nii -32 -58 46 0.855858 0.400261
RRV021 con_0030.nii -6 49 1 -0.150437 0.157284
