RRV038 con_0001.nii 9 3 -6 0.0683681 0.436494
RRV038 con_0001.nii -9 3 -6 0.0959424 0.262218
RRV038 con_0001.nii -30 33 -18 1.02847 0.35305
RRV038 con_0001.nii 46 28 31 0.4195 0.272289
RRV038 con_0001.nii -44 27 33 0.55724 0.173385
RRV038 con_0001.nii 44 8 34 1.49686 0.899895
RRV038 con_0001.nii -42 7 36 1.57872 0.990234
RRV038 con_0001.nii 54 -44 43 0.864233 0.409735
RRV038 con_0001.nii -53 -50 39 0.297652 0.438914
RRV038 con_0001.nii 32 -59 41 1.0366 0.738029
RRV038 con_0001.nii -32 -58 46 0.529432 0.274609
RRV038 con_0001.nii -6 49 1 0.0224757 0.346411
RRV038 con_0002.nii 9 3 -6 -0.198834 0.921578
RRV038 con_0002.nii -9 3 -6 -0.34544 0.32906
RRV038 con_0002.nii -30 33 -18 0.592832 0.529461
RRV038 con_0002.nii 46 28 31 -0.398097 0.557773
RRV038 con_0002.nii -44 27 33 -0.387603 0.392986
RRV038 con_0002.nii 44 8 34 -0.152386 0.541837
RRV038 con_0002.nii -42 7 36 0.306226 0.363433
RRV038 con_0002.nii 54 -44 43 -0.335982 0.311749
RRV038 con_0002.nii -53 -50 39 -0.88044 0.279715
RRV038 con_0002.nii 32 -59 41 1.24297 0.406911
RRV038 con_0002.nii -32 -58 46 -0.0575852 0.45765
RRV038 con_0002.nii -6 49 1 -0.26846 0.529514
RRV038 con_0003.nii 9 3 -6 -0.130466 0.767994
RRV038 con_0003.nii -9 3 -6 -0.249498 0.465097
RRV038 con_0003.nii -30 33 -18 1.6213 0.823282
RRV038 con_0003.nii 46 28 31 0.0214025 0.567852
RRV038 con_0003.nii -44 27 33 0.169637 0.405723
RRV038 con_0003.nii 44 8 34 1.34447 1.15551
RRV038 con_0003.nii -42 7 36 1.88495 1.23898
RRV038 con_0003.nii 54 -44 43 0.528251 0.441981
RRV038 con_0003.nii -53 -50 39 -0.582788 0.508468
RRV038 con_0003.nii 32 -59 41 2.27957 1.03415
RRV038 con_0003.nii -32 -58 46 0.471847 0.559133
RRV038 con_0003.nii -6 49 1 -0.245985 0.602434
RRV038 con_0004.nii 9 3 -6 0.430804 0.460467
RRV038 con_0004.nii -9 3 -6 0.334947 0.363769
RRV038 con_0004.nii -30 33 -18 1.27592 0.415269
RRV038 con_0004.nii 46 28 31 0.737094 0.376666
RRV038 con_0004.nii -44 27 33 0.570337 0.305443
RRV038 con_0004.nii 44 8 34 1.51968 0.847269
RRV038 con_0004.nii -42 7 36 1.45575 0.976892
RRV038 con_0004.nii 54 -44 43 1.2546 0.395713
RRV038 con_0004.nii -53 -50 39 0.158879 0.139493
RRV038 con_0004.nii 32 -59 41 1.0428 0.834574
RRV038 con_0004.nii -32 -58 46 0.21835 0.251569
RRV038 con_0004.nii -6 49 1 -0.195388 0.385832
RRV038 con_0005.nii 9 3 -6 -0.0195309 1.03022
RRV038 con_0005.nii -9 3 -6 -0.0955009 0.480743
RRV038 con_0005.nii -30 33 -18 -0.52778 0.571288
RRV038 con_0005.nii 46 28 31 -0.790344 0.248255
RRV038 con_0005.nii -44 27 33 -1.3608 0.491041
RRV038 con_0005.nii 44 8 34 -0.265487 0.517367
RRV038 con_0005.nii -42 7 36 -0.682768 0.408711
RRV038 con_0005.nii 54 -44 43 0.264946 0.409202
RRV038 con_0005.nii -53 -50 39 -0.618638 0.24681
RRV038 con_0005.nii 32 -59 41 0.476289 0.442492
RRV038 con_0005.nii -32 -58 46 0.559658 0.405501
RRV038 con_0005.nii -6 49 1 -1.09537 0.393453
RRV038 con_0006.nii 9 3 -6 0.411274 0.676625
RRV038 con_0006.nii -9 3 -6 0.239446 0.6623
RRV038 con_0006.nii -30 33 -18 0.748135 0.697638
RRV038 con_0006.nii 46 28 31 -0.0532495 0.471115
RRV038 con_0006.nii -44 27 33 -0.790466 0.658253
RRV038 con_0006.nii 44 8 34 1.25419 0.543767
RRV038 con_0006.nii -42 7 36 0.772978 0.915849
RRV038 con_0006.nii 54 -44 43 1.51955 0.65882
RRV038 con_0006.nii -53 -50 39 -0.459759 0.243835
RRV038 con_0006.nii 32 -59 41 1.51909 1.02345
RRV038 con_0006.nii -32 -58 46 0.778008 0.594253
RRV038 con_0006.nii -6 49 1 -1.29076 0.388189
RRV038 con_0007.nii 9 3 -6 0.359159 0.517104
RRV038 con_0007.nii -9 3 -6 0.0613328 0.327045
RRV038 con_0007.nii -30 33 -18 0.119805 0.374934
RRV038 con_0007.nii 46 28 31 0.281796 0.14325
RRV038 con_0007.nii -44 27 33 -0.337756 0.352859
RRV038 con_0007.nii 44 8 34 0.630658 0.96369
RRV038 con_0007.nii -42 7 36 0.824116 0.92608
RRV038 con_0007.nii 54 -44 43 0.402188 0.283627
RRV038 con_0007.nii -53 -50 39 -0.377245 0.339784
RRV038 con_0007.nii 32 -59 41 1.01716 0.558001
RRV038 con_0007.nii -32 -58 46 0.269255 0.233914
RRV038 con_0007.nii -6 49 1 1.47474 0.508289
RRV038 con_0008.nii 9 3 -6 0.364981 0.472458
RRV038 con_0008.nii -9 3 -6 0.248511 0.537615
RRV038 con_0008.nii -30 33 -18 0.429766 0.46069
RRV038 con_0008.nii 46 28 31 0.697756 0.23039
RRV038 con_0008.nii -44 27 33 0.496745 0.386649
RRV038 con_0008.nii 44 8 34 0.437143 0.55411
RRV038 con_0008.nii -42 7 36 0.549603 0.562714
RRV038 con_0008.nii 54 -44 43 1.94625 0.335957
RRV038 con_0008.nii -53 -50 39 0.0456101 0.332687
RRV038 con_0008.nii 32 -59 41 1.59216 0.668297
RRV038 con_0008.nii -32 -58 46 0.593162 0.40058
RRV038 con_0008.nii -6 49 1 0.122602 0.52285
RRV038 con_0009.nii 9 3 -6 0.724139 0.917885
RRV038 con_0009.nii -9 3 -6 0.309844 0.586682
RRV038 con_0009.nii -30 33 -18 0.54957 0.52682
RRV038 con_0009.nii 46 28 31 0.979552 0.277046
RRV038 con_0009.nii -44 27 33 0.158988 0.541849
RRV038 con_0009.nii 44 8 34 1.0678 1.27026
RRV038 con_0009.nii -42 7 36 1.37372 1.44155
RRV038 con_0009.nii 54 -44 43 2.34844 0.54065
RRV038 con_0009.nii -53 -50 39 -0.331635 0.584086
RRV038 con_0009.nii 32 -59 41 2.60932 1.10213
RRV038 con_0009.nii -32 -58 46 0.862416 0.491458
RRV038 con_0009.nii -6 49 1 1.59734 0.585679
RRV038 con_0010.nii 9 3 -6 -0.368781 0.228789
RRV038 con_0010.nii -9 3 -6 0.204419 0.33888
RRV038 con_0010.nii -30 33 -18 0.0859816 0.283025
RRV038 con_0010.nii 46 28 31 0.69037 0.0895961
RRV038 con_0010.nii -44 27 33 0.230547 0.199321
RRV038 con_0010.nii 44 8 34 1.03374 0.718411
RRV038 con_0010.nii -42 7 36 0.453567 0.662819
RRV038 con_0010.nii 54 -44 43 0.83863 0.326283
RRV038 con_0010.nii -53 -50 39 0.122051 0.240676
RRV038 con_0010.nii 32 -59 41 0.840829 0.593107
RRV038 con_0010.nii -32 -58 46 0.413817 0.171876
RRV038 con_0010.nii -6 49 1 0.0855644 0.221778
RRV038 con_0011.nii 9 3 -6 0.108183 0.300789
RRV038 con_0011.nii -9 3 -6 0.514254 0.355546
RRV038 con_0011.nii -30 33 -18 -0.22 0.286473
RRV038 con_0011.nii 46 28 31 0.0580382 0.119166
RRV038 con_0011.nii -44 27 33 0.0405604 0.194106
RRV038 con_0011.nii 44 8 34 -0.240573 0.237136
RRV038 con_0011.nii -42 7 36 -0.56341 0.365229
RRV038 con_0011.nii 54 -44 43 0.362628 0.220367
RRV038 con_0011.nii -53 -50 39 -0.237486 0.112361
RRV038 con_0011.nii 32 -59 41 0.404977 0.289756
RRV038 con_0011.nii -32 -58 46 0.0548788 0.159149
RRV038 con_0011.nii -6 49 1 -0.497737 0.235581
RRV038 con_0012.nii 9 3 -6 -0.260598 0.407075
RRV038 con_0012.nii -9 3 -6 0.718672 0.411947
RRV038 con_0012.nii -30 33 -18 -0.134019 0.177703
RRV038 con_0012.nii 46 28 31 0.748408 0.151885
RRV038 con_0012.nii -44 27 33 0.271108 0.301931
RRV038 con_0012.nii 44 8 34 0.79317 0.636913
RRV038 con_0012.nii -42 7 36 -0.109843 0.912053
RRV038 con_0012.nii 54 -44 43 1.20126 0.412286
RRV038 con_0012.nii -53 -50 39 -0.115435 0.277299
RRV038 con_0012.nii 32 -59 41 1.24581 0.831865
RRV038 con_0012.nii -32 -58 46 0.468696 0.217812
RRV038 con_0012.nii -6 49 1 -0.412173 0.384665
RRV038 con_0013.nii 9 3 -6 0.174336 0.2929
RRV038 con_0013.nii -9 3 -6 0.285662 0.233116
RRV038 con_0013.nii -30 33 -18 0.0918176 0.253976
RRV038 con_0013.nii 46 28 31 0.452992 0.196177
RRV038 con_0013.nii -44 27 33 0.0360884 0.237128
RRV038 con_0013.nii 44 8 34 1.30923 0.729976
RRV038 con_0013.nii -42 7 36 1.0621 0.711639
RRV038 con_0013.nii 54 -44 43 0.497793 0.27668
RRV038 con_0013.nii -53 -50 39 0.0875797 0.163056
RRV038 con_0013.nii 32 -59 41 1.04707 0.599557
RRV038 con_0013.nii -32 -58 46 0.144544 0.294524
RRV038 con_0013.nii -6 49 1 -0.197504 0.201233
RRV038 con_0014.nii 9 3 -6 -0.198458 0.469863
RRV038 con_0014.nii -9 3 -6 0.206826 0.393356
RRV038 con_0014.nii -30 33 -18 -0.512666 0.443864
RRV038 con_0014.nii 46 28 31 -0.220872 0.32
RRV038 con_0014.nii -44 27 33 -0.64682 0.355091
RRV038 con_0014.nii 44 8 34 -0.197582 0.306281
RRV038 con_0014.nii -42 7 36 -0.667805 0.238595
RRV038 con_0014.nii 54 -44 43 0.391578 0.302935
RRV038 con_0014.nii -53 -50 39 -0.658681 0.308236
RRV038 con_0014.nii 32 -59 41 0.44606 0.399759
RRV038 con_0014.nii -32 -58 46 -0.194906 0.23094
RRV038 con_0014.nii -6 49 1 -0.763148 0.292358
RRV038 con_0015.nii 9 3 -6 -0.0241219 0.60263
RRV038 con_0015.nii -9 3 -6 0.492489 0.467886
RRV038 con_0015.nii -30 33 -18 -0.420848 0.55239
RRV038 con_0015.nii 46 28 31 0.232119 0.450522
RRV038 con_0015.nii -44 27 33 -0.610732 0.392446
RRV038 con_0015.nii 44 8 34 1.11164 0.611176
RRV038 con_0015.nii -42 7 36 0.394292 0.717719
RRV038 con_0015.nii 54 -44 43 0.889371 0.378367
RRV038 con_0015.nii -53 -50 39 -0.571102 0.378781
RRV038 con_0015.nii 32 -59 41 1.49313 0.84876
RRV038 con_0015.nii -32 -58 46 -0.0503625 0.374364
RRV038 con_0015.nii -6 49 1 -0.960652 0.326601
RRV038 con_0016.nii 9 3 -6 0.28611 0.205902
RRV038 con_0016.nii -9 3 -6 0.164074 0.185692
RRV038 con_0016.nii -30 33 -18 0.808063 0.246614
RRV038 con_0016.nii 46 28 31 0.479463 0.195598
RRV038 con_0016.nii -44 27 33 0.263274 0.201112
RRV038 con_0016.nii 44 8 34 1.21573 0.88741
RRV038 con_0016.nii -42 7 36 1.2862 0.945976
RRV038 con_0016.nii 54 -44 43 0.84034 0.310595
RRV038 con_0016.nii -53 -50 39 0.0264288 0.251344
RRV038 con_0016.nii 32 -59 41 1.03219 0.695538
RRV038 con_0016.nii -32 -58 46 0.339012 0.134913
RRV038 con_0016.nii -6 49 1 0.433943 0.192036
RRV038 con_0017.nii 9 3 -6 0.0488718 0.716455
RRV038 con_0017.nii -9 3 -6 -0.0641432 0.336617
RRV038 con_0017.nii -30 33 -18 0.164939 0.485272
RRV038 con_0017.nii 46 28 31 -0.163562 0.21038
RRV038 con_0017.nii -44 27 33 -0.41722 0.36613
RRV038 con_0017.nii 44 8 34 0.00642328 0.376266
RRV038 con_0017.nii -42 7 36 0.0576872 0.283244
RRV038 con_0017.nii 54 -44 43 0.625071 0.216674
RRV038 con_0017.nii -53 -50 39 -0.484489 0.210562
RRV038 con_0017.nii 32 -59 41 1.10381 0.466044
RRV038 con_0017.nii -32 -58 46 0.365078 0.384029
RRV038 con_0017.nii -6 49 1 -0.413743 0.314718
RRV038 con_0018.nii 9 3 -6 0.334982 0.683339
RRV038 con_0018.nii -9 3 -6 0.0999308 0.472704
RRV038 con_0018.nii -30 33 -18 0.973002 0.610442
RRV038 con_0018.nii 46 28 31 0.315902 0.378534
RRV038 con_0018.nii -44 27 33 -0.153947 0.46582
RRV038 con_0018.nii 44 8 34 1.22215 0.954346
RRV038 con_0018.nii -42 7 36 1.34388 1.15972
RRV038 con_0018.nii 54 -44 43 1.46541 0.389307
RRV038 con_0018.nii -53 -50 39 -0.45806 0.380679
RRV038 con_0018.nii 32 -59 41 2.136 1.04022
RRV038 con_0018.nii -32 -58 46 0.704091 0.435518
RRV038 con_0018.nii -6 49 1 0.0201996 0.380814
RRV038 con_0019.nii 9 3 -6 0.437149 0.352293
RRV038 con_0019.nii -9 3 -6 -0.108476 0.383683
RRV038 con_0019.nii -30 33 -18 0.942488 0.51339
RRV038 con_0019.nii 46 28 31 -0.27087 0.214557
RRV038 con_0019.nii -44 27 33 0.326693 0.190327
RRV038 con_0019.nii 44 8 34 0.463114 0.240032
RRV038 con_0019.nii -42 7 36 1.12516 0.674802
RRV038 con_0019.nii 54 -44 43 0.0256028 0.267768
RRV038 con_0019.nii -53 -50 39 0.175601 0.388893
RRV038 con_0019.nii 32 -59 41 0.195772 0.207147
RRV038 con_0019.nii -32 -58 46 0.115615 0.272324
RRV038 con_0019.nii -6 49 1 -0.0630887 0.268296
RRV038 con_0020.nii 9 3 -6 -0.307017 0.764884
RRV038 con_0020.nii -9 3 -6 -0.859694 0.340994
RRV038 con_0020.nii -30 33 -18 0.812832 0.349639
RRV038 con_0020.nii 46 28 31 -0.456136 0.595378
RRV038 con_0020.nii -44 27 33 -0.428163 0.426559
RRV038 con_0020.nii 44 8 34 0.0881871 0.573469
RRV038 con_0020.nii -42 7 36 0.869636 0.48772
RRV038 con_0020.nii 54 -44 43 -0.698609 0.418803
RRV038 con_0020.nii -53 -50 39 -0.642954 0.24412
RRV038 con_0020.nii 32 -59 41 0.837997 0.282808
RRV038 con_0020.nii -32 -58 46 -0.112464 0.376689
RRV038 con_0020.nii -6 49 1 0.229277 0.484336
RRV038 con_0021.nii 9 3 -6 0.130131 0.623833
RRV038 con_0021.nii -9 3 -6 -0.96817 0.556289
RRV038 con_0021.nii -30 33 -18 1.75532 0.842381
RRV038 con_0021.nii 46 28 31 -0.727006 0.602307
RRV038 con_0021.nii -44 27 33 -0.10147 0.580272
RRV038 con_0021.nii 44 8 34 0.551301 0.762818
RRV038 con_0021.nii -42 7 36 1.99479 1.1122
RRV038 con_0021.nii 54 -44 43 -0.673007 0.552797
RRV038 con_0021.nii -53 -50 39 -0.467353 0.514386
RRV038 con_0021.nii 32 -59 41 1.03377 0.354871
RRV038 con_0021.nii -32 -58 46 0.00315069 0.555157
RRV038 con_0021.nii -6 49 1 0.166188 0.515239
RRV038 con_0022.nii 9 3 -6 0.799585 0.406996
RRV038 con_0022.nii -9 3 -6 0.130528 0.481871
RRV038 con_0022.nii -30 33 -18 1.18993 0.530657
RRV038 con_0022.nii 46 28 31 0.0467238 0.355838
RRV038 con_0022.nii -44 27 33 0.33979 0.378024
RRV038 con_0022.nii 44 8 34 0.485934 0.217444
RRV038 con_0022.nii -42 7 36 1.00218 0.592639
RRV038 con_0022.nii 54 -44 43 0.41597 0.326327
RRV038 con_0022.nii -53 -50 39 0.0368289 0.274037
RRV038 con_0022.nii 32 -59 41 0.201976 0.368648
RRV038 con_0022.nii -32 -58 46 -0.195467 0.290968
RRV038 con_0022.nii -6 49 1 -0.280953 0.469245
RRV038 con_0023.nii 9 3 -6 -0.127714 0.903908
RRV038 con_0023.nii -9 3 -6 -0.609754 0.417108
RRV038 con_0023.nii -30 33 -18 -0.30778 0.322632
RRV038 con_0023.nii 46 28 31 -0.848382 0.217159
RRV038 con_0023.nii -44 27 33 -1.40136 0.517128
RRV038 con_0023.nii 44 8 34 -0.0249146 0.443275
RRV038 con_0023.nii -42 7 36 -0.119358 0.340741
RRV038 con_0023.nii 54 -44 43 -0.0976817 0.343723
RRV038 con_0023.nii -53 -50 39 -0.381152 0.180835
RRV038 con_0023.nii 32 -59 41 0.0713115 0.274766
RRV038 con_0023.nii -32 -58 46 0.504779 0.316364
RRV038 con_0023.nii -6 49 1 -0.597635 0.440899
RRV038 con_0024.nii 9 3 -6 0.671871 0.650162
RRV038 con_0024.nii -9 3 -6 -0.479226 0.5517
RRV038 con_0024.nii -30 33 -18 0.882154 0.698076
RRV038 con_0024.nii 46 28 31 -0.801658 0.450193
RRV038 con_0024.nii -44 27 33 -1.06157 0.766066
RRV038 con_0024.nii 44 8 34 0.461019 0.381644
RRV038 con_0024.nii -42 7 36 0.882821 0.666737
RRV038 con_0024.nii 54 -44 43 0.318288 0.559327
RRV038 con_0024.nii -53 -50 39 -0.344323 0.251007
RRV038 con_0024.nii 32 -59 41 0.273287 0.3337
RRV038 con_0024.nii -32 -58 46 0.309312 0.578583
RRV038 con_0024.nii -6 49 1 -0.878588 0.496205
RRV038 con_0025.nii 9 3 -6 0.727939 0.608461
RRV038 con_0025.nii -9 3 -6 -0.143086 0.388912
RRV038 con_0025.nii -30 33 -18 0.0338232 0.400859
RRV038 con_0025.nii 46 28 31 -0.408574 0.161573
RRV038 con_0025.nii -44 27 33 -0.568304 0.327234
RRV038 con_0025.nii 44 8 34 -0.403085 0.327418
RRV038 con_0025.nii -42 7 36 0.370549 0.409758
RRV038 con_0025.nii 54 -44 43 -0.436442 0.150129
RRV038 con_0025.nii -53 -50 39 -0.499295 0.271779
RRV038 con_0025.nii 32 -59 41 0.176332 0.218734
RRV038 con_0025.nii -32 -58 46 -0.144563 0.28053
RRV038 con_0025.nii -6 49 1 1.38918 0.533837
RRV038 con_0026.nii 9 3 -6 0.256798 0.375898
RRV038 con_0026.nii -9 3 -6 -0.265742 0.337368
RRV038 con_0026.nii -30 33 -18 0.649766 0.24585
RRV038 con_0026.nii 46 28 31 0.639718 0.222715
RRV038 con_0026.nii -44 27 33 0.456185 0.378598
RRV038 con_0026.nii 44 8 34 0.677716 0.586152
RRV038 con_0026.nii -42 7 36 1.11301 0.712527
RRV038 con_0026.nii 54 -44 43 1.58362 0.270049
RRV038 con_0026.nii -53 -50 39 0.283096 0.283819
RRV038 con_0026.nii 32 -59 41 1.18718 0.461535
RRV038 con_0026.nii -32 -58 46 0.538283 0.390267
RRV038 con_0026.nii -6 49 1 0.620339 0.526231
RRV038 con_0027.nii 9 3 -6 0.984737 0.853848
RRV038 con_0027.nii -9 3 -6 -0.408828 0.378155
RRV038 con_0027.nii -30 33 -18 0.683589 0.47575
RRV038 con_0027.nii 46 28 31 0.231144 0.203851
RRV038 con_0027.nii -44 27 33 -0.112119 0.573311
RRV038 con_0027.nii 44 8 34 0.274631 0.748213
RRV038 con_0027.nii -42 7 36 1.48356 1.09584
RRV038 con_0027.nii 54 -44 43 1.14718 0.246599
RRV038 con_0027.nii -53 -50 39 -0.216199 0.509042
RRV038 con_0027.nii 32 -59 41 1.36352 0.424115
RRV038 con_0027.nii -32 -58 46 0.39372 0.592881
RRV038 con_0027.nii -6 49 1 2.00952 0.701761
RRV038 con_0028.nii 9 3 -6 0.654891 0.197665
RRV038 con_0028.nii -9 3 -6 -0.0403448 0.329679
RRV038 con_0028.nii -30 33 -18 0.722082 0.387574
RRV038 con_0028.nii 46 28 31 -0.210907 0.160206
RRV038 con_0028.nii -44 27 33 0.0327264 0.230709
RRV038 con_0028.nii 44 8 34 0.181988 0.198505
RRV038 con_0028.nii -42 7 36 0.832628 0.537459
RRV038 con_0028.nii 54 -44 43 0.00171006 0.168543
RRV038 con_0028.nii -53 -50 39 -0.0956217 0.232495
RRV038 con_0028.nii 32 -59 41 0.19136 0.204459
RRV038 con_0028.nii -32 -58 46 -0.0748051 0.181394
RRV038 con_0028.nii -6 49 1 0.348379 0.231348
RRV038 con_0029.nii 9 3 -6 -0.0593113 0.562569
RRV038 con_0029.nii -9 3 -6 -0.578397 0.196284
RRV038 con_0029.nii -30 33 -18 0.384939 0.241049
RRV038 con_0029.nii 46 28 31 -0.2216 0.229632
RRV038 con_0029.nii -44 27 33 -0.457781 0.387215
RRV038 con_0029.nii 44 8 34 0.246996 0.376549
RRV038 con_0029.nii -42 7 36 0.621097 0.402731
RRV038 con_0029.nii 54 -44 43 0.262443 0.208014
RRV038 con_0029.nii -53 -50 39 -0.247003 0.136653
RRV038 con_0029.nii 32 -59 41 0.69883 0.265885
RRV038 con_0029.nii -32 -58 46 0.310199 0.317482
RRV038 con_0029.nii -6 49 1 0.0839935 0.313301
RRV038 con_0030.nii 9 3 -6 0.59558 0.59207
RRV038 con_0030.nii -9 3 -6 -0.618742 0.377724
RRV038 con_0030.nii -30 33 -18 1.10702 0.605293
RRV038 con_0030.nii 46 28 31 -0.432507 0.372248
RRV038 con_0030.nii -44 27 33 -0.425055 0.580722
RRV038 con_0030.nii 44 8 34 0.428984 0.508348
RRV038 con_0030.nii -42 7 36 1.45373 0.906525
RRV038 con_0030.nii 54 -44 43 0.264153 0.265974
RRV038 con_0030.nii -53 -50 39 -0.342625 0.347525
RRV038 con_0030.nii 32 -59 41 0.89019 0.332521
RRV038 con_0030.nii -32 -58 46 0.235394 0.467688
RRV038 con_0030.nii -6 49 1 0.432372 0.440673
