RRV026 con_0001.nii 9 3 -6 0.604442 0.409084
RRV026 con_0001.nii -9 3 -6 0.322857 0.290731
RRV026 con_0001.nii -30 33 -18 0.576339 0.254355
RRV026 con_0001.nii 46 28 31 -0.17913 0.183106
RRV026 con_0001.nii -44 27 33 0.390429 0.178437
RRV026 con_0001.nii 44 8 34 -0.180316 0.211837
RRV026 con_0001.nii -42 7 36 0.690679 0.335377
RRV026 con_0001.nii 54 -44 43 -0.466982 0.410311
RRV026 con_0001.nii -53 -50 39 -0.164279 0.407151
RRV026 con_0001.nii 32 -59 41 0.672058 0.40787
RRV026 con_0001.nii -32 -58 46 -0.0951069 0.367339
RRV026 con_0001.nii -6 49 1 -0.607509 0.162803
RRV026 con_0002.nii 9 3 -6 0.0374444 0.381993
RRV026 con_0002.nii -9 3 -6 0.306154 0.384187
RRV026 con_0002.nii -30 33 -18 -0.144013 0.243801
RRV026 con_0002.nii 46 28 31 0.299939 0.262071
RRV026 con_0002.nii -44 27 33 0.357184 0.391165
RRV026 con_0002.nii 44 8 34 -0.093607 0.19164
RRV026 con_0002.nii -42 7 36 0.021216 0.337634
RRV026 con_0002.nii 54 -44 43 -0.0501197 0.313867
RRV026 con_0002.nii -53 -50 39 -0.254593 0.485707
RRV026 con_0002.nii 32 -59 41 -0.281339 0.478842
RRV026 con_0002.nii -32 -58 46 -0.205037 0.364387
RRV026 con_0002.nii -6 49 1 -0.551723 0.207213
RRV026 con_0003.nii 9 3 -6 0.641886 0.687072
RRV026 con_0003.nii -9 3 -6 0.629011 0.37213
RRV026 con_0003.nii -30 33 -18 0.432326 0.359189
RRV026 con_0003.nii 46 28 31 0.120809 0.399093
RRV026 con_0003.nii -44 27 33 0.747613 0.354549
RRV026 con_0003.nii 44 8 34 -0.273923 0.338121
RRV026 con_0003.nii -42 7 36 0.711895 0.495221
RRV026 con_0003.nii 54 -44 43 -0.517102 0.662492
RRV026 con_0003.nii -53 -50 39 -0.418872 0.808804
RRV026 con_0003.nii 32 -59 41 0.390719 0.771702
RRV026 con_0003.nii -32 -58 46 -0.300143 0.649962
RRV026 con_0003.nii -6 49 1 -1.15923 0.280143
RRV026 con_0004.nii 9 3 -6 0.471673 0.521654
RRV026 con_0004.nii -9 3 -6 0.64324 0.246451
RRV026 con_0004.nii -30 33 -18 0.198742 0.31339
RRV026 con_0004.nii 46 28 31 -0.47109 0.167709
RRV026 con_0004.nii -44 27 33 0.0465713 0.197098
RRV026 con_0004.nii 44 8 34 0.222052 0.345004
RRV026 con_0004.nii -42 7 36 0.0916884 0.401925
RRV026 con_0004.nii 54 -44 43 -0.40537 0.301171
RRV026 con_0004.nii -53 -50 39 -0.0575048 0.271849
RRV026 con_0004.nii 32 -59 41 0.147617 0.444098
RRV026 con_0004.nii -32 -58 46 -0.742981 0.470003
RRV026 con_0004.nii -6 49 1 -0.189605 0.250335
RRV026 con_0005.nii 9 3 -6 0.164107 0.154429
RRV026 con_0005.nii -9 3 -6 -0.0340044 0.5044
RRV026 con_0005.nii -30 33 -18 0.332635 0.204511
RRV026 con_0005.nii 46 28 31 0.217145 0.295233
RRV026 con_0005.nii -44 27 33 0.469905 0.359583
RRV026 con_0005.nii 44 8 34 0.0486208 0.0979583
RRV026 con_0005.nii -42 7 36 0.666401 0.401136
RRV026 con_0005.nii 54 -44 43 0.221733 0.192626
RRV026 con_0005.nii -53 -50 39 0.498597 0.306425
RRV026 con_0005.nii 32 -59 41 0.246418 0.236151
RRV026 con_0005.nii -32 -58 46 -0.0679709 0.213599
RRV026 con_0005.nii -6 49 1 -0.797718 0.176318
RRV026 con_0006.nii 9 3 -6 0.635781 0.510658
RRV026 con_0006.nii -9 3 -6 0.609236 0.547711
RRV026 con_0006.nii -30 33 -18 0.531377 0.32895
RRV026 con_0006.nii 46 28 31 -0.253945 0.338687
RRV026 con_0006.nii -44 27 33 0.516476 0.337076
RRV026 con_0006.nii 44 8 34 0.270672 0.339312
RRV026 con_0006.nii -42 7 36 0.758089 0.706289
RRV026 con_0006.nii 54 -44 43 -0.183637 0.413158
RRV026 con_0006.nii -53 -50 39 0.441092 0.510635
RRV026 con_0006.nii 32 -59 41 0.394035 0.607508
RRV026 con_0006.nii -32 -58 46 -0.810952 0.607569
RRV026 con_0006.nii -6 49 1 -0.987324 0.325727
RRV026 con_0007.nii 9 3 -6 0.700836 0.610422
RRV026 con_0007.nii -9 3 -6 -0.14927 0.310968
RRV026 con_0007.nii -30 33 -18 0.216559 0.167703
RRV026 con_0007.nii 46 28 31 -0.116062 0.110826
RRV026 con_0007.nii -44 27 33 -0.0844845 0.201592
RRV026 con_0007.nii 44 8 34 -0.0165177 0.168487
RRV026 con_0007.nii -42 7 36 -0.0239695 0.300426
RRV026 con_0007.nii 54 -44 43 -0.0101599 0.182194
RRV026 con_0007.nii -53 -50 39 -0.283792 0.311748
RRV026 con_0007.nii 32 -59 41 0.0883017 0.36595
RRV026 con_0007.nii -32 -58 46 -1.06002 0.346026
RRV026 con_0007.nii -6 49 1 -0.150027 0.264679
RRV026 con_0008.nii 9 3 -6 0.195318 0.251205
RRV026 con_0008.nii -9 3 -6 -0.290787 0.627181
RRV026 con_0008.nii -30 33 -18 -0.590987 0.340712
RRV026 con_0008.nii 46 28 31 -0.314614 0.19004
RRV026 con_0008.nii -44 27 33 0.597026 0.199787
RRV026 con_0008.nii 44 8 34 -0.226203 0.235553
RRV026 con_0008.nii -42 7 36 0.252552 0.34099
RRV026 con_0008.nii 54 -44 43 0.150477 0.28823
RRV026 con_0008.nii -53 -50 39 0.262528 0.246404
RRV026 con_0008.nii 32 -59 41 0.772791 0.505498
RRV026 con_0008.nii -32 -58 46 0.581059 0.313215
RRV026 con_0008.nii -6 49 1 -0.479708 0.348554
RRV026 con_0009.nii 9 3 -6 0.896154 0.575424
RRV026 con_0009.nii -9 3 -6 -0.440057 0.524706
RRV026 con_0009.nii -30 33 -18 -0.374428 0.35632
RRV026 con_0009.nii 46 28 31 -0.430676 0.217135
RRV026 con_0009.nii -44 27 33 0.512541 0.271508
RRV026 con_0009.nii 44 8 34 -0.242721 0.352364
RRV026 con_0009.nii -42 7 36 0.228583 0.497179
RRV026 con_0009.nii 54 -44 43 0.140317 0.321869
RRV026 con_0009.nii -53 -50 39 -0.0212639 0.215625
RRV026 con_0009.nii 32 -59 41 0.861093 0.612488
RRV026 con_0009.nii -32 -58 46 -0.478964 0.495986
RRV026 con_0009.nii -6 49 1 -0.629735 0.366134
RRV026 con_0010.nii 9 3 -6 0.211012 0.402364
RRV026 con_0010.nii -9 3 -6 0.146504 0.26502
RRV026 con_0010.nii -30 33 -18 0.0286858 0.145118
RRV026 con_0010.nii 46 28 31 0.106414 0.158601
RRV026 con_0010.nii -44 27 33 0.160644 0.0867696
RRV026 con_0010.nii 44 8 34 -0.150082 0.170931
RRV026 con_0010.nii -42 7 36 0.192877 0.223655
RRV026 con_0010.nii 54 -44 43 0.146764 0.198638
RRV026 con_0010.nii -53 -50 39 -0.00463123 0.213526
RRV026 con_0010.nii 32 -59 41 0.280061 0.144109
RRV026 con_0010.nii -32 -58 46 -0.0178798 0.17796
RRV026 con_0010.nii -6 49 1 -0.020553 0.236386
RRV026 con_0011.nii 9 3 -6 -0.323396 0.34178
RRV026 con_0011.nii -9 3 -6 0.218336 0.319305
RRV026 con_0011.nii -30 33 -18 -0.0937062 0.135807
RRV026 con_0011.nii 46 28 31 -0.088888 0.242627
RRV026 con_0011.nii -44 27 33 0.144225 0.216173
RRV026 con_0011.nii 44 8 34 0.0832276 0.128661
RRV026 con_0011.nii -42 7 36 0.160435 0.169562
RRV026 con_0011.nii 54 -44 43 0.245139 0.134768
RRV026 con_0011.nii -53 -50 39 0.230833 0.0895261
RRV026 con_0011.nii 32 -59 41 0.127582 0.23948
RRV026 con_0011.nii -32 -58 46 -0.239679 0.153736
RRV026 con_0011.nii -6 49 1 -0.381967 0.197971
RRV026 con_0012.nii 9 3 -6 -0.112384 0.691349
RRV026 con_0012.nii -9 3 -6 0.36484 0.211035
RRV026 con_0012.nii -30 33 -18 -0.0650204 0.108347
RRV026 con_0012.nii 46 28 31 0.017526 0.348545
RRV026 con_0012.nii -44 27 33 0.304869 0.253367
RRV026 con_0012.nii 44 8 34 -0.0668546 0.264997
RRV026 con_0012.nii -42 7 36 0.353311 0.374809
RRV026 con_0012.nii 54 -44 43 0.391904 0.278822
RRV026 con_0012.nii -53 -50 39 0.226202 0.210575
RRV026 con_0012.nii 32 -59 41 0.407643 0.342356
RRV026 con_0012.nii -32 -58 46 -0.257559 0.260818
RRV026 con_0012.nii -6 49 1 -0.40252 0.369868
RRV026 con_0013.nii 9 3 -6 1.16873 0.658668
RRV026 con_0013.nii -9 3 -6 0.224633 0.354981
RRV026 con_0013.nii -30 33 -18 -0.0122433 0.211751
RRV026 con_0013.nii 46 28 31 0.0462567 0.242627
RRV026 con_0013.nii -44 27 33 0.207895 0.102518
RRV026 con_0013.nii 44 8 34 0.566649 0.170632
RRV026 con_0013.nii -42 7 36 0.248277 0.199839
RRV026 con_0013.nii 54 -44 43 0.12089 0.356792
RRV026 con_0013.nii -53 -50 39 0.129025 0.0878859
RRV026 con_0013.nii 32 -59 41 0.467582 0.664167
RRV026 con_0013.nii -32 -58 46 -0.617641 0.357229
RRV026 con_0013.nii -6 49 1 -0.51981 0.317678
RRV026 con_0014.nii 9 3 -6 0.128335 0.367119
RRV026 con_0014.nii -9 3 -6 0.362126 0.250029
RRV026 con_0014.nii -30 33 -18 -0.319141 0.256232
RRV026 con_0014.nii 46 28 31 -0.775995 0.353731
RRV026 con_0014.nii -44 27 33 0.090987 0.2059
RRV026 con_0014.nii 44 8 34 0.123622 0.14096
RRV026 con_0014.nii -42 7 36 -0.0367282 0.116855
RRV026 con_0014.nii 54 -44 43 -0.751907 0.362188
RRV026 con_0014.nii -53 -50 39 0.0311109 0.17695
RRV026 con_0014.nii 32 -59 41 0.401039 0.807934
RRV026 con_0014.nii -32 -58 46 -0.58575 0.25113
RRV026 con_0014.nii -6 49 1 -0.722903 0.308388
RRV026 con_0015.nii 9 3 -6 1.29707 0.454756
RRV026 con_0015.nii -9 3 -6 0.586759 0.291971
RRV026 con_0015.nii -30 33 -18 -0.331385 0.400276
RRV026 con_0015.nii 46 28 31 -0.729739 0.540834
RRV026 con_0015.nii -44 27 33 0.298882 0.244982
RRV026 con_0015.nii 44 8 34 0.690271 0.229525
RRV026 con_0015.nii -42 7 36 0.211549 0.243445
RRV026 con_0015.nii 54 -44 43 -0.631016 0.701614
RRV026 con_0015.nii -53 -50 39 0.160136 0.213801
RRV026 con_0015.nii 32 -59 41 0.868621 1.44912
RRV026 con_0015.nii -32 -58 46 -1.20339 0.589347
RRV026 con_0015.nii -6 49 1 -1.24271 0.563709
RRV026 con_0016.nii 9 3 -6 0.592317 0.198385
RRV026 con_0016.nii -9 3 -6 0.272276 0.222244
RRV026 con_0016.nii -30 33 -18 0.330547 0.171529
RRV026 con_0016.nii 46 28 31 -0.255427 0.104735
RRV026 con_0016.nii -44 27 33 0.117505 0.120506
RRV026 con_0016.nii 44 8 34 0.00840596 0.203303
RRV026 con_0016.nii -42 7 36 0.252799 0.315963
RRV026 con_0016.nii 54 -44 43 -0.294171 0.22655
RRV026 con_0016.nii -53 -50 39 -0.168525 0.301004
RRV026 con_0016.nii 32 -59 41 0.302659 0.378599
RRV026 con_0016.nii -32 -58 46 -0.632704 0.376397
RRV026 con_0016.nii -6 49 1 -0.315714 0.199478
RRV026 con_0017.nii 9 3 -6 0.13229 0.192097
RRV026 con_0017.nii -9 3 -6 -0.00621229 0.437117
RRV026 con_0017.nii -30 33 -18 -0.134122 0.201042
RRV026 con_0017.nii 46 28 31 0.0674898 0.217765
RRV026 con_0017.nii -44 27 33 0.474705 0.229225
RRV026 con_0017.nii 44 8 34 -0.0903965 0.145827
RRV026 con_0017.nii -42 7 36 0.31339 0.252453
RRV026 con_0017.nii 54 -44 43 0.107363 0.219467
RRV026 con_0017.nii -53 -50 39 0.168844 0.207122
RRV026 con_0017.nii 32 -59 41 0.245957 0.323666
RRV026 con_0017.nii -32 -58 46 0.102684 0.259063
RRV026 con_0017.nii -6 49 1 -0.609716 0.187151
RRV026 con_0018.nii 9 3 -6 0.724607 0.322868
RRV026 con_0018.nii -9 3 -6 0.266063 0.357767
RRV026 con_0018.nii -30 33 -18 0.196425 0.172853
RRV026 con_0018.nii 46 28 31 -0.187938 0.283491
RRV026 con_0018.nii -44 27 33 0.59221 0.19048
RRV026 con_0018.nii 44 8 34 -0.0819905 0.288793
RRV026 con_0018.nii -42 7 36 0.566189 0.456883
RRV026 con_0018.nii 54 -44 43 -0.186807 0.414586
RRV026 con_0018.nii -53 -50 39 0.000318578 0.406774
RRV026 con_0018.nii 32 -59 41 0.548616 0.552175
RRV026 con_0018.nii -32 -58 46 -0.53002 0.550061
RRV026 con_0018.nii -6 49 1 -0.92543 0.276216
RRV026 con_0019.nii 9 3 -6 0.39343 0.208687
RRV026 con_0019.nii -9 3 -6 0.176353 0.195476
RRV026 con_0019.nii -30 33 -18 0.547653 0.233792
RRV026 con_0019.nii 46 28 31 -0.285544 0.118902
RRV026 con_0019.nii -44 27 33 0.229785 0.188492
RRV026 con_0019.nii 44 8 34 -0.0302339 0.200672
RRV026 con_0019.nii -42 7 36 0.497802 0.39731
RRV026 con_0019.nii 54 -44 43 -0.613747 0.231054
RRV026 con_0019.nii -53 -50 39 -0.159648 0.248555
RRV026 con_0019.nii 32 -59 41 0.391997 0.32036
RRV026 con_0019.nii -32 -58 46 -0.0772271 0.245146
RRV026 con_0019.nii -6 49 1 -0.586956 0.0995923
RRV026 con_0020.nii 9 3 -6 0.360841 0.249706
RRV026 con_0020.nii -9 3 -6 0.0878183 0.252291
RRV026 con_0020.nii -30 33 -18 -0.0503072 0.199147
RRV026 con_0020.nii 46 28 31 0.388827 0.229401
RRV026 con_0020.nii -44 27 33 0.212959 0.383303
RRV026 con_0020.nii 44 8 34 -0.176835 0.19634
RRV026 con_0020.nii -42 7 36 -0.139219 0.252348
RRV026 con_0020.nii 54 -44 43 -0.295259 0.234628
RRV026 con_0020.nii -53 -50 39 -0.485426 0.490728
RRV026 con_0020.nii 32 -59 41 -0.408921 0.471394
RRV026 con_0020.nii -32 -58 46 0.0346426 0.32212
RRV026 con_0020.nii -6 49 1 -0.169755 0.180322
RRV026 con_0021.nii 9 3 -6 0.75427 0.37095
RRV026 con_0021.nii -9 3 -6 0.264172 0.344797
RRV026 con_0021.nii -30 33 -18 0.497346 0.378622
RRV026 con_0021.nii 46 28 31 0.103283 0.265525
RRV026 con_0021.nii -44 27 33 0.442744 0.43462
RRV026 con_0021.nii 44 8 34 -0.207069 0.355985
RRV026 con_0021.nii -42 7 36 0.358583 0.487895
RRV026 con_0021.nii 54 -44 43 -0.909006 0.403854
RRV026 con_0021.nii -53 -50 39 -0.645074 0.65532
RRV026 con_0021.nii 32 -59 41 -0.0169237 0.621783
RRV026 con_0021.nii -32 -58 46 -0.0425845 0.449491
RRV026 con_0021.nii -6 49 1 -0.756711 0.219319
RRV026 con_0022.nii 9 3 -6 0.260662 0.300728
RRV026 con_0022.nii -9 3 -6 0.496737 0.214433
RRV026 con_0022.nii -30 33 -18 0.170056 0.228467
RRV026 con_0022.nii 46 28 31 -0.577504 0.224145
RRV026 con_0022.nii -44 27 33 -0.114073 0.232095
RRV026 con_0022.nii 44 8 34 0.372134 0.421984
RRV026 con_0022.nii -42 7 36 -0.101188 0.501708
RRV026 con_0022.nii 54 -44 43 -0.552134 0.172482
RRV026 con_0022.nii -53 -50 39 -0.0528735 0.212922
RRV026 con_0022.nii 32 -59 41 -0.132444 0.391724
RRV026 con_0022.nii -32 -58 46 -0.725102 0.384039
RRV026 con_0022.nii -6 49 1 -0.169052 0.211274
RRV026 con_0023.nii 9 3 -6 0.487503 0.412299
RRV026 con_0023.nii -9 3 -6 -0.25234 0.365868
RRV026 con_0023.nii -30 33 -18 0.426341 0.160072
RRV026 con_0023.nii 46 28 31 0.306033 0.196814
RRV026 con_0023.nii -44 27 33 0.32568 0.253615
RRV026 con_0023.nii 44 8 34 -0.0346068 0.145799
RRV026 con_0023.nii -42 7 36 0.505966 0.404367
RRV026 con_0023.nii 54 -44 43 -0.0234066 0.116051
RRV026 con_0023.nii -53 -50 39 0.267764 0.281581
RRV026 con_0023.nii 32 -59 41 0.118836 0.196151
RRV026 con_0023.nii -32 -58 46 0.171708 0.182931
RRV026 con_0023.nii -6 49 1 -0.415751 0.168467
RRV026 con_0024.nii 9 3 -6 0.748165 0.431205
RRV026 con_0024.nii -9 3 -6 0.244396 0.422721
RRV026 con_0024.nii -30 33 -18 0.596397 0.332398
RRV026 con_0024.nii 46 28 31 -0.271471 0.222357
RRV026 con_0024.nii -44 27 33 0.211608 0.33252
RRV026 con_0024.nii 44 8 34 0.337527 0.501736
RRV026 con_0024.nii -42 7 36 0.404778 0.811533
RRV026 con_0024.nii 54 -44 43 -0.575541 0.176767
RRV026 con_0024.nii -53 -50 39 0.21489 0.47254
RRV026 con_0024.nii 32 -59 41 -0.013608 0.404924
RRV026 con_0024.nii -32 -58 46 -0.553393 0.460862
RRV026 con_0024.nii -6 49 1 -0.584803 0.234356
RRV026 con_0025.nii 9 3 -6 0.489824 0.941805
RRV026 con_0025.nii -9 3 -6 -0.295774 0.256578
RRV026 con_0025.nii -30 33 -18 0.187873 0.191938
RRV026 con_0025.nii 46 28 31 -0.222476 0.159043
RRV026 con_0025.nii -44 27 33 -0.245128 0.187713
RRV026 con_0025.nii 44 8 34 0.133565 0.208026
RRV026 con_0025.nii -42 7 36 -0.216846 0.34926
RRV026 con_0025.nii 54 -44 43 -0.156924 0.293184
RRV026 con_0025.nii -53 -50 39 -0.27916 0.242444
RRV026 con_0025.nii 32 -59 41 -0.191759 0.289221
RRV026 con_0025.nii -32 -58 46 -1.04214 0.323963
RRV026 con_0025.nii -6 49 1 -0.129473 0.208689
RRV026 con_0026.nii 9 3 -6 0.518714 0.292402
RRV026 con_0026.nii -9 3 -6 -0.509123 0.59163
RRV026 con_0026.nii -30 33 -18 -0.49728 0.270526
RRV026 con_0026.nii 46 28 31 -0.225727 0.192205
RRV026 con_0026.nii -44 27 33 0.452801 0.187872
RRV026 con_0026.nii 44 8 34 -0.309431 0.238153
RRV026 con_0026.nii -42 7 36 0.0921173 0.189387
RRV026 con_0026.nii 54 -44 43 -0.0946622 0.238584
RRV026 con_0026.nii -53 -50 39 0.031695 0.211381
RRV026 con_0026.nii 32 -59 41 0.645209 0.588083
RRV026 con_0026.nii -32 -58 46 0.820738 0.311851
RRV026 con_0026.nii -6 49 1 -0.0977409 0.246462
RRV026 con_0027.nii 9 3 -6 1.00854 1.15943
RRV026 con_0027.nii -9 3 -6 -0.804897 0.496063
RRV026 con_0027.nii -30 33 -18 -0.309408 0.349577
RRV026 con_0027.nii 46 28 31 -0.448202 0.227836
RRV026 con_0027.nii -44 27 33 0.207672 0.319561
RRV026 con_0027.nii 44 8 34 -0.175866 0.373998
RRV026 con_0027.nii -42 7 36 -0.124729 0.327829
RRV026 con_0027.nii 54 -44 43 -0.251586 0.295133
RRV026 con_0027.nii -53 -50 39 -0.247466 0.186793
RRV026 con_0027.nii 32 -59 41 0.45345 0.514952
RRV026 con_0027.nii -32 -58 46 -0.221405 0.361482
RRV026 con_0027.nii -6 49 1 -0.227214 0.231095
RRV026 con_0028.nii 9 3 -6 0.381305 0.330134
RRV026 con_0028.nii -9 3 -6 0.125772 0.136917
RRV026 con_0028.nii -30 33 -18 0.301861 0.116803
RRV026 con_0028.nii 46 28 31 -0.361841 0.127338
RRV026 con_0028.nii -44 27 33 -0.0431386 0.137686
RRV026 con_0028.nii 44 8 34 0.158488 0.253851
RRV026 con_0028.nii -42 7 36 0.0599227 0.394449
RRV026 con_0028.nii 54 -44 43 -0.440935 0.101347
RRV026 con_0028.nii -53 -50 39 -0.163894 0.183344
RRV026 con_0028.nii 32 -59 41 0.0225979 0.301241
RRV026 con_0028.nii -32 -58 46 -0.614824 0.295513
RRV026 con_0028.nii -6 49 1 -0.295161 0.139349
RRV026 con_0029.nii 9 3 -6 0.455686 0.255392
RRV026 con_0029.nii -9 3 -6 -0.224548 0.32933
RRV026 con_0029.nii -30 33 -18 -0.0404155 0.118845
RRV026 con_0029.nii 46 28 31 0.156378 0.161873
RRV026 con_0029.nii -44 27 33 0.33048 0.165271
RRV026 con_0029.nii 44 8 34 -0.173624 0.161775
RRV026 con_0029.nii -42 7 36 0.152955 0.145002
RRV026 con_0029.nii 54 -44 43 -0.137776 0.130696
RRV026 con_0029.nii -53 -50 39 -0.0619892 0.185256
RRV026 con_0029.nii 32 -59 41 0.118375 0.356007
RRV026 con_0029.nii -32 -58 46 0.342363 0.230443
RRV026 con_0029.nii -6 49 1 -0.227749 0.101983
RRV026 con_0030.nii 9 3 -6 0.836991 0.552748
RRV026 con_0030.nii -9 3 -6 -0.0987764 0.266998
RRV026 con_0030.nii -30 33 -18 0.261445 0.183932
RRV026 con_0030.nii 46 28 31 -0.205464 0.174953
RRV026 con_0030.nii -44 27 33 0.287342 0.256508
RRV026 con_0030.nii 44 8 34 -0.015136 0.371898
RRV026 con_0030.nii -42 7 36 0.212878 0.461538
RRV026 con_0030.nii 54 -44 43 -0.578711 0.16723
RRV026 con_0030.nii -53 -50 39 -0.225883 0.272409
RRV026 con_0030.nii 32 -59 41 0.140973 0.360885
RRV026 con_0030.nii -32 -58 46 -0.272461 0.372028
RRV026 con_0030.nii -6 49 1 -0.52291 0.149089
